334.0 19.0 353.0 19.0 353.0 43.0 334.0 43.0
333.2402038574219 18.914997100830078 352.918643951416 18.914997100830078 352.918643951416 42.35544967651367 333.2402038574219 42.35544967651367
334.3382263183594 19.54001808166504 352.92234992980957 19.54001808166504 352.92234992980957 42.62227439880371 334.3382263183594 42.62227439880371
333.35247802734375 21.03628921508789 352.5436153411865 21.03628921508789 352.5436153411865 45.204952239990234 333.35247802734375 45.204952239990234
333.54779052734375 19.422056198120117 352.36350440979004 19.422056198120117 352.36350440979004 43.00407600402832 333.54779052734375 43.00407600402832
333.4560546875 18.287431716918945 353.15761375427246 18.287431716918945 353.15761375427246 42.430768966674805 333.4560546875 42.430768966674805
333.84442138671875 19.309051513671875 352.7687797546387 19.309051513671875 352.7687797546387 43.87762260437012 333.84442138671875 43.87762260437012
333.65020751953125 20.368501663208008 353.4465522766113 20.368501663208008 353.4465522766113 44.067678451538086 333.65020751953125 44.067678451538086
333.6338806152344 20.134859085083008 353.27493476867676 20.134859085083008 353.27493476867676 43.36312675476074 333.6338806152344 43.36312675476074
333.2915344238281 19.558979034423828 353.09052658081055 19.558979034423828 353.09052658081055 43.906455993652344 333.2915344238281 43.906455993652344
332.9127197265625 19.247949600219727 352.54855728149414 19.247949600219727 352.54855728149414 43.78385925292969 332.9127197265625 43.78385925292969
333.5150451660156 20.202224731445312 353.4175109863281 20.202224731445312 353.4175109863281 43.57560729980469 333.5150451660156 43.57560729980469
333.2744140625 19.741695404052734 353.32614517211914 19.741695404052734 353.32614517211914 44.126365661621094 333.2744140625 44.126365661621094
332.8905334472656 19.75009536743164 353.22848892211914 19.75009536743164 353.22848892211914 43.26258850097656 332.8905334472656 43.26258850097656
333.7187805175781 21.217992782592773 352.91259765625 21.217992782592773 352.91259765625 44.763519287109375 333.7187805175781 44.763519287109375
333.20684814453125 21.028013229370117 352.64688873291016 21.028013229370117 352.64688873291016 45.28462600708008 333.20684814453125 45.28462600708008
332.9912414550781 20.069793701171875 353.1505012512207 20.069793701171875 353.1505012512207 44.12793159484863 332.9912414550781 44.12793159484863
333.2997741699219 21.974380493164062 352.7571430206299 21.974380493164062 352.7571430206299 45.409502029418945 333.2997741699219 45.409502029418945
332.722412109375 21.732736587524414 353.0240669250488 21.732736587524414 353.0240669250488 45.51399230957031 332.722412109375 45.51399230957031
333.18841552734375 21.27288818359375 353.38963508605957 21.27288818359375 353.38963508605957 45.60392761230469 333.18841552734375 45.60392761230469
332.9541931152344 21.126062393188477 353.3956642150879 21.126062393188477 353.3956642150879 45.77112007141113 332.9541931152344 45.77112007141113
333.6567687988281 21.752124786376953 352.8734016418457 21.752124786376953 352.8734016418457 46.47303009033203 333.6567687988281 46.47303009033203
333.021240234375 21.99959945678711 352.3791961669922 21.99959945678711 352.3791961669922 46.89251518249512 333.021240234375 46.89251518249512
333.3630676269531 21.252622604370117 353.09120178222656 21.252622604370117 353.09120178222656 46.31050491333008 333.3630676269531 46.31050491333008
333.515625 21.516132354736328 352.1383171081543 21.516132354736328 352.1383171081543 46.342803955078125 333.515625 46.342803955078125
333.54205322265625 22.71800422668457 352.1558647155762 22.71800422668457 352.1558647155762 46.86709785461426 333.54205322265625 46.86709785461426
333.18853759765625 22.344463348388672 353.4083938598633 22.344463348388672 353.4083938598633 45.17824363708496 333.18853759765625 45.17824363708496
332.92559814453125 21.68336296081543 352.85073471069336 21.68336296081543 352.85073471069336 46.16654968261719 332.92559814453125 46.16654968261719
333.17315673828125 21.074901580810547 352.04662704467773 21.074901580810547 352.04662704467773 46.73625373840332 333.17315673828125 46.73625373840332
333.34564208984375 21.65860939025879 352.7335720062256 21.65860939025879 352.7335720062256 46.836286544799805 333.34564208984375 46.836286544799805
333.30242919921875 22.309537887573242 352.7502670288086 22.309537887573242 352.7502670288086 47.03583526611328 333.30242919921875 47.03583526611328
333.5680236816406 22.33534812927246 352.77812004089355 22.33534812927246 352.77812004089355 46.292118072509766 333.5680236816406 46.292118072509766
332.8385925292969 22.142627716064453 352.78259086608887 22.142627716064453 352.78259086608887 46.57008743286133 332.8385925292969 46.57008743286133
333.15234375 21.84047508239746 353.41222381591797 21.84047508239746 353.41222381591797 47.05658531188965 333.15234375 47.05658531188965
333.4539489746094 22.189348220825195 353.1550350189209 22.189348220825195 353.1550350189209 46.999460220336914 333.4539489746094 46.999460220336914
332.8949279785156 21.565824508666992 352.847412109375 21.565824508666992 352.847412109375 46.196250915527344 332.8949279785156 46.196250915527344
332.87164306640625 21.580591201782227 352.5772933959961 21.580591201782227 352.5772933959961 46.80572509765625 332.87164306640625 46.80572509765625
333.09906005859375 22.784311294555664 352.53324127197266 22.784311294555664 352.53324127197266 47.35279846191406 333.09906005859375 47.35279846191406
333.13970947265625 22.503398895263672 353.2103157043457 22.503398895263672 353.2103157043457 47.156402587890625 333.13970947265625 47.156402587890625
333.198486328125 22.485355377197266 353.0834655761719 22.485355377197266 353.0834655761719 47.54940414428711 333.198486328125 47.54940414428711
333.05767822265625 22.53738784790039 353.0041046142578 22.53738784790039 353.0041046142578 48.19300842285156 333.05767822265625 48.19300842285156
333.7434997558594 22.860599517822266 353.19916343688965 22.860599517822266 353.19916343688965 48.22176742553711 333.7434997558594 48.22176742553711
333.1019592285156 22.083080291748047 351.8650321960449 22.083080291748047 351.8650321960449 48.016042709350586 333.1019592285156 48.016042709350586
332.7059631347656 22.088768005371094 352.4823875427246 22.088768005371094 352.4823875427246 46.91223335266113 332.7059631347656 46.91223335266113
332.8219909667969 22.3603458404541 353.1456413269043 22.3603458404541 353.1456413269043 47.04295539855957 332.8219909667969 47.04295539855957
333.0335388183594 22.0643367767334 352.65925216674805 22.0643367767334 352.65925216674805 47.80684852600098 333.0335388183594 47.80684852600098
332.8935241699219 21.60531234741211 352.82744216918945 21.60531234741211 352.82744216918945 47.04019737243652 332.8935241699219 47.04019737243652
332.90447998046875 21.462574005126953 352.14289474487305 21.462574005126953 352.14289474487305 47.5821475982666 332.90447998046875 47.5821475982666
332.99505615234375 21.949554443359375 353.0349998474121 21.949554443359375 353.0349998474121 47.928524017333984 332.99505615234375 47.928524017333984
333.1861267089844 23.0203800201416 352.94565200805664 23.0203800201416 352.94565200805664 49.03238487243652 333.1861267089844 49.03238487243652
332.76702880859375 22.578426361083984 352.99709701538086 22.578426361083984 352.99709701538086 47.34160041809082 332.76702880859375 47.34160041809082
333.0530090332031 23.879756927490234 353.5672264099121 23.879756927490234 353.5672264099121 49.14830017089844 333.0530090332031 49.14830017089844
333.1478576660156 23.515321731567383 353.668399810791 23.515321731567383 353.668399810791 48.93804740905762 333.1478576660156 48.93804740905762
332.482177734375 23.167598724365234 352.88859939575195 23.167598724365234 352.88859939575195 48.2834415435791 332.482177734375 48.2834415435791
332.649169921875 22.70798110961914 352.8757381439209 22.70798110961914 352.8757381439209 48.87285614013672 332.649169921875 48.87285614013672
333.30126953125 24.92612648010254 354.20513343811035 24.92612648010254 354.20513343811035 50.05904769897461 333.30126953125 50.05904769897461
333.0289611816406 23.62853240966797 354.04528427124023 23.62853240966797 354.04528427124023 49.36442756652832 333.0289611816406 49.36442756652832
333.04998779296875 24.158775329589844 353.3791103363037 24.158775329589844 353.3791103363037 50.02536392211914 333.04998779296875 50.02536392211914
333.91424560546875 23.584423065185547 353.6447067260742 23.584423065185547 353.6447067260742 48.43577766418457 333.91424560546875 48.43577766418457
334.50689697265625 24.10687828063965 353.98998069763184 24.10687828063965 353.98998069763184 48.816781997680664 334.50689697265625 48.816781997680664
334.06109619140625 23.185213088989258 353.9990882873535 23.185213088989258 353.9990882873535 48.11050224304199 334.06109619140625 48.11050224304199
333.3392639160156 24.67258644104004 354.49762535095215 24.67258644104004 354.49762535095215 49.460641860961914 333.3392639160156 49.460641860961914
334.0401916503906 23.36233901977539 353.7459964752197 23.36233901977539 353.7459964752197 49.38923454284668 334.0401916503906 49.38923454284668
333.0990905761719 23.785076141357422 354.73334884643555 23.785076141357422 354.73334884643555 48.77633476257324 333.0990905761719 48.77633476257324
334.0960388183594 24.097314834594727 354.2606716156006 24.097314834594727 354.2606716156006 49.49981117248535 334.0960388183594 49.49981117248535
333.98406982421875 24.461767196655273 354.7936553955078 24.461767196655273 354.7936553955078 50.15478515625 333.98406982421875 50.15478515625
334.0377502441406 24.50510597229004 354.6967582702637 24.50510597229004 354.6967582702637 50.3836612701416 334.0377502441406 50.3836612701416
334.39276123046875 24.294872283935547 354.1987781524658 24.294872283935547 354.1987781524658 49.590566635131836 334.39276123046875 49.590566635131836
333.14178466796875 24.300159454345703 354.71044921875 24.300159454345703 354.71044921875 49.50656318664551 333.14178466796875 49.50656318664551
334.42633056640625 24.894794464111328 354.9876461029053 24.894794464111328 354.9876461029053 50.51865005493164 334.42633056640625 50.51865005493164
334.0353088378906 26.1149959564209 355.2573184967041 26.1149959564209 355.2573184967041 51.143781661987305 334.0353088378906 51.143781661987305
334.6368103027344 24.983741760253906 354.7717399597168 24.983741760253906 354.7717399597168 50.07563400268555 334.6368103027344 50.07563400268555
334.59063720703125 25.42386245727539 354.9043884277344 25.42386245727539 354.9043884277344 49.67641639709473 334.59063720703125 49.67641639709473
335.05108642578125 25.632944107055664 355.4905185699463 25.632944107055664 355.4905185699463 50.51437950134277 335.05108642578125 50.51437950134277
334.64361572265625 25.90999412536621 355.5234432220459 25.90999412536621 355.5234432220459 50.386674880981445 334.64361572265625 50.386674880981445
334.9886169433594 25.15851402282715 356.0248680114746 25.15851402282715 356.0248680114746 50.50714111328125 334.9886169433594 50.50714111328125
335.14239501953125 24.41073226928711 355.4807929992676 24.41073226928711 355.4807929992676 50.30088806152344 335.14239501953125 50.30088806152344
335.24359130859375 25.473953247070312 356.2339382171631 25.473953247070312 356.2339382171631 50.32109451293945 335.24359130859375 50.32109451293945
335.13201904296875 26.09393310546875 356.44646072387695 26.09393310546875 356.44646072387695 51.138282775878906 335.13201904296875 51.138282775878906
336.56341552734375 26.324237823486328 356.5412406921387 26.324237823486328 356.5412406921387 51.5906982421875 336.56341552734375 51.5906982421875
335.845947265625 26.706756591796875 356.61815452575684 26.706756591796875 356.61815452575684 53.58571434020996 335.845947265625 53.58571434020996
336.8487243652344 26.293493270874023 356.2716693878174 26.293493270874023 356.2716693878174 52.291555404663086 336.8487243652344 52.291555404663086
336.16436767578125 26.598485946655273 356.88098526000977 26.598485946655273 356.88098526000977 53.00398826599121 336.16436767578125 53.00398826599121
336.92498779296875 28.085529327392578 356.51235008239746 28.085529327392578 356.51235008239746 53.867401123046875 336.92498779296875 53.867401123046875
336.65972900390625 27.92329978942871 356.2850151062012 27.92329978942871 356.2850151062012 54.02618408203125 336.65972900390625 54.02618408203125
337.0094909667969 27.933032989501953 356.8732719421387 27.933032989501953 356.8732719421387 54.712615966796875 337.0094909667969 54.712615966796875
337.19354248046875 26.221851348876953 356.2281913757324 26.221851348876953 356.2281913757324 53.238189697265625 337.19354248046875 53.238189697265625
337.4632568359375 27.99496078491211 356.141695022583 27.99496078491211 356.141695022583 53.33013153076172 337.4632568359375 53.33013153076172
337.13543701171875 29.098613739013672 356.50694847106934 29.098613739013672 356.50694847106934 55.175193786621094 337.13543701171875 55.175193786621094
338.446044921875 28.9244327545166 357.15832901000977 28.9244327545166 357.15832901000977 55.18464469909668 338.446044921875 55.18464469909668
337.7961120605469 27.057815551757812 356.21043395996094 27.057815551757812 356.21043395996094 54.73356056213379 337.7961120605469 54.73356056213379
337.3270568847656 28.17902183532715 357.1769714355469 28.17902183532715 357.1769714355469 54.22967720031738 337.3270568847656 54.22967720031738
338.44781494140625 29.251773834228516 356.9472255706787 29.251773834228516 356.9472255706787 55.01140213012695 338.44781494140625 55.01140213012695
337.455810546875 29.19097900390625 357.69297981262207 29.19097900390625 357.69297981262207 55.3223819732666 337.455810546875 55.3223819732666
338.9115905761719 29.25911521911621 357.4463653564453 29.25911521911621 357.4463653564453 54.77500343322754 338.9115905761719 54.77500343322754
337.54852294921875 27.99741554260254 358.17810440063477 27.99741554260254 358.17810440063477 54.86576271057129 337.54852294921875 54.86576271057129
338.15087890625 29.439563751220703 357.9995632171631 29.439563751220703 357.9995632171631 56.01256561279297 338.15087890625 56.01256561279297
337.7862854003906 30.212535858154297 357.5314292907715 30.212535858154297 357.5314292907715 55.62019348144531 337.7862854003906 55.62019348144531
337.6770935058594 29.304794311523438 358.2303161621094 29.304794311523438 358.2303161621094 55.881839752197266 337.6770935058594 55.881839752197266
338.28009033203125 29.125152587890625 359.2120475769043 29.125152587890625 359.2120475769043 56.355709075927734 338.28009033203125 56.355709075927734
338.1460266113281 29.408538818359375 358.7232666015625 29.408538818359375 358.7232666015625 56.0564079284668 338.1460266113281 56.0564079284668
338.70965576171875 29.085561752319336 359.55381202697754 29.085561752319336 359.55381202697754 55.824472427368164 338.70965576171875 55.824472427368164
338.91668701171875 28.902563095092773 358.7983646392822 28.902563095092773 358.7983646392822 56.01535987854004 338.91668701171875 56.01535987854004
338.4632263183594 29.807140350341797 358.9195442199707 29.807140350341797 358.9195442199707 55.66971397399902 338.4632263183594 55.66971397399902
339.092529296875 28.400869369506836 358.7784080505371 28.400869369506836 358.7784080505371 55.38312911987305 339.092529296875 55.38312911987305
339.4144592285156 30.362957000732422 358.0234565734863 30.362957000732422 358.0234565734863 56.36621856689453 339.4144592285156 56.36621856689453
338.53466796875 29.24038314819336 358.5889778137207 29.24038314819336 358.5889778137207 54.72698211669922 338.53466796875 54.72698211669922
338.68243408203125 28.780406951904297 359.4431858062744 28.780406951904297 359.4431858062744 54.84243392944336 338.68243408203125 54.84243392944336
339.52130126953125 30.18197250366211 359.3084964752197 30.18197250366211 359.3084964752197 55.976539611816406 339.52130126953125 55.976539611816406
339.2579040527344 30.23419189453125 359.2746047973633 30.23419189453125 359.2746047973633 55.01212692260742 339.2579040527344 55.01212692260742
340.3044738769531 30.729000091552734 359.2605800628662 30.729000091552734 359.2605800628662 55.91984176635742 340.3044738769531 55.91984176635742
340.2297058105469 31.1632080078125 358.9146900177002 31.1632080078125 358.9146900177002 56.480886459350586 340.2297058105469 56.480886459350586
338.98870849609375 29.86556053161621 359.442195892334 29.86556053161621 359.442195892334 55.3857307434082 338.98870849609375 55.3857307434082
339.45684814453125 30.731887817382812 359.4329948425293 30.731887817382812 359.4329948425293 56.470773696899414 339.45684814453125 56.470773696899414
339.3379821777344 29.7562313079834 359.7393379211426 29.7562313079834 359.7393379211426 56.50681114196777 339.3379821777344 56.50681114196777
340.47247314453125 30.687030792236328 360.19843673706055 30.687030792236328 360.19843673706055 58.20964050292969 340.47247314453125 58.20964050292969
340.07647705078125 31.11355972290039 359.80359649658203 31.11355972290039 359.80359649658203 58.17764663696289 340.07647705078125 58.17764663696289
340.2432556152344 29.387226104736328 360.38831520080566 29.387226104736328 360.38831520080566 58.24270057678223 340.2432556152344 58.24270057678223
340.04254150390625 31.029220581054688 360.1422462463379 31.029220581054688 360.1422462463379 57.195308685302734 340.04254150390625 57.195308685302734
339.79278564453125 30.89434814453125 360.19872093200684 30.89434814453125 360.19872093200684 57.72233581542969 339.79278564453125 57.72233581542969
338.75494384765625 30.394062042236328 360.40995025634766 30.394062042236328 360.40995025634766 57.731201171875 338.75494384765625 57.731201171875
340.4504699707031 30.71904945373535 360.47380447387695 30.71904945373535 360.47380447387695 57.24654579162598 340.4504699707031 57.24654579162598
340.12939453125 30.068557739257812 359.9820041656494 30.068557739257812 359.9820041656494 57.11236572265625 340.12939453125 57.11236572265625
340.6512756347656 31.201618194580078 360.198637008667 31.201618194580078 360.198637008667 57.22362518310547 340.6512756347656 57.22362518310547
340.59442138671875 30.366043090820312 360.1566638946533 30.366043090820312 360.1566638946533 57.62782669067383 340.59442138671875 57.62782669067383
340.37213134765625 31.7782039642334 361.1528377532959 31.7782039642334 361.1528377532959 57.54179000854492 340.37213134765625 57.54179000854492
339.9334411621094 31.170299530029297 359.89120864868164 31.170299530029297 359.89120864868164 57.55118370056152 339.9334411621094 57.55118370056152
340.20013427734375 29.844440460205078 360.53912353515625 29.844440460205078 360.53912353515625 56.95329666137695 340.20013427734375 56.95329666137695
340.78521728515625 31.6199951171875 361.179162979126 31.6199951171875 361.179162979126 57.77689743041992 340.78521728515625 57.77689743041992
340.8284912109375 31.18209457397461 360.5969944000244 31.18209457397461 360.5969944000244 57.066368103027344 340.8284912109375 57.066368103027344
340.39044189453125 32.164337158203125 361.08735847473145 32.164337158203125 361.08735847473145 57.62442588806152 340.39044189453125 57.62442588806152
340.2345275878906 33.06298828125 361.38478660583496 33.06298828125 361.38478660583496 60.1289176940918 340.2345275878906 60.1289176940918
341.12408447265625 31.2771053314209 360.89656257629395 31.2771053314209 360.89656257629395 58.41803550720215 341.12408447265625 58.41803550720215
340.84808349609375 32.68619155883789 361.82726287841797 32.68619155883789 361.82726287841797 58.218984603881836 340.84808349609375 58.218984603881836
340.02685546875 31.1814022064209 360.8072090148926 31.1814022064209 360.8072090148926 58.29371643066406 340.02685546875 58.29371643066406
341.2369079589844 32.20208740234375 361.9540195465088 32.20208740234375 361.9540195465088 60.28606605529785 341.2369079589844 60.28606605529785
341.0741271972656 32.37800216674805 361.95742416381836 32.37800216674805 361.95742416381836 59.99932861328125 341.0741271972656 59.99932861328125
340.5989685058594 33.048561096191406 361.7131042480469 33.048561096191406 361.7131042480469 60.205501556396484 340.5989685058594 60.205501556396484
340.8357238769531 30.773788452148438 361.26977920532227 30.773788452148438 361.26977920532227 59.14521408081055 340.8357238769531 59.14521408081055
341.0880126953125 32.740169525146484 362.63113021850586 32.740169525146484 362.63113021850586 59.94649314880371 341.0880126953125 59.94649314880371
341.0401306152344 32.47920608520508 362.19947242736816 32.47920608520508 362.19947242736816 58.99938201904297 341.0401306152344 58.99938201904297
340.80780029296875 33.625343322753906 362.12714195251465 33.625343322753906 362.12714195251465 60.480350494384766 340.80780029296875 60.480350494384766
341.0995178222656 31.440927505493164 362.0784378051758 31.440927505493164 362.0784378051758 59.11904335021973 341.0995178222656 59.11904335021973
341.37908935546875 31.832509994506836 362.5168800354004 31.832509994506836 362.5168800354004 59.71042823791504 341.37908935546875 59.71042823791504
340.747802734375 31.133865356445312 362.61495208740234 31.133865356445312 362.61495208740234 58.80295753479004 340.747802734375 58.80295753479004
340.229248046875 33.134796142578125 362.6473445892334 33.134796142578125 362.6473445892334 60.41044235229492 340.229248046875 60.41044235229492
341.3279724121094 32.93165588378906 360.97555923461914 32.93165588378906 360.97555923461914 59.317636489868164 341.3279724121094 59.317636489868164
341.75244140625 31.893274307250977 361.4916191101074 31.893274307250977 361.4916191101074 58.58839416503906 341.75244140625 58.58839416503906
340.77227783203125 31.85967445373535 361.3260841369629 31.85967445373535 361.3260841369629 59.365020751953125 340.77227783203125 59.365020751953125
341.508056640625 31.656780242919922 362.20325088500977 31.656780242919922 362.20325088500977 58.40167808532715 341.508056640625 58.40167808532715
341.7529296875 32.08436965942383 361.996768951416 32.08436965942383 361.996768951416 59.70389175415039 341.7529296875 59.70389175415039
340.873046875 32.58954620361328 361.5960159301758 32.58954620361328 361.5960159301758 60.40073013305664 340.873046875 60.40073013305664
341.24365234375 31.407711029052734 361.45411682128906 31.407711029052734 361.45411682128906 59.498069763183594 341.24365234375 59.498069763183594
341.3835754394531 33.004940032958984 362.01885414123535 33.004940032958984 362.01885414123535 60.490230560302734 341.3835754394531 60.490230560302734
341.5771484375 32.92465591430664 360.5781078338623 32.92465591430664 360.5781078338623 60.758201599121094 341.5771484375 60.758201599121094
342.5662536621094 33.266944885253906 362.5388126373291 33.266944885253906 362.5388126373291 61.18111801147461 342.5662536621094 61.18111801147461
341.5364074707031 33.47256851196289 362.419002532959 33.47256851196289 362.419002532959 60.700218200683594 341.5364074707031 60.700218200683594
341.6903076171875 31.424022674560547 362.2696876525879 31.424022674560547 362.2696876525879 58.99848556518555 341.6903076171875 58.99848556518555
342.25579833984375 33.734962463378906 361.8291320800781 33.734962463378906 361.8291320800781 61.316261291503906 342.25579833984375 61.316261291503906
342.68536376953125 34.75676727294922 362.2982807159424 34.75676727294922 362.2982807159424 62.15827751159668 342.68536376953125 62.15827751159668
342.5393371582031 34.55821990966797 362.92037200927734 34.55821990966797 362.92037200927734 61.862043380737305 342.5393371582031 61.862043380737305
342.001708984375 34.24947738647461 362.24157524108887 34.24947738647461 362.24157524108887 60.586904525756836 342.001708984375 60.586904525756836
342.54949951171875 33.69804000854492 362.74903297424316 33.69804000854492 362.74903297424316 59.87001037597656 342.54949951171875 59.87001037597656
343.49884033203125 35.07807540893555 362.0995674133301 35.07807540893555 362.0995674133301 61.1717643737793 343.49884033203125 61.1717643737793
342.31005859375 34.91816711425781 362.2924613952637 34.91816711425781 362.2924613952637 61.052303314208984 342.31005859375 61.052303314208984
343.0130310058594 35.52758026123047 362.5885486602783 35.52758026123047 362.5885486602783 61.544755935668945 343.0130310058594 61.544755935668945
342.68505859375 35.16564178466797 363.0377006530762 35.16564178466797 363.0377006530762 60.01840782165527 342.68505859375 60.01840782165527
343.58709716796875 34.925357818603516 362.1533908843994 34.925357818603516 362.1533908843994 61.79737854003906 343.58709716796875 61.79737854003906
343.29620361328125 36.042396545410156 362.4156684875488 36.042396545410156 362.4156684875488 60.60177993774414 343.29620361328125 60.60177993774414
343.05902099609375 35.713172912597656 362.9643726348877 35.713172912597656 362.9643726348877 60.91296577453613 343.05902099609375 60.91296577453613
342.6725158691406 35.44737243652344 361.74161529541016 35.44737243652344 361.74161529541016 60.42991065979004 342.6725158691406 60.42991065979004
342.657470703125 36.31816482543945 362.08728408813477 36.31816482543945 362.08728408813477 60.831016540527344 342.657470703125 60.831016540527344
343.29071044921875 36.864498138427734 362.31884956359863 36.864498138427734 362.31884956359863 61.07778739929199 343.29071044921875 61.07778739929199
343.3577575683594 36.65046310424805 362.3386039733887 36.65046310424805 362.3386039733887 61.10367202758789 343.3577575683594 61.10367202758789
343.2572021484375 36.20439529418945 361.47972297668457 36.20439529418945 361.47972297668457 62.23556327819824 343.2572021484375 62.23556327819824
342.87762451171875 36.13279342651367 362.181209564209 36.13279342651367 362.181209564209 60.35656547546387 342.87762451171875 60.35656547546387
342.7583923339844 35.665916442871094 362.4595527648926 35.665916442871094 362.4595527648926 61.37780570983887 342.7583923339844 61.37780570983887
343.70465087890625 36.661766052246094 363.1340141296387 36.661766052246094 363.1340141296387 61.37944412231445 343.70465087890625 61.37944412231445
343.5444641113281 36.44365692138672 362.8196830749512 36.44365692138672 362.8196830749512 61.58866310119629 343.5444641113281 61.58866310119629
344.2296142578125 37.84217071533203 363.8746109008789 37.84217071533203 363.8746109008789 61.591474533081055 344.2296142578125 61.591474533081055
344.0697937011719 37.09246826171875 363.0265998840332 37.09246826171875 363.0265998840332 61.225372314453125 344.0697937011719 61.225372314453125
343.62835693359375 36.846275329589844 362.4263725280762 36.846275329589844 362.4263725280762 61.36411094665527 343.62835693359375 61.36411094665527
343.7675476074219 38.117149353027344 362.2923183441162 38.117149353027344 362.2923183441162 62.38404846191406 343.7675476074219 62.38404846191406
342.9937438964844 37.142539978027344 363.4856758117676 37.142539978027344 363.4856758117676 61.73993682861328 342.9937438964844 61.73993682861328
344.1572265625 37.93701171875 362.9416923522949 37.93701171875 362.9416923522949 62.384817123413086 344.1572265625 62.384817123413086
343.071533203125 37.27429962158203 363.02948570251465 37.27429962158203 363.02948570251465 61.78767776489258 343.071533203125 61.78767776489258
344.06915283203125 36.27492141723633 361.99522399902344 36.27492141723633 361.99522399902344 60.70574951171875 344.06915283203125 60.70574951171875
344.0978088378906 36.53191375732422 362.93087005615234 36.53191375732422 362.93087005615234 61.65333938598633 344.0978088378906 61.65333938598633
343.85369873046875 37.31522750854492 363.3194828033447 37.31522750854492 363.3194828033447 61.783884048461914 343.85369873046875 61.783884048461914
343.80157470703125 38.26573944091797 363.6180820465088 38.26573944091797 363.6180820465088 62.44769096374512 343.80157470703125 62.44769096374512
344.35198974609375 37.349910736083984 363.5693168640137 37.349910736083984 363.5693168640137 62.294532775878906 344.35198974609375 62.294532775878906
344.96820068359375 39.11758041381836 364.68276023864746 39.11758041381836 364.68276023864746 63.861846923828125 344.96820068359375 63.861846923828125
344.40789794921875 37.258262634277344 363.25694465637207 37.258262634277344 363.25694465637207 63.65839958190918 344.40789794921875 63.65839958190918
344.6265563964844 37.73692321777344 364.47314643859863 37.73692321777344 364.47314643859863 63.05470085144043 344.6265563964844 63.05470085144043
345.11175537109375 38.20226287841797 364.682336807251 38.20226287841797 364.682336807251 63.208641052246094 345.11175537109375 63.208641052246094
344.3832702636719 37.82788848876953 364.5640983581543 37.82788848876953 364.5640983581543 62.77343559265137 344.3832702636719 62.77343559265137
344.3656311035156 37.43854522705078 363.597713470459 37.43854522705078 363.597713470459 63.49016189575195 344.3656311035156 63.49016189575195
344.57135009765625 37.37990951538086 363.8662452697754 37.37990951538086 363.8662452697754 63.244468688964844 344.57135009765625 63.244468688964844
345.65460205078125 37.784515380859375 364.52171897888184 37.784515380859375 364.52171897888184 64.08419799804688 345.65460205078125 64.08419799804688
344.8827209472656 39.03868103027344 364.8982048034668 39.03868103027344 364.8982048034668 63.29513931274414 344.8827209472656 63.29513931274414
345.60662841796875 38.5704460144043 364.80687141418457 38.5704460144043 364.80687141418457 62.82730293273926 345.60662841796875 62.82730293273926
346.2890319824219 38.41862869262695 364.9148826599121 38.41862869262695 364.9148826599121 61.566497802734375 346.2890319824219 61.566497802734375
346.19061279296875 39.34772491455078 364.4766044616699 39.34772491455078 364.4766044616699 63.342811584472656 346.19061279296875 63.342811584472656
346.2800598144531 39.549407958984375 365.2799644470215 39.549407958984375 365.2799644470215 64.29379844665527 346.2800598144531 64.29379844665527
346.1590881347656 38.08106231689453 365.09508895874023 38.08106231689453 365.09508895874023 64.04598617553711 346.1590881347656 64.04598617553711
346.3360290527344 39.11296844482422 366.42841720581055 39.11296844482422 366.42841720581055 64.10959243774414 346.3360290527344 64.10959243774414
345.8031311035156 39.221031188964844 364.36922454833984 39.221031188964844 364.36922454833984 63.69343376159668 345.8031311035156 63.69343376159668
345.7785339355469 39.0317497253418 365.3069553375244 39.0317497253418 365.3069553375244 63.488685607910156 345.7785339355469 63.488685607910156
345.5429382324219 38.83894729614258 365.4303379058838 38.83894729614258 365.4303379058838 64.18094444274902 345.5429382324219 64.18094444274902
345.73138427734375 39.53974151611328 366.39535903930664 39.53974151611328 366.39535903930664 62.47873497009277 345.73138427734375 62.47873497009277
345.11151123046875 39.35614013671875 365.25708961486816 39.35614013671875 365.25708961486816 64.04837417602539 345.11151123046875 64.04837417602539
346.61181640625 40.43265914916992 366.3519287109375 40.43265914916992 366.3519287109375 64.46800804138184 346.61181640625 64.46800804138184
346.7607421875 40.556026458740234 366.3916835784912 40.556026458740234 366.3916835784912 64.4275074005127 346.7607421875 64.4275074005127
346.873779296875 40.5330924987793 366.3226432800293 40.5330924987793 366.3226432800293 64.99120140075684 346.873779296875 64.99120140075684
346.5979919433594 39.02968215942383 365.71838188171387 39.02968215942383 365.71838188171387 65.05842399597168 346.5979919433594 65.05842399597168
345.81536865234375 38.513824462890625 365.656307220459 38.513824462890625 365.656307220459 64.27439498901367 345.81536865234375 64.27439498901367
346.83367919921875 39.25016403198242 366.6740074157715 39.25016403198242 366.6740074157715 64.06006622314453 346.83367919921875 64.06006622314453
346.41534423828125 39.916526794433594 366.4828052520752 39.916526794433594 366.4828052520752 66.0179557800293 346.41534423828125 66.0179557800293
346.3882141113281 40.350128173828125 365.7047863006592 40.350128173828125 365.7047863006592 65.03155899047852 346.3882141113281 65.03155899047852
346.45928955078125 38.7901725769043 366.0486087799072 38.7901725769043 366.0486087799072 65.3287467956543 346.45928955078125 65.3287467956543
346.7379455566406 39.496315002441406 365.6752414703369 39.496315002441406 365.6752414703369 65.32809066772461 346.7379455566406 65.32809066772461
346.8536376953125 40.71659469604492 367.08508682250977 40.71659469604492 367.08508682250977 64.6706714630127 346.8536376953125 64.6706714630127
346.61431884765625 40.13683319091797 366.84479904174805 40.13683319091797 366.84479904174805 64.13888168334961 346.61431884765625 64.13888168334961
346.662841796875 40.34157180786133 367.1996726989746 40.34157180786133 367.1996726989746 65.46496772766113 346.662841796875 65.46496772766113
345.62408447265625 37.900150299072266 365.1315727233887 37.900150299072266 365.1315727233887 64.15799331665039 345.62408447265625 64.15799331665039
346.73663330078125 40.604007720947266 367.369197845459 40.604007720947266 367.369197845459 66.10981178283691 346.73663330078125 66.10981178283691
346.83062744140625 41.63982391357422 367.91514778137207 41.63982391357422 367.91514778137207 66.81100654602051 346.83062744140625 66.81100654602051
346.4588317871094 41.08937454223633 365.6037349700928 41.08937454223633 365.6037349700928 65.28119659423828 346.4588317871094 65.28119659423828
346.4825744628906 41.6651496887207 366.8153476715088 41.6651496887207 366.8153476715088 66.14446258544922 346.4825744628906 66.14446258544922
346.20111083984375 39.00703048706055 365.9734001159668 39.00703048706055 365.9734001159668 63.24458312988281 346.20111083984375 63.24458312988281
346.68402099609375 40.82597732543945 366.9169406890869 40.82597732543945 366.9169406890869 66.50188064575195 346.68402099609375 66.50188064575195
347.09478759765625 41.5335693359375 366.25115966796875 41.5335693359375 366.25115966796875 65.2086353302002 347.09478759765625 65.2086353302002
346.72149658203125 42.05848693847656 366.5052146911621 42.05848693847656 366.5052146911621 65.54912185668945 346.72149658203125 65.54912185668945
346.7177429199219 41.402740478515625 365.80724716186523 41.402740478515625 365.80724716186523 65.3572769165039 346.7177429199219 65.3572769165039
346.26513671875 41.22081756591797 366.01677322387695 41.22081756591797 366.01677322387695 64.48296737670898 346.26513671875 64.48296737670898
346.7524719238281 41.89481735229492 366.6859893798828 41.89481735229492 366.6859893798828 67.25507354736328 346.7524719238281 67.25507354736328
346.0362854003906 41.59092712402344 365.29885482788086 41.59092712402344 365.29885482788086 66.7050838470459 346.0362854003906 66.7050838470459
346.6548767089844 41.21265411376953 366.3877143859863 41.21265411376953 366.3877143859863 66.57742691040039 346.6548767089844 66.57742691040039
345.21124267578125 41.55232620239258 365.91306495666504 41.55232620239258 365.91306495666504 66.22436714172363 345.21124267578125 66.22436714172363
346.4654235839844 41.46268081665039 365.794002532959 41.46268081665039 365.794002532959 66.13096237182617 346.4654235839844 66.13096237182617
345.84075927734375 42.324195861816406 366.9176654815674 42.324195861816406 366.9176654815674 67.11400985717773 345.84075927734375 67.11400985717773
346.46221923828125 43.18463134765625 366.7879867553711 43.18463134765625 366.7879867553711 67.54752159118652 346.46221923828125 67.54752159118652
345.71160888671875 42.170631408691406 366.534122467041 42.170631408691406 366.534122467041 66.78527641296387 345.71160888671875 66.78527641296387
346.56463623046875 41.27590560913086 366.57302474975586 41.27590560913086 366.57302474975586 67.18572044372559 346.56463623046875 67.18572044372559
346.9264221191406 45.566986083984375 367.95667839050293 45.566986083984375 367.95667839050293 70.43233108520508 346.9264221191406 70.43233108520508
345.76727294921875 43.58731460571289 365.9455146789551 43.58731460571289 365.9455146789551 68.27381706237793 345.76727294921875 68.27381706237793
347.2943420410156 43.2102165222168 366.96408462524414 43.2102165222168 366.96408462524414 67.63508796691895 347.2943420410156 67.63508796691895
346.4596252441406 44.05897903442383 367.5810966491699 44.05897903442383 367.5810966491699 68.7345027923584 346.4596252441406 68.7345027923584
346.0498046875 44.768497467041016 366.91318130493164 44.768497467041016 366.91318130493164 69.0401725769043 346.0498046875 69.0401725769043
345.94244384765625 45.60492706298828 366.6439914703369 45.60492706298828 366.6439914703369 68.7332935333252 345.94244384765625 68.7332935333252
346.2409362792969 44.73595428466797 368.0253715515137 44.73595428466797 368.0253715515137 69.13496780395508 346.2409362792969 69.13496780395508
346.2898864746094 45.001853942871094 368.28219413757324 45.001853942871094 368.28219413757324 68.96407318115234 346.2898864746094 68.96407318115234
346.2253112792969 46.513404846191406 367.8067569732666 46.513404846191406 367.8067569732666 69.40751838684082 346.2253112792969 69.40751838684082
346.57965087890625 45.453041076660156 368.4076843261719 45.453041076660156 368.4076843261719 69.63293266296387 346.57965087890625 69.63293266296387
346.1590881347656 45.022743225097656 368.2277240753174 45.022743225097656 368.2277240753174 68.3918285369873 346.1590881347656 68.3918285369873
347.22503662109375 45.286720275878906 367.6822147369385 45.286720275878906 367.6822147369385 69.28507423400879 347.22503662109375 69.28507423400879
347.6502380371094 47.482704162597656 369.28211784362793 47.482704162597656 369.28211784362793 71.41169738769531 347.6502380371094 71.41169738769531
348.55743408203125 45.63179397583008 369.8249931335449 45.63179397583008 369.8249931335449 70.74226760864258 348.55743408203125 70.74226760864258
347.7008361816406 45.605491638183594 368.79186630249023 45.605491638183594 368.79186630249023 70.03471755981445 347.7008361816406 70.03471755981445
347.14129638671875 46.092552185058594 369.4622230529785 46.092552185058594 369.4622230529785 70.05364036560059 347.14129638671875 70.05364036560059
348.6484375 46.46538162231445 370.2842140197754 46.46538162231445 370.2842140197754 70.80220603942871 348.6484375 70.80220603942871
348.541748046875 46.622676849365234 369.53235816955566 46.622676849365234 369.53235816955566 71.4477653503418 348.541748046875 71.4477653503418
348.528076171875 47.100379943847656 370.055362701416 47.100379943847656 370.055362701416 70.86439895629883 348.528076171875 70.86439895629883
348.9621887207031 47.13380432128906 370.5612144470215 47.13380432128906 370.5612144470215 70.60615921020508 348.9621887207031 70.60615921020508
348.9468994140625 46.8526725769043 369.46975326538086 46.8526725769043 369.46975326538086 70.68240356445312 348.9468994140625 70.68240356445312
349.2581481933594 46.971527099609375 370.0804214477539 46.971527099609375 370.0804214477539 70.84686851501465 349.2581481933594 70.84686851501465
350.2012023925781 47.49127197265625 371.12569427490234 47.49127197265625 371.12569427490234 71.85071182250977 350.2012023925781 71.85071182250977
349.17236328125 47.101131439208984 371.0081424713135 47.101131439208984 371.0081424713135 71.06147384643555 349.17236328125 71.06147384643555
350.14178466796875 46.439369201660156 372.95388412475586 46.439369201660156 372.95388412475586 72.36664199829102 350.14178466796875 72.36664199829102
349.1690368652344 47.01814270019531 372.4122142791748 47.01814270019531 372.4122142791748 72.85595321655273 349.1690368652344 72.85595321655273
349.38360595703125 47.55643844604492 373.8252868652344 47.55643844604492 373.8252868652344 73.4332504272461 349.38360595703125 73.4332504272461
349.2659912109375 46.86076736450195 372.7054042816162 46.86076736450195 372.7054042816162 72.82215690612793 349.2659912109375 72.82215690612793
349.82159423828125 46.74620819091797 373.34643936157227 46.74620819091797 373.34643936157227 72.52482986450195 349.82159423828125 72.52482986450195
348.8643798828125 47.686405181884766 373.34892654418945 47.686405181884766 373.34892654418945 73.26678657531738 348.8643798828125 73.26678657531738
349.386962890625 46.87541580200195 374.1536445617676 46.87541580200195 374.1536445617676 73.89140129089355 349.386962890625 73.89140129089355
350.0559387207031 46.5416374206543 373.86704444885254 46.5416374206543 373.86704444885254 73.52958679199219 350.0559387207031 73.52958679199219
349.56256103515625 47.26775360107422 375.1741027832031 47.26775360107422 375.1741027832031 75.22899627685547 349.56256103515625 75.22899627685547
350.62310791015625 45.60403823852539 373.70141410827637 45.60403823852539 373.70141410827637 71.85719108581543 350.62310791015625 71.85719108581543
349.6741638183594 47.37727737426758 374.61294174194336 47.37727737426758 374.61294174194336 73.93526458740234 349.6741638183594 73.93526458740234
351.0511779785156 47.253700256347656 375.3719844818115 47.253700256347656 375.3719844818115 75.27886199951172 351.0511779785156 75.27886199951172
350.46240234375 47.815635681152344 375.17914390563965 47.815635681152344 375.17914390563965 75.25124740600586 350.46240234375 75.25124740600586
351.3899230957031 47.44371795654297 375.84957695007324 47.44371795654297 375.84957695007324 74.42278861999512 351.3899230957031 74.42278861999512
351.2936096191406 47.43342971801758 376.1670322418213 47.43342971801758 376.1670322418213 75.8725528717041 351.2936096191406 75.8725528717041
351.02484130859375 47.421905517578125 376.22731018066406 47.421905517578125 376.22731018066406 75.26483154296875 351.02484130859375 75.26483154296875
350.98876953125 46.8276481628418 375.38146591186523 46.8276481628418 375.38146591186523 74.80304527282715 350.98876953125 74.80304527282715
350.9846496582031 47.763057708740234 376.4206314086914 47.763057708740234 376.4206314086914 75.89223861694336 350.9846496582031 75.89223861694336
351.29510498046875 47.701393127441406 377.0547523498535 47.701393127441406 377.0547523498535 80.23989486694336 351.29510498046875 80.23989486694336
359.33526611328125 35.63782501220703 384.874942779541 35.63782501220703 384.874942779541 67.89846801757812 359.33526611328125 67.89846801757812
355.07965087890625 43.616432189941406 380.10062408447266 43.616432189941406 380.10062408447266 75.22187423706055 355.07965087890625 75.22187423706055
363.0187683105469 32.29616928100586 387.87705421447754 32.29616928100586 387.87705421447754 63.69611167907715 363.0187683105469 63.69611167907715
355.82470703125 41.635894775390625 380.2244758605957 41.635894775390625 380.2244758605957 72.4566535949707 355.82470703125 72.4566535949707
359.95574951171875 31.64599609375 380.2547378540039 31.64599609375 380.2547378540039 60.9608268737793 359.95574951171875 60.9608268737793
364.5038146972656 28.94780921936035 384.3174819946289 28.94780921936035 384.3174819946289 59.59368896484375 364.5038146972656 59.59368896484375
362.271240234375 31.5981502532959 382.81977462768555 31.5981502532959 382.81977462768555 59.481462478637695 362.271240234375 59.481462478637695
363.9667663574219 31.347497940063477 384.00361251831055 31.347497940063477 384.00361251831055 61.50368690490723 363.9667663574219 61.50368690490723
362.3663024902344 28.908981323242188 383.4891700744629 28.908981323242188 383.4891700744629 59.68710708618164 362.3663024902344 59.68710708618164
361.4056091308594 30.873950958251953 383.5430660247803 30.873950958251953 383.5430660247803 60.505741119384766 361.4056091308594 60.505741119384766
364.12298583984375 33.64411926269531 387.14933586120605 33.64411926269531 387.14933586120605 63.10704040527344 364.12298583984375 63.10704040527344
362.77105712890625 29.216602325439453 384.83179664611816 29.216602325439453 384.83179664611816 59.945621490478516 362.77105712890625 59.945621490478516
362.31146240234375 33.58824920654297 384.3115291595459 33.58824920654297 384.3115291595459 63.50558280944824 362.31146240234375 63.50558280944824
362.42401123046875 33.353294372558594 386.11570167541504 33.353294372558594 386.11570167541504 64.23881912231445 362.42401123046875 64.23881912231445
361.419921875 30.74774742126465 385.04281997680664 30.74774742126465 385.04281997680664 61.34283638000488 361.419921875 61.34283638000488
361.53924560546875 29.774951934814453 385.71847915649414 29.774951934814453 385.71847915649414 61.45332145690918 361.53924560546875 61.45332145690918
360.63800048828125 32.81678771972656 384.73530769348145 32.81678771972656 384.73530769348145 64.19387435913086 360.63800048828125 64.19387435913086
360.4729919433594 28.567230224609375 383.0119819641113 28.567230224609375 383.0119819641113 61.83167266845703 360.4729919433594 61.83167266845703
361.3642883300781 26.178014755249023 384.17748260498047 26.178014755249023 384.17748260498047 58.1292839050293 361.3642883300781 58.1292839050293
361.3330078125 26.643199920654297 384.94359397888184 26.643199920654297 384.94359397888184 59.72924041748047 361.3330078125 59.72924041748047
362.3125915527344 26.532690048217773 385.64804458618164 26.532690048217773 385.64804458618164 58.58828163146973 362.3125915527344 58.58828163146973
362.6378173828125 26.95352554321289 385.0909366607666 26.95352554321289 385.0909366607666 57.947736740112305 362.6378173828125 57.947736740112305
362.3058166503906 29.327739715576172 385.69293785095215 29.327739715576172 385.69293785095215 61.450565338134766 362.3058166503906 61.450565338134766
360.7916564941406 27.962635040283203 385.5905876159668 27.962635040283203 385.5905876159668 59.47340393066406 360.7916564941406 59.47340393066406
361.3373107910156 27.26351547241211 384.47708320617676 27.26351547241211 384.47708320617676 59.914451599121094 361.3373107910156 59.914451599121094
360.69061279296875 27.083887100219727 383.83595275878906 27.083887100219727 383.83595275878906 59.29028511047363 360.69061279296875 59.29028511047363
361.1317138671875 28.32159423828125 383.374605178833 28.32159423828125 383.374605178833 60.5648307800293 361.1317138671875 60.5648307800293
360.27105712890625 28.253803253173828 382.5357894897461 28.253803253173828 382.5357894897461 61.04454803466797 360.27105712890625 61.04454803466797
363.23052978515625 28.793216705322266 385.0884494781494 28.793216705322266 385.0884494781494 61.83134078979492 363.23052978515625 61.83134078979492
358.5421447753906 27.181142807006836 380.5058937072754 27.181142807006836 380.5058937072754 60.53129768371582 358.5421447753906 60.53129768371582
360.369873046875 28.44563865661621 381.9748115539551 28.44563865661621 381.9748115539551 59.71260643005371 360.369873046875 59.71260643005371
364.0910949707031 30.523778915405273 385.8578987121582 30.523778915405273 385.8578987121582 61.17848777770996 364.0910949707031 61.17848777770996
361.035400390625 29.162466049194336 383.37263679504395 29.162466049194336 383.37263679504395 61.401803970336914 361.035400390625 61.401803970336914
362.15972900390625 28.7899112701416 384.3908348083496 28.7899112701416 384.3908348083496 62.125417709350586 362.15972900390625 62.125417709350586
359.559326171875 28.1903133392334 380.86808586120605 28.1903133392334 380.86808586120605 61.52842140197754 359.559326171875 61.52842140197754
356.30975341796875 27.295429229736328 379.43725967407227 27.295429229736328 379.43725967407227 59.50231170654297 356.30975341796875 59.50231170654297
356.25152587890625 28.307262420654297 378.4841423034668 28.307262420654297 378.4841423034668 60.66341018676758 356.25152587890625 60.66341018676758
355.9095153808594 27.656402587890625 378.02412033081055 27.656402587890625 378.02412033081055 60.82111358642578 355.9095153808594 60.82111358642578
356.3801574707031 27.675098419189453 377.9929008483887 27.675098419189453 377.9929008483887 60.77454376220703 356.3801574707031 60.77454376220703
356.9017028808594 26.661550521850586 378.37599754333496 26.661550521850586 378.37599754333496 61.151166915893555 356.9017028808594 61.151166915893555
354.72003173828125 27.621936798095703 377.74124336242676 27.621936798095703 377.74124336242676 59.52260780334473 354.72003173828125 59.52260780334473
356.41839599609375 27.11452865600586 378.48212242126465 27.11452865600586 378.48212242126465 59.338504791259766 356.41839599609375 59.338504791259766
356.60467529296875 28.252370834350586 377.43964767456055 28.252370834350586 377.43964767456055 60.31597328186035 356.60467529296875 60.31597328186035
356.7144470214844 28.411556243896484 378.5579128265381 28.411556243896484 378.5579128265381 60.47499084472656 356.7144470214844 60.47499084472656
355.94390869140625 26.03737449645996 377.5937557220459 26.03737449645996 377.5937557220459 58.87042045593262 355.94390869140625 58.87042045593262
354.9620666503906 26.27047348022461 376.9299507141113 26.27047348022461 376.9299507141113 58.96497344970703 354.9620666503906 58.96497344970703
355.8394775390625 27.274280548095703 377.8057632446289 27.274280548095703 377.8057632446289 60.48384475708008 355.8394775390625 60.48384475708008
355.3774719238281 27.550640106201172 378.0802459716797 27.550640106201172 378.0802459716797 60.7360725402832 355.3774719238281 60.7360725402832
354.59759521484375 27.287548065185547 377.8453025817871 27.287548065185547 377.8453025817871 59.9222526550293 354.59759521484375 59.9222526550293
354.26483154296875 26.541393280029297 377.6361904144287 26.541393280029297 377.6361904144287 60.092838287353516 354.26483154296875 60.092838287353516
352.9644470214844 25.853540420532227 377.1520080566406 25.853540420532227 377.1520080566406 60.536691665649414 352.9644470214844 60.536691665649414
354.11083984375 27.96337890625 378.09328842163086 27.96337890625 378.09328842163086 61.83858108520508 354.11083984375 61.83858108520508
353.1180725097656 26.401073455810547 375.7522163391113 26.401073455810547 375.7522163391113 59.98832702636719 353.1180725097656 59.98832702636719
354.53411865234375 27.0202693939209 377.53294372558594 27.0202693939209 377.53294372558594 59.432050704956055 354.53411865234375 59.432050704956055
354.2120056152344 27.884967803955078 377.87732315063477 27.884967803955078 377.87732315063477 59.681440353393555 354.2120056152344 59.681440353393555
354.3768615722656 28.614309310913086 378.8958168029785 28.614309310913086 378.8958168029785 60.15737342834473 354.3768615722656 60.15737342834473
352.41046142578125 41.10464859008789 379.7849979400635 41.10464859008789 379.7849979400635 75.68300247192383 352.41046142578125 75.68300247192383
352.8678283691406 87.46659851074219 380.0506954193115 87.46659851074219 380.0506954193115 121.80284881591797 352.8678283691406 121.80284881591797
354.865478515625 90.4036636352539 378.7282066345215 90.4036636352539 378.7282066345215 124.24176406860352 354.865478515625 124.24176406860352
355.22979736328125 90.65986633300781 379.0993175506592 90.65986633300781 379.0993175506592 123.20075988769531 355.22979736328125 123.20075988769531
354.2763366699219 89.93922424316406 378.387170791626 89.93922424316406 378.387170791626 124.30009460449219 354.2763366699219 124.30009460449219
354.61956787109375 91.22822570800781 378.64170265197754 91.22822570800781 378.64170265197754 123.32815933227539 354.61956787109375 123.32815933227539
353.8897705078125 89.11878967285156 378.9736804962158 89.11878967285156 378.9736804962158 123.25951385498047 353.8897705078125 123.25951385498047
354.3520812988281 89.48026275634766 378.9428081512451 89.48026275634766 378.9428081512451 122.01592636108398 354.3520812988281 122.01592636108398
355.282958984375 90.2096939086914 380.44216537475586 90.2096939086914 380.44216537475586 122.64754867553711 355.282958984375 122.64754867553711
355.7838134765625 91.26305389404297 383.83484268188477 91.26305389404297 383.83484268188477 126.69593811035156 355.7838134765625 126.69593811035156
359.314453125 136.34677124023438 388.2178535461426 136.34677124023438 388.2178535461426 172.85633087158203 359.314453125 172.85633087158203
356.29437255859375 153.94223022460938 380.0835552215576 153.94223022460938 380.0835552215576 190.1884765625 356.29437255859375 190.1884765625
357.2255554199219 158.151611328125 381.70408821105957 158.151611328125 381.70408821105957 192.59244918823242 357.2255554199219 192.59244918823242
355.57177734375 156.59765625 379.4803581237793 156.59765625 379.4803581237793 190.06354904174805 355.57177734375 190.06354904174805
356.13934326171875 153.7053985595703 379.6907730102539 153.7053985595703 379.6907730102539 188.64368057250977 356.13934326171875 188.64368057250977
356.4496154785156 156.17120361328125 380.4191093444824 156.17120361328125 380.4191093444824 190.86870574951172 356.4496154785156 190.86870574951172
356.58984375 155.5514678955078 380.2121467590332 155.5514678955078 380.2121467590332 189.14850616455078 356.58984375 189.14850616455078
356.23388671875 156.73117065429688 381.76623153686523 156.73117065429688 381.76623153686523 189.39891815185547 356.23388671875 189.39891815185547
356.68280029296875 153.43988037109375 382.1585578918457 153.43988037109375 382.1585578918457 189.3066177368164 356.68280029296875 189.3066177368164
356.1605224609375 154.64364624023438 381.6554069519043 154.64364624023438 381.6554069519043 189.4004135131836 356.1605224609375 189.4004135131836
355.4667053222656 153.1099853515625 381.68145751953125 153.1099853515625 381.68145751953125 188.08612442016602 355.4667053222656 188.08612442016602
355.7072448730469 153.2380828857422 382.3683967590332 153.2380828857422 382.3683967590332 187.68752670288086 355.7072448730469 187.68752670288086
355.5765380859375 152.3347930908203 381.64167404174805 152.3347930908203 381.64167404174805 186.30658721923828 355.5765380859375 186.30658721923828
355.55450439453125 152.84524536132812 381.84751892089844 152.84524536132812 381.84751892089844 187.37386322021484 355.55450439453125 187.37386322021484
355.2816162109375 153.28427124023438 380.35828590393066 153.28427124023438 380.35828590393066 188.05051803588867 355.2816162109375 188.05051803588867
355.0495300292969 155.41384887695312 380.7056636810303 155.41384887695312 380.7056636810303 187.67303466796875 355.0495300292969 187.67303466796875
354.82061767578125 155.4559783935547 380.268123626709 155.4559783935547 380.268123626709 187.72496032714844 354.82061767578125 187.72496032714844
355.0091552734375 155.415771484375 379.3431339263916 155.415771484375 379.3431339263916 187.57340240478516 355.0091552734375 187.57340240478516
354.6639099121094 156.22537231445312 378.5351905822754 156.22537231445312 378.5351905822754 189.09869003295898 354.6639099121094 189.09869003295898
354.7581481933594 155.63839721679688 378.10675621032715 155.63839721679688 378.10675621032715 189.13416290283203 354.7581481933594 189.13416290283203
354.78179931640625 156.54666137695312 377.9944019317627 156.54666137695312 377.9944019317627 188.62060928344727 354.78179931640625 188.62060928344727
355.14178466796875 158.31341552734375 378.4138641357422 158.31341552734375 378.4138641357422 190.1313076019287 355.14178466796875 190.1313076019287
354.07244873046875 156.42376708984375 378.01138496398926 156.42376708984375 378.01138496398926 189.96224212646484 354.07244873046875 189.96224212646484
353.78997802734375 155.2752227783203 377.61644744873047 155.2752227783203 377.61644744873047 189.04373931884766 353.78997802734375 189.04373931884766
354.9018859863281 158.39532470703125 377.86090087890625 158.39532470703125 377.86090087890625 190.7403907775879 354.9018859863281 190.7403907775879
353.55609130859375 156.3007354736328 377.27864265441895 156.3007354736328 377.27864265441895 188.7057113647461 353.55609130859375 188.7057113647461
353.0401306152344 156.69046020507812 377.6955909729004 156.69046020507812 377.6955909729004 189.2128677368164 353.0401306152344 189.2128677368164
353.2293701171875 157.20388793945312 377.1928768157959 157.20388793945312 377.1928768157959 190.23036575317383 353.2293701171875 190.23036575317383
352.09014892578125 156.1602325439453 377.20587730407715 156.1602325439453 377.20587730407715 188.75524520874023 352.09014892578125 188.75524520874023
352.457275390625 157.69326782226562 376.31068420410156 157.69326782226562 376.31068420410156 190.1943244934082 352.457275390625 190.1943244934082
351.8269958496094 156.50137329101562 375.9415683746338 156.50137329101562 375.9415683746338 189.33614349365234 351.8269958496094 189.33614349365234
353.69012451171875 157.52987670898438 376.2492427825928 157.52987670898438 376.2492427825928 190.91315460205078 353.69012451171875 190.91315460205078
352.6739807128906 156.6983184814453 375.3357353210449 156.6983184814453 375.3357353210449 190.18946838378906 352.6739807128906 190.18946838378906
352.3255920410156 155.19998168945312 375.86651611328125 155.19998168945312 375.86651611328125 187.64850234985352 352.3255920410156 187.64850234985352
353.0934753417969 156.6310272216797 375.77019119262695 156.6310272216797 375.77019119262695 190.16291046142578 353.0934753417969 190.16291046142578
352.9756774902344 157.2960968017578 375.5849266052246 157.2960968017578 375.5849266052246 189.21481323242188 352.9756774902344 189.21481323242188
353.2750244140625 157.04515075683594 376.28126525878906 157.04515075683594 376.28126525878906 189.3153953552246 353.2750244140625 189.3153953552246
351.97552490234375 156.90203857421875 375.04622077941895 156.90203857421875 375.04622077941895 189.20611572265625 351.97552490234375 189.20611572265625
351.87359619140625 155.2635955810547 375.4731979370117 155.2635955810547 375.4731979370117 188.20479583740234 351.87359619140625 188.20479583740234
352.9318542480469 155.74374389648438 375.82749938964844 155.74374389648438 375.82749938964844 188.68754196166992 352.9318542480469 188.68754196166992
351.32611083984375 155.51077270507812 376.0072193145752 155.51077270507812 376.0072193145752 188.7288589477539 351.32611083984375 188.7288589477539
351.7010803222656 156.15200805664062 374.60637283325195 156.15200805664062 374.60637283325195 189.0058250427246 351.7010803222656 189.0058250427246
351.37579345703125 154.38638305664062 375.05552864074707 154.38638305664062 375.05552864074707 188.5398292541504 351.37579345703125 188.5398292541504
352.1026611328125 155.10720825195312 374.7780456542969 155.10720825195312 374.7780456542969 189.0412826538086 352.1026611328125 189.0412826538086
351.9291076660156 150.59898376464844 375.77807998657227 150.59898376464844 375.77807998657227 185.10933685302734 351.9291076660156 185.10933685302734
350.73291015625 146.16819763183594 374.28189277648926 146.16819763183594 374.28189277648926 180.54639434814453 350.73291015625 180.54639434814453
351.6800231933594 140.18545532226562 374.78035736083984 140.18545532226562 374.78035736083984 172.95150756835938 351.6800231933594 172.95150756835938
351.83740234375 133.2237548828125 376.3521976470947 133.2237548828125 376.3521976470947 167.28569412231445 351.83740234375 167.28569412231445
353.2164611816406 127.94944763183594 377.5423946380615 127.94944763183594 377.5423946380615 160.07719802856445 353.2164611816406 160.07719802856445
351.96392822265625 124.33674621582031 376.7238578796387 124.33674621582031 376.7238578796387 157.07133865356445 351.96392822265625 157.07133865356445
351.7700500488281 117.71113586425781 376.1563377380371 117.71113586425781 376.1563377380371 152.2617416381836 351.7700500488281 152.2617416381836
351.2345275878906 113.93855285644531 375.45029640197754 113.93855285644531 375.45029640197754 147.87449645996094 351.2345275878906 147.87449645996094
350.7298889160156 112.21087646484375 376.4754829406738 112.21087646484375 376.4754829406738 147.76841735839844 350.7298889160156 147.76841735839844
350.54937744140625 112.32878112792969 375.8623790740967 112.32878112792969 375.8623790740967 146.93615341186523 350.54937744140625 146.93615341186523
349.90203857421875 112.7569808959961 377.29699325561523 112.7569808959961 377.29699325561523 145.66863250732422 349.90203857421875 145.66863250732422
349.6944580078125 108.9070053100586 378.7600860595703 108.9070053100586 378.7600860595703 145.6214828491211 349.6944580078125 145.6214828491211
340.10247802734375 107.8821792602539 368.62168312072754 107.8821792602539 368.62168312072754 143.90643692016602 340.10247802734375 143.90643692016602
339.6323547363281 113.43389892578125 365.79368591308594 113.43389892578125 365.79368591308594 145.90938568115234 339.6323547363281 145.90938568115234
347.87835693359375 110.20001220703125 375.339542388916 110.20001220703125 375.339542388916 143.24522018432617 347.87835693359375 143.24522018432617
348.73663330078125 106.25370025634766 376.3908271789551 106.25370025634766 376.3908271789551 139.57959365844727 348.73663330078125 139.57959365844727
348.5068359375 100.4942626953125 376.16059494018555 100.4942626953125 376.16059494018555 134.84206771850586 348.5068359375 134.84206771850586
350.2043762207031 94.00154876708984 375.6549072265625 94.00154876708984 375.6549072265625 130.40275192260742 350.2043762207031 130.40275192260742
350.9172668457031 88.26468658447266 375.21447372436523 88.26468658447266 375.21447372436523 123.51968383789062 350.9172668457031 123.51968383789062
348.8446350097656 81.10804748535156 374.4703006744385 81.10804748535156 374.4703006744385 118.57988739013672 348.8446350097656 118.57988739013672
349.14227294921875 76.7186050415039 374.15534591674805 76.7186050415039 374.15534591674805 114.53396606445312 349.14227294921875 114.53396606445312
348.84552001953125 72.1878433227539 374.8001003265381 72.1878433227539 374.8001003265381 110.01863098144531 348.84552001953125 110.01863098144531
349.1551513671875 68.8727035522461 375.07758712768555 68.8727035522461 375.07758712768555 107.45903015136719 349.1551513671875 107.45903015136719
348.13653564453125 64.17133331298828 376.08704566955566 64.17133331298828 376.08704566955566 98.56769943237305 348.13653564453125 98.56769943237305
346.46075439453125 56.284996032714844 374.4939785003662 56.284996032714844 374.4939785003662 91.42814636230469 346.46075439453125 91.42814636230469
348.0546875 51.9981689453125 375.4788112640381 51.9981689453125 375.4788112640381 89.04573059082031 348.0546875 89.04573059082031
344.6678161621094 45.22612380981445 374.110050201416 45.22612380981445 374.110050201416 83.93969345092773 344.6678161621094 83.93969345092773
347.935302734375 42.142765045166016 375.8789463043213 42.142765045166016 375.8789463043213 79.73788833618164 347.935302734375 79.73788833618164
346.2388000488281 26.30642318725586 372.93224716186523 26.30642318725586 372.93224716186523 65.56904220581055 346.2388000488281 65.56904220581055
347.7001953125 17.322406768798828 373.50046157836914 17.322406768798828 373.50046157836914 56.06882858276367 347.7001953125 56.06882858276367
347.8741455078125 14.063398361206055 374.7779941558838 14.063398361206055 374.7779941558838 52.06814765930176 347.8741455078125 52.06814765930176
347.64434814453125 13.260579109191895 374.59016036987305 13.260579109191895 374.59016036987305 51.38313007354736 347.64434814453125 51.38313007354736
346.28717041015625 13.656686782836914 374.4276313781738 13.656686782836914 374.4276313781738 53.06704521179199 346.28717041015625 53.06704521179199
347.3582763671875 14.928898811340332 375.27862548828125 14.928898811340332 375.27862548828125 52.247769355773926 347.3582763671875 52.247769355773926
346.9835205078125 13.479519844055176 373.995397567749 13.479519844055176 373.995397567749 53.09937763214111 346.9835205078125 53.09937763214111
347.62255859375 13.815838813781738 373.8220462799072 13.815838813781738 373.8220462799072 52.23160266876221 347.62255859375 52.23160266876221
346.19940185546875 15.3887300491333 374.2524070739746 15.3887300491333 374.2524070739746 53.171311378479004 346.19940185546875 53.171311378479004
345.5736389160156 14.324078559875488 373.6835117340088 14.324078559875488 373.6835117340088 52.28268527984619 345.5736389160156 52.28268527984619
346.08514404296875 14.689724922180176 375.10751724243164 14.689724922180176 375.10751724243164 51.99850940704346 346.08514404296875 51.99850940704346
345.9392395019531 14.279779434204102 373.7114448547363 14.279779434204102 373.7114448547363 51.74001502990723 345.9392395019531 51.74001502990723
347.2376708984375 13.79932975769043 374.2379970550537 13.79932975769043 374.2379970550537 52.424570083618164 347.2376708984375 52.424570083618164
346.599853515625 13.547162055969238 374.0105400085449 13.547162055969238 374.0105400085449 51.90564441680908 346.599853515625 51.90564441680908
347.08026123046875 13.443771362304688 373.7779846191406 13.443771362304688 373.7779846191406 52.86107635498047 347.08026123046875 52.86107635498047
346.1861572265625 14.360334396362305 373.3715629577637 14.360334396362305 373.3715629577637 52.90764045715332 346.1861572265625 52.90764045715332
346.4244689941406 15.220191955566406 372.7883644104004 15.220191955566406 372.7883644104004 53.56785202026367 346.4244689941406 53.56785202026367
348.66717529296875 14.235170364379883 374.55905532836914 14.235170364379883 374.55905532836914 53.53906059265137 348.66717529296875 53.53906059265137
345.89874267578125 13.1350679397583 372.6936740875244 13.1350679397583 372.6936740875244 52.41795825958252 345.89874267578125 52.41795825958252
345.87286376953125 13.144709587097168 371.43380546569824 13.144709587097168 371.43380546569824 54.12920665740967 345.87286376953125 54.12920665740967
345.42742919921875 13.859911918640137 373.0596675872803 13.859911918640137 373.0596675872803 53.59023571014404 345.42742919921875 53.59023571014404
346.8766174316406 14.38963794708252 375.3707847595215 14.38963794708252 375.3707847595215 52.163655281066895 346.8766174316406 52.163655281066895
344.58966064453125 13.40124225616455 372.8131561279297 13.40124225616455 372.8131561279297 51.99745273590088 344.58966064453125 51.99745273590088
345.52789306640625 13.143142700195312 373.6792049407959 13.143142700195312 373.6792049407959 51.959144592285156 345.52789306640625 51.959144592285156
345.7867431640625 12.899792671203613 372.9330291748047 12.899792671203613 372.9330291748047 52.85968494415283 345.7867431640625 52.85968494415283
341.800048828125 11.774641036987305 369.78183364868164 11.774641036987305 369.78183364868164 52.28477668762207 341.800048828125 52.28477668762207
343.7464294433594 12.134005546569824 369.80913162231445 12.134005546569824 369.80913162231445 52.08010387420654 343.7464294433594 52.08010387420654
344.0585021972656 13.669097900390625 370.63450050354004 13.669097900390625 370.63450050354004 53.362728118896484 344.0585021972656 53.362728118896484
343.97613525390625 13.860918045043945 371.2932186126709 13.860918045043945 371.2932186126709 51.4625301361084 343.97613525390625 51.4625301361084
343.40789794921875 12.370361328125 370.21540451049805 12.370361328125 370.21540451049805 51.83505630493164 343.40789794921875 51.83505630493164
342.278076171875 14.740325927734375 369.3358097076416 14.740325927734375 369.3358097076416 52.108741760253906 342.278076171875 52.108741760253906
342.18426513671875 13.177511215209961 369.60015296936035 13.177511215209961 369.60015296936035 52.71151924133301 342.18426513671875 52.71151924133301
341.76519775390625 12.750423431396484 369.5745658874512 12.750423431396484 369.5745658874512 51.53608703613281 341.76519775390625 51.53608703613281
341.8512268066406 14.045598983764648 370.34649085998535 14.045598983764648 370.34649085998535 52.84626579284668 341.8512268066406 52.84626579284668
340.35882568359375 13.105865478515625 369.2526969909668 13.105865478515625 369.2526969909668 52.66317367553711 340.35882568359375 52.66317367553711
340.96331787109375 14.332460403442383 369.9534511566162 14.332460403442383 369.9534511566162 52.8610782623291 340.96331787109375 52.8610782623291
341.09539794921875 14.093923568725586 369.6035346984863 14.093923568725586 369.6035346984863 53.29239463806152 341.09539794921875 53.29239463806152
340.8663635253906 11.936309814453125 369.3413429260254 11.936309814453125 369.3413429260254 52.88980484008789 340.8663635253906 52.88980484008789
342.11126708984375 12.705971717834473 369.15819931030273 12.705971717834473 369.15819931030273 52.64635944366455 342.11126708984375 52.64635944366455
341.7764587402344 13.048261642456055 369.70140075683594 13.048261642456055 369.70140075683594 51.58908653259277 341.7764587402344 51.58908653259277
340.9705505371094 12.875322341918945 369.3835563659668 12.875322341918945 369.3835563659668 52.80825614929199 340.9705505371094 52.80825614929199
340.8474426269531 13.731724739074707 368.92163467407227 13.731724739074707 368.92163467407227 53.24638080596924 340.8474426269531 53.24638080596924
340.91229248046875 14.308117866516113 369.8472080230713 14.308117866516113 369.8472080230713 51.65284442901611 340.91229248046875 51.65284442901611
339.15386962890625 15.364697456359863 370.11549377441406 15.364697456359863 370.11549377441406 52.432312965393066 339.15386962890625 52.432312965393066
340.15496826171875 11.962743759155273 369.4241638183594 11.962743759155273 369.4241638183594 50.98862266540527 340.15496826171875 50.98862266540527
339.718017578125 12.50651741027832 369.15618896484375 12.50651741027832 369.15618896484375 53.19774055480957 339.718017578125 53.19774055480957
340.7537536621094 14.025960922241211 368.6760139465332 14.025960922241211 368.6760139465332 53.819169998168945 340.7537536621094 53.819169998168945
339.6895751953125 13.151100158691406 367.8946723937988 13.151100158691406 367.8946723937988 52.40281677246094 339.6895751953125 52.40281677246094
339.8106994628906 13.820611953735352 368.4459800720215 13.820611953735352 368.4459800720215 53.56622123718262 339.8106994628906 53.56622123718262
339.91387939453125 12.933428764343262 368.08653831481934 12.933428764343262 368.08653831481934 53.35646343231201 339.91387939453125 53.35646343231201
334.7589416503906 13.782003402709961 368.18212127685547 13.782003402709961 368.18212127685547 53.42372703552246 334.7589416503906 53.42372703552246
326.45147705078125 12.552810668945312 359.7432441711426 12.552810668945312 359.7432441711426 52.258140563964844 326.45147705078125 52.258140563964844
321.1727294921875 12.506037712097168 355.179386138916 12.506037712097168 355.179386138916 52.739909172058105 321.1727294921875 52.739909172058105
312.551025390625 11.427973747253418 346.9415168762207 11.427973747253418 346.9415168762207 53.63383388519287 312.551025390625 53.63383388519287
298.5301818847656 14.697896957397461 333.79930877685547 14.697896957397461 333.79930877685547 53.7624454498291 298.5301818847656 53.7624454498291
290.97039794921875 13.709803581237793 326.26556396484375 13.709803581237793 326.26556396484375 53.47082042694092 290.97039794921875 53.47082042694092
280.23406982421875 14.240453720092773 315.8493537902832 14.240453720092773 315.8493537902832 53.64325141906738 280.23406982421875 53.64325141906738
277.2901916503906 13.891077995300293 312.5079002380371 13.891077995300293 312.5079002380371 54.01326274871826 277.2901916503906 54.01326274871826
266.9473571777344 14.162633895874023 301.7012596130371 14.162633895874023 301.7012596130371 54.055715560913086 266.9473571777344 54.055715560913086
265.4027099609375 12.409409523010254 299.512638092041 12.409409523010254 299.512638092041 55.49567890167236 265.4027099609375 55.49567890167236
260.478271484375 11.983015060424805 295.4122428894043 11.983015060424805 295.4122428894043 54.3134822845459 260.478271484375 54.3134822845459
249.29873657226562 14.201748847961426 285.08018493652344 14.201748847961426 285.08018493652344 54.272812843322754 249.29873657226562 54.272812843322754
237.69650268554688 15.119033813476562 273.49280166625977 15.119033813476562 273.49280166625977 54.71942901611328 237.69650268554688 54.71942901611328
228.97390747070312 14.849176406860352 263.78099822998047 14.849176406860352 263.78099822998047 54.419321060180664 228.97390747070312 54.419321060180664
224.7338409423828 18.453466415405273 260.1911315917969 18.453466415405273 260.1911315917969 56.51028251647949 224.7338409423828 56.51028251647949
216.48477172851562 16.174224853515625 251.46751403808594 16.174224853515625 251.46751403808594 55.45908737182617 216.48477172851562 55.45908737182617
208.15805053710938 14.929949760437012 242.37064743041992 14.929949760437012 242.37064743041992 55.07253551483154 208.15805053710938 55.07253551483154
200.0492706298828 14.630291938781738 233.93548965454102 14.630291938781738 233.93548965454102 53.20198917388916 200.0492706298828 53.20198917388916
191.75296020507812 16.311477661132812 226.27255249023438 16.311477661132812 226.27255249023438 55.29496765136719 191.75296020507812 55.29496765136719
185.8357391357422 16.103668212890625 221.45082092285156 16.103668212890625 221.45082092285156 53.88981246948242 185.8357391357422 53.88981246948242
184.39474487304688 14.021374702453613 216.35064315795898 14.021374702453613 216.35064315795898 53.83270740509033 184.39474487304688 53.83270740509033
185.81930541992188 14.904561996459961 216.04156112670898 14.904561996459961 216.04156112670898 54.319108963012695 185.81930541992188 54.319108963012695
184.50064086914062 13.699963569641113 214.6418342590332 13.699963569641113 214.6418342590332 53.5648775100708 184.50064086914062 53.5648775100708
185.2593536376953 16.425098419189453 215.80080795288086 16.425098419189453 215.80080795288086 55.30207443237305 185.2593536376953 55.30207443237305
185.70555114746094 14.462646484375 215.3972930908203 14.462646484375 215.3972930908203 55.56247329711914 185.70555114746094 55.56247329711914
188.07984924316406 14.988113403320312 219.8332004547119 14.988113403320312 219.8332004547119 54.039344787597656 188.07984924316406 54.039344787597656
188.1012420654297 12.31263542175293 218.22845458984375 12.31263542175293 218.22845458984375 53.60306739807129 188.1012420654297 53.60306739807129
189.0126190185547 12.968045234680176 220.34939193725586 12.968045234680176 220.34939193725586 54.91721820831299 189.0126190185547 54.91721820831299
186.68312072753906 14.488810539245605 217.24583435058594 14.488810539245605 217.24583435058594 55.67625713348389 186.68312072753906 55.67625713348389
188.39434814453125 13.33720874786377 219.98157119750977 13.33720874786377 219.98157119750977 55.81739521026611 188.39434814453125 55.81739521026611
187.74594116210938 12.763227462768555 219.13624572753906 12.763227462768555 219.13624572753906 54.341543197631836 187.74594116210938 54.341543197631836
183.4147491455078 12.940936088562012 217.5650749206543 12.940936088562012 217.5650749206543 55.643309593200684 183.4147491455078 55.643309593200684
183.0940704345703 14.408670425415039 217.38183212280273 14.408670425415039 217.38183212280273 55.98644828796387 183.0940704345703 55.98644828796387
184.48995971679688 13.289448738098145 217.77655410766602 13.289448738098145 217.77655410766602 54.96411609649658 184.48995971679688 54.96411609649658
185.0994415283203 12.580517768859863 218.1196746826172 12.580517768859863 218.1196746826172 54.9641809463501 185.0994415283203 54.9641809463501
182.53466796875 13.503427505493164 216.7385139465332 13.503427505493164 216.7385139465332 55.95716667175293 182.53466796875 55.95716667175293
188.73287963867188 15.160308837890625 226.07329559326172 15.160308837890625 226.07329559326172 56.0367431640625 188.73287963867188 56.0367431640625
197.22494506835938 9.469415664672852 233.11733627319336 9.469415664672852 233.11733627319336 54.80720329284668 197.22494506835938 54.80720329284668
203.13180541992188 9.257699966430664 239.3708038330078 9.257699966430664 239.3708038330078 55.033308029174805 203.13180541992188 55.033308029174805
211.10983276367188 13.132349967956543 248.1890754699707 13.132349967956543 248.1890754699707 54.77331829071045 211.10983276367188 54.77331829071045
219.1017303466797 8.011220932006836 254.2857551574707 8.011220932006836 254.2857551574707 52.4542293548584 219.1017303466797 52.4542293548584
218.33840942382812 13.933876037597656 255.00456619262695 13.933876037597656 255.00456619262695 54.46168518066406 218.33840942382812 54.46168518066406
229.46237182617188 11.573862075805664 264.95557403564453 11.573862075805664 264.95557403564453 52.885793685913086 229.46237182617188 52.885793685913086
231.92178344726562 10.413749694824219 267.29216384887695 10.413749694824219 267.29216384887695 50.657447814941406 231.92178344726562 50.657447814941406
236.7783966064453 10.573299407958984 271.4865036010742 10.573299407958984 271.4865036010742 51.1815185546875 236.7783966064453 51.1815185546875
242.071044921875 10.720560073852539 277.1859664916992 10.720560073852539 277.1859664916992 50.85844612121582 242.071044921875 50.85844612121582
249.589111328125 11.984393119812012 287.1890640258789 11.984393119812012 287.1890640258789 51.24367809295654 249.589111328125 51.24367809295654
253.5860595703125 10.129287719726562 289.7476692199707 10.129287719726562 289.7476692199707 51.637760162353516 253.5860595703125 51.637760162353516
258.1793518066406 10.708514213562012 294.0632667541504 10.708514213562012 294.0632667541504 52.32635021209717 258.1793518066406 52.32635021209717
260.4706115722656 11.590307235717773 297.99935150146484 11.590307235717773 297.99935150146484 52.57613563537598 260.4706115722656 52.57613563537598
270.68768310546875 9.885333061218262 307.516056060791 9.885333061218262 307.516056060791 49.964232444763184 270.68768310546875 49.964232444763184
275.2942199707031 10.712368965148926 311.01407623291016 10.712368965148926 311.01407623291016 50.58519458770752 275.2942199707031 50.58519458770752
283.8917541503906 10.954257011413574 319.9555130004883 10.954257011413574 319.9555130004883 50.16243648529053 283.8917541503906 50.16243648529053
287.2578430175781 10.432442665100098 322.5505485534668 10.432442665100098 322.5505485534668 50.651185035705566 287.2578430175781 50.651185035705566
292.207275390625 10.716958999633789 328.93381118774414 10.716958999633789 328.93381118774414 49.96586799621582 292.207275390625 49.96586799621582
296.02581787109375 10.768684387207031 332.88410568237305 10.768684387207031 332.88410568237305 49.82170486450195 296.02581787109375 49.82170486450195
305.05975341796875 11.641180992126465 342.0481185913086 11.641180992126465 342.0481185913086 51.1512975692749 305.05975341796875 51.1512975692749
308.2177734375 11.465173721313477 343.9745330810547 11.465173721313477 343.9745330810547 50.83795738220215 308.2177734375 50.83795738220215
310.77703857421875 11.706220626831055 347.5480842590332 11.706220626831055 347.5480842590332 49.88551139831543 310.77703857421875 49.88551139831543
317.30902099609375 9.782270431518555 355.5384101867676 9.782270431518555 355.5384101867676 49.63751029968262 317.30902099609375 49.63751029968262
325.19915771484375 8.989787101745605 360.6031379699707 8.989787101745605 360.6031379699707 50.12714672088623 325.19915771484375 50.12714672088623
329.1378173828125 9.494603157043457 366.3999443054199 9.494603157043457 366.3999443054199 49.50841999053955 329.1378173828125 49.50841999053955
333.61993408203125 8.65585994720459 371.3645668029785 8.65585994720459 371.3645668029785 49.610915184020996 333.61993408203125 49.610915184020996
341.164306640625 9.057063102722168 378.58494567871094 9.057063102722168 378.58494567871094 48.839232444763184 341.164306640625 48.839232444763184
345.8967590332031 10.148234367370605 382.9736633300781 10.148234367370605 382.9736633300781 48.21745586395264 345.8967590332031 48.21745586395264
351.882568359375 9.662341117858887 387.9250831604004 9.662341117858887 387.9250831604004 48.95450496673584 351.882568359375 48.95450496673584
359.189697265625 8.127586364746094 394.1127128601074 8.127586364746094 394.1127128601074 47.43894958496094 359.189697265625 47.43894958496094
365.03228759765625 8.967379570007324 399.9127197265625 8.967379570007324 399.9127197265625 46.8438138961792 365.03228759765625 46.8438138961792
368.16156005859375 9.894404411315918 404.2736282348633 9.894404411315918 404.2736282348633 48.29438304901123 368.16156005859375 48.29438304901123
376.54339599609375 8.873678207397461 412.24507904052734 8.873678207397461 412.24507904052734 48.75424003601074 376.54339599609375 48.75424003601074
379.93585205078125 7.7339677810668945 414.5503158569336 7.7339677810668945 414.5503158569336 47.94192600250244 379.93585205078125 47.94192600250244
386.37310791015625 5.525389671325684 421.81424713134766 5.525389671325684 421.81424713134766 50.29316234588623 386.37310791015625 50.29316234588623
386.0917053222656 6.344669818878174 421.49638748168945 6.344669818878174 421.49638748168945 49.45234727859497 386.0917053222656 49.45234727859497
382.1490173339844 7.284262180328369 416.1675453186035 7.284262180328369 416.1675453186035 50.68009424209595 382.1490173339844 50.68009424209595
389.28778076171875 8.239706039428711 423.6692543029785 8.239706039428711 423.6692543029785 50.60079002380371 389.28778076171875 50.60079002380371
389.19580078125 10.82855224609375 423.88707733154297 10.82855224609375 423.88707733154297 52.38016128540039 389.19580078125 52.38016128540039
393.7160949707031 9.375734329223633 427.836727142334 9.375734329223633 427.836727142334 51.3471622467041 393.7160949707031 51.3471622467041
391.85296630859375 6.2312092781066895 426.47323989868164 6.2312092781066895 426.47323989868164 49.3307843208313 391.85296630859375 49.3307843208313
393.4414978027344 11.52314567565918 427.2750434875488 11.52314567565918 427.2750434875488 53.818490982055664 393.4414978027344 53.818490982055664
390.5281677246094 9.473173141479492 424.3475227355957 9.473173141479492 424.3475227355957 52.50067710876465 390.5281677246094 52.50067710876465
393.01287841796875 13.673711776733398 426.39977264404297 13.673711776733398 426.39977264404297 55.20948600769043 393.01287841796875 55.20948600769043
393.1187438964844 8.934595108032227 426.3377990722656 8.934595108032227 426.3377990722656 51.70963096618652 393.1187438964844 51.70963096618652
390.7008972167969 8.767683029174805 424.7695541381836 8.767683029174805 424.7695541381836 51.17810249328613 390.7008972167969 51.17810249328613
391.8664245605469 12.731515884399414 425.31835174560547 12.731515884399414 425.31835174560547 54.29861640930176 391.8664245605469 54.29861640930176
393.072509765625 12.526968002319336 426.78246307373047 12.526968002319336 426.78246307373047 54.88442802429199 393.072509765625 54.88442802429199
393.82489013671875 11.157724380493164 427.275333404541 11.157724380493164 427.275333404541 52.593523025512695 393.82489013671875 52.593523025512695
394.4096984863281 13.443278312683105 427.0103988647461 13.443278312683105 427.0103988647461 54.35426998138428 394.4096984863281 54.35426998138428
393.83038330078125 15.848017692565918 426.2300605773926 15.848017692565918 426.2300605773926 56.80684566497803 393.83038330078125 56.80684566497803
393.8122253417969 14.595489501953125 425.3354187011719 14.595489501953125 425.3354187011719 55.721466064453125 393.8122253417969 55.721466064453125
393.93914794921875 13.210311889648438 424.6739387512207 13.210311889648438 424.6739387512207 54.066097259521484 393.93914794921875 54.066097259521484
393.9067687988281 15.096755981445312 424.5917263031006 15.096755981445312 424.5917263031006 55.979820251464844 393.9067687988281 55.979820251464844
395.46832275390625 15.08262825012207 426.32768630981445 15.08262825012207 426.32768630981445 55.4095401763916 395.46832275390625 55.4095401763916
393.8392639160156 16.113027572631836 425.3247375488281 16.113027572631836 425.3247375488281 57.56058311462402 393.8392639160156 57.56058311462402
394.1709899902344 14.740966796875 425.3385066986084 14.740966796875 425.3385066986084 55.13640594482422 394.1709899902344 55.13640594482422
394.15380859375 14.349355697631836 424.7717094421387 14.349355697631836 424.7717094421387 55.73147773742676 394.15380859375 55.73147773742676
393.88824462890625 15.483659744262695 424.5481929779053 15.483659744262695 424.5481929779053 56.00155067443848 393.88824462890625 56.00155067443848
393.26312255859375 16.321752548217773 422.82902908325195 16.321752548217773 422.82902908325195 56.5788631439209 393.26312255859375 56.5788631439209
394.62799072265625 17.24224281311035 424.8574275970459 17.24224281311035 424.8574275970459 57.04611015319824 394.62799072265625 57.04611015319824
393.453125 15.500155448913574 423.9689521789551 15.500155448913574 423.9689521789551 56.79710292816162 393.453125 56.79710292816162
380.49908447265625 13.838296890258789 410.9629764556885 13.838296890258789 410.9629764556885 54.97870063781738 380.49908447265625 54.97870063781738
393.52789306640625 19.857154846191406 424.83034324645996 19.857154846191406 424.83034324645996 61.60420608520508 393.52789306640625 61.60420608520508
392.93145751953125 20.568395614624023 423.9326362609863 20.568395614624023 423.9326362609863 61.77676963806152 392.93145751953125 61.77676963806152
394.94207763671875 20.961610794067383 425.2694549560547 20.961610794067383 425.2694549560547 62.26289176940918 394.94207763671875 62.26289176940918
393.86956787109375 20.8675594329834 423.47972106933594 20.8675594329834 423.47972106933594 63.97012138366699 393.86956787109375 63.97012138366699
393.1559753417969 19.497364044189453 423.12314224243164 19.497364044189453 423.12314224243164 61.1960334777832 393.1559753417969 61.1960334777832
394.4915466308594 19.410463333129883 425.47669982910156 19.410463333129883 425.47669982910156 61.013444900512695 394.4915466308594 61.013444900512695
394.3353576660156 18.1446475982666 424.8158931732178 18.1446475982666 424.8158931732178 60.82212257385254 394.3353576660156 60.82212257385254
392.9600524902344 25.52357292175293 424.3080863952637 25.52357292175293 424.3080863952637 66.44780540466309 392.9600524902344 66.44780540466309
392.09222412109375 27.969486236572266 423.8013095855713 27.969486236572266 423.8013095855713 69.61082077026367 392.09222412109375 69.61082077026367
393.13140869140625 30.868383407592773 424.2514762878418 30.868383407592773 424.2514762878418 73.55257987976074 393.13140869140625 73.55257987976074
392.62432861328125 28.550548553466797 423.146053314209 28.550548553466797 423.146053314209 70.71572494506836 392.62432861328125 70.71572494506836
393.0262451171875 30.311208724975586 424.00274658203125 30.311208724975586 424.00274658203125 73.27964973449707 393.0262451171875 73.27964973449707
393.3409729003906 29.95912742614746 424.5777187347412 29.95912742614746 424.5777187347412 72.2297191619873 393.3409729003906 72.2297191619873
393.1997375488281 32.309547424316406 424.4121551513672 32.309547424316406 424.4121551513672 73.71839904785156 393.1997375488281 73.71839904785156
393.56719970703125 31.118473052978516 424.0265293121338 31.118473052978516 424.0265293121338 73.24602890014648 393.56719970703125 73.24602890014648
393.5386657714844 33.67089080810547 424.1807613372803 33.67089080810547 424.1807613372803 77.1600570678711 393.5386657714844 77.1600570678711
392.4532775878906 34.37120819091797 424.5252151489258 34.37120819091797 424.5252151489258 77.21566772460938 392.4532775878906 77.21566772460938
392.92095947265625 40.63011932373047 423.59472274780273 40.63011932373047 423.59472274780273 83.84043884277344 392.92095947265625 83.84043884277344
392.1006774902344 39.94916915893555 423.9249668121338 39.94916915893555 423.9249668121338 81.8747329711914 392.1006774902344 81.8747329711914
393.2635803222656 42.03110885620117 425.4764175415039 42.03110885620117 425.4764175415039 85.38706588745117 393.2635803222656 85.38706588745117
392.2122497558594 41.691978454589844 424.2440376281738 41.691978454589844 424.2440376281738 83.58588027954102 392.2122497558594 83.58588027954102
392.51690673828125 39.7386589050293 424.5417366027832 39.7386589050293 424.5417366027832 83.06449890136719 392.51690673828125 83.06449890136719
390.2218322753906 39.2732048034668 422.9098701477051 39.2732048034668 422.9098701477051 81.01110076904297 390.2218322753906 81.01110076904297
391.5216979980469 38.98160934448242 423.87607192993164 38.98160934448242 423.87607192993164 81.0617561340332 391.5216979980469 81.0617561340332
391.6255798339844 40.03553009033203 424.397159576416 40.03553009033203 424.397159576416 81.38756561279297 391.6255798339844 81.38756561279297
392.3994140625 43.03040313720703 424.5091743469238 43.03040313720703 424.5091743469238 83.98659133911133 392.3994140625 83.98659133911133
390.7415771484375 45.134368896484375 423.0190315246582 45.134368896484375 423.0190315246582 87.1807746887207 390.7415771484375 87.1807746887207
387.89434814453125 44.064579010009766 421.48576736450195 44.064579010009766 421.48576736450195 87.56730651855469 387.89434814453125 87.56730651855469
390.1151428222656 48.928958892822266 423.63964080810547 48.928958892822266 423.63964080810547 91.21011352539062 390.1151428222656 91.21011352539062
389.53802490234375 46.541751861572266 422.62324142456055 46.541751861572266 422.62324142456055 89.70989227294922 389.53802490234375 89.70989227294922
389.9501953125 48.7349739074707 422.9974021911621 48.7349739074707 422.9974021911621 90.48529815673828 389.9501953125 90.48529815673828
392.1731872558594 48.822776794433594 426.3558883666992 48.822776794433594 426.3558883666992 92.36949920654297 392.1731872558594 92.36949920654297
391.0991516113281 49.90367889404297 424.1034126281738 49.90367889404297 424.1034126281738 93.96807861328125 391.0991516113281 93.96807861328125
389.55548095703125 49.21495819091797 423.581241607666 49.21495819091797 423.581241607666 92.14352798461914 389.55548095703125 92.14352798461914
390.62969970703125 49.10643768310547 424.9999465942383 49.10643768310547 424.9999465942383 92.54013442993164 390.62969970703125 92.54013442993164
389.7774353027344 47.28084182739258 423.7018852233887 47.28084182739258 423.7018852233887 91.80269241333008 389.7774353027344 91.80269241333008
389.5279235839844 48.607818603515625 424.3819236755371 48.607818603515625 424.3819236755371 91.94342803955078 389.5279235839844 91.94342803955078
389.71649169921875 47.304813385009766 424.4622802734375 47.304813385009766 424.4622802734375 90.46517562866211 389.71649169921875 90.46517562866211
389.2086181640625 47.50347137451172 424.32344818115234 47.50347137451172 424.32344818115234 90.8881607055664 389.2086181640625 90.8881607055664
386.70831298828125 46.102535247802734 422.6265182495117 46.102535247802734 422.6265182495117 91.27618789672852 386.70831298828125 91.27618789672852
389.6914367675781 47.159767150878906 425.83891677856445 47.159767150878906 425.83891677856445 91.19787979125977 389.6914367675781 91.19787979125977
390.1724548339844 47.57224655151367 426.3821258544922 47.57224655151367 426.3821258544922 92.1066780090332 390.1724548339844 92.1066780090332
388.80615234375 46.44266891479492 424.4896583557129 46.44266891479492 424.4896583557129 91.07410430908203 388.80615234375 91.07410430908203
389.2604675292969 47.34215545654297 425.23514556884766 47.34215545654297 425.23514556884766 92.62039184570312 389.2604675292969 92.62039184570312
388.71417236328125 48.14142990112305 426.0733451843262 48.14142990112305 426.0733451843262 94.33659362792969 388.71417236328125 94.33659362792969
387.8309631347656 47.320091247558594 425.4912528991699 47.320091247558594 425.4912528991699 93.23122787475586 387.8309631347656 93.23122787475586
386.8346252441406 46.76506805419922 424.912353515625 46.76506805419922 424.912353515625 93.51838684082031 386.8346252441406 93.51838684082031
387.24676513671875 46.18364334106445 424.77911376953125 46.18364334106445 424.77911376953125 93.64889144897461 387.24676513671875 93.64889144897461
388.18060302734375 46.6887092590332 426.434139251709 46.6887092590332 426.434139251709 93.68450546264648 388.18060302734375 93.68450546264648
385.3790283203125 46.191917419433594 425.1365737915039 46.191917419433594 425.1365737915039 93.51229095458984 385.3790283203125 93.51229095458984
385.461669921875 46.390769958496094 424.81697845458984 46.390769958496094 424.81697845458984 93.86153030395508 385.461669921875 93.86153030395508
386.45867919921875 46.07917022705078 426.4876518249512 46.07917022705078 426.4876518249512 94.72465515136719 386.45867919921875 94.72465515136719
386.02410888671875 43.63995361328125 427.44269943237305 43.63995361328125 427.44269943237305 92.36214065551758 386.02410888671875 92.36214065551758
385.45263671875 45.537109375 426.78185272216797 45.537109375 426.78185272216797 94.82732391357422 385.45263671875 94.82732391357422
385.69183349609375 45.583702087402344 426.10580825805664 45.583702087402344 426.10580825805664 92.89178848266602 385.69183349609375 92.89178848266602
383.7125244140625 46.70421600341797 423.50951385498047 46.70421600341797 423.50951385498047 93.85040664672852 383.7125244140625 93.85040664672852
385.2909851074219 44.92775344848633 425.98112869262695 44.92775344848633 425.98112869262695 93.93036270141602 385.2909851074219 93.93036270141602
386.46331787109375 46.062496185302734 425.6935501098633 46.062496185302734 425.6935501098633 93.3173713684082 386.46331787109375 93.3173713684082
386.56243896484375 43.87333679199219 426.6812629699707 43.87333679199219 426.6812629699707 91.99955368041992 386.56243896484375 91.99955368041992
387.1756896972656 43.32500076293945 427.08816146850586 43.32500076293945 427.08816146850586 91.59696960449219 387.1756896972656 91.59696960449219
387.0133361816406 43.82298278808594 426.22323989868164 43.82298278808594 426.22323989868164 90.39982986450195 387.0133361816406 90.39982986450195
385.3500061035156 43.68727493286133 426.0663757324219 43.68727493286133 426.0663757324219 92.042236328125 385.3500061035156 92.042236328125
386.48760986328125 44.19401168823242 427.20482635498047 44.19401168823242 427.20482635498047 91.93014907836914 386.48760986328125 91.93014907836914
386.33966064453125 44.506980895996094 425.77777099609375 44.506980895996094 425.77777099609375 91.3420639038086 386.33966064453125 91.3420639038086
386.79058837890625 44.301998138427734 426.9431381225586 44.301998138427734 426.9431381225586 92.04210662841797 386.79058837890625 92.04210662841797
385.89764404296875 40.53055191040039 426.8267517089844 40.53055191040039 426.8267517089844 89.20802307128906 385.89764404296875 89.20802307128906
384.31988525390625 41.50722122192383 425.17517852783203 41.50722122192383 425.17517852783203 89.07781600952148 384.31988525390625 89.07781600952148
385.3631896972656 44.52033996582031 427.09270095825195 44.52033996582031 427.09270095825195 93.75495147705078 385.3631896972656 93.75495147705078
385.6435852050781 41.66992950439453 426.5438537597656 41.66992950439453 426.5438537597656 89.92183685302734 385.6435852050781 89.92183685302734
386.2162170410156 42.311283111572266 426.72313690185547 42.311283111572266 426.72313690185547 89.73713302612305 386.2162170410156 89.73713302612305
385.97015380859375 40.91173553466797 425.9629135131836 40.91173553466797 425.9629135131836 88.7313003540039 385.97015380859375 88.7313003540039
386.84429931640625 42.00673294067383 427.32615661621094 42.00673294067383 427.32615661621094 88.98958587646484 386.84429931640625 88.98958587646484
385.6636962890625 42.09352493286133 425.6194839477539 42.09352493286133 425.6194839477539 89.07096481323242 385.6636962890625 89.07096481323242
387.3659973144531 45.21403884887695 426.5847702026367 45.21403884887695 426.5847702026367 91.61811447143555 387.3659973144531 91.61811447143555
382.2923583984375 43.09891891479492 422.8784866333008 43.09891891479492 422.8784866333008 88.92796325683594 382.2923583984375 88.92796325683594
386.8226013183594 44.527305603027344 426.4565734863281 44.527305603027344 426.4565734863281 90.38642501831055 386.8226013183594 90.38642501831055
384.7899169921875 40.97759246826172 424.19725036621094 40.97759246826172 424.19725036621094 87.80140686035156 384.7899169921875 87.80140686035156
387.108642578125 42.609840393066406 426.6294937133789 42.609840393066406 426.6294937133789 87.94207000732422 387.108642578125 87.94207000732422
387.1541442871094 42.401336669921875 426.05468368530273 42.401336669921875 426.05468368530273 88.03037643432617 387.1541442871094 88.03037643432617
386.14453125 41.43096923828125 424.775634765625 41.43096923828125 424.775634765625 87.20225524902344 386.14453125 87.20225524902344
386.42767333984375 40.98004913330078 426.0580825805664 40.98004913330078 426.0580825805664 87.8123893737793 386.42767333984375 87.8123893737793
386.59381103515625 41.951576232910156 425.6844291687012 41.951576232910156 425.6844291687012 87.99188232421875 386.59381103515625 87.99188232421875
387.831298828125 41.585819244384766 427.3652763366699 41.585819244384766 427.3652763366699 88.59425354003906 387.831298828125 88.59425354003906
383.6202697753906 41.73827362060547 423.5446090698242 41.73827362060547 423.5446090698242 87.85293579101562 383.6202697753906 87.85293579101562
