171.0 218.0 271.0 218.0 271.0 340.0 171.0 340.0
161.17141723632812 219.0088348388672 261.13919830322266 219.0088348388672 261.13919830322266 339.44500732421875 161.17141723632812 339.44500732421875
144.92498779296875 218.71517944335938 245.98235321044922 218.71517944335938 245.98235321044922 339.1687698364258 144.92498779296875 339.1687698364258
128.79067993164062 215.90939331054688 229.68228149414062 215.90939331054688 229.68228149414062 338.88573455810547 128.79067993164062 338.88573455810547
112.4071044921875 215.1521453857422 215.21392822265625 215.1521453857422 215.21392822265625 334.92100524902344 112.4071044921875 334.92100524902344
103.02412414550781 216.879150390625 206.03785705566406 216.879150390625 206.03785705566406 331.87100982666016 103.02412414550781 331.87100982666016
93.29508972167969 215.9241180419922 196.02432250976562 215.9241180419922 196.02432250976562 330.93394470214844 93.29508972167969 330.93394470214844
88.9000244140625 214.1802520751953 191.2771224975586 214.1802520751953 191.2771224975586 332.2909698486328 88.9000244140625 332.2909698486328
80.3582534790039 211.9644775390625 181.15120697021484 211.9644775390625 181.15120697021484 332.56217193603516 80.3582534790039 332.56217193603516
64.6205062866211 210.7540740966797 165.32770538330078 210.7540740966797 165.32770538330078 330.265380859375 64.6205062866211 330.265380859375
48.31400680541992 209.232177734375 151.5382957458496 209.232177734375 151.5382957458496 325.5014419555664 48.31400680541992 325.5014419555664
35.61469650268555 209.06246948242188 137.0532341003418 209.06246948242188 137.0532341003418 323.9949188232422 35.61469650268555 323.9949188232422
23.934368133544922 209.69448852539062 121.94482040405273 209.69448852539062 121.94482040405273 322.8314743041992 23.934368133544922 322.8314743041992
13.475179672241211 203.21372985839844 110.38847160339355 203.21372985839844 110.38847160339355 322.1150817871094 13.475179672241211 322.1150817871094
31.583511352539062 203.70700073242188 125.96503448486328 203.70700073242188 125.96503448486328 318.39756774902344 31.583511352539062 318.39756774902344
42.49981689453125 197.18299865722656 143.6044464111328 197.18299865722656 143.6044464111328 314.13842010498047 42.49981689453125 314.13842010498047
48.54285430908203 191.21817016601562 149.29740142822266 191.21817016601562 149.29740142822266 314.13866424560547 48.54285430908203 314.13866424560547
66.67342376708984 194.6622772216797 167.89789581298828 194.6622772216797 167.89789581298828 317.6055374145508 66.67342376708984 317.6055374145508
81.78544616699219 186.86489868164062 183.13056182861328 186.86489868164062 183.13056182861328 310.50587463378906 81.78544616699219 310.50587463378906
96.2912368774414 197.35745239257812 194.07594299316406 197.35745239257812 194.07594299316406 313.9860382080078 96.2912368774414 313.9860382080078
109.0504379272461 191.8145751953125 208.61705017089844 191.8145751953125 208.61705017089844 308.117919921875 109.0504379272461 308.117919921875
128.6212158203125 190.9609375 225.92625427246094 190.9609375 225.92625427246094 307.60240173339844 128.6212158203125 307.60240173339844
148.4463348388672 190.95443725585938 240.42141723632812 190.95443725585938 240.42141723632812 303.59204864501953 148.4463348388672 303.59204864501953
160.56027221679688 190.11314392089844 253.65789031982422 190.11314392089844 253.65789031982422 302.3701400756836 160.56027221679688 302.3701400756836
178.4878387451172 189.43165588378906 269.5088195800781 189.43165588378906 269.5088195800781 300.5055465698242 178.4878387451172 300.5055465698242
195.1045379638672 188.81124877929688 287.6897430419922 188.81124877929688 287.6897430419922 298.3558654785156 195.1045379638672 298.3558654785156
208.8911590576172 185.63558959960938 300.9679260253906 185.63558959960938 300.9679260253906 293.14186096191406 208.8911590576172 293.14186096191406
229.1570281982422 185.6002197265625 316.4685974121094 185.6002197265625 316.4685974121094 291.1237030029297 229.1570281982422 291.1237030029297
248.8739776611328 182.98898315429688 335.4759216308594 182.98898315429688 335.4759216308594 285.2303924560547 248.8739776611328 285.2303924560547
268.30413818359375 178.76992797851562 353.86456298828125 178.76992797851562 353.86456298828125 277.98656463623047 268.30413818359375 277.98656463623047
284.4554748535156 178.3184356689453 372.8438262939453 178.3184356689453 372.8438262939453 279.4058380126953 284.4554748535156 279.4058380126953
306.84375 173.8436279296875 391.8618392944336 173.8436279296875 391.8618392944336 274.7842483520508 306.84375 274.7842483520508
324.2336730957031 172.51023864746094 411.63523864746094 172.51023864746094 411.63523864746094 274.18174743652344 324.2336730957031 274.18174743652344
346.65283203125 173.42800903320312 432.29227447509766 173.42800903320312 432.29227447509766 272.0854263305664 346.65283203125 272.0854263305664
364.0987854003906 170.7533416748047 450.8378601074219 170.7533416748047 450.8378601074219 269.83031463623047 364.0987854003906 269.83031463623047
376.4635009765625 170.17367553710938 461.21864318847656 170.17367553710938 461.21864318847656 268.639404296875 376.4635009765625 268.639404296875
394.22149658203125 170.48062133789062 481.3382797241211 170.48062133789062 481.3382797241211 266.67222595214844 394.22149658203125 266.67222595214844
413.8971252441406 168.92835998535156 499.7847442626953 168.92835998535156 499.7847442626953 267.79178619384766 413.8971252441406 267.79178619384766
430.69317626953125 165.9058837890625 515.7690048217773 165.9058837890625 515.7690048217773 263.9694366455078 430.69317626953125 263.9694366455078
457.061279296875 163.03184509277344 542.5618209838867 163.03184509277344 542.5618209838867 263.8499450683594 457.061279296875 263.8499450683594
484.55419921875 162.6762237548828 567.3771514892578 162.6762237548828 567.3771514892578 261.8151168823242 484.55419921875 261.8151168823242
502.8888244628906 161.9369659423828 586.7597274780273 161.9369659423828 586.7597274780273 258.99999237060547 502.8888244628906 258.99999237060547
524.2232055664062 160.52066040039062 598.9389572143555 160.52066040039062 598.9389572143555 255.39742279052734 524.2232055664062 255.39742279052734
519.8795166015625 157.8404998779297 596.0608673095703 157.8404998779297 596.0608673095703 253.15338134765625 519.8795166015625 253.15338134765625
514.3374633789062 160.30052185058594 586.5122909545898 160.30052185058594 586.5122909545898 253.1424789428711 514.3374633789062 253.1424789428711
510.6923828125 158.200439453125 575.0382232666016 158.200439453125 575.0382232666016 250.1808090209961 510.6923828125 250.1808090209961
497.13922119140625 157.21261596679688 566.4964599609375 157.21261596679688 566.4964599609375 248.34937286376953 497.13922119140625 248.34937286376953
491.56396484375 153.02658081054688 559.754264831543 153.02658081054688 559.754264831543 246.4986114501953 491.56396484375 246.4986114501953
484.34942626953125 150.99668884277344 551.8767776489258 150.99668884277344 551.8767776489258 247.37754821777344 484.34942626953125 247.37754821777344
479.5006408691406 152.6234893798828 551.5259094238281 152.6234893798828 551.5259094238281 246.0835952758789 479.5006408691406 246.0835952758789
496.35400390625 153.71536254882812 576.3011474609375 153.71536254882812 576.3011474609375 242.99563598632812 496.35400390625 242.99563598632812
515.2781982421875 149.34805297851562 595.1024017333984 149.34805297851562 595.1024017333984 245.47987365722656 515.2781982421875 245.47987365722656
537.259521484375 147.91070556640625 609.7473602294922 147.91070556640625 609.7473602294922 246.1717758178711 537.259521484375 246.1717758178711
555.8341064453125 139.1396484375 626.0315322875977 139.1396484375 626.0315322875977 241.70054626464844 555.8341064453125 241.70054626464844
556.9031982421875 143.5281219482422 621.9930191040039 143.5281219482422 621.9930191040039 245.21551513671875 556.9031982421875 245.21551513671875
546.8301391601562 141.71554565429688 617.6851043701172 141.71554565429688 617.6851043701172 237.7892608642578 546.8301391601562 237.7892608642578
539.1832275390625 141.17431640625 609.9420928955078 141.17431640625 609.9420928955078 237.70184326171875 539.1832275390625 237.70184326171875
535.4202880859375 139.3783416748047 607.7901992797852 139.3783416748047 607.7901992797852 237.31866455078125 535.4202880859375 237.31866455078125
535.0647583007812 139.80960083007812 606.7286529541016 139.80960083007812 606.7286529541016 236.05221557617188 535.0647583007812 236.05221557617188
528.2906494140625 136.9924774169922 599.3835983276367 136.9924774169922 599.3835983276367 233.8876953125 528.2906494140625 233.8876953125
518.62548828125 131.72775268554688 585.4378509521484 131.72775268554688 585.4378509521484 228.87603759765625 518.62548828125 228.87603759765625
518.6389770507812 135.40103149414062 587.8616485595703 135.40103149414062 587.8616485595703 231.0314178466797 518.6389770507812 231.0314178466797
515.3046264648438 132.0395050048828 580.2238845825195 132.0395050048828 580.2238845825195 232.3035659790039 515.3046264648438 232.3035659790039
509.70697021484375 128.26364135742188 573.9997329711914 128.26364135742188 573.9997329711914 228.6900177001953 509.70697021484375 228.6900177001953
506.14959716796875 128.6009063720703 570.247200012207 128.6009063720703 570.247200012207 225.3175506591797 506.14959716796875 225.3175506591797
501.191162109375 132.78582763671875 569.5405197143555 132.78582763671875 569.5405197143555 228.6118927001953 501.191162109375 228.6118927001953
496.8041076660156 131.0851287841797 563.5696258544922 131.0851287841797 563.5696258544922 228.90180206298828 496.8041076660156 228.90180206298828
493.07861328125 135.9467010498047 566.3295440673828 135.9467010498047 566.3295440673828 225.31282806396484 493.07861328125 225.31282806396484
490.4248962402344 131.32432556152344 557.5731658935547 131.32432556152344 557.5731658935547 226.61520385742188 490.4248962402344 226.61520385742188
480.5306701660156 124.345947265625 545.1925735473633 124.345947265625 545.1925735473633 221.37090301513672 480.5306701660156 221.37090301513672
478.3401794433594 135.39279174804688 550.1981353759766 135.39279174804688 550.1981353759766 223.05948638916016 478.3401794433594 223.05948638916016
470.3128356933594 123.28348541259766 535.0670852661133 123.28348541259766 535.0670852661133 220.05156707763672 470.3128356933594 220.05156707763672
463.878173828125 129.2599639892578 534.7086410522461 129.2599639892578 534.7086410522461 218.97975158691406 463.878173828125 218.97975158691406
459.7852478027344 123.85798645019531 523.1986885070801 123.85798645019531 523.1986885070801 219.13636779785156 459.7852478027344 219.13636779785156
456.5811462402344 122.50738525390625 523.3298721313477 122.50738525390625 523.3298721313477 215.45645141601562 456.5811462402344 215.45645141601562
451.766845703125 127.02406311035156 523.1473846435547 127.02406311035156 523.1473846435547 214.10832977294922 451.766845703125 214.10832977294922
454.12860107421875 122.2227554321289 519.2728958129883 122.2227554321289 519.2728958129883 213.5628890991211 454.12860107421875 213.5628890991211
451.27655029296875 125.43678283691406 519.4537963867188 125.43678283691406 519.4537963867188 212.75927734375 451.27655029296875 212.75927734375
445.92205810546875 122.4114990234375 510.4521713256836 122.4114990234375 510.4521713256836 207.4356231689453 445.92205810546875 207.4356231689453
448.7335510253906 125.44139099121094 514.6447525024414 125.44139099121094 514.6447525024414 209.86436462402344 448.7335510253906 209.86436462402344
444.68487548828125 119.72476959228516 506.82543182373047 119.72476959228516 506.82543182373047 209.82262420654297 444.68487548828125 209.82262420654297
439.0271911621094 122.09434509277344 503.93370819091797 122.09434509277344 503.93370819091797 208.51609802246094 439.0271911621094 208.51609802246094
437.0509338378906 117.0826416015625 500.4422302246094 117.0826416015625 500.4422302246094 203.76002502441406 437.0509338378906 203.76002502441406
436.92755126953125 121.2899169921875 505.1689910888672 121.2899169921875 505.1689910888672 205.88501739501953 436.92755126953125 205.88501739501953
460.9495544433594 123.0908432006836 529.9987640380859 123.0908432006836 529.9987640380859 207.33089447021484 460.9495544433594 207.33089447021484
483.01605224609375 122.66502380371094 551.9985198974609 122.66502380371094 551.9985198974609 206.82366180419922 483.01605224609375 206.82366180419922
501.3346252441406 119.21197509765625 570.5180816650391 119.21197509765625 570.5180816650391 203.61580657958984 501.3346252441406 203.61580657958984
522.1317749023438 121.05045318603516 591.4036865234375 121.05045318603516 591.4036865234375 206.0900115966797 522.1317749023438 206.0900115966797
520.9974365234375 114.3391342163086 589.3085708618164 114.3391342163086 589.3085708618164 201.12650299072266 520.9974365234375 201.12650299072266
521.5709228515625 112.0541763305664 584.0157661437988 112.0541763305664 584.0157661437988 201.49308013916016 521.5709228515625 201.49308013916016
515.786865234375 112.03546142578125 580.2972183227539 112.03546142578125 580.2972183227539 201.60440826416016 515.786865234375 201.60440826416016
512.1148071289062 112.5052490234375 574.6326217651367 112.5052490234375 574.6326217651367 202.04624938964844 512.1148071289062 202.04624938964844
506.10400390625 114.51837158203125 573.2647094726562 114.51837158203125 573.2647094726562 199.01651763916016 506.10400390625 199.01651763916016
502.10955810546875 110.79225158691406 562.8295402526855 110.79225158691406 562.8295402526855 198.58623504638672 502.10955810546875 198.58623504638672
492.6438903808594 109.55799865722656 558.9965362548828 109.55799865722656 558.9965362548828 195.44659423828125 492.6438903808594 195.44659423828125
492.47430419921875 108.12236022949219 552.8030166625977 108.12236022949219 552.8030166625977 196.96470642089844 492.47430419921875 196.96470642089844
487.35333251953125 107.16712951660156 548.9490966796875 107.16712951660156 548.9490966796875 194.94034576416016 487.35333251953125 194.94034576416016
481.5879821777344 106.9110336303711 543.7664489746094 106.9110336303711 543.7664489746094 196.50089263916016 481.5879821777344 196.50089263916016
486.1263732910156 110.25910949707031 556.8633041381836 110.25910949707031 556.8633041381836 195.83181762695312 486.1263732910156 195.83181762695312
510.8368225097656 107.9577407836914 581.6219329833984 107.9577407836914 581.6219329833984 194.03192901611328 510.8368225097656 194.03192901611328
539.2322998046875 106.80619812011719 610.2205505371094 106.80619812011719 610.2205505371094 193.41185760498047 539.2322998046875 193.41185760498047
559.8684692382812 102.05680084228516 628.9702453613281 102.05680084228516 628.9702453613281 187.62032318115234 559.8684692382812 187.62032318115234
561.2005615234375 98.82913970947266 628.5499496459961 98.82913970947266 628.5499496459961 184.42142486572266 561.2005615234375 184.42142486572266
563.64404296875 93.91062927246094 625.400707244873 93.91062927246094 625.400707244873 182.00424194335938 563.64404296875 182.00424194335938
559.3623657226562 100.552978515625 625.9269866943359 100.552978515625 625.9269866943359 181.7618179321289 559.3623657226562 181.7618179321289
557.7118530273438 91.60643005371094 616.6195602416992 91.60643005371094 616.6195602416992 183.00323486328125 557.7118530273438 183.00323486328125
553.0082397460938 89.17716217041016 612.4500732421875 89.17716217041016 612.4500732421875 179.83936309814453 553.0082397460938 179.83936309814453
552.5158081054688 96.02180480957031 617.4945449829102 96.02180480957031 617.4945449829102 182.29177856445312 552.5158081054688 182.29177856445312
548.5223388671875 99.32240295410156 614.8334579467773 99.32240295410156 614.8334579467773 180.22196197509766 548.5223388671875 180.22196197509766
550.9332275390625 101.57701110839844 610.2212715148926 101.57701110839844 610.2212715148926 186.90313720703125 550.9332275390625 186.90313720703125
548.4149780273438 93.3063735961914 608.0055770874023 93.3063735961914 608.0055770874023 177.55773162841797 548.4149780273438 177.55773162841797
547.7069091796875 91.72195434570312 604.0993041992188 91.72195434570312 604.0993041992188 177.6069793701172 547.7069091796875 177.6069793701172
537.3307495117188 97.6429672241211 600.4941482543945 97.6429672241211 600.4941482543945 177.9348373413086 537.3307495117188 177.9348373413086
535.1301879882812 97.95222473144531 596.3986701965332 97.95222473144531 596.3986701965332 183.89177703857422 535.1301879882812 183.89177703857422
533.2084350585938 90.5472640991211 589.976448059082 90.5472640991211 589.976448059082 180.68952178955078 533.2084350585938 180.68952178955078
530.9656982421875 89.03462219238281 590.8463439941406 89.03462219238281 590.8463439941406 176.33267211914062 530.9656982421875 176.33267211914062
521.1006469726562 92.44368743896484 587.0824661254883 92.44368743896484 587.0824661254883 172.9415054321289 521.1006469726562 172.9415054321289
522.9924926757812 84.14747619628906 581.7945327758789 84.14747619628906 581.7945327758789 170.8630828857422 522.9924926757812 170.8630828857422
521.2466430664062 82.61006927490234 576.702709197998 82.61006927490234 576.702709197998 168.82495880126953 521.2466430664062 168.82495880126953
516.0978393554688 83.84138488769531 572.0490608215332 83.84138488769531 572.0490608215332 168.70570373535156 516.0978393554688 168.70570373535156
512.8080444335938 81.66777038574219 568.2893753051758 81.66777038574219 568.2893753051758 166.85845947265625 512.8080444335938 166.85845947265625
507.5595703125 82.72529602050781 563.8011894226074 82.72529602050781 563.8011894226074 165.13929748535156 507.5595703125 165.13929748535156
484.0088806152344 80.82108306884766 539.4526252746582 80.82108306884766 539.4526252746582 156.4243927001953 484.0088806152344 156.4243927001953
482.3812561035156 81.68611145019531 539.0394668579102 81.68611145019531 539.0394668579102 155.98894500732422 482.3812561035156 155.98894500732422
479.989990234375 81.8008041381836 536.7450942993164 81.8008041381836 536.7450942993164 154.8190689086914 479.989990234375 154.8190689086914
474.921142578125 82.06427001953125 529.5929679870605 82.06427001953125 529.5929679870605 156.70763397216797 474.921142578125 156.70763397216797
473.6864318847656 80.84818267822266 526.9908142089844 80.84818267822266 526.9908142089844 154.4547119140625 473.6864318847656 154.4547119140625
467.10107421875 79.23023223876953 523.2397689819336 79.23023223876953 523.2397689819336 154.7211151123047 467.10107421875 154.7211151123047
467.70574951171875 79.91058349609375 519.8045234680176 79.91058349609375 519.8045234680176 154.4039077758789 467.70574951171875 154.4039077758789
464.88519287109375 80.72188568115234 516.0251960754395 80.72188568115234 516.0251960754395 155.0081787109375 464.88519287109375 155.0081787109375
462.59906005859375 80.68444061279297 515.7371139526367 80.68444061279297 515.7371139526367 152.0564422607422 462.59906005859375 152.0564422607422
457.7921447753906 81.96432495117188 512.5810317993164 81.96432495117188 512.5810317993164 151.58362579345703 457.7921447753906 151.58362579345703
455.4097595214844 81.25987243652344 507.5916442871094 81.25987243652344 507.5916442871094 149.2662353515625 455.4097595214844 149.2662353515625
451.4751892089844 78.6085205078125 504.3013000488281 78.6085205078125 504.3013000488281 146.938720703125 451.4751892089844 146.938720703125
446.4814453125 79.52264404296875 499.7211112976074 79.52264404296875 499.7211112976074 149.9588851928711 446.4814453125 149.9588851928711
440.58349609375 79.98099517822266 495.9161148071289 79.98099517822266 495.9161148071289 147.8663558959961 440.58349609375 147.8663558959961
437.70550537109375 77.94474029541016 490.3517036437988 77.94474029541016 490.3517036437988 145.66299438476562 437.70550537109375 145.66299438476562
434.2127990722656 76.97804260253906 488.0170211791992 76.97804260253906 488.0170211791992 143.161865234375 434.2127990722656 143.161865234375
430.5310974121094 78.13291931152344 482.5875930786133 78.13291931152344 482.5875930786133 145.12242126464844 430.5310974121094 145.12242126464844
426.0224609375 76.68032836914062 476.09871673583984 76.68032836914062 476.09871673583984 143.7003936767578 426.0224609375 143.7003936767578
421.2415466308594 75.6700668334961 472.9067268371582 75.6700668334961 472.9067268371582 141.99640655517578 421.2415466308594 141.99640655517578
416.45269775390625 71.68949890136719 467.73572540283203 71.68949890136719 467.73572540283203 138.89859008789062 416.45269775390625 138.89859008789062
412.98675537109375 72.5391616821289 464.1772651672363 72.5391616821289 464.1772651672363 138.37904357910156 412.98675537109375 138.37904357910156
411.1015625 70.0262680053711 459.4154586791992 70.0262680053711 459.4154586791992 136.5809326171875 411.1015625 136.5809326171875
406.9925842285156 71.77275848388672 457.1398696899414 71.77275848388672 457.1398696899414 137.9152603149414 406.9925842285156 137.9152603149414
402.8055114746094 69.67893981933594 452.9100227355957 69.67893981933594 452.9100227355957 133.54175186157227 402.8055114746094 133.54175186157227
400.05419921875 68.96682739257812 449.87032318115234 68.96682739257812 449.87032318115234 132.76668548583984 400.05419921875 132.76668548583984
396.6730041503906 69.89629364013672 447.75846099853516 69.89629364013672 447.75846099853516 134.55506896972656 396.6730041503906 134.55506896972656
392.8549499511719 65.84849548339844 444.75414276123047 65.84849548339844 444.75414276123047 131.32648468017578 392.8549499511719 131.32648468017578
389.2220458984375 67.66390228271484 439.9102973937988 67.66390228271484 439.9102973937988 134.06366729736328 389.2220458984375 134.06366729736328
386.57806396484375 65.51911926269531 438.96868896484375 65.51911926269531 438.96868896484375 131.18753814697266 386.57806396484375 131.18753814697266
385.10382080078125 66.54354095458984 437.0691452026367 66.54354095458984 437.0691452026367 132.93219757080078 385.10382080078125 132.93219757080078
384.0992736816406 66.40980529785156 434.6123580932617 66.40980529785156 434.6123580932617 132.444091796875 384.0992736816406 132.444091796875
382.23516845703125 66.3182144165039 432.3497543334961 66.3182144165039 432.3497543334961 130.87438201904297 382.23516845703125 130.87438201904297
379.8197021484375 65.54065704345703 430.64803314208984 65.54065704345703 430.64803314208984 130.60797882080078 379.8197021484375 130.60797882080078
377.8034362792969 68.03114318847656 426.898006439209 68.03114318847656 426.898006439209 131.42088317871094 377.8034362792969 131.42088317871094
371.88189697265625 64.07432556152344 422.09681701660156 64.07432556152344 422.09681701660156 127.35094451904297 371.88189697265625 127.35094451904297
371.96185302734375 64.49668884277344 420.3608283996582 64.49668884277344 420.3608283996582 126.53833770751953 371.96185302734375 126.53833770751953
365.36614990234375 63.76775360107422 415.4704360961914 63.76775360107422 415.4704360961914 125.73087692260742 365.36614990234375 125.73087692260742
367.10162353515625 61.710487365722656 413.8720283508301 61.710487365722656 413.8720283508301 123.28878402709961 367.10162353515625 123.28878402709961
363.19561767578125 62.232215881347656 409.6284065246582 62.232215881347656 409.6284065246582 124.25910949707031 363.19561767578125 124.25910949707031
360.0151062011719 61.21197509765625 407.95499420166016 61.21197509765625 407.95499420166016 122.0438117980957 360.0151062011719 122.0438117980957
358.2516174316406 62.75067901611328 406.3434371948242 62.75067901611328 406.3434371948242 122.53966903686523 358.2516174316406 122.53966903686523
354.9484558105469 60.144935607910156 403.0147705078125 60.144935607910156 403.0147705078125 119.60491943359375 354.9484558105469 119.60491943359375
352.1046142578125 60.40423583984375 400.24738693237305 60.40423583984375 400.24738693237305 119.13839721679688 352.1046142578125 119.13839721679688
350.7251892089844 61.86521530151367 397.5288887023926 61.86521530151367 397.5288887023926 119.7351188659668 350.7251892089844 119.7351188659668
349.35638427734375 62.37495040893555 395.6205368041992 62.37495040893555 395.6205368041992 118.81719970703125 349.35638427734375 118.81719970703125
348.38836669921875 64.63973236083984 394.4259567260742 64.63973236083984 394.4259567260742 120.80557632446289 348.38836669921875 120.80557632446289
342.32464599609375 60.64397430419922 388.25865936279297 60.64397430419922 388.25865936279297 117.9765739440918 342.32464599609375 117.9765739440918
342.2887878417969 60.42012405395508 388.8642578125 60.42012405395508 388.8642578125 117.2421875 342.2887878417969 117.2421875
340.83551025390625 62.53422164916992 387.4166488647461 62.53422164916992 387.4166488647461 119.36320114135742 340.83551025390625 119.36320114135742
340.6606750488281 59.12139892578125 384.50167083740234 59.12139892578125 384.50167083740234 117.48420333862305 340.6606750488281 117.48420333862305
340.1239013671875 58.63569259643555 384.89916229248047 58.63569259643555 384.89916229248047 116.18574905395508 340.1239013671875 116.18574905395508
338.7726135253906 58.98313522338867 382.71014404296875 58.98313522338867 382.71014404296875 116.68479537963867 338.7726135253906 116.68479537963867
337.522216796875 57.45215606689453 379.3291702270508 57.45215606689453 379.3291702270508 114.53933715820312 337.522216796875 114.53933715820312
