524.0 66.0 540.0 66.0 540.0 102.0 524.0 102.0
523.0128173828125 66.87257385253906 538.6724605560303 66.87257385253906 538.6724605560303 102.08946228027344 523.0128173828125 102.08946228027344
523.3757934570312 65.67118835449219 539.325777053833 65.67118835449219 539.325777053833 101.55864715576172 523.3757934570312 101.55864715576172
521.1055908203125 67.31710815429688 536.9724655151367 67.31710815429688 536.9724655151367 101.18241500854492 521.1055908203125 101.18241500854492
520.0525512695312 64.18265533447266 536.3037929534912 64.18265533447266 536.3037929534912 100.7479476928711 520.0525512695312 100.7479476928711
519.4573364257812 64.73316955566406 535.6965656280518 64.73316955566406 535.6965656280518 101.37496566772461 519.4573364257812 101.37496566772461
518.9219970703125 64.69192504882812 534.0224609375 64.69192504882812 534.0224609375 102.38208770751953 518.9219970703125 102.38208770751953
517.1817626953125 65.41541290283203 533.245677947998 65.41541290283203 533.245677947998 102.0946273803711 517.1817626953125 102.0946273803711
516.6017456054688 64.60124969482422 532.6688194274902 64.60124969482422 532.6688194274902 101.3814697265625 516.6017456054688 101.3814697265625
513.8113403320312 66.86532592773438 529.5666732788086 66.86532592773438 529.5666732788086 103.1485481262207 513.8113403320312 103.1485481262207
513.3822021484375 67.53380584716797 528.8533020019531 67.53380584716797 528.8533020019531 102.09936141967773 513.3822021484375 102.09936141967773
513.39208984375 67.14778137207031 528.6805973052979 67.14778137207031 528.6805973052979 102.69503021240234 513.39208984375 102.69503021240234
511.052001953125 65.85386657714844 526.7932863235474 65.85386657714844 526.7932863235474 101.89645004272461 511.052001953125 101.89645004272461
510.97711181640625 67.20050048828125 525.7538499832153 67.20050048828125 525.7538499832153 102.72161102294922 510.97711181640625 102.72161102294922
510.5357360839844 67.17858123779297 525.10671043396 67.17858123779297 525.10671043396 102.91608428955078 510.5357360839844 102.91608428955078
508.23968505859375 65.85820007324219 524.0026092529297 65.85820007324219 524.0026092529297 101.89630126953125 508.23968505859375 101.89630126953125
509.12603759765625 65.93936920166016 523.4024963378906 65.93936920166016 523.4024963378906 101.63039779663086 509.12603759765625 101.63039779663086
507.3707580566406 66.46322631835938 522.1388416290283 66.46322631835938 522.1388416290283 101.25650787353516 507.3707580566406 101.25650787353516
505.822509765625 65.34614562988281 521.1950025558472 65.34614562988281 521.1950025558472 101.66446685791016 505.822509765625 101.66446685791016
504.75201416015625 65.82833862304688 520.4692640304565 65.82833862304688 520.4692640304565 101.43022155761719 504.75201416015625 101.43022155761719
503.4990234375 64.63856506347656 519.5706424713135 64.63856506347656 519.5706424713135 101.02337265014648 503.4990234375 101.02337265014648
504.0843811035156 64.30322265625 519.9969310760498 64.30322265625 519.9969310760498 100.2563362121582 504.0843811035156 100.2563362121582
503.28729248046875 64.26783752441406 519.1226472854614 64.26783752441406 519.1226472854614 100.25556182861328 503.28729248046875 100.25556182861328
502.09393310546875 66.05683135986328 517.6934642791748 66.05683135986328 517.6934642791748 102.02001571655273 502.09393310546875 102.02001571655273
501.91339111328125 65.21580505371094 517.6310014724731 65.21580505371094 517.6310014724731 100.49822616577148 501.91339111328125 100.49822616577148
502.1278381347656 63.982933044433594 517.8701429367065 63.982933044433594 517.8701429367065 99.40311431884766 502.1278381347656 99.40311431884766
500.21533203125 65.55006408691406 515.9905185699463 65.55006408691406 515.9905185699463 100.99970245361328 500.21533203125 100.99970245361328
500.31378173828125 63.84809494018555 516.3112668991089 63.84809494018555 516.3112668991089 99.8424301147461 500.31378173828125 99.8424301147461
498.857177734375 64.45833587646484 514.763786315918 64.45833587646484 514.763786315918 99.83536529541016 498.857177734375 99.83536529541016
498.43939208984375 62.86671829223633 514.5854892730713 62.86671829223633 514.5854892730713 99.19543075561523 498.43939208984375 99.19543075561523
498.61981201171875 63.190635681152344 514.6169099807739 63.190635681152344 514.6169099807739 99.00247955322266 498.61981201171875 99.00247955322266
498.04779052734375 64.3821792602539 513.6353483200073 64.3821792602539 513.6353483200073 100.71137237548828 498.04779052734375 100.71137237548828
497.51776123046875 65.06046295166016 512.8561878204346 65.06046295166016 512.8561878204346 101.27230453491211 497.51776123046875 101.27230453491211
496.6940002441406 64.28231048583984 511.8359498977661 64.28231048583984 511.8359498977661 102.67428588867188 496.6940002441406 102.67428588867188
497.1734313964844 65.54750061035156 511.7695083618164 65.54750061035156 511.7695083618164 100.56443786621094 497.1734313964844 100.56443786621094
496.54205322265625 64.1192626953125 512.3664884567261 64.1192626953125 512.3664884567261 100.5948257446289 496.54205322265625 100.5948257446289
495.9473571777344 65.35224151611328 511.3327121734619 65.35224151611328 511.3327121734619 100.90699005126953 495.9473571777344 100.90699005126953
495.42730712890625 63.8835563659668 511.3327808380127 63.8835563659668 511.3327808380127 100.79748153686523 495.42730712890625 100.79748153686523
494.68585205078125 64.1716537475586 510.65165996551514 64.1716537475586 510.65165996551514 100.1076431274414 494.68585205078125 100.1076431274414
494.0650939941406 64.5519027709961 510.76935958862305 64.5519027709961 510.76935958862305 100.689453125 494.0650939941406 100.689453125
494.6388244628906 65.2984390258789 509.7164764404297 65.2984390258789 509.7164764404297 100.52649688720703 494.6388244628906 100.52649688720703
494.355224609375 64.26498413085938 509.8144426345825 64.26498413085938 509.8144426345825 100.84518051147461 494.355224609375 100.84518051147461
493.3064880371094 65.30044555664062 508.45849895477295 65.30044555664062 508.45849895477295 100.66969680786133 493.3064880371094 100.66969680786133
493.5277404785156 64.5212173461914 509.02674674987793 64.5212173461914 509.02674674987793 100.73705291748047 493.5277404785156 100.73705291748047
493.0157775878906 64.25846862792969 508.09236335754395 64.25846862792969 508.09236335754395 101.06377029418945 493.0157775878906 101.06377029418945
493.34283447265625 63.47550582885742 508.81049823760986 63.47550582885742 508.81049823760986 99.5616340637207 493.34283447265625 99.5616340637207
492.48553466796875 63.58243942260742 507.88944244384766 63.58243942260742 507.88944244384766 99.43729782104492 492.48553466796875 99.43729782104492
491.6289978027344 63.55839920043945 506.76809215545654 63.55839920043945 506.76809215545654 99.4924430847168 491.6289978027344 99.4924430847168
491.8408203125 65.31561279296875 506.60612201690674 65.31561279296875 506.60612201690674 100.6302719116211 491.8408203125 100.6302719116211
491.7872009277344 64.2778549194336 507.10484790802 64.2778549194336 507.10484790802 100.69951629638672 491.7872009277344 100.69951629638672
491.31719970703125 64.87956237792969 505.6903247833252 64.87956237792969 505.6903247833252 100.54195404052734 491.31719970703125 100.54195404052734
491.343994140625 66.27449798583984 505.8106050491333 66.27449798583984 505.8106050491333 100.61851501464844 491.343994140625 100.61851501464844
491.5138244628906 64.5758056640625 506.21788215637207 64.5758056640625 506.21788215637207 100.4442138671875 491.5138244628906 100.4442138671875
491.3111267089844 63.78690719604492 505.8401288986206 63.78690719604492 505.8401288986206 99.96380996704102 491.3111267089844 99.96380996704102
490.89263916015625 64.92591857910156 504.9798860549927 64.92591857910156 504.9798860549927 98.81400299072266 490.89263916015625 98.81400299072266
491.5389709472656 62.78449630737305 506.8837585449219 62.78449630737305 506.8837585449219 97.31023406982422 491.5389709472656 97.31023406982422
490.20208740234375 63.38740921020508 504.98185539245605 63.38740921020508 504.98185539245605 97.44897079467773 490.20208740234375 97.44897079467773
490.28387451171875 62.03959274291992 505.10388469696045 62.03959274291992 505.10388469696045 96.48727798461914 490.28387451171875 96.48727798461914
489.63275146484375 62.620323181152344 505.20969676971436 62.620323181152344 505.20969676971436 97.66841506958008 489.63275146484375 97.66841506958008
489.2044982910156 63.13972091674805 504.1860637664795 63.13972091674805 504.1860637664795 98.74958801269531 489.2044982910156 98.74958801269531
488.04620361328125 63.7460823059082 503.36637687683105 63.7460823059082 503.36637687683105 99.0427360534668 488.04620361328125 99.0427360534668
487.82928466796875 63.008148193359375 502.508207321167 63.008148193359375 502.508207321167 98.26888275146484 487.82928466796875 98.26888275146484
487.388671875 63.59975051879883 503.32573223114014 63.59975051879883 503.32573223114014 98.62843704223633 487.388671875 98.62843704223633
486.5481872558594 63.10155487060547 502.29704761505127 63.10155487060547 502.29704761505127 97.9640884399414 486.5481872558594 97.9640884399414
486.4571838378906 61.37672805786133 502.3310317993164 61.37672805786133 502.3310317993164 97.09285736083984 486.4571838378906 97.09285736083984
486.0675354003906 61.82417678833008 502.02719593048096 61.82417678833008 502.02719593048096 97.73337936401367 486.0675354003906 97.73337936401367
485.6820373535156 61.810935974121094 501.2674789428711 61.810935974121094 501.2674789428711 98.12162017822266 485.6820373535156 98.12162017822266
485.9856872558594 62.24224090576172 501.91934394836426 62.24224090576172 501.91934394836426 98.71848678588867 485.9856872558594 98.71848678588867
485.83197021484375 62.15593719482422 501.41457080841064 62.15593719482422 501.41457080841064 98.20604705810547 485.83197021484375 98.20604705810547
485.15948486328125 63.18285369873047 500.1616611480713 63.18285369873047 500.1616611480713 98.71319580078125 485.15948486328125 98.71319580078125
485.24749755859375 61.97346115112305 500.6709156036377 61.97346115112305 500.6709156036377 97.7100715637207 485.24749755859375 97.7100715637207
486.2640075683594 62.12711715698242 501.8743591308594 62.12711715698242 501.8743591308594 97.2503776550293 486.2640075683594 97.2503776550293
485.8212890625 62.1200065612793 501.1525821685791 62.1200065612793 501.1525821685791 96.61538314819336 485.8212890625 96.61538314819336
483.4010314941406 64.06056213378906 499.2824659347534 64.06056213378906 499.2824659347534 97.46705627441406 483.4010314941406 97.46705627441406
483.6180725097656 61.94038009643555 499.1267213821411 61.94038009643555 499.1267213821411 97.28824234008789 483.6180725097656 97.28824234008789
484.34765625 62.38154220581055 499.8174819946289 62.38154220581055 499.8174819946289 97.75830078125 484.34765625 97.75830078125
483.24658203125 61.84456253051758 498.2974796295166 61.84456253051758 498.2974796295166 96.4726676940918 483.24658203125 96.4726676940918
483.9818420410156 62.120094299316406 499.0964412689209 62.120094299316406 499.0964412689209 96.12791061401367 483.9818420410156 96.12791061401367
483.37799072265625 62.125083923339844 498.55819511413574 62.125083923339844 498.55819511413574 96.28050994873047 483.37799072265625 96.28050994873047
482.9585876464844 61.795310974121094 497.9256544113159 61.795310974121094 497.9256544113159 95.47117614746094 482.9585876464844 95.47117614746094
481.91510009765625 62.43187713623047 496.8478527069092 62.43187713623047 496.8478527069092 96.59260559082031 481.91510009765625 96.59260559082031
482.5735778808594 60.33501052856445 497.684606552124 60.33501052856445 497.684606552124 94.33478546142578 482.5735778808594 94.33478546142578
481.624267578125 62.319053649902344 496.6992931365967 62.319053649902344 496.6992931365967 96.23782348632812 481.624267578125 96.23782348632812
480.92669677734375 62.480064392089844 495.899432182312 62.480064392089844 495.899432182312 95.56807327270508 480.92669677734375 95.56807327270508
480.1930236816406 62.74492263793945 495.3326692581177 62.74492263793945 495.3326692581177 95.49680709838867 480.1930236816406 95.49680709838867
480.413330078125 63.33361053466797 495.2105379104614 63.33361053466797 495.2105379104614 96.15657043457031 480.413330078125 96.15657043457031
480.39959716796875 62.761627197265625 494.88772773742676 62.761627197265625 494.88772773742676 96.85001373291016 480.39959716796875 96.85001373291016
480.2591247558594 62.148162841796875 495.4902467727661 62.148162841796875 495.4902467727661 96.4660873413086 480.2591247558594 96.4660873413086
480.40625 60.436012268066406 495.8429546356201 60.436012268066406 495.8429546356201 95.44212341308594 480.40625 95.44212341308594
478.9737243652344 60.801185607910156 493.96566009521484 60.801185607910156 493.96566009521484 94.59640502929688 478.9737243652344 94.59640502929688
478.54022216796875 60.568580627441406 493.98745918273926 60.568580627441406 493.98745918273926 94.54066467285156 478.54022216796875 94.54066467285156
478.4056091308594 61.084815979003906 494.30421257019043 61.084815979003906 494.30421257019043 96.44065856933594 478.4056091308594 96.44065856933594
478.749755859375 59.49821090698242 493.03093242645264 59.49821090698242 493.03093242645264 96.4419174194336 478.749755859375 96.4419174194336
478.32623291015625 61.14900588989258 492.4260730743408 61.14900588989258 492.4260730743408 95.42626953125 478.32623291015625 95.42626953125
477.7890625 60.10097122192383 491.901104927063 60.10097122192383 491.901104927063 97.89458465576172 477.7890625 97.89458465576172
476.8853454589844 59.878135681152344 492.1675338745117 59.878135681152344 492.1675338745117 95.83414840698242 476.8853454589844 95.83414840698242
477.25518798828125 61.132850646972656 491.62939643859863 61.132850646972656 491.62939643859863 96.78627014160156 477.25518798828125 96.78627014160156
476.1287536621094 61.085243225097656 491.19588470458984 61.085243225097656 491.19588470458984 95.83924102783203 476.1287536621094 95.83924102783203
475.16253662109375 61.033470153808594 489.6435089111328 61.033470153808594 489.6435089111328 94.02969360351562 475.16253662109375 94.02969360351562
475.03009033203125 59.604942321777344 490.6333112716675 59.604942321777344 490.6333112716675 94.71213912963867 475.03009033203125 94.71213912963867
474.9803161621094 59.87109375 490.4726848602295 59.87109375 490.4726848602295 94.72887420654297 474.9803161621094 94.72887420654297
474.65325927734375 59.29133224487305 490.02172565460205 59.29133224487305 490.02172565460205 94.62993240356445 474.65325927734375 94.62993240356445
474.2129821777344 58.653167724609375 489.84240531921387 58.653167724609375 489.84240531921387 94.42625045776367 474.2129821777344 94.42625045776367
474.56158447265625 59.017333984375 488.96901988983154 59.017333984375 488.96901988983154 94.57783508300781 474.56158447265625 94.57783508300781
473.38153076171875 58.9549446105957 488.5132884979248 58.9549446105957 488.5132884979248 94.18114852905273 473.38153076171875 94.18114852905273
473.4071350097656 58.58674240112305 487.72727489471436 58.58674240112305 487.72727489471436 96.21527481079102 473.4071350097656 96.21527481079102
473.29052734375 57.980247497558594 488.72962474823 57.980247497558594 488.72962474823 94.0887451171875 473.29052734375 94.0887451171875
472.94189453125 58.6967658996582 488.6412715911865 58.6967658996582 488.6412715911865 94.02030563354492 472.94189453125 94.02030563354492
472.2870178222656 59.0361442565918 487.40084648132324 59.0361442565918 487.40084648132324 93.5560302734375 472.2870178222656 93.5560302734375
472.35028076171875 57.68561553955078 487.32232189178467 57.68561553955078 487.32232189178467 93.5273208618164 472.35028076171875 93.5273208618164
472.47113037109375 58.20904541015625 487.40919303894043 58.20904541015625 487.40919303894043 93.1269760131836 472.47113037109375 93.1269760131836
472.74383544921875 57.37398147583008 488.04210472106934 57.37398147583008 488.04210472106934 93.13408279418945 472.74383544921875 93.13408279418945
472.6717224121094 57.726890563964844 487.66958141326904 57.726890563964844 487.66958141326904 93.28650283813477 472.6717224121094 93.28650283813477
472.3961486816406 58.45023727416992 487.67865467071533 58.45023727416992 487.67865467071533 93.66505813598633 472.3961486816406 93.66505813598633
472.320068359375 58.11353302001953 487.72176361083984 58.11353302001953 487.72176361083984 93.18241882324219 472.320068359375 93.18241882324219
472.1767578125 57.53236770629883 487.20586585998535 57.53236770629883 487.20586585998535 93.31219100952148 472.1767578125 93.31219100952148
472.1971740722656 56.72785186767578 486.8694763183594 56.72785186767578 486.8694763183594 91.8911361694336 472.1971740722656 91.8911361694336
472.16693115234375 56.723976135253906 487.04736042022705 56.723976135253906 487.04736042022705 92.419677734375 472.16693115234375 92.419677734375
472.10809326171875 57.769073486328125 487.33244132995605 57.769073486328125 487.33244132995605 92.02378845214844 472.10809326171875 92.02378845214844
472.5879821777344 58.064796447753906 487.88194847106934 58.064796447753906 487.88194847106934 92.47615432739258 472.5879821777344 92.47615432739258
472.42205810546875 56.87602615356445 487.5584545135498 56.87602615356445 487.5584545135498 90.9328498840332 472.42205810546875 90.9328498840332
472.2386169433594 56.5301628112793 485.94353199005127 56.5301628112793 485.94353199005127 92.42218780517578 472.2386169433594 92.42218780517578
471.5797424316406 56.34880447387695 485.8342819213867 56.34880447387695 485.8342819213867 92.30334091186523 471.5797424316406 92.30334091186523
471.7071228027344 56.69462966918945 486.91405487060547 56.69462966918945 486.91405487060547 90.91016006469727 471.7071228027344 90.91016006469727
471.34246826171875 57.13596725463867 486.1968870162964 57.13596725463867 486.1968870162964 91.45444107055664 471.34246826171875 91.45444107055664
470.5599060058594 57.17995071411133 485.29963874816895 57.17995071411133 485.29963874816895 92.8199462890625 470.5599060058594 92.8199462890625
470.2685546875 56.74085235595703 485.4811735153198 56.74085235595703 485.4811735153198 92.08256530761719 470.2685546875 92.08256530761719
469.40240478515625 55.789527893066406 484.58385276794434 55.789527893066406 484.58385276794434 90.92294692993164 469.40240478515625 90.92294692993164
469.3824768066406 56.065704345703125 484.50975799560547 56.065704345703125 484.50975799560547 90.45728302001953 469.3824768066406 90.45728302001953
469.2691345214844 54.58551788330078 484.74768829345703 54.58551788330078 484.74768829345703 89.79042053222656 469.2691345214844 89.79042053222656
469.6279296875 55.4235725402832 484.59845447540283 55.4235725402832 484.59845447540283 91.5277214050293 469.6279296875 91.5277214050293
469.87701416015625 56.44770431518555 484.3839740753174 56.44770431518555 484.3839740753174 91.40508651733398 469.87701416015625 91.40508651733398
469.5877380371094 55.335609436035156 483.9098253250122 55.335609436035156 483.9098253250122 92.20779800415039 469.5877380371094 92.20779800415039
469.2698669433594 54.07435989379883 484.0583267211914 54.07435989379883 484.0583267211914 90.61466979980469 469.2698669433594 90.61466979980469
469.1233825683594 55.54486083984375 483.5343141555786 55.54486083984375 483.5343141555786 91.81194305419922 469.1233825683594 91.81194305419922
468.9971618652344 55.00384521484375 483.96960258483887 55.00384521484375 483.96960258483887 90.68758010864258 468.9971618652344 90.68758010864258
468.64471435546875 55.0256233215332 483.6717300415039 55.0256233215332 483.6717300415039 90.66774368286133 468.64471435546875 90.66774368286133
468.3638610839844 54.0887336730957 482.9627513885498 54.0887336730957 482.9627513885498 91.73432540893555 468.3638610839844 91.73432540893555
468.1566467285156 53.7499885559082 484.3813056945801 53.7499885559082 484.3813056945801 90.43659591674805 468.1566467285156 90.43659591674805
468.1092834472656 54.079505920410156 482.80522441864014 54.079505920410156 482.80522441864014 90.43838500976562 468.1092834472656 90.43838500976562
468.4757385253906 53.42858123779297 483.31634044647217 53.42858123779297 483.31634044647217 91.2940788269043 468.4757385253906 91.2940788269043
468.09295654296875 55.098236083984375 482.89089012145996 55.098236083984375 482.89089012145996 91.22946166992188 468.09295654296875 91.22946166992188
467.3681640625 54.38159942626953 482.6881465911865 54.38159942626953 482.6881465911865 91.02388000488281 467.3681640625 91.02388000488281
467.37164306640625 55.556968688964844 482.06152629852295 55.556968688964844 482.06152629852295 90.29397201538086 467.37164306640625 90.29397201538086
466.28472900390625 53.88432693481445 482.00794410705566 53.88432693481445 482.00794410705566 89.70469665527344 466.28472900390625 89.70469665527344
466.05389404296875 54.556488037109375 482.1465263366699 54.556488037109375 482.1465263366699 90.03514862060547 466.05389404296875 90.03514862060547
466.20404052734375 54.6846923828125 482.6051845550537 54.6846923828125 482.6051845550537 89.98055267333984 466.20404052734375 89.98055267333984
466.27447509765625 54.59527587890625 481.62572288513184 54.59527587890625 481.62572288513184 90.87194061279297 466.27447509765625 90.87194061279297
465.8509826660156 55.312156677246094 481.5743007659912 55.312156677246094 481.5743007659912 90.63546752929688 465.8509826660156 90.63546752929688
466.19024658203125 54.20151901245117 481.2795686721802 54.20151901245117 481.2795686721802 90.06304550170898 466.19024658203125 90.06304550170898
466.34014892578125 55.01678466796875 482.0240783691406 55.01678466796875 482.0240783691406 91.06736373901367 466.34014892578125 91.06736373901367
466.21630859375 54.301292419433594 481.2356414794922 54.301292419433594 481.2356414794922 90.04495239257812 466.21630859375 90.04495239257812
466.2770080566406 54.3183708190918 481.85022258758545 54.3183708190918 481.85022258758545 90.45779418945312 466.2770080566406 90.45779418945312
465.809326171875 54.52241897583008 481.4352083206177 54.52241897583008 481.4352083206177 89.81142807006836 465.809326171875 89.81142807006836
465.50457763671875 53.7781982421875 481.646427154541 53.7781982421875 481.646427154541 89.27590942382812 465.50457763671875 89.27590942382812
465.14422607421875 52.99638748168945 481.1837749481201 52.99638748168945 481.1837749481201 89.18902206420898 465.14422607421875 89.18902206420898
465.88421630859375 51.65616989135742 480.9141540527344 51.65616989135742 480.9141540527344 90.06209945678711 465.88421630859375 90.06209945678711
466.2354431152344 52.542091369628906 480.4050998687744 52.542091369628906 480.4050998687744 91.01485443115234 466.2354431152344 91.01485443115234
465.69091796875 54.0947380065918 479.7794361114502 54.0947380065918 479.7794361114502 91.04390335083008 465.69091796875 91.04390335083008
465.0013732910156 52.93255615234375 478.7228116989136 52.93255615234375 478.7228116989136 90.03125762939453 465.0013732910156 90.03125762939453
464.53680419921875 52.40352249145508 477.9970064163208 52.40352249145508 477.9970064163208 89.21062850952148 464.53680419921875 89.21062850952148
463.9432678222656 52.29835891723633 477.757550239563 52.29835891723633 477.757550239563 88.27975845336914 463.9432678222656 88.27975845336914
462.5634765625 53.59440994262695 477.63347816467285 53.59440994262695 477.63347816467285 89.71941757202148 462.5634765625 89.71941757202148
462.34552001953125 52.993385314941406 476.9024534225464 52.993385314941406 476.9024534225464 88.64234924316406 462.34552001953125 88.64234924316406
462.45721435546875 55.65431594848633 477.8406162261963 55.65431594848633 477.8406162261963 90.26690292358398 462.45721435546875 90.26690292358398
462.26336669921875 54.21461868286133 477.83488750457764 54.21461868286133 477.83488750457764 89.2504768371582 462.26336669921875 89.2504768371582
461.6258850097656 53.7533073425293 477.06164741516113 53.7533073425293 477.06164741516113 88.48370742797852 461.6258850097656 88.48370742797852
461.542724609375 53.0433235168457 476.93496227264404 53.0433235168457 476.93496227264404 87.67579650878906 461.542724609375 87.67579650878906
461.24798583984375 53.4372673034668 476.21750926971436 53.4372673034668 476.21750926971436 87.94913482666016 461.24798583984375 87.94913482666016
461.08306884765625 52.91020584106445 475.989538192749 52.91020584106445 475.989538192749 86.90742492675781 461.08306884765625 86.90742492675781
461.2315368652344 55.78680419921875 476.359281539917 55.78680419921875 476.359281539917 89.82417678833008 461.2315368652344 89.82417678833008
460.1570739746094 54.07570266723633 475.1891040802002 54.07570266723633 475.1891040802002 88.83402252197266 460.1570739746094 88.83402252197266
460.36376953125 54.2011604309082 475.27591705322266 54.2011604309082 475.27591705322266 89.52682876586914 460.36376953125 89.52682876586914
459.30902099609375 53.53998947143555 474.6779308319092 53.53998947143555 474.6779308319092 88.1199836730957 459.30902099609375 88.1199836730957
459.06243896484375 53.61090087890625 473.8081388473511 53.61090087890625 473.8081388473511 87.91133117675781 459.06243896484375 87.91133117675781
458.74542236328125 53.88092803955078 473.50767040252686 53.88092803955078 473.50767040252686 87.49980545043945 458.74542236328125 87.49980545043945
458.845947265625 53.59228515625 473.97626972198486 53.59228515625 473.97626972198486 88.23975372314453 458.845947265625 88.23975372314453
458.5499572753906 54.810081481933594 473.72310066223145 54.810081481933594 473.72310066223145 89.06707763671875 458.5499572753906 89.06707763671875
458.3358459472656 53.736000061035156 473.79485511779785 53.736000061035156 473.79485511779785 88.51872253417969 458.3358459472656 88.51872253417969
458.528076171875 54.7752685546875 473.5141353607178 54.7752685546875 473.5141353607178 88.7648696899414 458.528076171875 88.7648696899414
458.00006103515625 53.64955520629883 473.26171588897705 53.64955520629883 473.26171588897705 87.62356948852539 458.00006103515625 87.62356948852539
458.638671875 54.056907653808594 473.95948219299316 54.056907653808594 473.95948219299316 88.68678283691406 458.638671875 88.68678283691406
459.1602478027344 53.983985900878906 474.6117248535156 53.983985900878906 474.6117248535156 88.749755859375 459.1602478027344 88.749755859375
458.84783935546875 54.00626754760742 474.1018295288086 54.00626754760742 474.1018295288086 89.64558792114258 458.84783935546875 89.64558792114258
458.8467712402344 52.36219024658203 474.5167236328125 52.36219024658203 474.5167236328125 87.61952590942383 458.8467712402344 87.61952590942383
458.8631896972656 52.51527786254883 474.5934238433838 52.51527786254883 474.5934238433838 87.90824508666992 458.8631896972656 87.90824508666992
458.4278869628906 51.93242263793945 474.08244800567627 51.93242263793945 474.08244800567627 87.17765808105469 458.4278869628906 87.17765808105469
458.76348876953125 53.235443115234375 474.52953338623047 53.235443115234375 474.52953338623047 88.68888092041016 458.76348876953125 88.68888092041016
458.347412109375 54.0673942565918 473.512300491333 54.0673942565918 473.512300491333 88.92825698852539 458.347412109375 88.92825698852539
458.424072265625 52.904502868652344 474.1303815841675 52.904502868652344 474.1303815841675 88.80167007446289 458.424072265625 88.80167007446289
457.465576171875 51.87592697143555 473.54800605773926 51.87592697143555 473.54800605773926 87.74626541137695 457.465576171875 87.74626541137695
457.3479919433594 51.07433319091797 472.58373737335205 51.07433319091797 472.58373737335205 87.04519653320312 457.3479919433594 87.04519653320312
457.60467529296875 50.614707946777344 474.0638904571533 50.614707946777344 474.0638904571533 86.96218872070312 457.60467529296875 86.96218872070312
458.28375244140625 49.94667053222656 474.6188449859619 49.94667053222656 474.6188449859619 86.70056533813477 458.28375244140625 86.70056533813477
457.41119384765625 51.20770263671875 473.92922019958496 51.20770263671875 473.92922019958496 87.39948272705078 457.41119384765625 87.39948272705078
457.9176330566406 51.43480682373047 474.5027713775635 51.43480682373047 474.5027713775635 87.46371459960938 457.9176330566406 87.46371459960938
458.4766540527344 51.345420837402344 474.53392601013184 51.345420837402344 474.53392601013184 87.0240478515625 458.4766540527344 87.0240478515625
458.47259521484375 52.05055618286133 474.13525199890137 52.05055618286133 474.13525199890137 87.31270217895508 458.47259521484375 87.31270217895508
459.74713134765625 52.012611389160156 475.6843852996826 52.012611389160156 475.6843852996826 87.35786056518555 459.74713134765625 87.35786056518555
459.5181579589844 50.58742141723633 476.0493869781494 50.58742141723633 476.0493869781494 85.6411361694336 459.5181579589844 85.6411361694336
459.90069580078125 51.73046875 475.83568382263184 51.73046875 475.83568382263184 86.2403335571289 459.90069580078125 86.2403335571289
460.4156188964844 52.679710388183594 476.2287902832031 52.679710388183594 476.2287902832031 86.96311569213867 460.4156188964844 86.96311569213867
460.37152099609375 51.96258544921875 476.1350345611572 51.96258544921875 476.1350345611572 86.9023208618164 460.37152099609375 86.9023208618164
460.3365173339844 51.35240936279297 476.144983291626 51.35240936279297 476.144983291626 86.9214096069336 460.3365173339844 86.9214096069336
459.1683654785156 51.615501403808594 475.950138092041 51.615501403808594 475.950138092041 85.4659652709961 459.1683654785156 85.4659652709961
458.64691162109375 51.42647171020508 475.9798641204834 51.42647171020508 475.9798641204834 84.4259033203125 458.64691162109375 84.4259033203125
459.8338317871094 49.8712043762207 476.6645259857178 49.8712043762207 476.6645259857178 87.08841705322266 459.8338317871094 87.08841705322266
458.8970642089844 52.83711624145508 476.1850395202637 52.83711624145508 476.1850395202637 85.68253707885742 458.8970642089844 85.68253707885742
459.25946044921875 52.02606201171875 476.18030738830566 52.02606201171875 476.18030738830566 86.0655632019043 459.25946044921875 86.0655632019043
460.1216735839844 49.67817687988281 476.54056549072266 49.67817687988281 476.54056549072266 86.36909484863281 460.1216735839844 86.36909484863281
459.563720703125 51.94977569580078 476.4252109527588 51.94977569580078 476.4252109527588 85.33658599853516 459.563720703125 85.33658599853516
459.7188415527344 51.34485626220703 475.6753053665161 51.34485626220703 475.6753053665161 85.32794570922852 459.7188415527344 85.32794570922852
460.4507751464844 51.870704650878906 476.362042427063 51.870704650878906 476.362042427063 85.3978271484375 460.4507751464844 85.3978271484375
460.1822204589844 52.308876037597656 476.0636501312256 52.308876037597656 476.0636501312256 85.80968856811523 460.1822204589844 85.80968856811523
460.6304626464844 50.054039001464844 476.42617988586426 50.054039001464844 476.42617988586426 85.59435653686523 460.6304626464844 85.59435653686523
461.17010498046875 50.97313690185547 476.66522216796875 50.97313690185547 476.66522216796875 85.83710098266602 461.17010498046875 85.83710098266602
460.4892578125 50.85660934448242 476.13090991973877 50.85660934448242 476.13090991973877 85.37280654907227 460.4892578125 85.37280654907227
461.2764587402344 51.849151611328125 477.08152770996094 51.849151611328125 477.08152770996094 87.41050338745117 461.2764587402344 87.41050338745117
460.8155822753906 52.45146560668945 476.8213920593262 52.45146560668945 476.8213920593262 87.59280014038086 460.8155822753906 87.59280014038086
460.8128356933594 52.0497932434082 476.60132598876953 52.0497932434082 476.60132598876953 87.05183792114258 460.8128356933594 87.05183792114258
459.47357177734375 52.56914138793945 476.079532623291 52.56914138793945 476.079532623291 85.93755722045898 459.47357177734375 85.93755722045898
459.4200744628906 51.552207946777344 476.87365913391113 51.552207946777344 476.87365913391113 84.86503219604492 459.4200744628906 84.86503219604492
459.9002380371094 49.58881759643555 476.94104385375977 49.58881759643555 476.94104385375977 84.33044815063477 459.9002380371094 84.33044815063477
460.9339294433594 49.973777770996094 477.19131088256836 49.973777770996094 477.19131088256836 85.72430038452148 460.9339294433594 85.72430038452148
461.1697692871094 50.233699798583984 477.05623054504395 50.233699798583984 477.05623054504395 85.97817611694336 461.1697692871094 85.97817611694336
460.6836853027344 52.0020866394043 476.9867763519287 52.0020866394043 476.9867763519287 85.83709716796875 460.6836853027344 85.83709716796875
459.7734375 51.360694885253906 476.7608833312988 51.360694885253906 476.7608833312988 83.65752410888672 459.7734375 83.65752410888672
460.88275146484375 51.47715377807617 477.5547676086426 51.47715377807617 477.5547676086426 85.53944396972656 460.88275146484375 85.53944396972656
460.7684631347656 50.03935623168945 476.819486618042 50.03935623168945 476.819486618042 85.62289047241211 460.7684631347656 85.62289047241211
460.3802185058594 51.20905685424805 476.6094970703125 51.20905685424805 476.6094970703125 85.15512466430664 460.3802185058594 85.15512466430664
461.71539306640625 50.40558624267578 477.55162620544434 50.40558624267578 477.55162620544434 86.03705596923828 461.71539306640625 86.03705596923828
461.08538818359375 50.88880157470703 477.0268497467041 50.88880157470703 477.0268497467041 84.7833366394043 461.08538818359375 84.7833366394043
461.81683349609375 48.67170333862305 477.5566682815552 48.67170333862305 477.5566682815552 84.08627700805664 461.81683349609375 84.08627700805664
460.0475158691406 51.5371208190918 476.96045684814453 51.5371208190918 476.96045684814453 82.55560302734375 460.0475158691406 82.55560302734375
460.71826171875 52.320953369140625 476.6476716995239 52.320953369140625 476.6476716995239 84.18568801879883 460.71826171875 84.18568801879883
460.74224853515625 52.62574005126953 476.7083511352539 52.62574005126953 476.7083511352539 85.48309707641602 460.74224853515625 85.48309707641602
461.138916015625 51.28076171875 476.541880607605 51.28076171875 476.541880607605 85.9373779296875 461.138916015625 85.9373779296875
461.2640075683594 50.224647521972656 476.8595943450928 50.224647521972656 476.8595943450928 85.31466293334961 461.2640075683594 85.31466293334961
460.20477294921875 50.006168365478516 476.0205707550049 50.006168365478516 476.0205707550049 83.4137077331543 460.20477294921875 83.4137077331543
461.17755126953125 49.576744079589844 476.35454082489014 49.576744079589844 476.35454082489014 83.72491836547852 461.17755126953125 83.72491836547852
461.32012939453125 49.23713684082031 476.75427532196045 49.23713684082031 476.75427532196045 83.96390533447266 461.32012939453125 83.96390533447266
461.37603759765625 50.14196014404297 476.63945960998535 50.14196014404297 476.63945960998535 84.48460388183594 461.37603759765625 84.48460388183594
460.7623596191406 50.509368896484375 476.5089416503906 50.509368896484375 476.5089416503906 85.31551742553711 460.7623596191406 85.31551742553711
460.3424377441406 50.06610870361328 476.6470699310303 50.06610870361328 476.6470699310303 84.84396743774414 460.3424377441406 84.84396743774414
461.2022399902344 49.413475036621094 476.832857131958 49.413475036621094 476.832857131958 84.58230590820312 461.2022399902344 84.58230590820312
460.51507568359375 49.714073181152344 476.63219833374023 49.714073181152344 476.63219833374023 83.86745071411133 460.51507568359375 83.86745071411133
460.01934814453125 51.26885223388672 476.7095184326172 51.26885223388672 476.7095184326172 84.41475677490234 460.01934814453125 84.41475677490234
461.0716857910156 50.316688537597656 477.4232177734375 50.316688537597656 477.4232177734375 84.52229690551758 461.0716857910156 84.52229690551758
460.45794677734375 50.945030212402344 477.2018184661865 50.945030212402344 477.2018184661865 84.76350402832031 460.45794677734375 84.76350402832031
460.07476806640625 49.743865966796875 476.84304428100586 49.743865966796875 476.84304428100586 83.35676956176758 460.07476806640625 83.35676956176758
459.70770263671875 50.50648498535156 476.0821876525879 50.50648498535156 476.0821876525879 82.74047470092773 459.70770263671875 82.74047470092773
460.05560302734375 50.4320068359375 476.5252685546875 50.4320068359375 476.5252685546875 83.85953521728516 460.05560302734375 83.85953521728516
460.41705322265625 50.26279830932617 476.2688093185425 50.26279830932617 476.2688093185425 84.19510269165039 460.41705322265625 84.19510269165039
460.41485595703125 51.07617950439453 476.91204261779785 51.07617950439453 476.91204261779785 86.05860900878906 460.41485595703125 86.05860900878906
460.2330017089844 51.00542068481445 476.4138526916504 51.00542068481445 476.4138526916504 85.31892395019531 460.2330017089844 85.31892395019531
459.80694580078125 49.08319854736328 476.6579780578613 49.08319854736328 476.6579780578613 84.38664245605469 459.80694580078125 84.38664245605469
459.37567138671875 48.43973922729492 476.1497325897217 48.43973922729492 476.1497325897217 83.00409317016602 459.37567138671875 83.00409317016602
459.23687744140625 49.397132873535156 475.7693576812744 49.397132873535156 475.7693576812744 82.31711196899414 459.23687744140625 82.31711196899414
459.06793212890625 48.8491096496582 475.4710884094238 48.8491096496582 475.4710884094238 82.39815139770508 459.06793212890625 82.39815139770508
460.2035217285156 48.914703369140625 476.33578872680664 48.914703369140625 476.33578872680664 83.77924346923828 460.2035217285156 83.77924346923828
458.935302734375 50.88563537597656 475.22748947143555 50.88563537597656 475.22748947143555 82.96393966674805 458.935302734375 82.96393966674805
459.36358642578125 50.0910530090332 474.8699827194214 50.0910530090332 474.8699827194214 83.16547393798828 459.36358642578125 83.16547393798828
459.210693359375 48.796958923339844 475.18095684051514 48.796958923339844 475.18095684051514 83.17855834960938 459.210693359375 83.17855834960938
459.68841552734375 48.39195251464844 475.6224842071533 48.39195251464844 475.6224842071533 83.68363952636719 459.68841552734375 83.68363952636719
459.68817138671875 48.8254508972168 475.99005699157715 48.8254508972168 475.99005699157715 82.98957443237305 459.68817138671875 82.98957443237305
459.7144470214844 47.019412994384766 475.7479057312012 47.019412994384766 475.7479057312012 82.46951675415039 459.7144470214844 82.46951675415039
458.5992126464844 48.37519454956055 474.4160690307617 48.37519454956055 474.4160690307617 82.27008056640625 458.5992126464844 82.27008056640625
458.5049743652344 48.76348114013672 474.99711990356445 48.76348114013672 474.99711990356445 81.219482421875 458.5049743652344 81.219482421875
458.570556640625 48.954952239990234 475.1520881652832 48.954952239990234 475.1520881652832 81.02178573608398 458.570556640625 81.02178573608398
457.95562744140625 48.45035934448242 474.6044273376465 48.45035934448242 474.6044273376465 81.93687057495117 457.95562744140625 81.93687057495117
458.2596130371094 48.487098693847656 474.3215217590332 48.487098693847656 474.3215217590332 83.00506973266602 458.2596130371094 83.00506973266602
457.3614807128906 49.88739776611328 473.9208126068115 49.88739776611328 473.9208126068115 82.59239196777344 457.3614807128906 82.59239196777344
457.2306213378906 49.35924530029297 473.4887466430664 49.35924530029297 473.4887466430664 82.83554077148438 457.2306213378906 82.83554077148438
456.4651794433594 47.183921813964844 473.37668800354004 47.183921813964844 473.37668800354004 80.97114562988281 456.4651794433594 80.97114562988281
456.3701171875 48.61320877075195 472.8523769378662 48.61320877075195 472.8523769378662 81.92736434936523 456.3701171875 81.92736434936523
456.1053771972656 48.863609313964844 472.6646022796631 48.863609313964844 472.6646022796631 80.51718521118164 456.1053771972656 80.51718521118164
456.5103454589844 49.18439483642578 472.81145095825195 49.18439483642578 472.81145095825195 81.27250671386719 456.5103454589844 81.27250671386719
455.76019287109375 48.80730438232422 472.21179389953613 48.80730438232422 472.21179389953613 81.79595947265625 455.76019287109375 81.79595947265625
455.7351989746094 49.63336181640625 472.5288429260254 49.63336181640625 472.5288429260254 81.71358489990234 455.7351989746094 81.71358489990234
455.3387756347656 49.80611801147461 471.7739086151123 49.80611801147461 471.7739086151123 82.33031845092773 455.3387756347656 82.33031845092773
456.0205993652344 49.234901428222656 471.64192962646484 49.234901428222656 471.64192962646484 81.4947280883789 456.0205993652344 81.4947280883789
455.81365966796875 49.595359802246094 472.27606201171875 49.595359802246094 472.27606201171875 80.7457160949707 455.81365966796875 80.7457160949707
455.858642578125 49.8707160949707 472.0909595489502 49.8707160949707 472.0909595489502 81.91723251342773 455.858642578125 81.91723251342773
455.5576171875 49.85036849975586 472.20680809020996 49.85036849975586 472.20680809020996 81.79730987548828 455.5576171875 81.79730987548828
455.80523681640625 49.306678771972656 472.44406509399414 49.306678771972656 472.44406509399414 81.5373306274414 455.80523681640625 81.5373306274414
455.26666259765625 49.10448455810547 471.5565528869629 49.10448455810547 471.5565528869629 81.82777404785156 455.26666259765625 81.82777404785156
454.8373107910156 48.517433166503906 471.465669631958 48.517433166503906 471.465669631958 80.37727737426758 454.8373107910156 80.37727737426758
456.63421630859375 47.02309036254883 472.2623338699341 47.02309036254883 472.2623338699341 82.18632125854492 456.63421630859375 82.18632125854492
455.078369140625 49.659507751464844 471.7068843841553 49.659507751464844 471.7068843841553 81.55311393737793 455.078369140625 81.55311393737793
454.68072509765625 48.918670654296875 470.96238708496094 48.918670654296875 470.96238708496094 81.47994995117188 454.68072509765625 81.47994995117188
456.1043395996094 48.566261291503906 471.4988145828247 48.566261291503906 471.4988145828247 83.20379257202148 456.1043395996094 83.20379257202148
454.4585876464844 49.86252975463867 470.17828941345215 49.86252975463867 470.17828941345215 81.8469009399414 454.4585876464844 81.8469009399414
455.2568359375 46.15345001220703 470.98600006103516 46.15345001220703 470.98600006103516 81.54402923583984 455.2568359375 81.54402923583984
454.7596130371094 45.40070343017578 470.6237106323242 45.40070343017578 470.6237106323242 81.09487915039062 454.7596130371094 81.09487915039062
454.06671142578125 47.74457931518555 470.102970123291 47.74457931518555 470.102970123291 82.54461288452148 454.06671142578125 82.54461288452148
454.1524353027344 47.26372528076172 470.24223709106445 47.26372528076172 470.24223709106445 82.41334533691406 454.1524353027344 82.41334533691406
453.1475524902344 47.10409164428711 470.0073661804199 47.10409164428711 470.0073661804199 82.16811752319336 453.1475524902344 82.16811752319336
452.1641540527344 48.180816650390625 469.4572048187256 48.180816650390625 469.4572048187256 81.06877899169922 452.1641540527344 81.06877899169922
452.103271484375 48.86009979248047 468.48255920410156 48.86009979248047 468.48255920410156 81.11795043945312 452.103271484375 81.11795043945312
451.8849182128906 48.21731185913086 468.39213943481445 48.21731185913086 468.39213943481445 81.40943908691406 451.8849182128906 81.40943908691406
452.63494873046875 45.9511604309082 469.1666088104248 45.9511604309082 469.1666088104248 80.60794067382812 452.63494873046875 80.60794067382812
453.3509826660156 43.5239143371582 469.53159523010254 43.5239143371582 469.53159523010254 79.93023300170898 453.3509826660156 79.93023300170898
451.56378173828125 45.55646896362305 468.8485336303711 45.55646896362305 468.8485336303711 80.00075912475586 451.56378173828125 80.00075912475586
452.3687438964844 44.47521209716797 469.04437828063965 44.47521209716797 469.04437828063965 79.84746551513672 452.3687438964844 79.84746551513672
452.3453063964844 45.38756561279297 468.8855667114258 45.38756561279297 468.8855667114258 82.60308837890625 452.3453063964844 82.60308837890625
451.64019775390625 45.84211349487305 468.5619773864746 45.84211349487305 468.5619773864746 80.60222244262695 451.64019775390625 80.60222244262695
451.8377990722656 44.80137634277344 468.63336753845215 44.80137634277344 468.63336753845215 82.59133911132812 451.8377990722656 82.59133911132812
449.79791259765625 45.87153625488281 466.60608100891113 45.87153625488281 466.60608100891113 80.86216354370117 449.79791259765625 80.86216354370117
449.2542419433594 46.67524337768555 466.50717544555664 46.67524337768555 466.50717544555664 81.5689582824707 449.2542419433594 81.5689582824707
449.681884765625 44.45560836791992 466.70801162719727 44.45560836791992 466.70801162719727 82.76432418823242 449.681884765625 82.76432418823242
449.4879455566406 44.526790618896484 466.68358993530273 44.526790618896484 466.68358993530273 83.21692276000977 449.4879455566406 83.21692276000977
446.69775390625 43.88117218017578 464.6255741119385 43.88117218017578 464.6255741119385 80.43364334106445 446.69775390625 80.43364334106445
446.28985595703125 45.57838821411133 464.20723152160645 45.57838821411133 464.20723152160645 81.28475570678711 446.28985595703125 81.28475570678711
446.17913818359375 43.933441162109375 464.6274604797363 43.933441162109375 464.6274604797363 81.04872131347656 446.17913818359375 81.04872131347656
446.6236877441406 45.1560173034668 463.9360103607178 45.1560173034668 463.9360103607178 80.85427856445312 446.6236877441406 80.85427856445312
445.70556640625 45.973106384277344 463.5572032928467 45.973106384277344 463.5572032928467 80.02671813964844 445.70556640625 80.02671813964844
445.651611328125 45.5525016784668 462.60888671875 45.5525016784668 462.60888671875 81.01665496826172 445.651611328125 81.01665496826172
445.34295654296875 47.86161422729492 462.17675399780273 47.86161422729492 462.17675399780273 80.14320755004883 445.34295654296875 80.14320755004883
445.5015563964844 47.088890075683594 462.08093643188477 47.088890075683594 462.08093643188477 80.11925506591797 445.5015563964844 80.11925506591797
445.1031188964844 47.486289978027344 460.7713623046875 47.486289978027344 460.7713623046875 79.32191276550293 445.1031188964844 79.32191276550293
445.00897216796875 46.92139434814453 459.92674446105957 46.92139434814453 459.92674446105957 78.76213455200195 445.00897216796875 78.76213455200195
444.7906799316406 47.60221481323242 460.04364585876465 47.60221481323242 460.04364585876465 78.65812301635742 444.7906799316406 78.65812301635742
443.27801513671875 46.62528991699219 458.9472122192383 46.62528991699219 458.9472122192383 80.06482315063477 443.27801513671875 80.06482315063477
443.2919006347656 46.73871612548828 458.9617614746094 46.73871612548828 458.9617614746094 78.83161163330078 443.2919006347656 78.83161163330078
442.87127685546875 48.94487380981445 459.2108573913574 48.94487380981445 459.2108573913574 79.69312477111816 442.87127685546875 79.69312477111816
442.048583984375 49.28211212158203 458.02233123779297 49.28211212158203 458.02233123779297 80.49279403686523 442.048583984375 80.49279403686523
440.8740234375 48.76270294189453 456.98701667785645 48.76270294189453 456.98701667785645 80.34880256652832 440.8740234375 80.34880256652832
440.35272216796875 48.4053955078125 455.97222423553467 48.4053955078125 455.97222423553467 80.49735641479492 440.35272216796875 80.49735641479492
440.46185302734375 46.87869644165039 456.358491897583 46.87869644165039 456.358491897583 80.44963073730469 440.46185302734375 80.44963073730469
439.43634033203125 48.666969299316406 455.3058090209961 48.666969299316406 455.3058090209961 80.57253646850586 439.43634033203125 80.57253646850586
438.8180236816406 47.95514678955078 454.632568359375 47.95514678955078 454.632568359375 79.1102180480957 438.8180236816406 79.1102180480957
438.10614013671875 47.439552307128906 454.0599117279053 47.439552307128906 454.0599117279053 78.70364761352539 438.10614013671875 78.70364761352539
438.4129333496094 48.592525482177734 453.1312198638916 48.592525482177734 453.1312198638916 79.00691413879395 438.4129333496094 79.00691413879395
438.15338134765625 49.02637481689453 453.27161979675293 49.02637481689453 453.27161979675293 78.60821723937988 438.15338134765625 78.60821723937988
437.7093200683594 50.48857116699219 452.807336807251 50.48857116699219 452.807336807251 79.73808670043945 437.7093200683594 79.73808670043945
436.85418701171875 48.625892639160156 451.3909969329834 48.625892639160156 451.3909969329834 80.12976264953613 436.85418701171875 80.12976264953613
436.52789306640625 47.64344787597656 451.1980257034302 47.64344787597656 451.1980257034302 79.62335205078125 436.52789306640625 79.62335205078125
434.753662109375 50.522682189941406 448.8776340484619 50.522682189941406 448.8776340484619 77.90645980834961 434.753662109375 77.90645980834961
432.8800354003906 47.02312469482422 447.00176525115967 47.02312469482422 447.00176525115967 78.94366264343262 432.8800354003906 78.94366264343262
432.05877685546875 47.68780517578125 446.6411895751953 47.68780517578125 446.6411895751953 79.95753860473633 432.05877685546875 79.95753860473633
431.37322998046875 47.3950080871582 445.8727159500122 47.3950080871582 445.8727159500122 80.69580459594727 431.37322998046875 80.69580459594727
429.9224548339844 45.627403259277344 445.11573791503906 45.627403259277344 445.11573791503906 79.54482650756836 429.9224548339844 79.54482650756836
430.80712890625 45.66211700439453 445.3399934768677 45.66211700439453 445.3399934768677 78.97676849365234 430.80712890625 78.97676849365234
429.4189453125 46.703548431396484 443.2730197906494 46.703548431396484 443.2730197906494 80.7114486694336 429.4189453125 80.7114486694336
429.61041259765625 47.33837890625 443.75769805908203 47.33837890625 443.75769805908203 80.62860870361328 429.61041259765625 80.62860870361328
429.7044372558594 47.34054946899414 444.3134288787842 47.34054946899414 444.3134288787842 80.21072006225586 429.7044372558594 80.21072006225586
428.8392639160156 46.11041259765625 442.055871963501 46.11041259765625 442.055871963501 78.980712890625 428.8392639160156 78.980712890625
427.2369079589844 46.35417556762695 440.37882709503174 46.35417556762695 440.37882709503174 79.41056442260742 427.2369079589844 79.41056442260742
426.47015380859375 45.407840728759766 440.41050243377686 45.407840728759766 440.41050243377686 77.90731048583984 426.47015380859375 77.90731048583984
425.682373046875 45.78569793701172 439.8217372894287 45.78569793701172 439.8217372894287 78.3018798828125 425.682373046875 78.3018798828125
425.62335205078125 44.64923095703125 439.8415222167969 44.64923095703125 439.8415222167969 77.74843215942383 425.62335205078125 77.74843215942383
424.242919921875 45.11381149291992 438.68175506591797 45.11381149291992 438.68175506591797 77.77672958374023 424.242919921875 77.77672958374023
424.13446044921875 47.523895263671875 437.96561908721924 47.523895263671875 437.96561908721924 79.02144813537598 424.13446044921875 79.02144813537598
423.4859924316406 46.778419494628906 437.23649311065674 46.778419494628906 437.23649311065674 76.95466232299805 423.4859924316406 76.95466232299805
422.88702392578125 45.187721252441406 437.0481815338135 45.187721252441406 437.0481815338135 76.72831535339355 422.88702392578125 76.72831535339355
421.9335021972656 46.59790802001953 436.59302520751953 46.59790802001953 436.59302520751953 77.0790786743164 421.9335021972656 77.0790786743164
421.655517578125 47.189544677734375 435.77647972106934 47.189544677734375 435.77647972106934 78.44631385803223 421.655517578125 78.44631385803223
421.47802734375 45.74993133544922 435.7449903488159 45.74993133544922 435.7449903488159 79.39936447143555 421.47802734375 79.39936447143555
420.54052734375 46.0136604309082 435.90930366516113 46.0136604309082 435.90930366516113 79.0768814086914 420.54052734375 79.0768814086914
421.0040588378906 47.8356819152832 435.37865447998047 47.8356819152832 435.37865447998047 80.07098388671875 421.0040588378906 80.07098388671875
420.3334045410156 45.411766052246094 435.92436504364014 45.411766052246094 435.92436504364014 79.22098922729492 420.3334045410156 79.22098922729492
419.5999450683594 45.697792053222656 434.66723442077637 45.697792053222656 434.66723442077637 78.01475524902344 419.5999450683594 78.01475524902344
418.89190673828125 45.341896057128906 435.2018795013428 45.341896057128906 435.2018795013428 78.66663360595703 418.89190673828125 78.66663360595703
418.8401794433594 46.3555793762207 434.8738498687744 46.3555793762207 434.8738498687744 79.17340469360352 418.8401794433594 79.17340469360352
418.48724365234375 46.76537322998047 434.2573194503784 46.76537322998047 434.2573194503784 79.44575500488281 418.48724365234375 79.44575500488281
418.00262451171875 46.8432502746582 433.3808927536011 46.8432502746582 433.3808927536011 79.14901733398438 418.00262451171875 79.14901733398438
418.011962890625 46.92055130004883 433.3277339935303 46.92055130004883 433.3277339935303 79.61042404174805 418.011962890625 79.61042404174805
417.0126953125 46.9837532043457 432.7247676849365 46.9837532043457 432.7247676849365 79.46819305419922 417.0126953125 79.46819305419922
416.89373779296875 46.627479553222656 433.02008056640625 46.627479553222656 433.02008056640625 79.94245147705078 416.89373779296875 79.94245147705078
417.3030700683594 46.92028045654297 432.31620502471924 46.92028045654297 432.31620502471924 78.93757247924805 417.3030700683594 78.93757247924805
417.62066650390625 46.59244155883789 434.0678310394287 46.59244155883789 434.0678310394287 79.51195907592773 417.62066650390625 79.51195907592773
416.6705017089844 45.83600997924805 432.2050504684448 45.83600997924805 432.2050504684448 78.11375045776367 416.6705017089844 78.11375045776367
416.8228454589844 45.043739318847656 432.4027500152588 45.043739318847656 432.4027500152588 78.5304069519043 416.8228454589844 78.5304069519043
416.7701721191406 45.65802001953125 432.0311689376831 45.65802001953125 432.0311689376831 79.1682357788086 416.7701721191406 79.1682357788086
416.0640563964844 44.677879333496094 431.40850353240967 44.677879333496094 431.40850353240967 78.17869567871094 416.0640563964844 78.17869567871094
416.6065368652344 45.07735824584961 431.5686550140381 45.07735824584961 431.5686550140381 78.98955535888672 416.6065368652344 78.98955535888672
416.6371154785156 45.836952209472656 431.10402488708496 45.836952209472656 431.10402488708496 78.73526000976562 416.6371154785156 78.73526000976562
416.38201904296875 45.41779708862305 431.1731233596802 45.41779708862305 431.1731233596802 78.97309494018555 416.38201904296875 78.97309494018555
415.5957946777344 44.341373443603516 432.04868507385254 44.341373443603516 432.04868507385254 76.91043090820312 415.5957946777344 76.91043090820312
416.65277099609375 45.324256896972656 431.86839294433594 45.324256896972656 431.86839294433594 77.46753311157227 416.65277099609375 77.46753311157227
415.6536560058594 45.8166618347168 432.3772163391113 45.8166618347168 432.3772163391113 78.61398696899414 415.6536560058594 78.61398696899414
415.89984130859375 45.67683029174805 431.8031997680664 45.67683029174805 431.8031997680664 77.80473709106445 415.89984130859375 77.80473709106445
415.267333984375 45.0673828125 431.2592468261719 45.0673828125 431.2592468261719 77.65470504760742 415.267333984375 77.65470504760742
413.74749755859375 44.48645782470703 430.8737983703613 44.48645782470703 430.8737983703613 77.91221618652344 413.74749755859375 77.91221618652344
414.10662841796875 45.12571716308594 429.8936824798584 45.12571716308594 429.8936824798584 78.47858810424805 414.10662841796875 78.47858810424805
413.49835205078125 45.00926971435547 430.30076599121094 45.00926971435547 430.30076599121094 77.84899139404297 413.49835205078125 77.84899139404297
414.11187744140625 45.588035583496094 429.7491788864136 45.588035583496094 429.7491788864136 78.70993041992188 414.11187744140625 78.70993041992188
412.89642333984375 45.83272933959961 429.61440086364746 45.83272933959961 429.61440086364746 77.1313247680664 412.89642333984375 77.1313247680664
412.57672119140625 44.438636779785156 429.1041145324707 44.438636779785156 429.1041145324707 78.27183532714844 412.57672119140625 78.27183532714844
412.47955322265625 43.95117950439453 429.36677742004395 43.95117950439453 429.36677742004395 77.5316276550293 412.47955322265625 77.5316276550293
412.662109375 45.56193161010742 430.0373249053955 45.56193161010742 430.0373249053955 78.36564636230469 412.662109375 78.36564636230469
411.974853515625 43.10843276977539 429.74679946899414 43.10843276977539 429.74679946899414 77.70544052124023 411.974853515625 77.70544052124023
412.5494079589844 44.53875732421875 429.58152198791504 44.53875732421875 429.58152198791504 78.73261260986328 412.5494079589844 78.73261260986328
412.0086975097656 44.449798583984375 428.9616165161133 44.449798583984375 428.9616165161133 78.20928955078125 412.0086975097656 78.20928955078125
412.12298583984375 44.68697738647461 428.8117485046387 44.68697738647461 428.8117485046387 77.71806335449219 412.12298583984375 77.71806335449219
412.71636962890625 45.57886505126953 429.25183486938477 45.57886505126953 429.25183486938477 78.51630783081055 412.71636962890625 78.51630783081055
412.2660217285156 44.28563690185547 428.1718235015869 44.28563690185547 428.1718235015869 78.00792694091797 412.2660217285156 78.00792694091797
411.46856689453125 44.439666748046875 428.27833557128906 44.439666748046875 428.27833557128906 78.41997528076172 411.46856689453125 78.41997528076172
412.1065979003906 43.84600830078125 428.1126365661621 43.84600830078125 428.1126365661621 77.42919158935547 412.1065979003906 77.42919158935547
411.85601806640625 46.0301513671875 428.3292350769043 46.0301513671875 428.3292350769043 78.24743270874023 411.85601806640625 78.24743270874023
411.168212890625 43.5986213684082 427.83267974853516 43.5986213684082 427.83267974853516 78.18892669677734 411.168212890625 78.18892669677734
411.36700439453125 44.13418197631836 427.60861587524414 44.13418197631836 427.60861587524414 79.13208770751953 411.36700439453125 79.13208770751953
410.0455017089844 44.209651947021484 426.6207160949707 44.209651947021484 426.6207160949707 77.60372161865234 410.0455017089844 77.60372161865234
410.76788330078125 44.16302490234375 427.5264949798584 44.16302490234375 427.5264949798584 78.45142364501953 410.76788330078125 78.45142364501953
410.2017517089844 44.79262161254883 426.75363540649414 44.79262161254883 426.75363540649414 78.37798309326172 410.2017517089844 78.37798309326172
410.29718017578125 43.66096878051758 427.3213863372803 43.66096878051758 427.3213863372803 78.9493408203125 410.29718017578125 78.9493408203125
409.8050842285156 44.09282684326172 426.999116897583 44.09282684326172 426.999116897583 78.186767578125 409.8050842285156 78.186767578125
408.91693115234375 43.57696533203125 426.39828872680664 43.57696533203125 426.39828872680664 78.54985809326172 408.91693115234375 78.54985809326172
409.9042053222656 44.31623458862305 427.31750869750977 44.31623458862305 427.31750869750977 78.58426284790039 409.9042053222656 78.58426284790039
409.2332458496094 44.2430419921875 426.49441146850586 44.2430419921875 426.49441146850586 78.43775177001953 409.2332458496094 78.43775177001953
409.5954895019531 44.491859436035156 427.1768856048584 44.491859436035156 427.1768856048584 77.415283203125 409.5954895019531 77.415283203125
409.700439453125 44.276947021484375 427.1715831756592 44.276947021484375 427.1715831756592 77.17444610595703 409.700439453125 77.17444610595703
409.49700927734375 43.93775177001953 426.3220272064209 43.93775177001953 426.3220272064209 78.31781005859375 409.49700927734375 78.31781005859375
408.71600341796875 43.16245651245117 425.3718852996826 43.16245651245117 425.3718852996826 76.99751663208008 408.71600341796875 76.99751663208008
408.888427734375 43.247283935546875 426.168758392334 43.247283935546875 426.168758392334 77.87385559082031 408.888427734375 77.87385559082031
409.1648864746094 42.25798797607422 426.371057510376 42.25798797607422 426.371057510376 76.83774948120117 409.1648864746094 76.83774948120117
408.72723388671875 44.85303497314453 425.57682037353516 44.85303497314453 425.57682037353516 77.40493774414062 408.72723388671875 77.40493774414062
408.03509521484375 43.68376922607422 425.9106502532959 43.68376922607422 425.9106502532959 77.73817443847656 408.03509521484375 77.73817443847656
408.6773376464844 44.535770416259766 425.7050380706787 44.535770416259766 425.7050380706787 77.40641021728516 408.6773376464844 77.40641021728516
407.7774658203125 43.8358039855957 424.4936771392822 43.8358039855957 424.4936771392822 77.71277618408203 407.7774658203125 77.71277618408203
408.16998291015625 43.71002960205078 424.6530570983887 43.71002960205078 424.6530570983887 77.38713455200195 408.16998291015625 77.38713455200195
407.77459716796875 43.396522521972656 424.5496482849121 43.396522521972656 424.5496482849121 77.274169921875 407.77459716796875 77.274169921875
406.44586181640625 42.60943603515625 424.0066967010498 42.60943603515625 424.0066967010498 75.59833526611328 406.44586181640625 75.59833526611328
405.8775939941406 42.69795608520508 423.4756908416748 42.69795608520508 423.4756908416748 75.24033737182617 405.8775939941406 75.24033737182617
405.1999206542969 42.43339538574219 423.5750923156738 42.43339538574219 423.5750923156738 75.17223358154297 405.1999206542969 75.17223358154297
405.30108642578125 42.34793472290039 422.5074882507324 42.34793472290039 422.5074882507324 75.11174011230469 405.30108642578125 75.11174011230469
405.29010009765625 42.576683044433594 422.99432945251465 42.576683044433594 422.99432945251465 75.83252334594727 405.29010009765625 75.83252334594727
404.62066650390625 41.610511779785156 422.5141544342041 41.610511779785156 422.5141544342041 75.53619384765625 404.62066650390625 75.53619384765625
404.8351745605469 40.803306579589844 422.15369415283203 40.803306579589844 422.15369415283203 75.51461791992188 404.8351745605469 75.51461791992188
404.85028076171875 41.70684814453125 422.9849624633789 41.70684814453125 422.9849624633789 75.6307487487793 404.85028076171875 75.6307487487793
404.5135803222656 41.917945861816406 421.86269187927246 41.917945861816406 421.86269187927246 76.43666076660156 404.5135803222656 76.43666076660156
404.70184326171875 41.54854965209961 422.37699127197266 41.54854965209961 422.37699127197266 73.68088912963867 404.70184326171875 73.68088912963867
405.3594055175781 41.24347686767578 421.09257316589355 41.24347686767578 421.09257316589355 73.5495834350586 405.3594055175781 73.5495834350586
406.3989562988281 39.854854583740234 422.72056579589844 39.854854583740234 422.72056579589844 76.57839584350586 406.3989562988281 76.57839584350586
404.59539794921875 41.983455657958984 420.3695297241211 41.983455657958984 420.3695297241211 75.72599029541016 404.59539794921875 75.72599029541016
404.6001892089844 41.42863082885742 420.6349468231201 41.42863082885742 420.6349468231201 73.95405197143555 404.6001892089844 73.95405197143555
405.5166320800781 41.658973693847656 421.1099166870117 41.658973693847656 421.1099166870117 75.56229019165039 405.5166320800781 75.56229019165039
404.93170166015625 41.51710891723633 420.7971296310425 41.51710891723633 420.7971296310425 75.3153305053711 404.93170166015625 75.3153305053711
404.1040344238281 42.96016311645508 419.93210792541504 42.96016311645508 419.93210792541504 75.8798942565918 404.1040344238281 75.8798942565918
403.46856689453125 42.81795883178711 419.3016767501831 42.81795883178711 419.3016767501831 75.28096389770508 403.46856689453125 75.28096389770508
403.70416259765625 40.9815559387207 419.7386417388916 40.9815559387207 419.7386417388916 74.91397857666016 403.70416259765625 74.91397857666016
403.92974853515625 42.30972671508789 419.8629274368286 42.30972671508789 419.8629274368286 74.90484619140625 403.92974853515625 74.90484619140625
403.4715881347656 41.41435623168945 419.76699447631836 41.41435623168945 419.76699447631836 75.43805694580078 403.4715881347656 75.43805694580078
402.24395751953125 42.390419006347656 417.7681016921997 42.390419006347656 417.7681016921997 72.55330657958984 402.24395751953125 72.55330657958984
402.56597900390625 40.28321075439453 417.80338859558105 40.28321075439453 417.80338859558105 74.22669219970703 402.56597900390625 74.22669219970703
403.72265625 40.030029296875 419.07842445373535 40.030029296875 419.07842445373535 74.58043670654297 403.72265625 74.58043670654297
402.1529846191406 40.78716278076172 417.805944442749 40.78716278076172 417.805944442749 74.19317245483398 402.1529846191406 74.19317245483398
403.4618835449219 40.47090148925781 418.73976612091064 40.47090148925781 418.73976612091064 74.8460693359375 403.4618835449219 74.8460693359375
403.3362121582031 41.21799850463867 418.48358631134033 41.21799850463867 418.48358631134033 75.29953002929688 403.3362121582031 75.29953002929688
402.5997314453125 41.247108459472656 417.5570983886719 41.247108459472656 417.5570983886719 74.90112686157227 402.5997314453125 74.90112686157227
401.78582763671875 41.51134490966797 416.97191047668457 41.51134490966797 416.97191047668457 75.67996978759766 401.78582763671875 75.67996978759766
401.495849609375 40.360984802246094 416.7213382720947 40.360984802246094 416.7213382720947 74.61827087402344 401.495849609375 74.61827087402344
401.5414123535156 40.95949172973633 416.77133655548096 40.95949172973633 416.77133655548096 75.22675704956055 401.5414123535156 75.22675704956055
401.32061767578125 39.80500411987305 416.44385719299316 39.80500411987305 416.44385719299316 73.83222961425781 401.32061767578125 73.83222961425781
401.10711669921875 39.387054443359375 416.4101152420044 39.387054443359375 416.4101152420044 73.8187370300293 401.10711669921875 73.8187370300293
400.59539794921875 40.25239944458008 415.9316005706787 40.25239944458008 415.9316005706787 74.7587890625 400.59539794921875 74.7587890625
400.6927185058594 40.983360290527344 416.0212125778198 40.983360290527344 416.0212125778198 75.47240447998047 400.6927185058594 75.47240447998047
400.62628173828125 40.43975067138672 415.6247434616089 40.43975067138672 415.6247434616089 74.18622207641602 400.62628173828125 74.18622207641602
401.19244384765625 40.76012420654297 416.16306495666504 40.76012420654297 416.16306495666504 74.44395446777344 401.19244384765625 74.44395446777344
400.9026184082031 40.027587890625 415.9205732345581 40.027587890625 415.9205732345581 73.81791687011719 400.9026184082031 73.81791687011719
400.6151428222656 41.20076370239258 415.5655765533447 41.20076370239258 415.5655765533447 74.83916854858398 400.6151428222656 74.83916854858398
400.59027099609375 40.574188232421875 415.37725257873535 40.574188232421875 415.37725257873535 73.8448257446289 400.59027099609375 73.8448257446289
400.34307861328125 40.68217849731445 415.3314332962036 40.68217849731445 415.3314332962036 74.4059066772461 400.34307861328125 74.4059066772461
400.45635986328125 40.09391403198242 415.2952423095703 40.09391403198242 415.2952423095703 73.4813346862793 400.45635986328125 73.4813346862793
400.40411376953125 40.082000732421875 414.95805072784424 40.082000732421875 414.95805072784424 72.6906509399414 400.40411376953125 72.6906509399414
400.88824462890625 41.616844177246094 415.1003999710083 41.616844177246094 415.1003999710083 73.5941333770752 400.88824462890625 73.5941333770752
400.29364013671875 41.23782730102539 414.4693422317505 41.23782730102539 414.4693422317505 73.13309669494629 400.29364013671875 73.13309669494629
400.36431884765625 42.5809440612793 414.5415802001953 42.5809440612793 414.5415802001953 74.47972297668457 400.36431884765625 74.47972297668457
400.00640869140625 42.073524475097656 414.2891139984131 42.073524475097656 414.2891139984131 74.20954895019531 400.00640869140625 74.20954895019531
399.48565673828125 41.64927291870117 413.72318267822266 41.64927291870117 413.72318267822266 73.68364334106445 399.48565673828125 73.68364334106445
399.52459716796875 41.55164337158203 413.7950716018677 41.55164337158203 413.7950716018677 73.6601448059082 399.52459716796875 73.6601448059082
398.7702331542969 42.02013397216797 412.9823970794678 42.02013397216797 412.9823970794678 73.99744033813477 398.7702331542969 73.99744033813477
399.523193359375 42.86345672607422 413.35504627227783 42.86345672607422 413.35504627227783 73.98506355285645 399.523193359375 73.98506355285645
399.42559814453125 42.96884536743164 413.48414421081543 42.96884536743164 413.48414421081543 74.60050964355469 399.42559814453125 74.60050964355469
398.9661560058594 42.50217819213867 413.09729290008545 42.50217819213867 413.09729290008545 74.29717063903809 398.9661560058594 74.29717063903809
399.6834716796875 43.48963165283203 413.6285037994385 43.48963165283203 413.6285037994385 74.86588859558105 399.6834716796875 74.86588859558105
399.0467834472656 43.424781799316406 413.11559867858887 43.424781799316406 413.11559867858887 75.07954788208008 399.0467834472656 75.07954788208008
399.14892578125 42.48896408081055 413.22761821746826 42.48896408081055 413.22761821746826 74.16595458984375 399.14892578125 74.16595458984375
398.9925231933594 41.955108642578125 412.97761249542236 41.955108642578125 412.97761249542236 73.42148971557617 398.9925231933594 73.42148971557617
398.88409423828125 41.961814880371094 412.7393846511841 41.961814880371094 412.7393846511841 73.13615036010742 398.88409423828125 73.13615036010742
398.9048156738281 41.3400764465332 412.91889476776123 41.3400764465332 412.91889476776123 72.8716869354248 398.9048156738281 72.8716869354248
398.3792419433594 41.50080490112305 412.29567527770996 41.50080490112305 412.29567527770996 72.81271362304688 398.3792419433594 72.81271362304688
398.72607421875 42.48047637939453 412.6476945877075 42.48047637939453 412.6476945877075 73.8040542602539 398.72607421875 73.8040542602539
398.55877685546875 43.17787551879883 412.55720710754395 43.17787551879883 412.55720710754395 72.90190505981445 398.55877685546875 72.90190505981445
398.6972961425781 43.12947463989258 412.50416564941406 43.12947463989258 412.50416564941406 74.19486808776855 398.6972961425781 74.19486808776855
398.65692138671875 42.20365524291992 412.3678102493286 42.20365524291992 412.3678102493286 73.05309104919434 398.65692138671875 73.05309104919434
398.56146240234375 42.3325309753418 411.90743827819824 42.3325309753418 411.90743827819824 72.36091613769531 398.56146240234375 72.36091613769531
398.53497314453125 42.66994857788086 412.10022926330566 42.66994857788086 412.10022926330566 73.19171142578125 398.53497314453125 73.19171142578125
397.830810546875 42.085777282714844 411.29107666015625 42.085777282714844 411.29107666015625 72.3713150024414 397.830810546875 72.3713150024414
398.35528564453125 42.55154800415039 411.5754795074463 42.55154800415039 411.5754795074463 72.29692077636719 398.35528564453125 72.29692077636719
398.0237731933594 42.54437255859375 411.2466859817505 42.54437255859375 411.2466859817505 72.29586219787598 398.0237731933594 72.29586219787598
398.17596435546875 42.15443420410156 411.2631015777588 42.15443420410156 411.2631015777588 71.60042762756348 398.17596435546875 71.60042762756348
398.24365234375 42.472740173339844 411.4683208465576 42.472740173339844 411.4683208465576 72.22817802429199 398.24365234375 72.22817802429199
397.86407470703125 43.05925750732422 410.7602949142456 43.05925750732422 410.7602949142456 72.07568740844727 397.86407470703125 72.07568740844727
397.7054138183594 43.5698356628418 410.458701133728 43.5698356628418 410.458701133728 72.2646656036377 397.7054138183594 72.2646656036377
397.73974609375 42.78020477294922 410.361780166626 42.78020477294922 410.361780166626 71.17971611022949 397.73974609375 71.17971611022949
397.79864501953125 42.58674621582031 410.2421588897705 42.58674621582031 410.2421588897705 70.5845890045166 397.79864501953125 70.5845890045166
397.5873718261719 43.332908630371094 410.0466938018799 43.332908630371094 410.0466938018799 71.36631965637207 397.5873718261719 71.36631965637207
