104.0 268.0 255.0 268.0 255.0 394.0 104.0 394.0
103.23189544677734 267.5748291015625 250.9731674194336 267.5748291015625 250.9731674194336 392.30723571777344 103.23189544677734 392.30723571777344
100.42688751220703 267.76812744140625 250.60796356201172 267.76812744140625 250.60796356201172 389.73350524902344 100.42688751220703 389.73350524902344
99.321533203125 265.14129638671875 247.1451873779297 265.14129638671875 247.1451873779297 387.2417449951172 99.321533203125 387.2417449951172
96.3349609375 265.31427001953125 246.91090393066406 265.31427001953125 246.91090393066406 386.9690399169922 96.3349609375 386.9690399169922
96.25765991210938 265.09918212890625 243.23199462890625 265.09918212890625 243.23199462890625 384.3663101196289 96.25765991210938 384.3663101196289
95.58012390136719 264.5225524902344 242.86167907714844 264.5225524902344 242.86167907714844 385.24314880371094 95.58012390136719 385.24314880371094
94.3356704711914 263.07318115234375 239.69928741455078 263.07318115234375 239.69928741455078 382.66988372802734 94.3356704711914 382.66988372802734
92.19941711425781 260.11737060546875 236.1629180908203 260.11737060546875 236.1629180908203 381.0843276977539 92.19941711425781 381.0843276977539
91.07411193847656 260.52947998046875 235.7604522705078 260.52947998046875 235.7604522705078 380.1692352294922 91.07411193847656 380.1692352294922
90.0346450805664 261.1849060058594 233.24542999267578 261.1849060058594 233.24542999267578 378.95021057128906 90.0346450805664 378.95021057128906
87.82403564453125 260.4452209472656 231.38380432128906 260.4452209472656 231.38380432128906 377.1350631713867 87.82403564453125 377.1350631713867
87.96648406982422 259.40594482421875 229.95967864990234 259.40594482421875 229.95967864990234 377.2461395263672 87.96648406982422 377.2461395263672
84.89755249023438 258.4641418457031 228.01739501953125 258.4641418457031 228.01739501953125 374.12620544433594 84.89755249023438 374.12620544433594
84.39237976074219 255.3416748046875 224.55245971679688 255.3416748046875 224.55245971679688 372.46177673339844 84.39237976074219 372.46177673339844
83.72090148925781 255.83700561523438 223.23545837402344 255.83700561523438 223.23545837402344 372.1833953857422 83.72090148925781 372.1833953857422
84.66625213623047 255.56234741210938 220.52845001220703 255.56234741210938 220.52845001220703 372.03284454345703 84.66625213623047 372.03284454345703
84.29960632324219 255.7327117919922 219.88905334472656 255.7327117919922 219.88905334472656 370.24837493896484 84.29960632324219 370.24837493896484
83.77363586425781 255.1855010986328 217.98167419433594 255.1855010986328 217.98167419433594 370.34996795654297 83.77363586425781 370.34996795654297
80.64482116699219 252.80447387695312 216.02145385742188 252.80447387695312 216.02145385742188 368.7717971801758 80.64482116699219 368.7717971801758
80.83035278320312 250.60824584960938 213.73106384277344 250.60824584960938 213.73106384277344 365.71875762939453 80.83035278320312 365.71875762939453
79.45379638671875 251.6150360107422 212.28541564941406 251.6150360107422 212.28541564941406 364.1824417114258 79.45379638671875 364.1824417114258
79.61846160888672 252.47128295898438 212.0353012084961 252.47128295898438 212.0353012084961 363.6774444580078 79.61846160888672 363.6774444580078
81.20967102050781 251.36471557617188 208.0092544555664 251.36471557617188 208.0092544555664 362.5262756347656 81.20967102050781 362.5262756347656
80.23714447021484 248.4809112548828 206.82617950439453 248.4809112548828 206.82617950439453 361.4476089477539 80.23714447021484 361.4476089477539
77.905029296875 248.6088409423828 206.64511108398438 248.6088409423828 206.64511108398438 360.6711730957031 77.905029296875 360.6711730957031
78.04498291015625 246.99215698242188 202.71839904785156 246.99215698242188 202.71839904785156 357.79822540283203 78.04498291015625 357.79822540283203
77.64398956298828 245.76144409179688 201.5697250366211 245.76144409179688 201.5697250366211 356.3650436401367 77.64398956298828 356.3650436401367
77.30622863769531 244.987548828125 200.22940063476562 244.987548828125 200.22940063476562 355.4471893310547 77.30622863769531 355.4471893310547
77.46359252929688 245.9795379638672 198.45458221435547 245.9795379638672 198.45458221435547 355.1159133911133 77.46359252929688 355.1159133911133
77.0614013671875 244.23025512695312 197.9954071044922 244.23025512695312 197.9954071044922 355.0991516113281 77.0614013671875 355.0991516113281
76.45877838134766 244.09268188476562 196.01551818847656 244.09268188476562 196.01551818847656 353.41490936279297 76.45877838134766 353.41490936279297
76.2529525756836 242.8457489013672 194.4837417602539 242.8457489013672 194.4837417602539 350.90867614746094 76.2529525756836 350.90867614746094
75.53694152832031 241.5625457763672 193.5231704711914 241.5625457763672 193.5231704711914 352.12850189208984 75.53694152832031 352.12850189208984
75.459716796875 241.5771942138672 192.0149917602539 241.5771942138672 192.0149917602539 351.26097106933594 75.459716796875 351.26097106933594
75.89984130859375 241.8584747314453 191.30560302734375 241.8584747314453 191.30560302734375 349.3134536743164 75.89984130859375 349.3134536743164
75.1195297241211 240.5139617919922 191.45771026611328 240.5139617919922 191.45771026611328 349.25250244140625 75.1195297241211 349.25250244140625
75.25879669189453 239.80349731445312 189.25521087646484 239.80349731445312 189.25521087646484 348.59886932373047 75.25879669189453 348.59886932373047
74.73924255371094 238.957275390625 188.0419158935547 238.957275390625 188.0419158935547 345.94993591308594 74.73924255371094 345.94993591308594
75.33391571044922 239.3539276123047 186.3749771118164 239.3539276123047 186.3749771118164 345.5844955444336 75.33391571044922 345.5844955444336
74.37431335449219 238.89547729492188 185.90283203125 238.89547729492188 185.90283203125 345.5567932128906 74.37431335449219 345.5567932128906
73.67296600341797 237.2929229736328 184.66920471191406 237.2929229736328 184.66920471191406 344.3755874633789 73.67296600341797 344.3755874633789
73.70696258544922 237.86685180664062 184.54067993164062 237.86685180664062 184.54067993164062 344.5947799682617 73.70696258544922 344.5947799682617
73.90768432617188 237.1212615966797 183.40418243408203 237.1212615966797 183.40418243408203 342.1012878417969 73.90768432617188 342.1012878417969
74.01148986816406 236.05111694335938 183.01256561279297 236.05111694335938 183.01256561279297 340.72008514404297 74.01148986816406 340.72008514404297
72.52384948730469 235.58242797851562 182.39929962158203 235.58242797851562 182.39929962158203 339.5887756347656 72.52384948730469 339.5887756347656
72.80559539794922 235.0482940673828 180.27606964111328 235.0482940673828 180.27606964111328 338.2867126464844 72.80559539794922 338.2867126464844
72.40095520019531 234.7742462158203 180.92772674560547 234.7742462158203 180.92772674560547 338.34564208984375 72.40095520019531 338.34564208984375
73.7486572265625 232.87255859375 179.9936752319336 232.87255859375 179.9936752319336 335.88028717041016 73.7486572265625 335.88028717041016
72.85307312011719 233.67330932617188 180.57586669921875 233.67330932617188 180.57586669921875 335.0034637451172 72.85307312011719 335.0034637451172
72.01127624511719 231.03439331054688 178.15771484375 231.03439331054688 178.15771484375 333.6161575317383 72.01127624511719 333.6161575317383
73.5674819946289 230.11599731445312 177.85426330566406 230.11599731445312 177.85426330566406 332.22486877441406 73.5674819946289 332.22486877441406
72.43598937988281 231.67929077148438 177.4081802368164 231.67929077148438 177.4081802368164 333.0155715942383 72.43598937988281 333.0155715942383
72.43416595458984 231.505859375 177.27689361572266 231.505859375 177.27689361572266 332.711669921875 72.43416595458984 332.711669921875
73.47843170166016 228.20877075195312 177.10881805419922 228.20877075195312 177.10881805419922 329.0958480834961 73.47843170166016 329.0958480834961
72.6822280883789 227.755126953125 177.04630279541016 227.755126953125 177.04630279541016 329.1775817871094 72.6822280883789 329.1775817871094
72.01468658447266 225.7784423828125 175.72259521484375 225.7784423828125 175.72259521484375 325.8622741699219 72.01468658447266 325.8622741699219
72.1598129272461 226.89370727539062 176.2220458984375 226.89370727539062 176.2220458984375 325.46946716308594 72.1598129272461 325.46946716308594
73.26846313476562 225.46127319335938 177.16995239257812 225.46127319335938 177.16995239257812 324.9063034057617 73.26846313476562 324.9063034057617
72.2332992553711 226.7828369140625 176.37982177734375 226.7828369140625 176.37982177734375 325.3759002685547 72.2332992553711 325.3759002685547
73.42378997802734 224.94784545898438 175.2434844970703 224.94784545898438 175.2434844970703 323.9659881591797 73.42378997802734 323.9659881591797
73.08869934082031 224.42837524414062 176.70217895507812 224.42837524414062 176.70217895507812 322.2114944458008 73.08869934082031 322.2114944458008
73.4840316772461 222.47299194335938 175.65367126464844 222.47299194335938 175.65367126464844 320.5695343017578 73.4840316772461 320.5695343017578
73.06671142578125 221.73715209960938 176.48878479003906 221.73715209960938 176.48878479003906 319.8454055786133 73.06671142578125 319.8454055786133
73.22267150878906 222.5632781982422 175.94449615478516 222.5632781982422 175.94449615478516 320.89439392089844 73.22267150878906 320.89439392089844
73.88812255859375 220.84780883789062 175.8180389404297 220.84780883789062 175.8180389404297 318.95835876464844 73.88812255859375 318.95835876464844
73.71354675292969 223.22512817382812 175.7977523803711 223.22512817382812 175.7977523803711 318.2657470703125 73.71354675292969 318.2657470703125
73.99519348144531 221.5485382080078 174.86492919921875 221.5485382080078 174.86492919921875 318.7229690551758 73.99519348144531 318.7229690551758
74.40992736816406 220.2703399658203 174.3679428100586 220.2703399658203 174.3679428100586 316.6662902832031 74.40992736816406 316.6662902832031
73.9121322631836 221.5960235595703 173.57172393798828 221.5960235595703 173.57172393798828 317.9320831298828 73.9121322631836 317.9320831298828
74.55665588378906 220.78173828125 174.27450561523438 220.78173828125 174.27450561523438 316.2381362915039 74.55665588378906 316.2381362915039
75.05931091308594 219.38619995117188 175.3460693359375 219.38619995117188 175.3460693359375 315.1698989868164 75.05931091308594 315.1698989868164
75.930419921875 219.4027557373047 174.0355682373047 219.4027557373047 174.0355682373047 313.85475158691406 75.930419921875 313.85475158691406
75.49063873291016 219.50540161132812 173.76628875732422 219.50540161132812 173.76628875732422 313.0440216064453 75.49063873291016 313.0440216064453
74.78145599365234 217.76254272460938 173.9573974609375 217.76254272460938 173.9573974609375 311.8914566040039 74.78145599365234 311.8914566040039
74.25528717041016 216.45962524414062 173.47213745117188 216.45962524414062 173.47213745117188 310.4618225097656 74.25528717041016 310.4618225097656
75.89845275878906 216.4713897705078 172.22415161132812 216.4713897705078 172.22415161132812 309.2244186401367 75.89845275878906 309.2244186401367
75.87193298339844 217.1279296875 173.76910400390625 217.1279296875 173.76910400390625 310.8709716796875 75.87193298339844 310.8709716796875
76.74452209472656 214.49111938476562 173.88750457763672 214.49111938476562 173.88750457763672 308.4759063720703 76.74452209472656 308.4759063720703
76.04283142089844 215.10458374023438 173.4944305419922 215.10458374023438 173.4944305419922 306.9986801147461 76.04283142089844 306.9986801147461
75.98869323730469 213.05111694335938 172.8539047241211 213.05111694335938 172.8539047241211 305.12042236328125 75.98869323730469 305.12042236328125
77.53175354003906 214.46835327148438 172.95138549804688 214.46835327148438 172.95138549804688 304.86861419677734 77.53175354003906 304.86861419677734
76.37672424316406 213.3997039794922 173.57131958007812 213.3997039794922 173.57131958007812 303.6918487548828 76.37672424316406 303.6918487548828
76.6254653930664 212.44955444335938 172.80947875976562 212.44955444335938 172.80947875976562 305.2109832763672 76.6254653930664 305.2109832763672
77.65946197509766 210.79824829101562 171.7303009033203 210.79824829101562 171.7303009033203 303.2360610961914 77.65946197509766 303.2360610961914
76.81443786621094 211.97915649414062 172.5225372314453 211.97915649414062 172.5225372314453 303.3144226074219 76.81443786621094 303.3144226074219
76.93663787841797 210.25497436523438 172.2525405883789 210.25497436523438 172.2525405883789 302.9810562133789 76.93663787841797 302.9810562133789
77.10504913330078 208.40322875976562 173.29137420654297 208.40322875976562 173.29137420654297 300.38169860839844 77.10504913330078 300.38169860839844
77.71353149414062 209.06332397460938 172.7920684814453 209.06332397460938 172.7920684814453 298.74351501464844 77.71353149414062 298.74351501464844
77.81562042236328 210.4759979248047 173.21046447753906 210.4759979248047 173.21046447753906 298.9625778198242 77.81562042236328 298.9625778198242
78.4083480834961 210.64462280273438 172.49456787109375 210.64462280273438 172.49456787109375 299.20787048339844 78.4083480834961 299.20787048339844
78.81485748291016 208.7988739013672 172.20516204833984 208.7988739013672 172.20516204833984 297.3762893676758 78.81485748291016 297.3762893676758
78.60453033447266 207.48062133789062 171.30519104003906 207.48062133789062 171.30519104003906 294.56095123291016 78.60453033447266 294.56095123291016
78.03684997558594 206.87890625 170.82110595703125 206.87890625 170.82110595703125 295.1200408935547 78.03684997558594 295.1200408935547
79.4678955078125 207.8214874267578 172.86709594726562 207.8214874267578 172.86709594726562 293.9363327026367 79.4678955078125 293.9363327026367
79.7698745727539 207.77359008789062 173.02440643310547 207.77359008789062 173.02440643310547 294.5073699951172 79.7698745727539 294.5073699951172
80.71888732910156 207.3708953857422 170.89039611816406 207.3708953857422 170.89039611816406 294.18502044677734 80.71888732910156 294.18502044677734
79.45147705078125 206.37289428710938 171.67745971679688 206.37289428710938 171.67745971679688 291.7603454589844 79.45147705078125 291.7603454589844
79.1103286743164 205.1048583984375 172.06038665771484 205.1048583984375 172.06038665771484 291.6159133911133 79.1103286743164 291.6159133911133
78.94920349121094 203.43324279785156 170.68690490722656 203.43324279785156 170.68690490722656 290.9865417480469 78.94920349121094 290.9865417480469
78.4090347290039 203.91024780273438 169.62267303466797 203.91024780273438 169.62267303466797 289.98770904541016 78.4090347290039 289.98770904541016
80.9426040649414 205.9193115234375 170.88784790039062 205.9193115234375 170.88784790039062 289.64871978759766 80.9426040649414 289.64871978759766
80.36827087402344 203.6324005126953 171.62875366210938 203.6324005126953 171.62875366210938 289.2757873535156 80.36827087402344 289.2757873535156
80.75498962402344 203.9254608154297 171.86367797851562 203.9254608154297 171.86367797851562 289.09291076660156 80.75498962402344 289.09291076660156
81.28590393066406 203.51300048828125 171.39630126953125 203.51300048828125 171.39630126953125 288.48634338378906 81.28590393066406 288.48634338378906
80.56803894042969 200.2411346435547 171.31131744384766 200.2411346435547 171.31131744384766 286.4685592651367 80.56803894042969 286.4685592651367
81.59947204589844 202.2441864013672 172.77289581298828 202.2441864013672 172.77289581298828 285.8741760253906 81.59947204589844 285.8741760253906
83.12342834472656 201.5923309326172 171.7294692993164 201.5923309326172 171.7294692993164 285.54610443115234 83.12342834472656 285.54610443115234
82.13055419921875 201.9844207763672 172.5331802368164 201.9844207763672 172.5331802368164 286.68568420410156 82.13055419921875 286.68568420410156
83.87107849121094 202.2113800048828 171.85720825195312 202.2113800048828 171.85720825195312 285.91434478759766 83.87107849121094 285.91434478759766
83.90480041503906 201.30496215820312 171.50421142578125 201.30496215820312 171.50421142578125 283.97352600097656 83.90480041503906 283.97352600097656
83.60897827148438 201.63027954101562 170.1782989501953 201.63027954101562 170.1782989501953 283.92515563964844 83.60897827148438 283.92515563964844
84.5524673461914 201.99839782714844 170.779296875 201.99839782714844 170.779296875 282.81578063964844 84.5524673461914 282.81578063964844
84.85353088378906 200.45156860351562 169.99395751953125 200.45156860351562 169.99395751953125 279.3550262451172 84.85353088378906 279.3550262451172
87.04242706298828 200.99105834960938 171.81099700927734 200.99105834960938 171.81099700927734 279.5992126464844 87.04242706298828 279.5992126464844
87.20542907714844 199.4058380126953 171.68614959716797 199.4058380126953 171.68614959716797 278.8065414428711 87.20542907714844 278.8065414428711
87.30268096923828 200.32717895507812 171.79804229736328 200.32717895507812 171.79804229736328 280.27842712402344 87.30268096923828 280.27842712402344
87.07084655761719 199.95616149902344 171.22117614746094 199.95616149902344 171.22117614746094 279.60852813720703 87.07084655761719 279.60852813720703
87.64234161376953 198.44419860839844 171.83042907714844 198.44419860839844 171.83042907714844 276.7051773071289 87.64234161376953 276.7051773071289
87.06696319580078 201.1426544189453 168.8410873413086 201.1426544189453 168.8410873413086 278.000244140625 87.06696319580078 278.000244140625
86.3391342163086 198.1524658203125 170.1066131591797 198.1524658203125 170.1066131591797 275.0386962890625 86.3391342163086 275.0386962890625
86.9669189453125 198.86817932128906 170.62555694580078 198.86817932128906 170.62555694580078 275.8199234008789 86.9669189453125 275.8199234008789
88.9514389038086 198.1693572998047 171.25196838378906 198.1693572998047 171.25196838378906 276.67346954345703 88.9514389038086 276.67346954345703
88.89353942871094 199.03944396972656 171.3498764038086 199.03944396972656 171.3498764038086 275.1556930541992 88.89353942871094 275.1556930541992
90.29579162597656 199.12945556640625 171.692626953125 199.12945556640625 171.692626953125 274.52674865722656 90.29579162597656 274.52674865722656
90.6346664428711 196.82684326171875 172.5766830444336 196.82684326171875 172.5766830444336 271.75548553466797 90.6346664428711 271.75548553466797
90.3394546508789 195.80056762695312 171.41443634033203 195.80056762695312 171.41443634033203 269.7864074707031 90.3394546508789 269.7864074707031
90.64791870117188 198.34951782226562 172.40918731689453 198.34951782226562 172.40918731689453 270.93275451660156 90.64791870117188 270.93275451660156
91.36177062988281 198.31857299804688 173.00951385498047 198.31857299804688 173.00951385498047 271.0903778076172 91.36177062988281 271.0903778076172
89.39205169677734 197.88357543945312 172.94027709960938 197.88357543945312 172.94027709960938 269.3761291503906 89.39205169677734 269.3761291503906
90.64920043945312 197.25827026367188 174.43146514892578 197.25827026367188 174.43146514892578 268.8471221923828 90.64920043945312 268.8471221923828
92.42291259765625 195.2461395263672 174.38114166259766 195.2461395263672 174.38114166259766 267.4439926147461 92.42291259765625 267.4439926147461
93.82880401611328 196.63186645507812 174.06511688232422 196.63186645507812 174.06511688232422 268.6448211669922 93.82880401611328 268.6448211669922
95.37158203125 197.33689880371094 174.84866333007812 197.33689880371094 174.84866333007812 267.7588195800781 95.37158203125 267.7588195800781
94.9598617553711 198.63552856445312 175.4541244506836 198.63552856445312 175.4541244506836 269.33648681640625 94.9598617553711 269.33648681640625
95.47511291503906 195.37109375 176.02233123779297 195.37109375 176.02233123779297 266.5652313232422 95.47511291503906 266.5652313232422
96.69659423828125 196.1012725830078 176.63494873046875 196.1012725830078 176.63494873046875 266.26246643066406 96.69659423828125 266.26246643066406
97.60821533203125 194.1615447998047 177.15696716308594 194.1615447998047 177.15696716308594 264.40496826171875 97.60821533203125 264.40496826171875
98.74755859375 193.57814025878906 177.96620178222656 193.57814025878906 177.96620178222656 263.8990478515625 98.74755859375 263.8990478515625
97.64573669433594 192.42538452148438 178.84864044189453 192.42538452148438 178.84864044189453 262.88500213623047 97.64573669433594 262.88500213623047
97.27021789550781 192.7473907470703 179.13900756835938 192.7473907470703 179.13900756835938 263.73243713378906 97.27021789550781 263.73243713378906
99.1548080444336 194.09913635253906 182.1399688720703 194.09913635253906 182.1399688720703 264.36734771728516 99.1548080444336 264.36734771728516
98.95792388916016 194.39022827148438 180.11927795410156 194.39022827148438 180.11927795410156 263.9730987548828 98.95792388916016 263.9730987548828
103.69557189941406 191.94712829589844 181.7050018310547 191.94712829589844 181.7050018310547 262.9523162841797 103.69557189941406 262.9523162841797
103.10799407958984 194.0258026123047 183.92083740234375 194.0258026123047 183.92083740234375 261.4590377807617 103.10799407958984 261.4590377807617
103.93122863769531 193.52853393554688 184.08836364746094 193.52853393554688 184.08836364746094 261.1645050048828 103.93122863769531 261.1645050048828
103.95230865478516 192.84585571289062 185.6204376220703 192.84585571289062 185.6204376220703 261.7845916748047 103.95230865478516 261.7845916748047
104.322509765625 191.67044067382812 185.0623550415039 191.67044067382812 185.0623550415039 261.2868194580078 104.322509765625 261.2868194580078
105.53062438964844 191.91226196289062 186.86538696289062 191.91226196289062 186.86538696289062 260.80709075927734 105.53062438964844 260.80709075927734
106.2537612915039 191.2240447998047 186.76976013183594 191.2240447998047 186.76976013183594 260.18006134033203 106.2537612915039 260.18006134033203
105.63191223144531 190.62112426757812 186.74974060058594 190.62112426757812 186.74974060058594 259.41117095947266 105.63191223144531 259.41117095947266
109.11637115478516 190.6145782470703 188.81795501708984 190.6145782470703 188.81795501708984 259.22853088378906 109.11637115478516 259.22853088378906
108.87552642822266 192.94680786132812 189.6267318725586 192.94680786132812 189.6267318725586 260.3286361694336 108.87552642822266 260.3286361694336
111.7092056274414 188.94430541992188 191.05006408691406 188.94430541992188 191.05006408691406 256.7124481201172 111.7092056274414 256.7124481201172
110.19630432128906 190.83175659179688 189.36830139160156 190.83175659179688 189.36830139160156 257.92274475097656 110.19630432128906 257.92274475097656
114.37321472167969 189.23611450195312 193.51558685302734 189.23611450195312 193.51558685302734 255.9820098876953 114.37321472167969 255.9820098876953
115.67704010009766 190.3822021484375 193.05327606201172 190.3822021484375 193.05327606201172 255.84630584716797 115.67704010009766 255.84630584716797
114.85530090332031 188.89329528808594 193.283935546875 188.89329528808594 193.283935546875 254.33709716796875 114.85530090332031 254.33709716796875
117.26910400390625 191.3362274169922 194.10914611816406 191.3362274169922 194.10914611816406 255.45443725585938 117.26910400390625 255.45443725585938
117.53813171386719 190.31405639648438 195.02200317382812 190.31405639648438 195.02200317382812 254.9695053100586 117.53813171386719 254.9695053100586
118.8539047241211 188.48123168945312 196.52560424804688 188.48123168945312 196.52560424804688 254.36698150634766 118.8539047241211 254.36698150634766
119.06583404541016 190.0252227783203 196.8684310913086 190.0252227783203 196.8684310913086 254.9466323852539 119.06583404541016 254.9466323852539
120.6019058227539 188.19662475585938 197.50570678710938 188.19662475585938 197.50570678710938 253.39576721191406 120.6019058227539 253.39576721191406
121.46199035644531 186.87600708007812 199.05784606933594 186.87600708007812 199.05784606933594 251.62489318847656 121.46199035644531 251.62489318847656
124.6336898803711 188.0155487060547 201.13407135009766 188.0155487060547 201.13407135009766 251.85032653808594 124.6336898803711 251.85032653808594
125.77764892578125 186.8211669921875 202.6424789428711 186.8211669921875 202.6424789428711 250.96005249023438 125.77764892578125 250.96005249023438
126.102294921875 185.83541870117188 203.9055938720703 185.83541870117188 203.9055938720703 250.92156219482422 126.102294921875 250.92156219482422
124.4792709350586 187.8404083251953 202.22199249267578 187.8404083251953 202.22199249267578 252.55756378173828 124.4792709350586 252.55756378173828
126.2620620727539 185.13815307617188 204.22869110107422 185.13815307617188 204.22869110107422 250.19641876220703 126.2620620727539 250.19641876220703
129.39389038085938 185.12332153320312 205.79625701904297 185.12332153320312 205.79625701904297 248.87631225585938 129.39389038085938 248.87631225585938
129.19418334960938 185.14645385742188 206.63365936279297 185.14645385742188 206.63365936279297 249.7648468017578 129.19418334960938 249.7648468017578
131.88458251953125 184.180419921875 208.32533264160156 184.180419921875 208.32533264160156 247.96543502807617 131.88458251953125 247.96543502807617
132.05197143554688 185.98922729492188 208.66575622558594 185.98922729492188 208.66575622558594 249.91862869262695 132.05197143554688 249.91862869262695
131.54367065429688 185.90847778320312 208.6691436767578 185.90847778320312 208.6691436767578 250.26485443115234 131.54367065429688 250.26485443115234
135.22691345214844 186.6007843017578 210.5583724975586 186.6007843017578 210.5583724975586 249.4601707458496 135.22691345214844 249.4601707458496
136.88763427734375 181.9254913330078 212.86632537841797 181.9254913330078 212.86632537841797 245.32495498657227 136.88763427734375 245.32495498657227
137.06582641601562 183.54444885253906 212.9910430908203 183.54444885253906 212.9910430908203 246.89928817749023 137.06582641601562 246.89928817749023
139.5170440673828 180.350341796875 216.3283462524414 180.350341796875 216.3283462524414 244.44456481933594 139.5170440673828 244.44456481933594
140.0197296142578 182.15615844726562 216.63152313232422 182.15615844726562 216.63152313232422 246.08390045166016 140.0197296142578 246.08390045166016
141.4250946044922 184.76943969726562 216.461669921875 184.76943969726562 216.461669921875 247.38275909423828 141.4250946044922 247.38275909423828
141.52279663085938 183.3874969482422 217.11532592773438 183.3874969482422 217.11532592773438 246.46472930908203 141.52279663085938 246.46472930908203
143.97889709472656 183.31936645507812 219.06024932861328 183.31936645507812 219.06024932861328 245.97005462646484 143.97889709472656 245.97005462646484
143.8016815185547 181.00831604003906 219.4227752685547 181.00831604003906 219.4227752685547 244.10938262939453 143.8016815185547 244.10938262939453
143.38113403320312 179.62344360351562 218.6487274169922 179.62344360351562 218.6487274169922 242.42952728271484 143.38113403320312 242.42952728271484
144.47195434570312 179.6321258544922 219.8522491455078 179.6321258544922 219.8522491455078 242.53225326538086 144.47195434570312 242.53225326538086
147.87576293945312 180.09291076660156 223.4078826904297 180.09291076660156 223.4078826904297 243.11972427368164 147.87576293945312 243.11972427368164
151.56961059570312 180.16162109375 226.13968658447266 180.16162109375 226.13968658447266 242.38566970825195 151.56961059570312 242.38566970825195
151.26434326171875 179.58767700195312 225.89069366455078 179.58767700195312 225.89069366455078 241.85868453979492 151.26434326171875 241.85868453979492
150.59756469726562 178.3063201904297 225.38762664794922 178.3063201904297 225.38762664794922 240.7139434814453 150.59756469726562 240.7139434814453
153.596923828125 177.79566955566406 228.48521423339844 177.79566955566406 228.48521423339844 240.2852554321289 153.596923828125 240.2852554321289
152.8289794921875 178.0403289794922 227.08362579345703 178.0403289794922 227.08362579345703 240.0011749267578 152.8289794921875 240.0011749267578
156.57765197753906 176.2031707763672 230.53253936767578 176.2031707763672 230.53253936767578 237.91388702392578 156.57765197753906 237.91388702392578
157.39361572265625 177.90542602539062 231.38967895507812 177.90542602539062 231.38967895507812 239.6505012512207 157.39361572265625 239.6505012512207
158.1582489013672 175.71768188476562 231.34549713134766 175.71768188476562 231.34549713134766 236.78784942626953 158.1582489013672 236.78784942626953
160.18487548828125 177.8284454345703 232.58663177490234 177.8284454345703 232.58663177490234 238.24316787719727 160.18487548828125 238.24316787719727
160.7138214111328 177.4543914794922 232.41319274902344 177.4543914794922 232.41319274902344 237.28301620483398 160.7138214111328 237.28301620483398
160.99107360839844 177.2918243408203 232.90474700927734 177.2918243408203 232.90474700927734 237.2992706298828 160.99107360839844 237.2992706298828
163.107666015625 177.0406951904297 234.0947723388672 177.0406951904297 234.0947723388672 236.27498626708984 163.107666015625 236.27498626708984
163.9109649658203 175.62562561035156 235.29528045654297 175.62562561035156 235.29528045654297 235.1913604736328 163.9109649658203 235.1913604736328
164.2342071533203 177.13551330566406 235.73831939697266 177.13551330566406 235.73831939697266 236.80121231079102 164.2342071533203 236.80121231079102
166.9915313720703 175.9492950439453 238.2619857788086 175.9492950439453 238.2619857788086 235.4200210571289 166.9915313720703 235.4200210571289
168.8856658935547 176.57467651367188 239.90694427490234 176.57467651367188 239.90694427490234 235.83748245239258 168.8856658935547 235.83748245239258
169.84193420410156 175.89938354492188 240.36965942382812 175.89938354492188 240.36965942382812 234.7503547668457 169.84193420410156 234.7503547668457
173.57662963867188 173.9676971435547 244.00424194335938 173.9676971435547 244.00424194335938 232.73513412475586 173.57662963867188 232.73513412475586
171.6961212158203 171.94415283203125 244.23648071289062 171.94415283203125 244.23648071289062 232.47454833984375 171.6961212158203 232.47454833984375
172.99269104003906 175.20584106445312 244.4430694580078 175.20584106445312 244.4430694580078 234.82672119140625 172.99269104003906 234.82672119140625
174.3128204345703 173.11123657226562 245.23675537109375 173.11123657226562 245.23675537109375 232.29282760620117 174.3128204345703 232.29282760620117
178.92556762695312 174.08499145507812 250.46629333496094 174.08499145507812 250.46629333496094 233.7812614440918 178.92556762695312 233.7812614440918
175.9830780029297 173.5201873779297 246.82101440429688 173.5201873779297 246.82101440429688 232.6300277709961 175.9830780029297 232.6300277709961
178.99635314941406 172.82180786132812 249.83096313476562 172.82180786132812 249.83096313476562 231.92887496948242 178.99635314941406 231.92887496948242
178.4971923828125 170.37351989746094 249.78273010253906 170.37351989746094 249.78273010253906 229.8568572998047 178.4971923828125 229.8568572998047
180.99911499023438 173.3467559814453 251.9081268310547 173.3467559814453 251.9081268310547 232.5159034729004 180.99911499023438 232.5159034729004
181.9354705810547 172.76632690429688 253.25748443603516 172.76632690429688 253.25748443603516 232.28010940551758 181.9354705810547 232.28010940551758
181.630859375 170.95242309570312 252.9796142578125 170.95242309570312 252.9796142578125 230.48851776123047 181.630859375 230.48851776123047
183.7899627685547 170.6423797607422 254.8496856689453 170.6423797607422 254.8496856689453 229.93729400634766 183.7899627685547 229.93729400634766
184.30194091796875 170.09701538085938 255.6140594482422 170.09701538085938 255.6140594482422 229.6025390625 184.30194091796875 229.6025390625
185.4997100830078 168.9643096923828 255.9124526977539 168.9643096923828 255.9124526977539 227.71936416625977 185.4997100830078 227.71936416625977
185.61611938476562 169.22994995117188 256.29529571533203 169.22994995117188 256.29529571533203 228.20732498168945 185.61611938476562 228.20732498168945
189.49420166015625 172.57913208007812 258.07472229003906 172.57913208007812 258.07472229003906 229.80531692504883 189.49420166015625 229.80531692504883
190.24169921875 171.5829315185547 258.4505386352539 171.5829315185547 258.4505386352539 228.49897003173828 190.24169921875 228.49897003173828
191.8946990966797 171.29525756835938 260.2218551635742 171.29525756835938 260.2218551635742 228.31002044677734 191.8946990966797 228.31002044677734
190.71038818359375 168.74961853027344 259.8147277832031 168.74961853027344 259.8147277832031 226.41289520263672 190.71038818359375 226.41289520263672
193.2657928466797 168.371826171875 262.2864685058594 168.371826171875 262.2864685058594 225.96529006958008 193.2657928466797 225.96529006958008
195.34902954101562 168.7476806640625 264.9287414550781 168.7476806640625 264.9287414550781 226.80762481689453 195.34902954101562 226.80762481689453
195.79872131347656 169.4295196533203 265.08119201660156 169.4295196533203 265.08119201660156 227.2414321899414 195.79872131347656 227.2414321899414
196.92330932617188 169.7127685546875 265.64991760253906 169.7127685546875 265.64991760253906 227.06084442138672 196.92330932617188 227.06084442138672
197.37319946289062 170.07470703125 265.5646057128906 170.07470703125 265.5646057128906 226.9761848449707 197.37319946289062 226.9761848449707
200.13180541992188 166.20388793945312 268.71846771240234 166.20388793945312 268.71846771240234 223.43518829345703 200.13180541992188 223.43518829345703
199.1058349609375 165.36593627929688 267.7439422607422 165.36593627929688 267.7439422607422 222.64016723632812 199.1058349609375 222.64016723632812
199.17388916015625 165.7908477783203 268.0162582397461 165.7908477783203 268.0162582397461 223.23552703857422 199.17388916015625 223.23552703857422
202.851318359375 167.54705810546875 271.6510467529297 167.54705810546875 271.6510467529297 224.9561653137207 202.851318359375 224.9561653137207
202.8711700439453 167.48489379882812 270.64654541015625 167.48489379882812 270.64654541015625 224.03923797607422 202.8711700439453 224.03923797607422
203.77099609375 168.09494018554688 271.86060333251953 168.09494018554688 271.86060333251953 224.9114875793457 203.77099609375 224.9114875793457
204.56634521484375 165.7143096923828 273.29061126708984 165.7143096923828 273.29061126708984 223.06044006347656 204.56634521484375 223.06044006347656
206.5128631591797 166.400634765625 275.0545120239258 166.400634765625 275.0545120239258 223.5943832397461 206.5128631591797 223.5943832397461
205.5509796142578 164.2177734375 275.5701904296875 164.2177734375 275.5701904296875 222.64445877075195 205.5509796142578 222.64445877075195
209.3985595703125 165.41012573242188 278.1690902709961 165.41012573242188 278.1690902709961 222.79486083984375 209.3985595703125 222.79486083984375
209.64315795898438 165.7442626953125 277.7540740966797 165.7442626953125 277.7540740966797 222.5785903930664 209.64315795898438 222.5785903930664
209.93173217773438 165.26913452148438 278.7202682495117 165.26913452148438 278.7202682495117 222.66889190673828 209.93173217773438 222.66889190673828
210.15548706054688 163.8228759765625 278.1195755004883 163.8228759765625 278.1195755004883 220.5346794128418 210.15548706054688 220.5346794128418
212.96450805664062 164.53887939453125 279.97423553466797 164.53887939453125 279.97423553466797 220.45432662963867 212.96450805664062 220.45432662963867
214.5716094970703 167.4024658203125 280.8642120361328 167.4024658203125 280.8642120361328 222.71951293945312 214.5716094970703 222.71951293945312
218.0176544189453 165.63803100585938 284.71305084228516 165.63803100585938 284.71305084228516 221.29117965698242 218.0176544189453 221.29117965698242
215.8101043701172 164.70132446289062 283.61297607421875 164.70132446289062 283.61297607421875 221.27859497070312 215.8101043701172 221.27859497070312
217.7453155517578 166.50430297851562 284.2771301269531 166.50430297851562 284.2771301269531 222.02095413208008 217.7453155517578 222.02095413208008
217.0073699951172 165.17886352539062 282.79589080810547 165.17886352539062 282.79589080810547 220.07527923583984 217.0073699951172 220.07527923583984
219.33212280273438 164.52772521972656 285.09979248046875 164.52772521972656 285.09979248046875 219.40674209594727 219.33212280273438 219.40674209594727
221.7683868408203 163.5925750732422 287.0618667602539 163.5925750732422 287.0618667602539 218.07591247558594 221.7683868408203 218.07591247558594
223.62973022460938 165.13233947753906 288.19154357910156 165.13233947753906 288.19154357910156 219.00514221191406 223.62973022460938 219.00514221191406
224.09042358398438 165.2477569580078 288.37120056152344 165.2477569580078 288.37120056152344 218.88605499267578 224.09042358398438 218.88605499267578
225.0850067138672 163.9976043701172 289.0752410888672 163.9976043701172 289.0752410888672 217.39345932006836 225.0850067138672 217.39345932006836
225.6785125732422 165.08189392089844 290.1911849975586 165.08189392089844 290.1911849975586 218.91368865966797 225.6785125732422 218.91368865966797
226.7709503173828 164.1577606201172 291.99957275390625 164.1577606201172 291.99957275390625 218.58697128295898 226.7709503173828 218.58697128295898
229.11996459960938 163.13394165039062 294.37596130371094 163.13394165039062 294.37596130371094 217.58599853515625 229.11996459960938 217.58599853515625
228.9579620361328 163.25320434570312 295.0077438354492 163.25320434570312 295.0077438354492 218.36762237548828 228.9579620361328 218.36762237548828
228.77645874023438 162.7071533203125 294.2172164916992 162.7071533203125 294.2172164916992 217.3133773803711 228.77645874023438 217.3133773803711
230.37255859375 163.66224670410156 295.3597946166992 163.66224670410156 295.3597946166992 217.89004135131836 230.37255859375 217.89004135131836
229.8299560546875 162.15139770507812 294.51505279541016 162.15139770507812 294.51505279541016 216.1270751953125 229.8299560546875 216.1270751953125
232.64120483398438 163.39276123046875 296.4896354675293 163.39276123046875 296.4896354675293 216.67029571533203 232.64120483398438 216.67029571533203
232.2825164794922 161.69046020507812 296.3583679199219 161.69046020507812 296.3583679199219 215.15776443481445 232.2825164794922 215.15776443481445
234.0944366455078 162.03204345703125 299.2270736694336 162.03204345703125 299.2270736694336 216.38117218017578 234.0944366455078 216.38117218017578
232.218017578125 161.6322021484375 297.50479888916016 161.6322021484375 297.50479888916016 216.10994720458984 232.218017578125 216.10994720458984
233.41854858398438 160.60179138183594 298.7392349243164 160.60179138183594 298.7392349243164 215.10782623291016 233.41854858398438 215.10782623291016
233.38992309570312 161.05409240722656 296.9598922729492 161.05409240722656 296.9598922729492 214.0992660522461 233.38992309570312 214.0992660522461
235.12924194335938 161.98460388183594 299.17762756347656 161.98460388183594 299.17762756347656 215.42898178100586 235.12924194335938 215.42898178100586
236.93392944335938 161.0323486328125 301.3640441894531 161.0323486328125 301.3640441894531 214.79525756835938 236.93392944335938 214.79525756835938
237.9969024658203 161.19725036621094 301.9290199279785 161.19725036621094 301.9290199279785 214.54460906982422 237.9969024658203 214.54460906982422
242.22543334960938 161.3515625 305.44693756103516 161.3515625 305.44693756103516 214.10595703125 242.22543334960938 214.10595703125
240.5688018798828 160.9934844970703 302.97900009155273 160.9934844970703 302.97900009155273 213.07089614868164 240.5688018798828 213.07089614868164
239.71517944335938 159.5675811767578 301.9506416320801 159.5675811767578 301.9506416320801 211.49918365478516 239.71517944335938 211.49918365478516
242.9097137451172 162.07078552246094 304.6647605895996 162.07078552246094 304.6647605895996 213.6015167236328 242.9097137451172 213.6015167236328
241.9137420654297 161.69505310058594 303.68656158447266 161.69505310058594 303.68656158447266 213.24061584472656 241.9137420654297 213.24061584472656
242.3909912109375 161.5070343017578 303.90532302856445 161.5070343017578 303.90532302856445 212.83690643310547 242.3909912109375 212.83690643310547
243.12210083007812 158.28846740722656 304.1603012084961 158.28846740722656 304.1603012084961 209.22104263305664 243.12210083007812 209.22104263305664
242.7734375 158.2997589111328 304.9279899597168 158.2997589111328 304.9279899597168 210.1638641357422 242.7734375 210.1638641357422
242.90072631835938 157.46585083007812 306.3256645202637 157.46585083007812 306.3256645202637 210.39000701904297 242.90072631835938 210.39000701904297
246.3288116455078 159.11227416992188 309.772762298584 159.11227416992188 309.772762298584 212.05229568481445 246.3288116455078 212.05229568481445
247.5406494140625 159.09335327148438 311.59373474121094 159.09335327148438 311.59373474121094 212.54165649414062 247.5406494140625 212.54165649414062
246.85647583007812 160.3207550048828 310.55040740966797 160.3207550048828 310.55040740966797 213.46936798095703 246.85647583007812 213.46936798095703
249.8505096435547 159.93923950195312 314.400390625 159.93923950195312 314.400390625 213.80208587646484 249.8505096435547 213.80208587646484
248.3919677734375 157.27545166015625 313.5636901855469 157.27545166015625 313.5636901855469 211.65718460083008 248.3919677734375 211.65718460083008
250.1616973876953 157.58172607421875 314.5394287109375 157.58172607421875 314.5394287109375 211.30092239379883 250.1616973876953 211.30092239379883
250.4318389892578 159.5130157470703 314.7807922363281 159.5130157470703 314.7807922363281 213.20819473266602 250.4318389892578 213.20819473266602
252.99398803710938 158.949951171875 317.7313766479492 158.949951171875 317.7313766479492 212.9692497253418 252.99398803710938 212.9692497253418
253.81820678710938 160.0777587890625 318.0289001464844 160.0777587890625 318.0289001464844 213.65755462646484 253.81820678710938 213.65755462646484
253.92318725585938 157.98953247070312 317.81377029418945 157.98953247070312 317.81377029418945 211.30221557617188 253.92318725585938 211.30221557617188
252.3244171142578 155.6845703125 316.82825469970703 155.6845703125 316.82825469970703 209.50897979736328 252.3244171142578 209.50897979736328
254.31179809570312 157.38824462890625 317.5748596191406 157.38824462890625 317.5748596191406 210.17729949951172 254.31179809570312 210.17729949951172
254.04971313476562 159.2707977294922 317.4412307739258 159.2707977294922 317.4412307739258 212.1670379638672 254.04971313476562 212.1670379638672
254.8377227783203 160.5865020751953 318.63344955444336 160.5865020751953 318.63344955444336 213.8200340270996 254.8377227783203 213.8200340270996
255.9635772705078 159.27401733398438 318.3196678161621 159.27401733398438 318.3196678161621 211.30625534057617 255.9635772705078 211.30625534057617
257.9682312011719 159.33584594726562 319.4830436706543 159.33584594726562 319.4830436706543 210.66608810424805 257.9682312011719 210.66608810424805
257.236572265625 158.9805145263672 319.0283432006836 158.9805145263672 319.0283432006836 210.54186248779297 257.236572265625 210.54186248779297
259.8212890625 160.04037475585938 320.48516845703125 160.04037475585938 320.48516845703125 210.6605682373047 259.8212890625 210.6605682373047
262.2443542480469 160.7564697265625 323.46094512939453 160.7564697265625 323.46094512939453 211.8378677368164 262.2443542480469 211.8378677368164
260.9253845214844 158.08453369140625 323.1562728881836 158.08453369140625 323.1562728881836 210.01229858398438 260.9253845214844 210.01229858398438
262.17547607421875 159.0807647705078 324.3449478149414 159.0807647705078 324.3449478149414 210.95727920532227 262.17547607421875 210.95727920532227
262.7130432128906 158.0972137451172 323.2658004760742 158.0972137451172 323.2658004760742 211.91894149780273 262.7130432128906 211.91894149780273
264.139404296875 157.1527099609375 325.6477355957031 157.1527099609375 325.6477355957031 210.97030639648438 264.139404296875 210.97030639648438
