338.0 84.0 382.0 84.0 382.0 115.0 338.0 115.0
335.16790771484375 84.3880615234375 379.4076805114746 84.3880615234375 379.4076805114746 115.30906295776367 335.16790771484375 115.30906295776367
333.4378356933594 85.43733215332031 377.5141792297363 85.43733215332031 377.5141792297363 116.3670768737793 333.4378356933594 116.3670768737793
330.4547424316406 86.16373443603516 374.1071548461914 86.16373443603516 374.1071548461914 116.83196640014648 330.4547424316406 116.83196640014648
328.065185546875 86.26126098632812 370.87564849853516 86.26126098632812 370.87564849853516 116.42317771911621 328.065185546875 116.42317771911621
325.71136474609375 86.98331451416016 368.81308364868164 86.98331451416016 368.81308364868164 117.35043144226074 325.71136474609375 117.35043144226074
323.16656494140625 86.85462951660156 366.63369369506836 86.85462951660156 366.63369369506836 117.47919654846191 323.16656494140625 117.47919654846191
323.01092529296875 87.90830993652344 366.9591407775879 87.90830993652344 366.9591407775879 119.00237655639648 323.01092529296875 119.00237655639648
318.93145751953125 87.62076568603516 363.50976181030273 87.62076568603516 363.50976181030273 119.02820587158203 318.93145751953125 119.02820587158203
315.818603515625 89.10546112060547 360.74073791503906 89.10546112060547 360.74073791503906 120.7551441192627 315.818603515625 120.7551441192627
313.78839111328125 88.32796478271484 359.1378059387207 88.32796478271484 359.1378059387207 120.10394668579102 313.78839111328125 120.10394668579102
310.44744873046875 89.42472839355469 355.92261505126953 89.42472839355469 355.92261505126953 121.60124206542969 310.44744873046875 121.60124206542969
306.94915771484375 90.91880798339844 352.1017265319824 90.91880798339844 352.1017265319824 122.59971237182617 306.94915771484375 122.59971237182617
303.8546142578125 91.65351867675781 348.96020889282227 91.65351867675781 348.96020889282227 123.1246223449707 303.8546142578125 123.1246223449707
301.10595703125 92.54667663574219 345.8233947753906 92.54667663574219 345.8233947753906 124.05213356018066 301.10595703125 124.05213356018066
297.9478759765625 92.25505065917969 342.65922927856445 92.25505065917969 342.65922927856445 123.7562198638916 297.9478759765625 123.7562198638916
296.19952392578125 93.5364761352539 340.9067268371582 93.5364761352539 340.9067268371582 125.03472137451172 296.19952392578125 125.03472137451172
293.16680908203125 93.80711364746094 338.0214042663574 93.80711364746094 338.0214042663574 125.40920448303223 293.16680908203125 125.40920448303223
290.41876220703125 94.52068328857422 335.2141532897949 94.52068328857422 335.2141532897949 126.0810661315918 290.41876220703125 126.0810661315918
278.80523681640625 97.0515365600586 323.7283477783203 97.0515365600586 323.7283477783203 128.70190238952637 278.80523681640625 128.70190238952637
274.4190368652344 98.24928283691406 320.3117904663086 98.24928283691406 320.3117904663086 130.58280181884766 274.4190368652344 130.58280181884766
270.82000732421875 99.6965103149414 316.2393798828125 99.6965103149414 316.2393798828125 131.6965103149414 270.82000732421875 131.6965103149414
268.68280029296875 99.87134552001953 314.24739837646484 99.87134552001953 314.24739837646484 131.97366333007812 268.68280029296875 131.97366333007812
265.37957763671875 99.64879608154297 311.4147605895996 99.64879608154297 311.4147605895996 132.08266067504883 265.37957763671875 132.08266067504883
260.84368896484375 101.52076721191406 306.8978080749512 101.52076721191406 306.8978080749512 133.96797561645508 260.84368896484375 133.96797561645508
259.09942626953125 101.76783752441406 305.58744049072266 101.76783752441406 305.58744049072266 134.52074432373047 259.09942626953125 134.52074432373047
255.6582794189453 101.67949676513672 303.0957832336426 101.67949676513672 303.0957832336426 135.10135650634766 255.6582794189453 135.10135650634766
254.6417999267578 102.53718566894531 302.97801971435547 102.53718566894531 302.97801971435547 136.59222793579102 254.6417999267578 136.59222793579102
250.9281005859375 103.09554290771484 300.1877136230469 103.09554290771484 300.1877136230469 137.80115509033203 250.9281005859375 137.80115509033203
244.7823944091797 103.57969665527344 294.0718650817871 103.57969665527344 294.0718650817871 138.30634689331055 244.7823944091797 138.30634689331055
242.71737670898438 104.49555969238281 292.7357978820801 104.49555969238281 292.7357978820801 139.55431747436523 242.71737670898438 139.55431747436523
240.50686645507812 104.20225524902344 291.1577949523926 104.20225524902344 291.1577949523926 139.88811111450195 240.50686645507812 139.88811111450195
236.92227172851562 106.00199890136719 287.79726791381836 106.00199890136719 287.79726791381836 141.1407012939453 236.92227172851562 141.1407012939453
235.0477294921875 106.73896789550781 285.89587783813477 106.73896789550781 285.89587783813477 141.92370223999023 235.0477294921875 141.92370223999023
230.89700317382812 107.26468658447266 281.13897705078125 107.26468658447266 281.13897705078125 142.66241455078125 230.89700317382812 142.66241455078125
228.17276000976562 107.1584701538086 279.2479019165039 107.1584701538086 279.2479019165039 143.1431999206543 228.17276000976562 143.1431999206543
222.8249053955078 108.67198181152344 274.088077545166 108.67198181152344 274.088077545166 144.58222579956055 222.8249053955078 144.58222579956055
217.2537384033203 111.27687072753906 270.70548248291016 111.27687072753906 270.70548248291016 146.66217041015625 217.2537384033203 146.66217041015625
215.21939086914062 111.8957748413086 268.67765045166016 111.8957748413086 268.67765045166016 147.26488494873047 215.21939086914062 147.26488494873047
213.1593017578125 110.34144592285156 267.001953125 110.34144592285156 267.001953125 147.64780807495117 213.1593017578125 147.64780807495117
210.8000946044922 111.93751525878906 263.70777893066406 111.93751525878906 263.70777893066406 148.35773086547852 210.8000946044922 148.35773086547852
204.2898712158203 114.0158920288086 257.4786834716797 114.0158920288086 257.4786834716797 151.10951232910156 204.2898712158203 151.10951232910156
198.5550994873047 115.5865249633789 253.49729919433594 115.5865249633789 253.49729919433594 152.36625289916992 198.5550994873047 152.36625289916992
194.99624633789062 115.5805892944336 251.074951171875 115.5805892944336 251.074951171875 153.6667022705078 194.99624633789062 153.6667022705078
191.24691772460938 115.0779800415039 248.87587356567383 115.0779800415039 248.87587356567383 154.5271110534668 191.24691772460938 154.5271110534668
187.93470764160156 116.50244140625 244.91626739501953 116.50244140625 244.91626739501953 155.74750900268555 187.93470764160156 155.74750900268555
184.42276000976562 116.53849029541016 242.3222427368164 116.53849029541016 242.3222427368164 156.2113265991211 184.42276000976562 156.2113265991211
181.40725708007812 117.99124908447266 238.59480667114258 117.99124908447266 238.59480667114258 157.3801612854004 181.40725708007812 157.3801612854004
177.7196807861328 120.22703552246094 235.85647201538086 120.22703552246094 235.85647201538086 159.60596466064453 177.7196807861328 159.60596466064453
174.72718811035156 120.8730239868164 232.69739532470703 120.8730239868164 232.69739532470703 159.82572555541992 174.72718811035156 159.82572555541992
170.7921905517578 122.6612777709961 227.4576873779297 122.6612777709961 227.4576873779297 161.5405616760254 170.7921905517578 161.5405616760254
168.2364501953125 123.41859436035156 225.33087158203125 123.41859436035156 225.33087158203125 162.99551010131836 168.2364501953125 162.99551010131836
166.0957794189453 121.51383209228516 223.3458023071289 121.51383209228516 223.3458023071289 161.6493797302246 166.0957794189453 161.6493797302246
163.60983276367188 124.6123275756836 219.5515022277832 124.6123275756836 219.5515022277832 163.24517059326172 163.60983276367188 163.24517059326172
161.00733947753906 123.21038818359375 217.61963272094727 123.21038818359375 217.61963272094727 163.07696914672852 161.00733947753906 163.07696914672852
155.7273406982422 127.1734390258789 212.0178680419922 127.1734390258789 212.0178680419922 167.7559051513672 155.7273406982422 167.7559051513672
153.5840606689453 127.17730712890625 211.55218887329102 127.17730712890625 211.55218887329102 167.68305587768555 153.5840606689453 167.68305587768555
149.8978271484375 127.65962219238281 206.9503173828125 127.65962219238281 206.9503173828125 168.37593841552734 149.8978271484375 168.37593841552734
149.5589599609375 127.4260025024414 205.90814208984375 127.4260025024414 205.90814208984375 167.93250274658203 149.5589599609375 167.93250274658203
146.93389892578125 128.84646606445312 202.42743682861328 128.84646606445312 202.42743682861328 169.92560577392578 146.93389892578125 169.92560577392578
142.86866760253906 129.22360229492188 200.49927139282227 129.22360229492188 200.49927139282227 169.69522094726562 142.86866760253906 169.69522094726562
136.56239318847656 130.6040802001953 194.9040298461914 130.6040802001953 194.9040298461914 171.70839309692383 136.56239318847656 171.70839309692383
133.37704467773438 134.260986328125 190.34896850585938 134.260986328125 190.34896850585938 176.02259063720703 133.37704467773438 176.02259063720703
126.5623779296875 135.05282592773438 185.45958709716797 135.05282592773438 185.45958709716797 176.5485610961914 126.5623779296875 176.5485610961914
121.17283630371094 135.12057495117188 179.79465103149414 135.12057495117188 179.79465103149414 176.42228317260742 121.17283630371094 176.42228317260742
119.86482238769531 135.36056518554688 178.98181915283203 135.36056518554688 178.98181915283203 177.0111541748047 119.86482238769531 177.0111541748047
118.35001373291016 135.41067504882812 177.81703567504883 135.41067504882812 177.81703567504883 177.30787658691406 118.35001373291016 177.30787658691406
115.90914154052734 135.99636840820312 176.16380310058594 135.99636840820312 176.16380310058594 178.4484977722168 115.90914154052734 178.4484977722168
111.91386413574219 136.186279296875 173.02506256103516 136.186279296875 173.02506256103516 179.24187469482422 111.91386413574219 179.24187469482422
110.34944915771484 137.0680694580078 170.33234024047852 137.0680694580078 170.33234024047852 179.3287239074707 110.34944915771484 179.3287239074707
109.71366119384766 136.8401641845703 169.74893188476562 136.8401641845703 169.74893188476562 179.13772201538086 109.71366119384766 179.13772201538086
107.7626953125 137.35690307617188 167.98067092895508 137.35690307617188 167.98067092895508 179.7831802368164 107.7626953125 179.7831802368164
106.4284439086914 137.37168884277344 165.94837188720703 137.37168884277344 165.94837188720703 179.30615997314453 106.4284439086914 179.30615997314453
105.24073791503906 139.43246459960938 164.60034942626953 139.43246459960938 164.60034942626953 181.25398635864258 105.24073791503906 181.25398635864258
107.49589538574219 141.28176879882812 167.38843154907227 141.28176879882812 167.38843154907227 183.47875595092773 107.49589538574219 183.47875595092773
104.26280212402344 143.57369995117188 164.19058990478516 143.57369995117188 164.19058990478516 185.79552459716797 104.26280212402344 185.79552459716797
104.68233489990234 145.86915588378906 164.41133880615234 145.86915588378906 164.41133880615234 187.950927734375 104.68233489990234 187.950927734375
101.88664245605469 145.4292449951172 162.4571990966797 145.4292449951172 162.4571990966797 188.1039276123047 101.88664245605469 188.1039276123047
101.31360626220703 148.92050170898438 162.1955223083496 148.92050170898438 162.1955223083496 190.39624786376953 101.31360626220703 190.39624786376953
100.61387634277344 148.80117797851562 159.67496490478516 148.80117797851562 159.67496490478516 190.4123764038086 100.61387634277344 190.4123764038086
99.76373291015625 148.68272399902344 160.28645706176758 148.68272399902344 160.28645706176758 191.3237075805664 99.76373291015625 191.3237075805664
99.59327697753906 150.15219116210938 160.85404205322266 150.15219116210938 160.85404205322266 193.3131561279297 99.59327697753906 193.3131561279297
97.94337463378906 151.23533630371094 159.00915145874023 151.23533630371094 159.00915145874023 194.25892639160156 97.94337463378906 194.25892639160156
97.8396224975586 153.08389282226562 158.9936065673828 153.08389282226562 158.9936065673828 196.1696319580078 97.8396224975586 196.1696319580078
98.55186462402344 154.31903076171875 159.5394744873047 154.31903076171875 159.5394744873047 197.2875518798828 98.55186462402344 197.2875518798828
96.1275634765625 155.46131896972656 157.1173210144043 155.46131896972656 157.1173210144043 198.43135452270508 96.1275634765625 198.43135452270508
97.41777038574219 155.6681671142578 157.6954689025879 155.6681671142578 157.6954689025879 198.13652801513672 97.41777038574219 198.13652801513672
96.82135772705078 154.97293090820312 158.66633987426758 154.97293090820312 158.66633987426758 198.54551315307617 96.82135772705078 198.54551315307617
95.72859191894531 156.21054077148438 158.06496810913086 156.21054077148438 158.06496810913086 200.12933349609375 95.72859191894531 200.12933349609375
95.34761810302734 158.61961364746094 157.59392547607422 158.61961364746094 157.59392547607422 202.47494888305664 95.34761810302734 202.47494888305664
94.986083984375 158.39407348632812 156.93073272705078 158.39407348632812 156.93073272705078 202.03687286376953 94.986083984375 202.03687286376953
96.0404281616211 159.286865234375 159.1255340576172 159.286865234375 159.1255340576172 203.73316955566406 96.0404281616211 203.73316955566406
96.40132904052734 167.37332153320312 160.10627365112305 167.37332153320312 160.10627365112305 212.25632858276367 96.40132904052734 212.25632858276367
96.51918029785156 168.966064453125 160.0765724182129 168.966064453125 160.0765724182129 213.74510955810547 96.51918029785156 213.74510955810547
99.32491302490234 170.70787048339844 163.107666015625 170.70787048339844 163.107666015625 215.64569091796875 99.32491302490234 215.64569091796875
101.7309341430664 172.8451385498047 165.86246490478516 172.8451385498047 165.86246490478516 218.02869033813477 101.7309341430664 218.02869033813477
103.50163269042969 174.60116577148438 168.26829528808594 174.60116577148438 168.26829528808594 220.23219680786133 103.50163269042969 220.23219680786133
102.87149810791016 174.8373260498047 167.8203353881836 174.8373260498047 167.8203353881836 220.59671020507812 102.87149810791016 220.59671020507812
106.7923812866211 175.8229522705078 172.54924774169922 175.8229522705078 172.54924774169922 222.15162658691406 106.7923812866211 222.15162658691406
107.01249694824219 176.3003692626953 172.95467376708984 176.3003692626953 172.95467376708984 222.7595977783203 107.01249694824219 222.7595977783203
108.60152435302734 176.4263153076172 176.7929458618164 176.4263153076172 176.7929458618164 224.4702377319336 108.60152435302734 224.4702377319336
107.42912292480469 178.9895782470703 176.39891815185547 178.9895782470703 176.39891815185547 227.5818977355957 107.42912292480469 227.5818977355957
110.5323486328125 178.745849609375 180.09239196777344 178.745849609375 180.09239196777344 227.7540283203125 110.5323486328125 227.7540283203125
114.5963134765625 181.432373046875 185.44912719726562 181.432373046875 185.44912719726562 231.35137176513672 114.5963134765625 231.35137176513672
113.88167572021484 182.85794067382812 185.11480712890625 182.85794067382812 185.11480712890625 233.04489135742188 113.88167572021484 233.04489135742188
120.474609375 184.9399871826172 192.4583969116211 184.9399871826172 192.4583969116211 235.65580368041992 120.474609375 235.65580368041992
122.38414001464844 185.9304962158203 196.27996826171875 185.9304962158203 196.27996826171875 237.9934310913086 122.38414001464844 237.9934310913086
127.29850769042969 187.0775146484375 201.1075210571289 187.0775146484375 201.1075210571289 239.07928466796875 127.29850769042969 239.07928466796875
130.7667694091797 188.24961853027344 205.70606994628906 188.24961853027344 205.70606994628906 241.04772567749023 130.7667694091797 241.04772567749023
130.8571014404297 198.03994750976562 208.48999786376953 198.03994750976562 208.48999786376953 249.21131134033203 130.8571014404297 249.21131134033203
136.20314025878906 199.37533569335938 211.90036010742188 199.37533569335938 211.90036010742188 252.70743560791016 136.20314025878906 252.70743560791016
142.09555053710938 205.52523803710938 218.5891571044922 205.52523803710938 218.5891571044922 259.4184265136719 142.09555053710938 259.4184265136719
144.76382446289062 205.34890747070312 222.45067596435547 205.34890747070312 222.45067596435547 258.8087844848633 144.76382446289062 258.8087844848633
151.86199951171875 213.476318359375 229.35845947265625 213.476318359375 229.35845947265625 268.07605743408203 151.86199951171875 268.07605743408203
169.57620239257812 214.3203125 252.90874481201172 214.3203125 252.90874481201172 267.0297431945801 169.57620239257812 267.0297431945801
187.38656616210938 212.9029998779297 268.1153030395508 212.9029998779297 268.1153030395508 269.78002166748047 187.38656616210938 269.78002166748047
185.60379028320312 216.26223754882812 268.6024475097656 216.26223754882812 268.6024475097656 274.73851776123047 185.60379028320312 274.73851776123047
201.26260375976562 218.3041229248047 285.90015411376953 218.3041229248047 285.90015411376953 277.93507385253906 201.26260375976562 277.93507385253906
215.24044799804688 220.26431274414062 300.8057327270508 220.26431274414062 300.8057327270508 280.5488967895508 215.24044799804688 280.5488967895508
218.4788360595703 223.0976104736328 304.0106201171875 223.0976104736328 304.0106201171875 283.3585891723633 218.4788360595703 283.3585891723633
233.74136352539062 227.911865234375 320.7778091430664 227.911865234375 320.7778091430664 289.2329406738281 233.74136352539062 289.2329406738281
230.89944458007812 228.48056030273438 321.0040588378906 228.48056030273438 321.0040588378906 291.9632987976074 230.89944458007812 291.9632987976074
244.81625366210938 231.3082275390625 334.88196563720703 231.3082275390625 334.88196563720703 294.7635612487793 244.81625366210938 294.7635612487793
250.0016632080078 234.08309936523438 341.56494140625 234.08309936523438 341.56494140625 298.5935363769531 250.0016632080078 298.5935363769531
258.028564453125 234.628662109375 352.4206085205078 234.628662109375 352.4206085205078 301.13209533691406 258.028564453125 301.13209533691406
262.4882507324219 238.4658203125 356.15277099609375 238.4658203125 356.15277099609375 304.45668029785156 262.4882507324219 304.45668029785156
270.37646484375 242.2771759033203 364.6064453125 242.2771759033203 364.6064453125 308.6664276123047 270.37646484375 308.6664276123047
281.24884033203125 244.36672973632812 378.19358825683594 244.36672973632812 378.19358825683594 312.6686553955078 281.24884033203125 312.6686553955078
289.1878967285156 247.25088500976562 386.67174530029297 247.25088500976562 386.67174530029297 315.93263244628906 289.1878967285156 315.93263244628906
302.7281188964844 249.9024658203125 401.6071243286133 249.9024658203125 401.6071243286133 319.56715393066406 302.7281188964844 319.56715393066406
349.70123291015625 277.6985778808594 449.4963607788086 277.6985778808594 449.4963607788086 348.0087127685547 349.70123291015625 348.0087127685547
364.9833068847656 285.8395080566406 467.0836868286133 285.8395080566406 467.0836868286133 355.99478912353516 364.9833068847656 355.99478912353516
380.2762756347656 287.53668212890625 484.9285354614258 287.53668212890625 484.9285354614258 356.4395980834961 380.2762756347656 356.4395980834961
408.9801330566406 294.97149658203125 512.4120330810547 294.97149658203125 512.4120330810547 367.8438949584961 408.9801330566406 367.8438949584961
418.1156311035156 296.1404724121094 520.2061462402344 296.1404724121094 520.2061462402344 368.0678024291992 418.1156311035156 368.0678024291992
445.221435546875 308.7127990722656 552.1366195678711 308.7127990722656 552.1366195678711 378.4272766113281 445.221435546875 378.4272766113281
450.907470703125 312.93780517578125 554.9949722290039 312.93780517578125 554.9949722290039 386.27210998535156 450.907470703125 386.27210998535156
470.2467346191406 319.30364990234375 576.9841766357422 319.30364990234375 576.9841766357422 394.5049514770508 470.2467346191406 394.5049514770508
484.14581298828125 324.7955017089844 590.0130004882812 324.7955017089844 590.0130004882812 399.3836669921875 484.14581298828125 399.3836669921875
509.7420349121094 336.74884033203125 621.999397277832 336.74884033203125 621.999397277832 408.9671859741211 509.7420349121094 408.9671859741211
519.36767578125 345.425537109375 628.3195343017578 345.425537109375 628.3195343017578 410.6355667114258 519.36767578125 410.6355667114258
520.5439453125 352.06451416015625 628.2637939453125 352.06451416015625 628.2637939453125 418.26698303222656 520.5439453125 418.26698303222656
521.1336669921875 343.076416015625 626.4224624633789 343.076416015625 626.4224624633789 410.56505584716797 521.1336669921875 410.56505584716797
529.1845703125 347.11907958984375 628.9999847412109 347.11907958984375 628.9999847412109 417.44349670410156 529.1845703125 417.44349670410156
527.4700317382812 381.54925537109375 628.7023468017578 381.54925537109375 628.7023468017578 452.8719482421875 527.4700317382812 452.8719482421875
454.30303955078125 388.8621826171875 553.8536071777344 388.8621826171875 553.8536071777344 459.00000762939453 454.30303955078125 459.00000762939453
383.1494445800781 334.032958984375 483.08372497558594 334.032958984375 483.08372497558594 404.44112396240234 383.1494445800781 404.44112396240234
