287.0 228.0 399.0 228.0 399.0 321.0 287.0 321.0
287.3155517578125 228.51358032226562 399.64163970947266 228.51358032226562 399.64163970947266 320.16297912597656 287.3155517578125 320.16297912597656
286.59820556640625 227.5222625732422 400.47789001464844 227.5222625732422 400.47789001464844 319.59422302246094 286.59820556640625 319.59422302246094
289.84759521484375 226.7227783203125 402.15260314941406 226.7227783203125 402.15260314941406 319.8005065917969 289.84759521484375 319.8005065917969
289.6796569824219 225.7416229248047 401.1813201904297 225.7416229248047 401.1813201904297 317.488525390625 289.6796569824219 317.488525390625
289.320068359375 224.79989624023438 401.5183334350586 224.79989624023438 401.5183334350586 316.8124542236328 289.320068359375 316.8124542236328
291.1690673828125 224.3807830810547 403.38645935058594 224.3807830810547 403.38645935058594 315.7989959716797 291.1690673828125 315.7989959716797
290.46795654296875 224.6007537841797 403.62691497802734 224.6007537841797 403.62691497802734 314.28978729248047 290.46795654296875 314.28978729248047
291.67999267578125 223.8584442138672 405.0189437866211 223.8584442138672 405.0189437866211 314.27439880371094 291.67999267578125 314.27439880371094
292.4011535644531 223.7328643798828 405.8600158691406 223.7328643798828 405.8600158691406 313.8922119140625 292.4011535644531 313.8922119140625
292.77490234375 222.0876007080078 406.0203094482422 222.0876007080078 406.0203094482422 313.88702392578125 292.77490234375 313.88702392578125
291.96038818359375 222.12490844726562 407.98838806152344 222.12490844726562 407.98838806152344 312.35548400878906 291.96038818359375 312.35548400878906
293.4834899902344 220.8069610595703 407.6295700073242 220.8069610595703 407.6295700073242 311.32799530029297 293.4834899902344 311.32799530029297
293.7453308105469 220.8377227783203 408.39390563964844 220.8377227783203 408.39390563964844 310.63372802734375 293.7453308105469 310.63372802734375
293.0961608886719 219.1537322998047 410.1305694580078 219.1537322998047 410.1305694580078 311.0723571777344 293.0961608886719 311.0723571777344
294.80572509765625 219.86328125 412.16636657714844 219.86328125 412.16636657714844 309.0451431274414 294.80572509765625 309.0451431274414
295.3380432128906 219.4717254638672 412.9781036376953 219.4717254638672 412.9781036376953 308.15667724609375 295.3380432128906 308.15667724609375
296.4636535644531 219.2245330810547 414.2153625488281 219.2245330810547 414.2153625488281 307.44193267822266 296.4636535644531 307.44193267822266
297.77789306640625 219.08447265625 415.1187973022461 219.08447265625 415.1187973022461 307.2896499633789 297.77789306640625 307.2896499633789
296.9447326660156 218.6718292236328 416.8340606689453 218.6718292236328 416.8340606689453 305.54310607910156 296.9447326660156 305.54310607910156
297.38165283203125 217.3621826171875 416.9651336669922 217.3621826171875 416.9651336669922 306.2971725463867 297.38165283203125 306.2971725463867
297.74359130859375 217.4676513671875 418.7542953491211 217.4676513671875 418.7542953491211 305.55152893066406 297.74359130859375 305.55152893066406
299.1292419433594 217.7340850830078 419.9531784057617 217.7340850830078 419.9531784057617 304.64888763427734 299.1292419433594 304.64888763427734
300.42584228515625 217.32461547851562 421.37601470947266 217.32461547851562 421.37601470947266 304.8981399536133 300.42584228515625 304.8981399536133
302.2637939453125 216.9322509765625 423.3458709716797 216.9322509765625 423.3458709716797 305.04090118408203 302.2637939453125 305.04090118408203
301.4778747558594 217.36373901367188 426.2141571044922 217.36373901367188 426.2141571044922 304.34523010253906 301.4778747558594 304.34523010253906
303.24224853515625 216.87765502929688 424.01072692871094 216.87765502929688 424.01072692871094 303.6797790527344 303.24224853515625 303.6797790527344
303.81695556640625 216.0844268798828 424.44730377197266 216.0844268798828 424.44730377197266 302.3082504272461 303.81695556640625 302.3082504272461
304.7288513183594 215.00015258789062 427.04674530029297 215.00015258789062 427.04674530029297 302.41637420654297 304.7288513183594 302.41637420654297
304.6600646972656 215.2161102294922 428.2267150878906 215.2161102294922 428.2267150878906 302.01731872558594 304.6600646972656 302.01731872558594
308.31182861328125 215.39712524414062 431.9744873046875 215.39712524414062 431.9744873046875 301.4414749145508 308.31182861328125 301.4414749145508
308.36920166015625 215.32247924804688 433.35042572021484 215.32247924804688 433.35042572021484 301.9277877807617 308.36920166015625 301.9277877807617
309.87030029296875 214.4671173095703 430.94078063964844 214.4671173095703 430.94078063964844 301.7361145019531 309.87030029296875 301.7361145019531
311.11785888671875 213.9825439453125 437.90889739990234 213.9825439453125 437.90889739990234 301.4796600341797 311.11785888671875 301.4796600341797
311.94512939453125 214.049560546875 438.2213592529297 214.049560546875 438.2213592529297 301.9183120727539 311.94512939453125 301.9183120727539
313.3944091796875 214.0071563720703 437.8616714477539 214.0071563720703 437.8616714477539 301.1268615722656 313.3944091796875 301.1268615722656
314.48382568359375 213.01620483398438 437.1598358154297 213.01620483398438 437.1598358154297 300.01658630371094 314.48382568359375 300.01658630371094
315.2990417480469 212.5254364013672 441.4216995239258 212.5254364013672 441.4216995239258 301.2742919921875 315.2990417480469 301.2742919921875
316.382568359375 211.9077606201172 440.2270278930664 211.9077606201172 440.2270278930664 300.73316955566406 316.382568359375 300.73316955566406
318.697265625 211.27859497070312 443.31070709228516 211.27859497070312 443.31070709228516 299.47960662841797 318.697265625 299.47960662841797
320.1635437011719 210.67135620117188 444.1129608154297 210.67135620117188 444.1129608154297 298.5040969848633 320.1635437011719 298.5040969848633
322.48846435546875 211.425048828125 446.73939514160156 211.425048828125 446.73939514160156 298.67002868652344 322.48846435546875 298.67002868652344
323.01007080078125 211.2269287109375 443.9946060180664 211.2269287109375 443.9946060180664 298.91922760009766 323.01007080078125 298.91922760009766
324.93206787109375 210.6609649658203 445.4296417236328 210.6609649658203 445.4296417236328 297.5769958496094 324.93206787109375 297.5769958496094
326.57781982421875 209.7460479736328 446.85872650146484 209.7460479736328 446.85872650146484 297.4908905029297 326.57781982421875 297.4908905029297
328.7305908203125 209.3015899658203 447.4043731689453 209.3015899658203 447.4043731689453 297.1521987915039 328.7305908203125 297.1521987915039
337.2676696777344 209.045654296875 454.27246856689453 209.045654296875 454.27246856689453 298.78318786621094 337.2676696777344 298.78318786621094
335.7038879394531 208.34591674804688 450.7717742919922 208.34591674804688 450.7717742919922 296.7998504638672 335.7038879394531 296.7998504638672
335.10699462890625 208.800048828125 455.0561294555664 208.800048828125 455.0561294555664 297.01184844970703 335.10699462890625 297.01184844970703
339.1954650878906 207.1503143310547 457.3811721801758 207.1503143310547 457.3811721801758 295.1014709472656 339.1954650878906 295.1014709472656
342.74530029296875 206.0970458984375 457.10079193115234 206.0970458984375 457.10079193115234 294.9912414550781 342.74530029296875 294.9912414550781
346.69073486328125 208.2490997314453 459.371826171875 208.2490997314453 459.371826171875 296.4621887207031 346.69073486328125 296.4621887207031
350.9173889160156 210.9784393310547 464.8779602050781 210.9784393310547 464.8779602050781 296.4221954345703 350.9173889160156 296.4221954345703
353.5267639160156 208.40676879882812 463.3647994995117 208.40676879882812 463.3647994995117 295.79541778564453 353.5267639160156 295.79541778564453
354.4059143066406 209.26611328125 463.7852325439453 209.26611328125 463.7852325439453 295.12769317626953 354.4059143066406 295.12769317626953
360.2746887207031 211.45059204101562 467.7360076904297 211.45059204101562 467.7360076904297 298.50687408447266 360.2746887207031 298.50687408447266
360.2644958496094 209.896240234375 468.6071319580078 209.896240234375 468.6071319580078 297.80204010009766 360.2644958496094 297.80204010009766
361.4892578125 208.41195678710938 469.3532257080078 208.41195678710938 469.3532257080078 295.44146728515625 361.4892578125 295.44146728515625
363.27593994140625 210.71231079101562 469.79463958740234 210.71231079101562 469.79463958740234 299.16088104248047 363.27593994140625 299.16088104248047
364.43548583984375 212.2319793701172 471.0615692138672 212.2319793701172 471.0615692138672 297.0711975097656 364.43548583984375 297.0711975097656
370.81927490234375 209.9794464111328 475.85400390625 209.9794464111328 475.85400390625 297.1957778930664 370.81927490234375 297.1957778930664
371.82647705078125 211.0867156982422 476.07125091552734 211.0867156982422 476.07125091552734 297.64710235595703 371.82647705078125 297.64710235595703
375.32415771484375 208.930419921875 480.7831573486328 208.930419921875 480.7831573486328 296.4990463256836 375.32415771484375 296.4990463256836
377.1925354003906 208.218017578125 482.36547088623047 208.218017578125 482.36547088623047 295.54911041259766 377.1925354003906 295.54911041259766
377.32708740234375 209.9028778076172 480.4288101196289 209.9028778076172 480.4288101196289 295.5141296386719 377.32708740234375 295.5141296386719
380.63623046875 212.93795776367188 483.16065979003906 212.93795776367188 483.16065979003906 298.06983947753906 380.63623046875 298.06983947753906
382.95965576171875 208.86447143554688 485.4013671875 208.86447143554688 485.4013671875 293.9276657104492 382.95965576171875 293.9276657104492
383.17291259765625 210.57046508789062 484.7496795654297 210.57046508789062 484.7496795654297 294.9154510498047 383.17291259765625 294.9154510498047
385.18304443359375 207.96707153320312 486.4388885498047 207.96707153320312 486.4388885498047 292.0455780029297 385.18304443359375 292.0455780029297
362.7721252441406 210.2310028076172 463.68931579589844 210.2310028076172 463.68931579589844 294.02830505371094 362.7721252441406 294.02830505371094
341.9855041503906 203.73065185546875 442.47120666503906 203.73065185546875 442.47120666503906 287.16966247558594 341.9855041503906 287.16966247558594
314.4988098144531 209.0498809814453 416.5976867675781 209.0498809814453 416.5976867675781 293.8283996582031 314.4988098144531 293.8283996582031
279.32159423828125 208.43215942382812 381.53113555908203 208.43215942382812 381.53113555908203 293.3025665283203 279.32159423828125 293.3025665283203
237.2616424560547 209.0559844970703 338.72796630859375 209.0559844970703 338.72796630859375 293.3092575073242 237.2616424560547 293.3092575073242
203.45428466796875 207.49215698242188 307.00479888916016 207.49215698242188 307.00479888916016 293.47605895996094 203.45428466796875 293.47605895996094
174.47967529296875 208.5299530029297 278.9065170288086 208.5299530029297 278.9065170288086 295.2415237426758 174.47967529296875 295.2415237426758
179.55477905273438 206.1757354736328 283.13976287841797 206.1757354736328 283.13976287841797 292.1882629394531 179.55477905273438 292.1882629394531
182.1375732421875 208.3394317626953 285.16983795166016 208.3394317626953 285.16983795166016 293.89300537109375 182.1375732421875 293.89300537109375
183.81802368164062 210.35556030273438 287.33397674560547 210.35556030273438 287.33397674560547 294.59934997558594 183.81802368164062 294.59934997558594
188.29608154296875 209.5255889892578 291.9144287109375 209.5255889892578 291.9144287109375 295.5658187866211 188.29608154296875 295.5658187866211
189.99325561523438 202.7903594970703 294.4768524169922 202.7903594970703 294.4768524169922 288.40465545654297 189.99325561523438 288.40465545654297
192.44223022460938 205.5574188232422 294.73724365234375 205.5574188232422 294.73724365234375 289.94884490966797 192.44223022460938 289.94884490966797
195.4683074951172 211.4851837158203 299.39476013183594 211.4851837158203 299.39476013183594 294.74605560302734 195.4683074951172 294.74605560302734
196.8588409423828 209.9335479736328 299.4994430541992 209.9335479736328 299.4994430541992 291.8260192871094 196.8588409423828 291.8260192871094
198.8864288330078 210.2061309814453 302.20196533203125 210.2061309814453 302.20196533203125 291.303466796875 198.8864288330078 291.303466796875
201.70877075195312 209.08480834960938 304.4222869873047 209.08480834960938 304.4222869873047 292.66832733154297 201.70877075195312 292.66832733154297
202.54702758789062 212.3751983642578 307.2813415527344 212.3751983642578 307.2813415527344 292.37210845947266 202.54702758789062 292.37210845947266
206.12631225585938 207.6183319091797 310.2925720214844 207.6183319091797 310.2925720214844 289.9057846069336 206.12631225585938 289.9057846069336
209.3578643798828 208.37612915039062 311.01525115966797 208.37612915039062 311.01525115966797 290.8402786254883 209.3578643798828 290.8402786254883
213.4597625732422 206.1638641357422 314.1499938964844 206.1638641357422 314.1499938964844 287.6043014526367 213.4597625732422 287.6043014526367
213.9180145263672 210.99234008789062 317.0210876464844 210.99234008789062 317.0210876464844 291.7899932861328 213.9180145263672 291.7899932861328
216.922607421875 213.6010284423828 319.26393127441406 213.6010284423828 319.26393127441406 292.74263763427734 216.922607421875 292.74263763427734
219.17105102539062 213.100341796875 322.22279357910156 213.100341796875 322.22279357910156 292.87195587158203 219.17105102539062 292.87195587158203
226.00341796875 211.6426239013672 328.17427825927734 211.6426239013672 328.17427825927734 291.9676742553711 226.00341796875 291.9676742553711
229.294921875 207.91934204101562 328.8377914428711 207.91934204101562 328.8377914428711 288.98313903808594 229.294921875 288.98313903808594
233.95022583007812 210.9033660888672 331.3709487915039 210.9033660888672 331.3709487915039 291.01231384277344 233.95022583007812 291.01231384277344
234.1038055419922 211.01138305664062 329.90882873535156 211.01138305664062 329.90882873535156 289.04541778564453 234.1038055419922 289.04541778564453
236.7933349609375 213.20681762695312 332.22139739990234 213.20681762695312 332.22139739990234 290.3246078491211 236.7933349609375 290.3246078491211
240.3300018310547 210.21621704101562 332.3955078125 210.21621704101562 332.3955078125 287.6326370239258 240.3300018310547 287.6326370239258
242.45272827148438 210.8842010498047 335.4906463623047 210.8842010498047 335.4906463623047 287.3495559692383 242.45272827148438 287.3495559692383
244.20211791992188 212.7325897216797 336.6393356323242 212.7325897216797 336.6393356323242 288.8404235839844 244.20211791992188 288.8404235839844
206.5557098388672 206.0572967529297 299.10973358154297 206.0572967529297 299.10973358154297 281.2530975341797 206.5557098388672 281.2530975341797
170.2445068359375 208.47543334960938 262.67530822753906 208.47543334960938 262.67530822753906 285.2260055541992 170.2445068359375 285.2260055541992
138.0047149658203 207.487548828125 230.0326919555664 207.487548828125 230.0326919555664 283.9036407470703 138.0047149658203 283.9036407470703
103.18171691894531 209.72396850585938 195.93441772460938 209.72396850585938 195.93441772460938 286.74183654785156 103.18171691894531 286.74183654785156
56.31329345703125 210.8527374267578 149.49859619140625 210.8527374267578 149.49859619140625 288.2298278808594 56.31329345703125 288.2298278808594
65.35475158691406 211.2415313720703 159.275146484375 211.2415313720703 159.275146484375 289.22901916503906 65.35475158691406 289.22901916503906
71.15841674804688 208.6504669189453 164.5992431640625 208.6504669189453 164.5992431640625 286.23974609375 71.15841674804688 286.23974609375
71.13308715820312 213.2565460205078 163.6847381591797 213.2565460205078 163.6847381591797 290.10748291015625 71.13308715820312 290.10748291015625
78.05754089355469 210.55789184570312 168.7485809326172 210.55789184570312 168.7485809326172 285.8638610839844 78.05754089355469 285.8638610839844
75.80986022949219 212.8994140625 166.02400970458984 212.8994140625 166.02400970458984 287.8093948364258 75.80986022949219 287.8093948364258
79.93245697021484 211.29257202148438 170.423583984375 211.29257202148438 170.423583984375 286.4325408935547 79.93245697021484 286.4325408935547
83.01456451416016 212.84646606445312 170.36791229248047 212.84646606445312 170.36791229248047 285.3809585571289 83.01456451416016 285.3809585571289
86.83219146728516 213.49118041992188 173.2113265991211 213.49118041992188 173.2113265991211 285.21673583984375 86.83219146728516 285.21673583984375
92.50895690917969 214.2941436767578 179.6743621826172 214.2941436767578 179.6743621826172 286.6725845336914 92.50895690917969 286.6725845336914
95.73111724853516 213.4035186767578 183.0569610595703 213.4035186767578 183.0569610595703 285.91517639160156 95.73111724853516 285.91517639160156
95.42253112792969 211.9611053466797 182.44351959228516 211.9611053466797 182.44351959228516 284.2196273803711 95.42253112792969 284.2196273803711
100.85444641113281 213.546630859375 187.20427703857422 213.546630859375 187.20427703857422 285.2478485107422 100.85444641113281 285.2478485107422
104.40232849121094 215.32711791992188 188.8403091430664 215.32711791992188 188.8403091430664 285.44081115722656 104.40232849121094 285.44081115722656
106.82376861572266 214.6233673095703 190.30550384521484 214.6233673095703 190.30550384521484 283.9430465698242 106.82376861572266 283.9430465698242
111.5234146118164 213.89096069335938 194.77391815185547 213.89096069335938 194.77391815185547 283.0186309814453 111.5234146118164 283.0186309814453
116.2311019897461 213.43643188476562 199.31688690185547 213.43643188476562 199.31688690185547 282.4273223876953 116.2311019897461 282.4273223876953
121.27403259277344 216.6234588623047 202.7724609375 216.6234588623047 202.7724609375 284.29627227783203 121.27403259277344 284.29627227783203
123.83992004394531 216.048583984375 203.90184783935547 216.048583984375 203.90184783935547 282.52857971191406 123.83992004394531 282.52857971191406
129.48020935058594 216.53494262695312 209.88848114013672 216.53494262695312 209.88848114013672 283.3025360107422 129.48020935058594 283.3025360107422
133.46827697753906 214.5062255859375 212.7435531616211 214.5062255859375 212.7435531616211 280.3330307006836 133.46827697753906 280.3330307006836
135.4248809814453 215.6331024169922 214.0073013305664 215.6331024169922 214.0073013305664 280.8845977783203 135.4248809814453 280.8845977783203
140.63668823242188 215.4737091064453 220.40248107910156 215.4737091064453 220.40248107910156 281.70782470703125 140.63668823242188 281.70782470703125
143.07943725585938 214.0634002685547 222.51515197753906 214.0634002685547 222.51515197753906 280.0234375 143.07943725585938 280.0234375
145.86123657226562 213.7207489013672 227.41407012939453 213.7207489013672 227.41407012939453 281.4387512207031 145.86123657226562 281.4387512207031
150.9860382080078 210.8681640625 233.74462890625 210.8681640625 233.74462890625 279.5873718261719 150.9860382080078 279.5873718261719
151.9589080810547 211.7283477783203 235.59075164794922 211.7283477783203 235.59075164794922 281.17266845703125 151.9589080810547 281.17266845703125
158.19699096679688 212.6133270263672 241.43577575683594 212.6133270263672 241.43577575683594 281.73126220703125 158.19699096679688 281.73126220703125
160.50820922851562 211.0249786376953 245.06394958496094 211.0249786376953 245.06394958496094 281.23645782470703 160.50820922851562 281.23645782470703
162.10104370117188 210.7985382080078 246.0720443725586 210.7985382080078 246.0720443725586 280.52447509765625 162.10104370117188 280.52447509765625
166.63275146484375 213.4067840576172 250.15199279785156 213.4067840576172 250.15199279785156 283.3401184082031 166.63275146484375 283.3401184082031
172.8238525390625 209.9317169189453 256.45191955566406 209.9317169189453 256.45191955566406 279.3728942871094 172.8238525390625 279.3728942871094
177.64730834960938 211.850830078125 260.1009216308594 211.850830078125 260.1009216308594 280.31678771972656 177.64730834960938 280.31678771972656
184.45346069335938 211.4298553466797 266.03306579589844 211.4298553466797 266.03306579589844 279.1700744628906 184.45346069335938 279.1700744628906
187.71054077148438 212.06002807617188 268.14219665527344 212.06002807617188 268.14219665527344 278.84703063964844 187.71054077148438 278.84703063964844
191.134033203125 213.0114288330078 271.32794189453125 213.0114288330078 271.32794189453125 279.60101318359375 191.134033203125 279.60101318359375
193.94163513183594 210.91860961914062 275.14876556396484 210.91860961914062 275.14876556396484 278.34952545166016 193.94163513183594 278.34952545166016
200.6371307373047 212.06564331054688 282.39073181152344 212.06564331054688 282.39073181152344 279.95032501220703 200.6371307373047 279.95032501220703
210.42031860351562 211.24765014648438 291.59971618652344 211.24765014648438 291.59971618652344 278.6555404663086 210.42031860351562 278.6555404663086
214.91592407226562 211.7460479736328 296.01048278808594 211.7460479736328 296.01048278808594 279.08349609375 214.91592407226562 279.08349609375
221.63925170898438 209.8792724609375 303.6788864135742 209.8792724609375 303.6788864135742 278.00148010253906 221.63925170898438 278.00148010253906
228.644287109375 209.851318359375 310.5042495727539 209.851318359375 310.5042495727539 277.79527282714844 228.644287109375 277.79527282714844
232.966064453125 207.6273651123047 314.9795837402344 207.6273651123047 314.9795837402344 276.3919906616211 232.966064453125 276.3919906616211
247.1395721435547 205.09152221679688 329.81219482421875 205.09152221679688 329.81219482421875 273.7393341064453 247.1395721435547 273.7393341064453
250.9865264892578 204.8460693359375 334.6807174682617 204.8460693359375 334.6807174682617 274.34214782714844 250.9865264892578 274.34214782714844
254.6491241455078 204.912109375 338.6568145751953 204.912109375 338.6568145751953 274.57716369628906 254.6491241455078 274.57716369628906
264.0836181640625 204.2779541015625 347.48069763183594 204.2779541015625 347.48069763183594 273.51654052734375 264.0836181640625 273.51654052734375
275.799072265625 208.5029754638672 359.67481994628906 208.5029754638672 359.67481994628906 276.72900390625 275.799072265625 276.72900390625
281.0426330566406 206.7683563232422 365.61190032958984 206.7683563232422 365.61190032958984 275.37379455566406 281.0426330566406 275.37379455566406
285.9822082519531 208.6781768798828 371.4191665649414 208.6781768798828 371.4191665649414 276.6969223022461 285.9822082519531 276.6969223022461
295.4080505371094 208.45407104492188 378.1449508666992 208.45407104492188 378.1449508666992 274.9403381347656 295.4080505371094 274.9403381347656
291.7357482910156 208.70797729492188 376.7999801635742 208.70797729492188 376.7999801635742 273.6084671020508 291.7357482910156 273.6084671020508
255.4780731201172 204.8782196044922 337.4198532104492 204.8782196044922 337.4198532104492 272.91917419433594 255.4780731201172 272.91917419433594
211.0160675048828 202.0355682373047 293.3085632324219 202.0355682373047 293.3085632324219 270.36773681640625 211.0160675048828 270.36773681640625
198.11361694335938 204.49252319335938 280.61048126220703 204.49252319335938 280.61048126220703 272.99439239501953 198.11361694335938 272.99439239501953
169.39236450195312 206.505126953125 253.54356384277344 206.505126953125 253.54356384277344 273.86739349365234 169.39236450195312 273.86739349365234
179.2506103515625 204.19593811035156 263.7992935180664 204.19593811035156 263.7992935180664 274.40155029296875 179.2506103515625 274.40155029296875
192.73910522460938 205.3390350341797 276.8883743286133 205.3390350341797 276.8883743286133 275.2129821777344 192.73910522460938 275.2129821777344
196.8504180908203 204.59005737304688 279.9959716796875 204.59005737304688 279.9959716796875 273.6305694580078 196.8504180908203 273.6305694580078
205.98654174804688 206.1757049560547 288.2844543457031 206.1757049560547 288.2844543457031 274.5123825073242 205.98654174804688 274.5123825073242
213.82107543945312 203.36215209960938 295.54124450683594 203.36215209960938 295.54124450683594 271.2190933227539 213.82107543945312 271.2190933227539
226.3630828857422 203.8609619140625 305.26493072509766 203.8609619140625 305.26493072509766 272.010498046875 226.3630828857422 272.010498046875
231.1926727294922 205.70718383789062 303.4581069946289 205.70718383789062 303.4581069946289 276.02977752685547 231.1926727294922 276.02977752685547
247.21719360351562 201.4853057861328 329.67650604248047 201.4853057861328 329.67650604248047 269.9560089111328 247.21719360351562 269.9560089111328
262.043701171875 198.2574005126953 336.6376953125 198.2574005126953 336.6376953125 271.5552444458008 262.043701171875 271.5552444458008
275.35797119140625 198.84512329101562 349.6699981689453 198.84512329101562 349.6699981689453 274.6673583984375 275.35797119140625 274.6673583984375
276.23211669921875 201.60140991210938 358.89000701904297 201.60140991210938 358.89000701904297 270.2370147705078 276.23211669921875 270.2370147705078
281.6568908691406 199.58619689941406 365.1362533569336 199.58619689941406 365.1362533569336 268.9039077758789 281.6568908691406 268.9039077758789
289.84503173828125 202.24729919433594 370.8926544189453 202.24729919433594 370.8926544189453 274.7724380493164 289.84503173828125 274.7724380493164
297.13031005859375 202.1524200439453 375.49769592285156 202.1524200439453 375.49769592285156 273.6410446166992 297.13031005859375 273.6410446166992
317.7486267089844 203.5079345703125 395.35009765625 203.5079345703125 395.35009765625 273.9043273925781 317.7486267089844 273.9043273925781
338.33502197265625 196.78048706054688 415.3324432373047 196.78048706054688 415.3324432373047 267.7308654785156 338.33502197265625 267.7308654785156
351.76251220703125 196.86798095703125 427.19217681884766 196.86798095703125 427.19217681884766 266.8687515258789 351.76251220703125 266.8687515258789
359.9161682128906 196.80380249023438 437.74452209472656 196.80380249023438 437.74452209472656 267.0626525878906 359.9161682128906 267.0626525878906
356.0197448730469 200.9909210205078 439.3983917236328 200.9909210205078 439.3983917236328 270.02188873291016 356.0197448730469 270.02188873291016
319.7528381347656 197.56143188476562 401.3510055541992 197.56143188476562 401.3510055541992 265.31707763671875 319.7528381347656 265.31707763671875
283.4172668457031 198.3851776123047 365.00669860839844 198.3851776123047 365.00669860839844 266.1335678100586 283.4172668457031 266.1335678100586
292.931640625 199.4132537841797 372.33839416503906 199.4132537841797 372.33839416503906 265.75330352783203 292.931640625 265.75330352783203
304.83477783203125 199.7569580078125 384.0105209350586 199.7569580078125 384.0105209350586 265.5011291503906 304.83477783203125 265.5011291503906
314.7098083496094 199.8555450439453 391.10877990722656 199.8555450439453 391.10877990722656 267.1496124267578 314.7098083496094 267.1496124267578
330.9664611816406 196.1810302734375 406.31407928466797 196.1810302734375 406.31407928466797 262.98766326904297 330.9664611816406 262.98766326904297
340.0619201660156 196.93710327148438 420.7770538330078 196.93710327148438 420.7770538330078 263.9595184326172 340.0619201660156 263.9595184326172
342.33441162109375 197.22988891601562 423.6997833251953 197.22988891601562 423.6997833251953 264.79224395751953 342.33441162109375 264.79224395751953
351.71295166015625 196.6796112060547 431.9308319091797 196.6796112060547 431.9308319091797 263.2891387939453 351.71295166015625 263.2891387939453
350.943115234375 195.88650512695312 430.75528717041016 195.88650512695312 430.75528717041016 262.15914154052734 350.943115234375 262.15914154052734
329.9986877441406 199.528564453125 407.9749298095703 199.528564453125 407.9749298095703 264.27672576904297 329.9986877441406 264.27672576904297
303.72467041015625 199.79483032226562 381.38409423828125 199.79483032226562 381.38409423828125 264.27991485595703 303.72467041015625 264.27991485595703
278.9143981933594 199.88320922851562 357.7762145996094 199.88320922851562 357.7762145996094 265.36671447753906 278.9143981933594 265.36671447753906
264.9740905761719 193.6344757080078 342.78430938720703 193.6344757080078 342.78430938720703 258.22098541259766 264.9740905761719 258.22098541259766
228.0675048828125 199.52789306640625 306.8492431640625 199.52789306640625 306.8492431640625 264.64939880371094 228.0675048828125 264.64939880371094
186.66490173339844 198.63380432128906 266.82987213134766 198.63380432128906 266.82987213134766 265.19937896728516 186.66490173339844 265.19937896728516
166.7264404296875 200.90011596679688 246.88185119628906 200.90011596679688 246.88185119628906 267.45774841308594 166.7264404296875 267.45774841308594
143.3563690185547 211.28201293945312 222.21060180664062 211.28201293945312 222.21060180664062 276.7592010498047 143.3563690185547 276.7592010498047
98.38339233398438 201.50379943847656 179.3248291015625 201.50379943847656 179.3248291015625 268.714111328125 98.38339233398438 268.714111328125
87.57728576660156 208.55612182617188 168.1298370361328 208.55612182617188 168.1298370361328 275.44351959228516 87.57728576660156 275.44351959228516
58.69776153564453 206.6711883544922 138.68463897705078 206.6711883544922 138.68463897705078 273.08887481689453 58.69776153564453 273.08887481689453
73.35859680175781 202.66043090820312 155.24149322509766 202.66043090820312 155.24149322509766 270.6524963378906 73.35859680175781 270.6524963378906
62.5232048034668 193.39895629882812 144.5544319152832 193.39895629882812 144.5544319152832 261.51419830322266 62.5232048034668 261.51419830322266
105.89739990234375 193.1492919921875 188.4518280029297 193.1492919921875 188.4518280029297 261.698974609375 105.89739990234375 261.698974609375
86.45893859863281 194.1763153076172 169.20848846435547 194.1763153076172 169.20848846435547 262.8880157470703 86.45893859863281 262.8880157470703
79.40568542480469 197.03607177734375 164.08505249023438 197.03607177734375 164.08505249023438 260.0701370239258 79.40568542480469 260.0701370239258
94.47007751464844 199.19894409179688 177.09040069580078 199.19894409179688 177.09040069580078 262.0047378540039 94.47007751464844 262.0047378540039
109.16325378417969 199.25433349609375 193.40585327148438 199.25433349609375 193.40585327148438 261.2516555786133 109.16325378417969 261.2516555786133
118.11090087890625 193.99673461914062 199.5860595703125 193.99673461914062 199.5860595703125 259.2215576171875 118.11090087890625 259.2215576171875
137.0567169189453 199.0671844482422 217.51071166992188 199.0671844482422 217.51071166992188 261.4812889099121 137.0567169189453 261.4812889099121
152.822509765625 194.88894653320312 231.4065704345703 194.88894653320312 231.4065704345703 260.1022720336914 152.822509765625 260.1022720336914
167.78070068359375 191.71621704101562 243.78530883789062 191.71621704101562 243.78530883789062 256.6945495605469 167.78070068359375 256.6945495605469
177.4816436767578 188.22256469726562 253.427978515625 188.22256469726562 253.427978515625 252.19440841674805 177.4816436767578 252.19440841674805
203.2050323486328 187.5607147216797 278.82850646972656 187.5607147216797 278.82850646972656 250.35520935058594 203.2050323486328 250.35520935058594
199.30885314941406 187.18905639648438 275.281005859375 187.18905639648438 275.281005859375 250.27309036254883 199.30885314941406 250.27309036254883
182.33560180664062 188.01400756835938 257.07263946533203 188.01400756835938 257.07263946533203 250.07245635986328 182.33560180664062 250.07245635986328
85.7318115234375 196.2774200439453 160.8579559326172 196.2774200439453 160.8579559326172 258.65897369384766 85.7318115234375 258.65897369384766
101.87914276123047 197.23648071289062 178.15228271484375 197.23648071289062 178.15228271484375 260.2977485656738 101.87914276123047 260.2977485656738
115.1004867553711 194.47703552246094 192.09896087646484 194.47703552246094 192.09896087646484 258.41329193115234 115.1004867553711 258.41329193115234
128.47378540039062 196.1643524169922 205.53741455078125 196.1643524169922 205.53741455078125 260.1547164916992 128.47378540039062 260.1547164916992
137.36386108398438 192.8189697265625 214.89065551757812 192.8189697265625 214.89065551757812 257.1939239501953 137.36386108398438 257.1939239501953
149.41796875 194.2985382080078 226.45706939697266 194.2985382080078 226.45706939697266 258.2685317993164 149.41796875 258.2685317993164
163.8463134765625 192.8569793701172 241.37623596191406 192.8569793701172 241.37623596191406 257.2345275878906 163.8463134765625 257.2345275878906
168.68275451660156 196.3417510986328 245.87052154541016 196.3417510986328 245.87052154541016 261.4833679199219 168.68275451660156 261.4833679199219
177.8632354736328 188.57485961914062 257.1621856689453 188.57485961914062 257.1621856689453 254.42133331298828 177.8632354736328 254.42133331298828
208.8511505126953 187.3765106201172 288.0028076171875 187.3765106201172 288.0028076171875 253.10067749023438 208.8511505126953 253.10067749023438
226.091064453125 182.19265747070312 306.5893783569336 182.19265747070312 306.5893783569336 249.03502655029297 226.091064453125 249.03502655029297
267.21624755859375 176.79489135742188 346.77915954589844 176.79489135742188 346.77915954589844 242.86054229736328 267.21624755859375 242.86054229736328
285.20831298828125 170.5888214111328 363.4433822631836 170.5888214111328 363.4433822631836 235.55189514160156 285.20831298828125 235.55189514160156
236.1328582763672 166.80560302734375 313.79976654052734 166.80560302734375 313.79976654052734 231.29689025878906 236.1328582763672 231.29689025878906
