172.0 55.0 292.0 55.0 292.0 174.0 172.0 174.0
169.899169921875 56.515769958496094 288.9984893798828 56.515769958496094 288.9984893798828 176.929931640625 169.899169921875 176.929931640625
173.55416870117188 54.256568908691406 292.2175598144531 54.256568908691406 292.2175598144531 173.54461669921875 173.55416870117188 173.54461669921875
173.33164978027344 54.054168701171875 292.53990173339844 54.054168701171875 292.53990173339844 174.38978576660156 173.33164978027344 174.38978576660156
172.2843017578125 54.68286895751953 291.18585205078125 54.68286895751953 291.18585205078125 173.57357025146484 172.2843017578125 173.57357025146484
172.75405883789062 55.10832595825195 291.1901550292969 55.10832595825195 291.1901550292969 174.0185661315918 172.75405883789062 174.0185661315918
172.53988647460938 55.22768020629883 292.08384704589844 55.22768020629883 292.08384704589844 175.26922988891602 172.53988647460938 175.26922988891602
173.01351928710938 55.59986114501953 291.9716339111328 55.59986114501953 291.9716339111328 174.85694122314453 173.01351928710938 174.85694122314453
171.6186981201172 55.082130432128906 291.5084533691406 55.082130432128906 291.5084533691406 175.46009826660156 171.6186981201172 175.46009826660156
172.08572387695312 55.429954528808594 291.6349563598633 55.429954528808594 291.6349563598633 176.28656768798828 172.08572387695312 176.28656768798828
171.993408203125 56.74901580810547 292.08329010009766 56.74901580810547 292.08329010009766 176.19180297851562 171.993408203125 176.19180297851562
171.6697998046875 57.218910217285156 292.3188705444336 57.218910217285156 292.3188705444336 177.0289306640625 171.6697998046875 177.0289306640625
170.68739318847656 56.98137664794922 291.806640625 56.98137664794922 291.806640625 177.51758575439453 170.68739318847656 177.51758575439453
170.59176635742188 57.16541290283203 292.0283889770508 57.16541290283203 292.0283889770508 178.89473724365234 170.59176635742188 178.89473724365234
170.1147003173828 58.371726989746094 291.40116119384766 58.371726989746094 291.40116119384766 179.30135345458984 170.1147003173828 179.30135345458984
169.92294311523438 58.307838439941406 291.2504119873047 58.307838439941406 291.2504119873047 179.68741607666016 169.92294311523438 179.68741607666016
169.37271118164062 58.038902282714844 291.2852096557617 58.038902282714844 291.2852096557617 181.13582611083984 169.37271118164062 181.13582611083984
168.83920288085938 58.81608963012695 291.8222122192383 58.81608963012695 291.8222122192383 181.59528732299805 168.83920288085938 181.59528732299805
168.451171875 59.350196838378906 291.4872817993164 59.350196838378906 291.4872817993164 182.53546142578125 168.451171875 182.53546142578125
168.09640502929688 58.804931640625 291.87574768066406 58.804931640625 291.87574768066406 182.20516204833984 168.09640502929688 182.20516204833984
167.43821716308594 60.607017517089844 291.86165618896484 60.607017517089844 291.86165618896484 183.63556671142578 167.43821716308594 183.63556671142578
168.41995239257812 59.573219299316406 291.7145690917969 59.573219299316406 291.7145690917969 184.07146453857422 168.41995239257812 184.07146453857422
168.33566284179688 60.7588005065918 291.2779235839844 60.7588005065918 291.2779235839844 183.77202224731445 168.33566284179688 183.77202224731445
166.8551483154297 60.58835983276367 291.7691955566406 60.58835983276367 291.7691955566406 185.03826522827148 166.8551483154297 185.03826522827148
166.748046875 60.856231689453125 291.75962829589844 60.856231689453125 291.75962829589844 185.17131805419922 166.748046875 185.17131805419922
166.0183563232422 61.771331787109375 292.0259017944336 61.771331787109375 292.0259017944336 186.07227325439453 166.0183563232422 186.07227325439453
166.9901580810547 62.1056022644043 290.7647399902344 62.1056022644043 290.7647399902344 186.5293083190918 166.9901580810547 186.5293083190918
165.1639404296875 62.274566650390625 290.42759704589844 62.274566650390625 290.42759704589844 186.30756378173828 165.1639404296875 186.30756378173828
164.7703094482422 64.16127014160156 291.3030014038086 64.16127014160156 291.3030014038086 188.82457733154297 164.7703094482422 188.82457733154297
164.2554168701172 63.95708465576172 290.0654602050781 63.95708465576172 290.0654602050781 190.47087860107422 164.2554168701172 190.47087860107422
164.63424682617188 64.50716400146484 288.5802307128906 64.50716400146484 288.5802307128906 190.89215087890625 164.63424682617188 190.89215087890625
164.30307006835938 65.15666961669922 287.5645446777344 65.15666961669922 287.5645446777344 191.33651733398438 164.30307006835938 191.33651733398438
162.644775390625 65.94212341308594 289.00880432128906 65.94212341308594 289.00880432128906 193.00537109375 162.644775390625 193.00537109375
161.0327911376953 64.22168731689453 286.6566162109375 64.22168731689453 286.6566162109375 193.02132415771484 161.0327911376953 193.02132415771484
159.87869262695312 65.38169860839844 285.3826370239258 65.38169860839844 285.3826370239258 194.29928588867188 159.87869262695312 194.29928588867188
158.8803253173828 66.89803314208984 284.6463165283203 66.89803314208984 284.6463165283203 195.25897979736328 158.8803253173828 195.25897979736328
157.71107482910156 66.59794616699219 287.0819549560547 66.59794616699219 287.0819549560547 194.35903930664062 157.71107482910156 194.35903930664062
161.57554626464844 65.89803314208984 295.2655792236328 65.89803314208984 295.2655792236328 194.01934051513672 161.57554626464844 194.01934051513672
170.83323669433594 66.2357177734375 302.81651306152344 66.2357177734375 302.81651306152344 195.1809539794922 170.83323669433594 195.1809539794922
179.54953002929688 66.27125549316406 308.48046875 66.27125549316406 308.48046875 197.12615966796875 179.54953002929688 197.12615966796875
187.52752685546875 66.8297119140625 315.0645980834961 66.8297119140625 315.0645980834961 197.61770629882812 187.52752685546875 197.61770629882812
190.04562377929688 66.62898254394531 321.3582000732422 66.62898254394531 321.3582000732422 197.49932861328125 190.04562377929688 197.49932861328125
198.1133270263672 68.39323425292969 326.67417907714844 68.39323425292969 326.67417907714844 200.21937561035156 198.1133270263672 200.21937561035156
205.64553833007812 68.09542083740234 334.43695068359375 68.09542083740234 334.43695068359375 201.43743133544922 205.64553833007812 201.43743133544922
215.4357147216797 69.63993835449219 345.0713195800781 69.63993835449219 345.0713195800781 201.22308349609375 215.4357147216797 201.22308349609375
254.1517333984375 75.59725189208984 389.7109680175781 75.59725189208984 389.7109680175781 210.73088836669922 254.1517333984375 210.73088836669922
254.55038452148438 77.43278503417969 390.05535888671875 77.43278503417969 390.05535888671875 208.66986083984375 254.55038452148438 208.66986083984375
258.23895263671875 78.24056243896484 391.63636779785156 78.24056243896484 391.63636779785156 209.41364288330078 258.23895263671875 209.41364288330078
256.1944885253906 79.20995330810547 388.7421112060547 79.20995330810547 388.7421112060547 210.10466766357422 256.1944885253906 210.10466766357422
250.96694946289062 79.57447814941406 384.4237060546875 79.57447814941406 384.4237060546875 212.23370361328125 250.96694946289062 212.23370361328125
248.7491912841797 79.97055053710938 382.7696533203125 79.97055053710938 382.7696533203125 213.4007568359375 248.7491912841797 213.4007568359375
243.207763671875 81.28593444824219 380.6694641113281 81.28593444824219 380.6694641113281 214.60195922851562 243.207763671875 214.60195922851562
237.61477661132812 83.04499053955078 372.6021270751953 83.04499053955078 372.6021270751953 215.91609954833984 237.61477661132812 215.91609954833984
234.65902709960938 83.75196838378906 372.8071746826172 83.75196838378906 372.8071746826172 215.88563537597656 234.65902709960938 215.88563537597656
228.5047607421875 84.97689056396484 369.61817932128906 84.97689056396484 369.61817932128906 219.51616668701172 228.5047607421875 219.51616668701172
226.08169555664062 89.0267333984375 365.45191955566406 89.0267333984375 365.45191955566406 217.15260314941406 226.08169555664062 217.15260314941406
229.24850463867188 89.0984115600586 367.7808532714844 89.0984115600586 367.7808532714844 219.52613067626953 229.24850463867188 219.52613067626953
232.3727569580078 90.25484466552734 368.82061767578125 90.25484466552734 368.82061767578125 220.30611419677734 232.3727569580078 220.30611419677734
233.4926300048828 91.4320068359375 371.6630096435547 91.4320068359375 371.6630096435547 222.17242431640625 233.4926300048828 222.17242431640625
236.4624481201172 93.5678482055664 373.0382995605469 93.5678482055664 373.0382995605469 222.8906021118164 236.4624481201172 222.8906021118164
239.4599151611328 96.446044921875 376.97674560546875 96.446044921875 376.97674560546875 224.52536010742188 239.4599151611328 224.52536010742188
239.68215942382812 97.8692626953125 374.9770050048828 97.8692626953125 374.9770050048828 223.4821014404297 239.68215942382812 223.4821014404297
237.20126342773438 103.56874084472656 373.82586669921875 103.56874084472656 373.82586669921875 228.77568817138672 237.20126342773438 228.77568817138672
232.31484985351562 107.0108642578125 372.02330017089844 107.0108642578125 372.02330017089844 231.40965270996094 232.31484985351562 231.40965270996094
230.87368774414062 109.96598052978516 364.7762451171875 109.96598052978516 364.7762451171875 232.60367584228516 230.87368774414062 232.60367584228516
228.4842529296875 110.8267593383789 363.8446350097656 110.8267593383789 363.8446350097656 233.59698486328125 228.4842529296875 233.59698486328125
228.0973358154297 111.5940933227539 366.3820495605469 111.5940933227539 366.3820495605469 235.3513946533203 228.0973358154297 235.3513946533203
226.3676300048828 113.7637939453125 362.33921813964844 113.7637939453125 362.33921813964844 236.4558563232422 226.3676300048828 236.4558563232422
219.36831665039062 114.71282958984375 353.2181854248047 114.71282958984375 353.2181854248047 236.2889862060547 219.36831665039062 236.2889862060547
223.69473266601562 115.9706039428711 360.46974182128906 115.9706039428711 360.46974182128906 238.7768325805664 223.69473266601562 238.7768325805664
227.7476348876953 115.9824447631836 359.58155822753906 115.9824447631836 359.58155822753906 237.68540954589844 227.7476348876953 237.68540954589844
215.17330932617188 116.02352142333984 347.26678466796875 116.02352142333984 347.26678466796875 236.29813385009766 215.17330932617188 236.29813385009766
210.39816284179688 118.61393737792969 343.520263671875 118.61393737792969 343.520263671875 238.24893188476562 210.39816284179688 238.24893188476562
205.64584350585938 117.84500885009766 332.2556838989258 117.84500885009766 332.2556838989258 234.96175384521484 205.64584350585938 234.96175384521484
200.2960662841797 119.3380355834961 325.4970703125 119.3380355834961 325.4970703125 235.7235565185547 200.2960662841797 235.7235565185547
199.92530822753906 121.60262298583984 325.6858901977539 121.60262298583984 325.6858901977539 236.46402740478516 199.92530822753906 236.46402740478516
190.2517547607422 120.31993103027344 315.0586853027344 120.31993103027344 315.0586853027344 237.59619140625 190.2517547607422 237.59619140625
185.54537963867188 121.8489761352539 308.2039108276367 121.8489761352539 308.2039108276367 238.4384307861328 185.54537963867188 238.4384307861328
180.09375 120.83824157714844 303.27677154541016 120.83824157714844 303.27677154541016 237.72779083251953 180.09375 237.72779083251953
176.83595275878906 120.9754638671875 299.4774703979492 120.9754638671875 299.4774703979492 237.71092224121094 176.83595275878906 237.71092224121094
178.22317504882812 122.00144958496094 302.0332336425781 122.00144958496094 302.0332336425781 238.68161010742188 178.22317504882812 238.68161010742188
168.78109741210938 120.0595932006836 296.9817199707031 120.0595932006836 296.9817199707031 238.41776275634766 168.78109741210938 238.41776275634766
161.00843811035156 117.9248275756836 290.74497985839844 117.9248275756836 290.74497985839844 237.6396255493164 161.00843811035156 237.6396255493164
157.52993774414062 117.47635650634766 283.4674835205078 117.47635650634766 283.4674835205078 237.30245208740234 157.52993774414062 237.30245208740234
156.39321899414062 117.1225357055664 282.9267883300781 117.1225357055664 282.9267883300781 237.93099212646484 156.39321899414062 237.93099212646484
153.6252899169922 115.62615966796875 281.5070495605469 115.62615966796875 281.5070495605469 241.47108459472656 153.6252899169922 241.47108459472656
157.2104949951172 121.73078918457031 284.7794418334961 121.73078918457031 284.7794418334961 248.23672485351562 157.2104949951172 248.23672485351562
102.6670150756836 115.23912048339844 229.57843780517578 115.23912048339844 229.57843780517578 231.43963623046875 102.6670150756836 231.43963623046875
101.33740997314453 111.49983978271484 225.0276107788086 111.49983978271484 225.0276107788086 225.93768310546875 101.33740997314453 225.93768310546875
97.7137680053711 111.06900787353516 218.25214385986328 111.06900787353516 218.25214385986328 225.66729736328125 97.7137680053711 225.66729736328125
99.51325988769531 112.60013580322266 217.85550689697266 112.60013580322266 217.85550689697266 223.1082763671875 99.51325988769531 223.1082763671875
97.55900573730469 112.4847640991211 214.08545684814453 112.4847640991211 214.08545684814453 220.66751861572266 97.55900573730469 220.66751861572266
96.33296203613281 109.87767028808594 212.11722564697266 109.87767028808594 212.11722564697266 218.0515594482422 96.33296203613281 218.0515594482422
104.29410552978516 110.0654067993164 216.9486083984375 110.0654067993164 216.9486083984375 216.91838836669922 104.29410552978516 216.91838836669922
96.38883972167969 110.14034271240234 208.27378845214844 110.14034271240234 208.27378845214844 218.0652847290039 96.38883972167969 218.0652847290039
96.99357604980469 106.13450622558594 206.3668441772461 106.13450622558594 206.3668441772461 214.31258392333984 96.99357604980469 214.31258392333984
104.29437255859375 107.45166015625 210.87652587890625 107.45166015625 210.87652587890625 211.93580627441406 104.29437255859375 211.93580627441406
106.97908782958984 105.50321960449219 213.02176666259766 105.50321960449219 213.02176666259766 209.23853302001953 106.97908782958984 209.23853302001953
101.44927978515625 106.3408432006836 207.13497161865234 106.3408432006836 207.13497161865234 209.1176528930664 101.44927978515625 209.1176528930664
112.99284362792969 104.68525695800781 213.46271514892578 104.68525695800781 213.46271514892578 204.41475677490234 112.99284362792969 204.41475677490234
110.82270812988281 101.07505798339844 212.71417236328125 101.07505798339844 212.71417236328125 202.689453125 110.82270812988281 202.689453125
115.19081115722656 100.96989440917969 217.34510803222656 100.96989440917969 217.34510803222656 199.9273910522461 115.19081115722656 199.9273910522461
115.85060119628906 98.4879379272461 219.77446746826172 98.4879379272461 219.77446746826172 198.41294860839844 115.85060119628906 198.41294860839844
118.32402038574219 95.49296569824219 219.7339859008789 95.49296569824219 219.7339859008789 197.34778594970703 118.32402038574219 197.34778594970703
114.83192443847656 92.18738555908203 218.50711059570312 92.18738555908203 218.50711059570312 197.94847106933594 114.83192443847656 197.94847106933594
122.18544006347656 92.85370635986328 226.19768524169922 92.85370635986328 226.19768524169922 196.0960922241211 122.18544006347656 196.0960922241211
150.1129608154297 82.71907043457031 249.68152618408203 82.71907043457031 249.68152618408203 184.58538055419922 150.1129608154297 184.58538055419922
154.63742065429688 83.74839782714844 251.34741973876953 83.74839782714844 251.34741973876953 182.36365509033203 154.63742065429688 182.36365509033203
158.30038452148438 81.30259704589844 255.42153930664062 81.30259704589844 255.42153930664062 178.49354553222656 158.30038452148438 178.49354553222656
163.31649780273438 79.75402069091797 259.6352844238281 79.75402069091797 259.6352844238281 176.72891235351562 163.31649780273438 176.72891235351562
178.6290283203125 81.16288757324219 272.8269500732422 81.16288757324219 272.8269500732422 173.88186645507812 178.6290283203125 173.88186645507812
175.41073608398438 75.9663314819336 267.17958068847656 75.9663314819336 267.17958068847656 170.54302215576172 175.41073608398438 170.54302215576172
178.07669067382812 77.65536499023438 269.9778060913086 77.65536499023438 269.9778060913086 171.55654907226562 178.07669067382812 171.55654907226562
180.4132843017578 76.44871520996094 270.58744049072266 76.44871520996094 270.58744049072266 168.74624633789062 180.4132843017578 168.74624633789062
187.3401336669922 76.1090316772461 277.9417724609375 76.1090316772461 277.9417724609375 167.42350006103516 187.3401336669922 167.42350006103516
187.65817260742188 73.5242691040039 276.97669219970703 73.5242691040039 276.97669219970703 166.48680877685547 187.65817260742188 166.48680877685547
190.86175537109375 72.3961410522461 282.33526611328125 72.3961410522461 282.33526611328125 165.7657241821289 190.86175537109375 165.7657241821289
191.192626953125 72.97029113769531 282.9894790649414 72.97029113769531 282.9894790649414 165.78893280029297 191.192626953125 165.78893280029297
197.5416717529297 69.61875915527344 292.33546447753906 69.61875915527344 292.33546447753906 162.9099349975586 197.5416717529297 162.9099349975586
203.76742553710938 69.78257751464844 295.4174118041992 69.78257751464844 295.4174118041992 161.65711212158203 203.76742553710938 161.65711212158203
209.09432983398438 70.53779602050781 301.7743682861328 70.53779602050781 301.7743682861328 161.44180297851562 209.09432983398438 161.44180297851562
216.09158325195312 65.91500091552734 308.2362747192383 65.91500091552734 308.2362747192383 157.48998260498047 216.09158325195312 157.48998260498047
216.42153930664062 67.9587173461914 307.7693405151367 67.9587173461914 307.7693405151367 158.70692443847656 216.42153930664062 158.70692443847656
221.3412322998047 65.40162658691406 312.54429626464844 65.40162658691406 312.54429626464844 155.29644775390625 221.3412322998047 155.29644775390625
221.28085327148438 61.52826690673828 313.5959014892578 61.52826690673828 313.5959014892578 152.5999526977539 221.28085327148438 152.5999526977539
230.69931030273438 61.373077392578125 319.33057403564453 61.373077392578125 319.33057403564453 150.143310546875 230.69931030273438 150.143310546875
237.634033203125 61.42253875732422 326.5761260986328 61.42253875732422 326.5761260986328 149.76392364501953 237.634033203125 149.76392364501953
245.333984375 59.26959228515625 333.03050994873047 59.26959228515625 333.03050994873047 146.68003845214844 245.333984375 146.68003845214844
238.719970703125 58.23320770263672 327.41363525390625 58.23320770263672 327.41363525390625 147.25259399414062 238.719970703125 147.25259399414062
238.3216552734375 55.22414016723633 327.5521469116211 55.22414016723633 327.5521469116211 145.6315803527832 238.3216552734375 145.6315803527832
228.2677764892578 51.071510314941406 318.93477630615234 51.071510314941406 318.93477630615234 142.26750946044922 228.2677764892578 142.26750946044922
221.31863403320312 46.523719787597656 315.01464080810547 46.523719787597656 315.01464080810547 137.941650390625 221.31863403320312 137.941650390625
213.7616424560547 49.934715270996094 303.2245559692383 49.934715270996094 303.2245559692383 141.35789489746094 213.7616424560547 141.35789489746094
208.8583984375 55.1234245300293 300.07898712158203 55.1234245300293 300.07898712158203 146.6947135925293 208.8583984375 146.6947135925293
198.29446411132812 56.53813934326172 290.1572494506836 56.53813934326172 290.1572494506836 148.10051727294922 198.29446411132812 148.10051727294922
194.58200073242188 67.49043273925781 284.47205352783203 67.49043273925781 284.47205352783203 157.29571533203125 194.58200073242188 157.29571533203125
185.2636260986328 71.65306091308594 273.95204162597656 71.65306091308594 273.95204162597656 160.95850372314453 185.2636260986328 160.95850372314453
179.60919189453125 75.28670501708984 267.04634857177734 75.28670501708984 267.04634857177734 163.9639129638672 179.60919189453125 163.9639129638672
175.83981323242188 81.0210952758789 261.822265625 81.0210952758789 261.822265625 167.33116149902344 175.83981323242188 167.33116149902344
173.298583984375 84.59463500976562 258.26981353759766 84.59463500976562 258.26981353759766 170.53121948242188 173.298583984375 170.53121948242188
164.62489318847656 87.80786895751953 250.68061065673828 87.80786895751953 250.68061065673828 174.38358306884766 164.62489318847656 174.38358306884766
157.73243713378906 91.02854919433594 245.64604949951172 91.02854919433594 245.64604949951172 178.54141235351562 157.73243713378906 178.54141235351562
151.87661743164062 95.95780944824219 236.0605010986328 95.95780944824219 236.0605010986328 182.1564178466797 151.87661743164062 182.1564178466797
149.71566772460938 95.52409362792969 237.3298568725586 95.52409362792969 237.3298568725586 183.2623062133789 149.71566772460938 183.2623062133789
136.58213806152344 101.07463073730469 223.38311767578125 101.07463073730469 223.38311767578125 188.1032485961914 136.58213806152344 188.1032485961914
127.55440521240234 104.1145248413086 217.49962615966797 104.1145248413086 217.49962615966797 193.21637725830078 127.55440521240234 193.21637725830078
123.17317199707031 113.7579574584961 210.09317779541016 113.7579574584961 210.09317779541016 200.68834686279297 123.17317199707031 200.68834686279297
112.94744873046875 113.8479232788086 200.66378021240234 113.8479232788086 200.66378021240234 201.89849090576172 112.94744873046875 201.89849090576172
100.97279357910156 121.52336120605469 189.12721252441406 121.52336120605469 189.12721252441406 209.97409057617188 100.97279357910156 209.97409057617188
97.4090805053711 123.959228515625 186.3962173461914 123.959228515625 186.3962173461914 212.73861694335938 97.4090805053711 212.73861694335938
89.23176574707031 128.18190002441406 179.26313018798828 128.18190002441406 179.26313018798828 217.4573974609375 89.23176574707031 217.4573974609375
59.03507614135742 142.18177795410156 148.8718376159668 142.18177795410156 148.8718376159668 233.94489288330078 59.03507614135742 233.94489288330078
55.43779373168945 151.38394165039062 139.0200538635254 151.38394165039062 139.0200538635254 243.1348114013672 55.43779373168945 243.1348114013672
45.34100341796875 156.81265258789062 130.11417388916016 156.81265258789062 130.11417388916016 250.1749496459961 45.34100341796875 250.1749496459961
36.66904067993164 160.13836669921875 125.10766983032227 160.13836669921875 125.10766983032227 252.18006134033203 36.66904067993164 252.18006134033203
15.414773941040039 159.70144653320312 105.6496753692627 159.70144653320312 105.6496753692627 249.1844482421875 15.414773941040039 249.1844482421875
16.04491424560547 157.8859405517578 105.83659362792969 157.8859405517578 105.83659362792969 246.92941284179688 16.04491424560547 246.92941284179688
14.453473091125488 154.9514923095703 103.67847156524658 154.9514923095703 103.67847156524658 243.43301391601562 14.453473091125488 243.43301391601562
13.710927963256836 153.8190460205078 103.66903495788574 153.8190460205078 103.66903495788574 243.0275650024414 13.710927963256836 243.0275650024414
2.3538832664489746 153.2286834716797 91.74348592758179 153.2286834716797 91.74348592758179 241.87342834472656 2.3538832664489746 241.87342834472656
0.0 151.66355895996094 88.84078216552734 151.66355895996094 88.84078216552734 239.7640609741211 0.0 239.7640609741211
8.964019775390625 147.54098510742188 91.83268737792969 147.54098510742188 91.83268737792969 241.21629333496094 8.964019775390625 241.21629333496094
0.0 152.4917755126953 88.47120666503906 152.4917755126953 88.47120666503906 240.22577667236328 0.0 240.22577667236328
0.0 144.8720703125 88.46244812011719 144.8720703125 88.46244812011719 232.59738159179688 0.0 232.59738159179688
8.058114051818848 143.4722442626953 97.17833805084229 143.4722442626953 97.17833805084229 231.849853515625 8.058114051818848 231.849853515625
15.151469230651855 143.92440795898438 104.0794095993042 143.92440795898438 104.0794095993042 232.11134338378906 15.151469230651855 232.11134338378906
21.36526107788086 142.4462890625 110.65408706665039 142.4462890625 110.65408706665039 230.99110412597656 21.36526107788086 230.99110412597656
28.036556243896484 141.84971618652344 116.02566909790039 141.84971618652344 116.02566909790039 229.10565185546875 28.036556243896484 229.10565185546875
29.06857681274414 141.40274047851562 116.9841423034668 141.40274047851562 116.9841423034668 228.5857391357422 29.06857681274414 228.5857391357422
42.839393615722656 139.2067108154297 127.95630645751953 139.2067108154297 127.95630645751953 225.97149658203125 42.839393615722656 225.97149658203125
44.408756256103516 136.23193359375 130.58324813842773 136.23193359375 130.58324813842773 222.26904296875 44.408756256103516 222.26904296875
45.518741607666016 134.7454071044922 133.85349655151367 134.7454071044922 133.85349655151367 222.3441162109375 45.518741607666016 222.3441162109375
47.612144470214844 134.25926208496094 136.09754180908203 134.25926208496094 136.09754180908203 222.50798797607422 47.612144470214844 222.50798797607422
50.47737503051758 136.43539428710938 138.41806411743164 136.43539428710938 138.41806411743164 223.64331817626953 50.47737503051758 223.64331817626953
63.702125549316406 128.74752807617188 151.05650329589844 128.74752807617188 151.05650329589844 216.38442993164062 63.702125549316406 216.38442993164062
66.78971099853516 127.63371276855469 152.31993865966797 127.63371276855469 152.31993865966797 215.49313354492188 66.78971099853516 215.49313354492188
76.7872085571289 127.0580825805664 158.2323226928711 127.0580825805664 158.2323226928711 216.70067596435547 76.7872085571289 216.70067596435547
79.21270751953125 124.75994873046875 160.23956298828125 124.75994873046875 160.23956298828125 213.90223693847656 79.21270751953125 213.90223693847656
96.57523345947266 121.89741516113281 182.60620880126953 121.89741516113281 182.60620880126953 207.80068969726562 96.57523345947266 207.80068969726562
106.21070861816406 123.4492416381836 187.11288452148438 123.4492416381836 187.11288452148438 209.6152572631836 106.21070861816406 209.6152572631836
109.85443115234375 122.42118835449219 191.81100463867188 122.42118835449219 191.81100463867188 207.25430297851562 109.85443115234375 207.25430297851562
109.5818099975586 120.42167663574219 192.80896759033203 120.42167663574219 192.80896759033203 202.95533752441406 109.5818099975586 202.95533752441406
114.77299499511719 120.53199768066406 198.8192138671875 120.53199768066406 198.8192138671875 203.87789916992188 114.77299499511719 203.87789916992188
118.59869384765625 120.5933837890625 203.75958251953125 120.5933837890625 203.75958251953125 205.044677734375 118.59869384765625 205.044677734375
126.8113021850586 117.80277252197266 209.7881317138672 117.80277252197266 209.7881317138672 202.01152801513672 126.8113021850586 202.01152801513672
131.44320678710938 116.85323333740234 213.47970581054688 116.85323333740234 213.47970581054688 200.0132598876953 131.44320678710938 200.0132598876953
142.1846466064453 113.1582260131836 222.8832550048828 113.1582260131836 222.8832550048828 195.13768005371094 142.1846466064453 195.13768005371094
150.0282440185547 109.75682067871094 227.44467163085938 109.75682067871094 227.44467163085938 193.82048797607422 150.0282440185547 193.82048797607422
152.11056518554688 109.752197265625 229.21416473388672 109.752197265625 229.21416473388672 192.6436309814453 152.11056518554688 192.6436309814453
154.7137908935547 112.17317199707031 236.34600067138672 112.17317199707031 236.34600067138672 193.12517547607422 154.7137908935547 193.12517547607422
162.34170532226562 113.92179870605469 242.4016876220703 113.92179870605469 242.4016876220703 193.3146743774414 162.34170532226562 193.3146743774414
169.6509246826172 109.63630676269531 248.47445678710938 109.63630676269531 248.47445678710938 189.5430145263672 169.6509246826172 189.5430145263672
180.98837280273438 102.666259765625 254.68565368652344 102.666259765625 254.68565368652344 184.5574722290039 180.98837280273438 184.5574722290039
186.45018005371094 102.50645446777344 258.11133575439453 102.50645446777344 258.11133575439453 184.13299560546875 186.45018005371094 184.13299560546875
188.46475219726562 102.82823181152344 261.9352569580078 102.82823181152344 261.9352569580078 181.56110382080078 188.46475219726562 181.56110382080078
193.940673828125 106.02885437011719 268.8208465576172 106.02885437011719 268.8208465576172 182.10861206054688 193.940673828125 182.10861206054688
200.8820037841797 103.20219421386719 270.38399505615234 103.20219421386719 270.38399505615234 179.62890625 200.8820037841797 179.62890625
203.4125518798828 103.37022399902344 271.4087142944336 103.37022399902344 271.4087142944336 178.79405212402344 203.4125518798828 178.79405212402344
211.15087890625 103.39143371582031 278.89627838134766 103.39143371582031 278.89627838134766 177.43780517578125 211.15087890625 177.43780517578125
227.2919158935547 100.3288345336914 295.9531555175781 100.3288345336914 295.9531555175781 174.92981719970703 227.2919158935547 174.92981719970703
236.8561248779297 97.90887451171875 306.0874252319336 97.90887451171875 306.0874252319336 170.1475372314453 236.8561248779297 170.1475372314453
249.3226776123047 95.53846740722656 314.0392303466797 95.53846740722656 314.0392303466797 165.35245513916016 249.3226776123047 165.35245513916016
256.5014343261719 92.98907470703125 319.5218811035156 92.98907470703125 319.5218811035156 162.81515502929688 256.5014343261719 162.81515502929688
265.41571044921875 87.88092803955078 331.22239685058594 87.88092803955078 331.22239685058594 158.40819549560547 265.41571044921875 158.40819549560547
275.37847900390625 87.72239685058594 340.10740661621094 87.72239685058594 340.10740661621094 155.40396881103516 275.37847900390625 155.40396881103516
282.2762145996094 86.658447265625 347.82484436035156 86.658447265625 347.82484436035156 155.5421905517578 282.2762145996094 155.5421905517578
295.2029724121094 83.65438842773438 362.2164764404297 83.65438842773438 362.2164764404297 154.4679946899414 295.2029724121094 154.4679946899414
299.91778564453125 83.27705383300781 366.67095947265625 83.27705383300781 366.67095947265625 153.55512237548828 299.91778564453125 153.55512237548828
308.4749450683594 83.76063537597656 374.5302276611328 83.76063537597656 374.5302276611328 152.96332550048828 308.4749450683594 152.96332550048828
316.6705322265625 81.00428771972656 380.58023834228516 81.00428771972656 380.58023834228516 150.5129623413086 316.6705322265625 150.5129623413086
325.3821716308594 81.92510986328125 391.40773010253906 81.92510986328125 391.40773010253906 151.0625991821289 325.3821716308594 151.0625991821289
333.86846923828125 79.398681640625 398.6386260986328 79.398681640625 398.6386260986328 147.1312713623047 333.86846923828125 147.1312713623047
340.44879150390625 78.87957763671875 407.0018310546875 78.87957763671875 407.0018310546875 146.94454193115234 340.44879150390625 146.94454193115234
343.7464904785156 76.74897003173828 410.3197479248047 76.74897003173828 410.3197479248047 145.42605590820312 343.7464904785156 145.42605590820312
319.0589294433594 83.03385162353516 382.8456611633301 83.03385162353516 382.8456611633301 157.7487030029297 319.0589294433594 157.7487030029297
330.84747314453125 82.80889892578125 401.4808807373047 82.80889892578125 401.4808807373047 152.8537139892578 330.84747314453125 152.8537139892578
343.0753479003906 82.18325805664062 414.92835998535156 82.18325805664062 414.92835998535156 153.43750762939453 343.0753479003906 153.43750762939453
349.4775085449219 76.30815124511719 417.57627868652344 76.30815124511719 417.57627868652344 149.61847686767578 349.4775085449219 149.61847686767578
362.0455627441406 75.39881896972656 431.13624572753906 75.39881896972656 431.13624572753906 147.382080078125 362.0455627441406 147.382080078125
369.8233337402344 79.670654296875 441.40637969970703 79.670654296875 441.40637969970703 150.6571807861328 369.8233337402344 150.6571807861328
381.79168701171875 76.5218276977539 451.2438278198242 76.5218276977539 451.2438278198242 149.41344451904297 381.79168701171875 149.41344451904297
397.2926940917969 70.24455261230469 462.89479064941406 70.24455261230469 462.89479064941406 146.57881927490234 397.2926940917969 146.57881927490234
398.4507141113281 66.08466339111328 460.4673652648926 66.08466339111328 460.4673652648926 143.48592376708984 398.4507141113281 143.48592376708984
396.2419128417969 69.76322937011719 459.07157135009766 69.76322937011719 459.07157135009766 143.5068817138672 396.2419128417969 143.5068817138672
392.4947814941406 66.99786376953125 458.36143493652344 66.99786376953125 458.36143493652344 139.3054656982422 392.4947814941406 139.3054656982422
386.3642272949219 75.14750671386719 457.2642059326172 75.14750671386719 457.2642059326172 145.45663452148438 386.3642272949219 145.45663452148438
387.8521728515625 64.66130065917969 454.2771682739258 64.66130065917969 454.2771682739258 137.50979614257812 387.8521728515625 137.50979614257812
385.91534423828125 63.733917236328125 450.75146484375 63.733917236328125 450.75146484375 135.26181030273438 385.91534423828125 135.26181030273438
382.87969970703125 64.78607940673828 448.13511657714844 64.78607940673828 448.13511657714844 136.57513427734375 382.87969970703125 136.57513427734375
380.80548095703125 61.951866149902344 445.94995880126953 61.951866149902344 445.94995880126953 134.63265991210938 380.80548095703125 134.63265991210938
378.04827880859375 61.44565963745117 442.3723449707031 61.44565963745117 442.3723449707031 132.0377311706543 378.04827880859375 132.0377311706543
375.29241943359375 60.746490478515625 440.3980255126953 60.746490478515625 440.3980255126953 131.8410415649414 375.29241943359375 131.8410415649414
372.45159912109375 60.34039306640625 437.0583801269531 60.34039306640625 437.0583801269531 131.65428161621094 372.45159912109375 131.65428161621094
360.32989501953125 57.08918380737305 424.7053985595703 57.08918380737305 424.7053985595703 128.20563125610352 360.32989501953125 128.20563125610352
361.6217956542969 56.49248504638672 426.9315948486328 56.49248504638672 426.9315948486328 125.62109375 361.6217956542969 125.62109375
357.7803955078125 56.96765899658203 420.85051345825195 56.96765899658203 420.85051345825195 123.98135375976562 357.7803955078125 123.98135375976562
356.3548889160156 57.94466018676758 418.6226615905762 57.94466018676758 418.6226615905762 124.08675003051758 356.3548889160156 124.08675003051758
354.54034423828125 56.77378463745117 416.6942558288574 56.77378463745117 416.6942558288574 123.00325393676758 354.54034423828125 123.00325393676758
350.69622802734375 56.565330505371094 413.23456954956055 56.565330505371094 413.23456954956055 123.0966567993164 350.69622802734375 123.0966567993164
348.25726318359375 56.1446418762207 409.9853515625 56.1446418762207 409.9853515625 122.63823318481445 348.25726318359375 122.63823318481445
321.7371520996094 51.31856155395508 380.3950424194336 51.31856155395508 380.3950424194336 122.49773025512695 321.7371520996094 122.49773025512695
323.990478515625 50.516822814941406 383.3476753234863 50.516822814941406 383.3476753234863 120.69129180908203 323.990478515625 120.69129180908203
317.8734130859375 53.443946838378906 377.4408264160156 53.443946838378906 377.4408264160156 123.46776580810547 317.8734130859375 123.46776580810547
317.5795593261719 54.5561408996582 378.32518768310547 54.5561408996582 378.32518768310547 123.91747665405273 317.5795593261719 123.91747665405273
322.70501708984375 51.3073844909668 385.0939025878906 51.3073844909668 385.0939025878906 121.24862289428711 322.70501708984375 121.24862289428711
321.0811462402344 50.52867889404297 383.0752067565918 50.52867889404297 383.0752067565918 120.64442443847656 321.0811462402344 120.64442443847656
322.5121765136719 49.69276809692383 384.6287422180176 49.69276809692383 384.6287422180176 119.72802352905273 322.5121765136719 119.72802352905273
321.6292419433594 49.052284240722656 384.7716255187988 49.052284240722656 384.7716255187988 119.11425018310547 321.6292419433594 119.11425018310547
320.07525634765625 50.31549835205078 382.1730766296387 50.31549835205078 382.1730766296387 118.69790649414062 320.07525634765625 118.69790649414062
316.13092041015625 50.155521392822266 376.0906562805176 50.155521392822266 376.0906562805176 118.03212356567383 316.13092041015625 118.03212356567383
312.77789306640625 48.539833068847656 371.4767875671387 48.539833068847656 371.4767875671387 115.44305419921875 312.77789306640625 115.44305419921875
311.0003356933594 48.14246368408203 367.9232597351074 48.14246368408203 367.9232597351074 113.05746459960938 311.0003356933594 113.05746459960938
306.4474182128906 49.8677978515625 363.12858963012695 49.8677978515625 363.12858963012695 113.45919036865234 306.4474182128906 113.45919036865234
303.2606506347656 48.84610366821289 359.5554084777832 48.84610366821289 359.5554084777832 112.55759811401367 303.2606506347656 112.55759811401367
