395.0 364.0 442.0 364.0 442.0 399.0 395.0 399.0
394.8063049316406 365.3775634765625 440.01403427124023 365.3775634765625 440.01403427124023 398.7061309814453 394.8063049316406 398.7061309814453
390.50848388671875 362.38751220703125 437.62291717529297 362.38751220703125 437.62291717529297 397.4727210998535 390.50848388671875 397.4727210998535
389.54693603515625 364.806396484375 436.7541694641113 364.806396484375 436.7541694641113 399.9607124328613 389.54693603515625 399.9607124328613
390.05908203125 365.7685852050781 437.4637985229492 365.7685852050781 437.4637985229492 401.0699653625488 390.05908203125 401.0699653625488
388.64752197265625 365.36981201171875 436.064640045166 365.36981201171875 436.064640045166 400.68042755126953 388.64752197265625 400.68042755126953
387.5492858886719 364.7007751464844 434.8522262573242 364.7007751464844 434.8522262573242 399.92636489868164 387.5492858886719 399.92636489868164
386.06329345703125 365.25860595703125 432.20466232299805 365.25860595703125 432.20466232299805 399.6191940307617 386.06329345703125 399.6191940307617
384.74261474609375 366.2859191894531 432.0383605957031 366.2859191894531 432.0383605957031 401.5061454772949 384.74261474609375 401.5061454772949
382.78033447265625 366.04754638671875 430.6767921447754 366.04754638671875 430.6767921447754 401.7151107788086 382.78033447265625 401.7151107788086
382.15704345703125 365.3572692871094 429.86982345581055 365.3572692871094 429.86982345581055 400.88805389404297 382.15704345703125 400.88805389404297
381.6196594238281 368.4652404785156 429.9729804992676 368.4652404785156 429.9729804992676 404.47301864624023 381.6196594238281 404.47301864624023
377.6452941894531 367.5357666015625 427.3652572631836 367.5357666015625 427.3652572631836 404.5612564086914 377.6452941894531 404.5612564086914
378.4007873535156 367.80291748046875 428.02088165283203 367.80291748046875 428.02088165283203 404.75403594970703 378.4007873535156 404.75403594970703
376.69207763671875 366.74896240234375 426.3666877746582 366.74896240234375 426.3666877746582 403.74067306518555 376.69207763671875 403.74067306518555
375.04461669921875 367.4444885253906 424.47904205322266 367.4444885253906 424.47904205322266 404.25733947753906 375.04461669921875 404.25733947753906
372.6006774902344 368.0533142089844 422.79141998291016 368.0533142089844 422.79141998291016 405.4293785095215 372.6006774902344 405.4293785095215
370.2410888671875 367.2023620605469 421.1541442871094 367.2023620605469 421.1541442871094 405.1163215637207 370.2410888671875 405.1163215637207
370.6133117675781 367.7718200683594 421.21855545043945 367.7718200683594 421.21855545043945 405.4565544128418 370.6133117675781 405.4565544128418
371.13482666015625 368.7688293457031 423.1339797973633 368.7688293457031 423.1339797973633 407.4915771484375 371.13482666015625 407.4915771484375
366.8789367675781 369.3702087402344 419.4200744628906 369.3702087402344 419.4200744628906 408.4965629577637 366.8789367675781 408.4965629577637
366.1566467285156 369.7113037109375 418.74146270751953 369.7113037109375 418.74146270751953 408.8701858520508 366.1566467285156 408.8701858520508
364.7603454589844 369.83331298828125 417.23210525512695 369.83331298828125 417.23210525512695 408.9080047607422 364.7603454589844 408.9080047607422
362.40325927734375 370.57403564453125 414.3007698059082 370.57403564453125 414.3007698059082 409.2210922241211 362.40325927734375 409.2210922241211
360.31793212890625 370.136474609375 412.44441986083984 370.136474609375 412.44441986083984 408.954044342041 360.31793212890625 408.954044342041
359.2606201171875 371.1473693847656 411.1611213684082 371.1473693847656 411.1611213684082 409.7966499328613 359.2606201171875 409.7966499328613
357.2191467285156 371.21588134765625 409.62628173828125 371.21588134765625 409.62628173828125 410.2424430847168 357.2191467285156 410.2424430847168
353.9627685546875 371.39373779296875 407.0526809692383 371.39373779296875 407.0526809692383 410.92874908447266 353.9627685546875 410.92874908447266
353.14886474609375 372.85693359375 406.2461853027344 372.85693359375 406.2461853027344 412.3974609375 353.14886474609375 412.3974609375
353.087646484375 374.59393310546875 406.0691108703613 374.59393310546875 406.0691108703613 414.04817962646484 353.087646484375 414.04817962646484
349.4649963378906 372.9338073730469 402.8117866516113 372.9338073730469 402.8117866516113 412.66010665893555 349.4649963378906 412.66010665893555
348.1564636230469 373.6865539550781 402.2567939758301 373.6865539550781 402.2567939758301 413.9739990234375 348.1564636230469 413.9739990234375
345.40692138671875 373.80865478515625 400.571044921875 373.80865478515625 400.571044921875 414.8882827758789 345.40692138671875 414.8882827758789
343.7694091796875 374.0232238769531 399.6609992980957 374.0232238769531 399.6609992980957 415.64458084106445 343.7694091796875 415.64458084106445
341.79705810546875 375.056884765625 398.0279960632324 375.056884765625 398.0279960632324 416.93094635009766 341.79705810546875 416.93094635009766
339.3612365722656 374.52679443359375 397.0498733520508 374.52679443359375 397.0498733520508 415.64697647094727 339.3612365722656 415.64697647094727
338.7269592285156 375.8692626953125 395.9400520324707 375.8692626953125 395.9400520324707 418.4747200012207 338.7269592285156 418.4747200012207
336.36029052734375 376.241455078125 393.52119064331055 376.241455078125 393.52119064331055 418.80804443359375 336.36029052734375 418.80804443359375
333.6813049316406 377.23345947265625 390.44351959228516 377.23345947265625 390.44351959228516 419.5031547546387 333.6813049316406 419.5031547546387
331.10205078125 376.28973388671875 388.0016670227051 376.28973388671875 388.0016670227051 418.66175079345703 331.10205078125 418.66175079345703
331.074951171875 376.96978759765625 389.2904243469238 376.96978759765625 389.2904243469238 420.32169342041016 331.074951171875 420.32169342041016
328.7870178222656 377.5374450683594 388.3574523925781 377.5374450683594 388.3574523925781 419.9261245727539 328.7870178222656 419.9261245727539
326.1595764160156 379.09539794921875 385.5739440917969 379.09539794921875 385.5739440917969 421.63233184814453 326.1595764160156 421.63233184814453
324.2195739746094 378.63177490234375 382.95068359375 378.63177490234375 382.95068359375 422.36766052246094 324.2195739746094 422.36766052246094
321.60394287109375 380.4029846191406 380.12671661376953 380.4029846191406 380.12671661376953 423.98372650146484 321.60394287109375 423.98372650146484
320.2063903808594 380.47625732421875 378.4342269897461 380.47625732421875 378.4342269897461 423.83736419677734 320.2063903808594 423.83736419677734
317.86322021484375 379.64666748046875 376.93658447265625 379.64666748046875 376.93658447265625 423.6374168395996 317.86322021484375 423.6374168395996
314.0898742675781 379.00750732421875 373.48760986328125 379.00750732421875 373.48760986328125 423.23980712890625 314.0898742675781 423.23980712890625
313.94580078125 378.88873291015625 373.28914642333984 378.88873291015625 373.28914642333984 423.0805320739746 313.94580078125 423.0805320739746
311.06781005859375 380.04864501953125 370.1793441772461 380.04864501953125 370.1793441772461 424.06782150268555 311.06781005859375 424.06782150268555
307.78265380859375 380.90179443359375 368.2656478881836 380.90179443359375 368.2656478881836 425.9422721862793 307.78265380859375 425.9422721862793
307.1085510253906 381.0722961425781 367.9231071472168 381.0722961425781 367.9231071472168 426.35968017578125 307.1085510253906 426.35968017578125
305.5431213378906 381.36700439453125 366.5528373718262 381.36700439453125 366.5528373718262 426.79972076416016 305.5431213378906 426.79972076416016
301.69134521484375 381.8578186035156 363.10791015625 381.8578186035156 363.10791015625 427.59350967407227 301.69134521484375 427.59350967407227
299.0169372558594 378.6616516113281 359.7169494628906 378.6616516113281 359.7169494628906 423.8637390136719 299.0169372558594 423.8637390136719
299.1730041503906 377.3429260253906 362.5825386047363 377.3429260253906 362.5825386047363 420.4334602355957 299.1730041503906 420.4334602355957
296.2251281738281 375.3590393066406 360.4006881713867 375.3590393066406 360.4006881713867 420.5137252807617 296.2251281738281 420.5137252807617
293.1192932128906 371.23797607421875 358.3062210083008 371.23797607421875 358.3062210083008 416.3007278442383 293.1192932128906 416.3007278442383
289.65655517578125 367.02154541015625 353.20074462890625 367.02154541015625 353.20074462890625 412.07076263427734 289.65655517578125 412.07076263427734
288.91461181640625 363.86480712890625 353.11766052246094 363.86480712890625 353.11766052246094 409.86823654174805 288.91461181640625 409.86823654174805
287.48431396484375 363.0498046875 352.22423553466797 363.0498046875 352.22423553466797 407.7739791870117 287.48431396484375 407.7739791870117
283.265380859375 356.8729248046875 347.86749267578125 356.8729248046875 347.86749267578125 403.45803451538086 283.265380859375 403.45803451538086
281.31146240234375 353.9405822753906 343.7920455932617 353.9405822753906 343.7920455932617 400.46863174438477 281.31146240234375 400.46863174438477
281.44122314453125 352.69586181640625 345.7494125366211 352.69586181640625 345.7494125366211 398.55408096313477 281.44122314453125 398.55408096313477
278.9986267089844 351.5385437011719 345.44334411621094 351.5385437011719 345.44334411621094 394.9436950683594 278.9986267089844 394.9436950683594
274.5157775878906 347.09442138671875 343.6740417480469 347.09442138671875 343.6740417480469 389.8015365600586 274.5157775878906 389.8015365600586
273.7177734375 343.50555419921875 343.633056640625 343.50555419921875 343.633056640625 388.3352966308594 273.7177734375 388.3352966308594
268.75140380859375 339.2268981933594 337.7515640258789 339.2268981933594 337.7515640258789 384.46202087402344 268.75140380859375 384.46202087402344
268.23492431640625 337.9654235839844 339.40120697021484 337.9654235839844 339.40120697021484 381.4674301147461 268.23492431640625 381.4674301147461
263.89569091796875 335.40478515625 335.5973358154297 335.40478515625 335.5973358154297 380.26811599731445 263.89569091796875 380.26811599731445
262.6235046386719 331.1043701171875 333.9192886352539 331.1043701171875 333.9192886352539 374.2475051879883 262.6235046386719 374.2475051879883
262.9769287109375 328.49517822265625 331.1965560913086 328.49517822265625 331.1965560913086 370.9685173034668 262.9769287109375 370.9685173034668
258.2384338378906 324.5044860839844 325.59766387939453 324.5044860839844 325.59766387939453 372.8447952270508 258.2384338378906 372.8447952270508
255.7819366455078 320.899658203125 327.1645202636719 320.899658203125 327.1645202636719 364.6364974975586 255.7819366455078 364.6364974975586
257.11566162109375 320.0462951660156 325.75037384033203 320.0462951660156 325.75037384033203 363.35905838012695 257.11566162109375 363.35905838012695
254.5437469482422 317.9411315917969 323.11827087402344 317.9411315917969 323.11827087402344 361.12516021728516 254.5437469482422 361.12516021728516
250.3740234375 313.2867431640625 322.1694107055664 313.2867431640625 322.1694107055664 357.0390090942383 250.3740234375 357.0390090942383
247.33544921875 310.2937927246094 319.78309631347656 310.2937927246094 319.78309631347656 354.92191314697266 247.33544921875 354.92191314697266
246.1739501953125 307.6649169921875 317.82564544677734 307.6649169921875 317.82564544677734 350.7478446960449 246.1739501953125 350.7478446960449
243.51318359375 304.94659423828125 313.7740783691406 304.94659423828125 313.7740783691406 348.09554290771484 243.51318359375 348.09554290771484
241.03982543945312 299.4840393066406 312.21065521240234 299.4840393066406 312.21065521240234 344.67156982421875 241.03982543945312 344.67156982421875
238.783935546875 298.36767578125 309.353271484375 298.36767578125 309.353271484375 341.7738952636719 238.783935546875 341.7738952636719
234.6221160888672 291.7877502441406 307.8347930908203 291.7877502441406 307.8347930908203 337.3680305480957 234.6221160888672 337.3680305480957
233.3881378173828 291.2777099609375 305.9001007080078 291.2777099609375 305.9001007080078 335.6872749328613 233.3881378173828 335.6872749328613
228.4566650390625 285.3089294433594 303.4591522216797 285.3089294433594 303.4591522216797 332.55556869506836 228.4566650390625 332.55556869506836
228.15640258789062 283.3477478027344 302.8376007080078 283.3477478027344 302.8376007080078 329.0553970336914 228.15640258789062 329.0553970336914
225.30496215820312 281.2784118652344 302.9987258911133 281.2784118652344 302.9987258911133 326.9195785522461 225.30496215820312 326.9195785522461
221.14291381835938 276.1346435546875 302.35499572753906 276.1346435546875 302.35499572753906 323.6091537475586 221.14291381835938 323.6091537475586
218.39804077148438 274.2750549316406 298.0591354370117 274.2750549316406 298.0591354370117 322.4423027038574 218.39804077148438 322.4423027038574
218.8222198486328 271.84405517578125 294.55016326904297 271.84405517578125 294.55016326904297 317.95697021484375 218.8222198486328 317.95697021484375
213.43356323242188 268.10516357421875 291.7388000488281 268.10516357421875 291.7388000488281 313.76316833496094 213.43356323242188 313.76316833496094
211.67636108398438 265.0152282714844 290.67118072509766 265.0152282714844 290.67118072509766 311.3547897338867 211.67636108398438 311.3547897338867
208.16015625 260.910400390625 286.4748764038086 260.910400390625 286.4748764038086 308.10962295532227 208.16015625 308.10962295532227
209.26611328125 258.31707763671875 285.9474639892578 258.31707763671875 285.9474639892578 304.77295303344727 209.26611328125 304.77295303344727
205.20413208007812 256.37835693359375 283.44889068603516 256.37835693359375 283.44889068603516 302.5099296569824 205.20413208007812 302.5099296569824
201.46163940429688 250.4766845703125 279.5124969482422 250.4766845703125 279.5124969482422 298.58145904541016 201.46163940429688 298.58145904541016
199.3230438232422 245.2332000732422 276.06075286865234 245.2332000732422 276.06075286865234 292.67737197875977 199.3230438232422 292.67737197875977
197.23873901367188 243.7128448486328 276.9731903076172 243.7128448486328 276.9731903076172 292.2216033935547 197.23873901367188 292.2216033935547
196.3909454345703 240.5074005126953 273.3312759399414 240.5074005126953 273.3312759399414 288.4663963317871 196.3909454345703 288.4663963317871
192.19522094726562 237.27255249023438 271.1649703979492 237.27255249023438 271.1649703979492 285.6960220336914 192.19522094726562 285.6960220336914
188.65057373046875 234.06393432617188 267.28662872314453 234.06393432617188 267.28662872314453 282.2816848754883 188.65057373046875 282.2816848754883
188.0983428955078 230.3201446533203 267.0247116088867 230.3201446533203 267.0247116088867 279.02690505981445 188.0983428955078 279.02690505981445
184.9859619140625 226.3603973388672 264.6290512084961 226.3603973388672 264.6290512084961 275.94350814819336 184.9859619140625 275.94350814819336
184.11854553222656 224.17483520507812 263.8914489746094 224.17483520507812 263.8914489746094 273.6249656677246 184.11854553222656 273.6249656677246
180.05160522460938 220.7375030517578 260.60880279541016 220.7375030517578 260.60880279541016 270.7406997680664 180.05160522460938 270.7406997680664
180.1116180419922 216.0637664794922 260.49078369140625 216.0637664794922 260.49078369140625 266.7086181640625 180.1116180419922 266.7086181640625
176.27392578125 213.8302764892578 258.0410919189453 213.8302764892578 258.0410919189453 263.3687973022461 176.27392578125 263.3687973022461
176.12684631347656 209.8846435546875 257.4952392578125 209.8846435546875 257.4952392578125 262.4694633483887 176.12684631347656 262.4694633483887
172.2752685546875 206.4699249267578 255.4812774658203 206.4699249267578 255.4812774658203 258.6572723388672 172.2752685546875 258.6572723388672
171.90684509277344 203.22097778320312 257.26554107666016 203.22097778320312 257.26554107666016 257.21220779418945 171.90684509277344 257.21220779418945
168.27284240722656 199.75100708007812 255.28836059570312 199.75100708007812 255.28836059570312 253.3891716003418 168.27284240722656 253.3891716003418
166.56629943847656 198.41006469726562 253.9840316772461 198.41006469726562 253.9840316772461 251.91388702392578 166.56629943847656 251.91388702392578
166.2752685546875 195.66546630859375 253.29525756835938 195.66546630859375 253.29525756835938 250.56546783447266 166.2752685546875 250.56546783447266
165.5293731689453 192.99830627441406 252.00509643554688 192.99830627441406 252.00509643554688 246.79689025878906 165.5293731689453 246.79689025878906
162.56314086914062 190.87368774414062 250.55113220214844 190.87368774414062 250.55113220214844 244.29837799072266 162.56314086914062 244.29837799072266
162.00914001464844 188.86856079101562 249.11851501464844 188.86856079101562 249.11851501464844 242.13714599609375 162.00914001464844 242.13714599609375
159.67044067382812 183.90907287597656 247.5674591064453 183.90907287597656 247.5674591064453 239.1198272705078 159.67044067382812 239.1198272705078
158.15499877929688 181.9395294189453 244.4584503173828 181.9395294189453 244.4584503173828 237.1283187866211 158.15499877929688 237.1283187866211
157.72801208496094 178.358642578125 243.8313446044922 178.358642578125 243.8313446044922 231.68062591552734 157.72801208496094 231.68062591552734
156.1551055908203 177.2341766357422 244.0374755859375 177.2341766357422 244.0374755859375 231.40593719482422 156.1551055908203 231.40593719482422
152.52444458007812 173.8394012451172 242.7486114501953 173.8394012451172 242.7486114501953 228.1047592163086 152.52444458007812 228.1047592163086
153.55453491210938 169.6890411376953 244.3125762939453 169.6890411376953 244.3125762939453 225.89664459228516 153.55453491210938 225.89664459228516
153.0536651611328 165.74375915527344 243.4931411743164 165.74375915527344 243.4931411743164 221.30511856079102 153.0536651611328 221.30511856079102
150.6625213623047 164.5330047607422 241.6860580444336 164.5330047607422 241.6860580444336 220.21819305419922 150.6625213623047 220.21819305419922
148.22412109375 160.57786560058594 238.16891479492188 160.57786560058594 238.16891479492188 215.95862579345703 148.22412109375 215.95862579345703
147.3496856689453 158.0604248046875 237.64559173583984 158.0604248046875 237.64559173583984 214.54316329956055 147.3496856689453 214.54316329956055
143.89051818847656 154.26263427734375 237.88492584228516 154.26263427734375 237.88492584228516 212.2219467163086 143.89051818847656 212.2219467163086
144.37380981445312 153.42185974121094 238.1522674560547 153.42185974121094 238.1522674560547 210.5458526611328 144.37380981445312 210.5458526611328
143.52297973632812 150.943603515625 237.57811737060547 150.943603515625 237.57811737060547 208.79924392700195 143.52297973632812 208.79924392700195
143.46365356445312 146.27972412109375 238.7623748779297 146.27972412109375 238.7623748779297 206.28150177001953 143.46365356445312 206.28150177001953
143.61509704589844 143.5470733642578 240.62407684326172 143.5470733642578 240.62407684326172 204.89575958251953 143.61509704589844 204.89575958251953
142.0112762451172 139.515625 239.00074005126953 139.515625 239.00074005126953 199.76642990112305 142.0112762451172 199.76642990112305
141.96815490722656 138.119873046875 239.6677474975586 138.119873046875 239.6677474975586 199.57733154296875 141.96815490722656 199.57733154296875
141.3257598876953 135.93121337890625 238.52262115478516 135.93121337890625 238.52262115478516 197.3449592590332 141.3257598876953 197.3449592590332
140.39352416992188 130.86941528320312 238.87269592285156 130.86941528320312 238.87269592285156 193.3786506652832 140.39352416992188 193.3786506652832
140.5355224609375 129.98265075683594 239.7927474975586 129.98265075683594 239.7927474975586 193.7517852783203 140.5355224609375 193.7517852783203
138.4808807373047 125.59500885009766 239.01583099365234 125.59500885009766 239.01583099365234 190.09465789794922 138.4808807373047 190.09465789794922
137.9792022705078 125.76566314697266 240.61173248291016 125.76566314697266 240.61173248291016 187.875244140625 137.9792022705078 187.875244140625
136.63839721679688 123.94642639160156 239.10194396972656 123.94642639160156 239.10194396972656 186.3747215270996 136.63839721679688 186.3747215270996
137.7978057861328 121.19287109375 238.80802154541016 121.19287109375 238.80802154541016 183.71809768676758 137.7978057861328 183.71809768676758
136.64064025878906 118.67405700683594 239.72391510009766 118.67405700683594 239.72391510009766 181.72027969360352 136.64064025878906 181.72027969360352
137.16024780273438 118.17768859863281 238.3759002685547 118.17768859863281 238.3759002685547 179.63305282592773 137.16024780273438 179.63305282592773
138.27392578125 112.68790435791016 241.822021484375 112.68790435791016 241.822021484375 176.3125 138.27392578125 176.3125
137.70291137695312 110.891357421875 242.2455291748047 110.891357421875 242.2455291748047 175.08975219726562 137.70291137695312 175.08975219726562
137.26199340820312 109.88774108886719 242.86264038085938 109.88774108886719 242.86264038085938 175.21409606933594 137.26199340820312 175.21409606933594
137.3990478515625 107.19609069824219 243.06101989746094 107.19609069824219 243.06101989746094 171.11236953735352 137.3990478515625 171.11236953735352
139.21914672851562 103.2406997680664 247.11843872070312 103.2406997680664 247.11843872070312 171.3329315185547 139.21914672851562 171.3329315185547
137.90975952148438 101.40571594238281 243.7263641357422 101.40571594238281 243.7263641357422 168.34820556640625 137.90975952148438 168.34820556640625
139.47120666503906 99.37724304199219 249.1807632446289 99.37724304199219 249.1807632446289 167.31179809570312 139.47120666503906 167.31179809570312
139.9098663330078 99.00480651855469 247.79790496826172 99.00480651855469 247.79790496826172 164.95941162109375 139.9098663330078 164.95941162109375
140.6520233154297 95.77482604980469 248.45552825927734 95.77482604980469 248.45552825927734 162.0359115600586 140.6520233154297 162.0359115600586
141.3427734375 93.34151458740234 248.13543701171875 93.34151458740234 248.13543701171875 158.57514190673828 141.3427734375 158.57514190673828
144.045654296875 91.13371276855469 253.27894592285156 91.13371276855469 253.27894592285156 160.24361419677734 144.045654296875 160.24361419677734
144.28643798828125 88.84771728515625 253.63968658447266 88.84771728515625 253.63968658447266 158.3939666748047 144.28643798828125 158.3939666748047
146.9117889404297 85.42404174804688 255.62615966796875 85.42404174804688 255.62615966796875 155.90451049804688 146.9117889404297 155.90451049804688
148.67715454101562 85.68682861328125 256.2004699707031 85.68682861328125 256.2004699707031 154.36478424072266 148.67715454101562 154.36478424072266
151.15213012695312 84.20367431640625 255.6934051513672 84.20367431640625 255.6934051513672 152.19249725341797 151.15213012695312 152.19249725341797
151.0041046142578 80.750732421875 260.1000061035156 80.750732421875 260.1000061035156 150.25379180908203 151.0041046142578 150.25379180908203
151.89962768554688 79.64558410644531 258.00135040283203 79.64558410644531 258.00135040283203 148.51104736328125 151.89962768554688 148.51104736328125
154.85995483398438 77.53466796875 262.2653503417969 77.53466796875 262.2653503417969 145.53807067871094 154.85995483398438 145.53807067871094
155.37045288085938 75.2016372680664 261.67481994628906 75.2016372680664 261.67481994628906 144.13497924804688 155.37045288085938 144.13497924804688
158.5429229736328 72.66536712646484 263.7912292480469 72.66536712646484 263.7912292480469 139.8821258544922 158.5429229736328 139.8821258544922
158.4758758544922 71.52490997314453 268.2748107910156 71.52490997314453 268.2748107910156 140.67857360839844 158.4758758544922 140.67857360839844
161.54513549804688 68.43406677246094 274.2290344238281 68.43406677246094 274.2290344238281 139.66475677490234 161.54513549804688 139.66475677490234
162.37461853027344 65.77840423583984 273.2048645019531 65.77840423583984 273.2048645019531 135.49695587158203 162.37461853027344 135.49695587158203
162.9624481201172 63.751434326171875 271.1746063232422 63.751434326171875 271.1746063232422 132.43844604492188 162.9624481201172 132.43844604492188
164.92681884765625 62.26469039916992 281.9889907836914 62.26469039916992 281.9889907836914 135.58418655395508 164.92681884765625 135.58418655395508
167.07656860351562 62.45123291015625 287.86647033691406 62.45123291015625 287.86647033691406 137.60342407226562 167.07656860351562 137.60342407226562
169.4433135986328 60.03022003173828 289.14025115966797 60.03022003173828 289.14025115966797 135.24122619628906 169.4433135986328 135.24122619628906
170.90077209472656 57.1712646484375 293.78260803222656 57.1712646484375 293.78260803222656 134.88385772705078 170.90077209472656 134.88385772705078
173.45068359375 57.259010314941406 298.341064453125 57.259010314941406 298.341064453125 132.99852752685547 173.45068359375 132.99852752685547
173.0924530029297 55.465576171875 300.5327377319336 55.465576171875 300.5327377319336 132.1511459350586 173.0924530029297 132.1511459350586
180.31381225585938 53.736114501953125 308.74464416503906 53.736114501953125 308.74464416503906 133.28694915771484 180.31381225585938 133.28694915771484
178.44857788085938 52.40449905395508 309.43226623535156 52.40449905395508 309.43226623535156 132.10927963256836 178.44857788085938 132.10927963256836
182.18751525878906 50.13674545288086 316.04661560058594 50.13674545288086 316.04661560058594 133.49638748168945 182.18751525878906 133.49638748168945
184.02639770507812 46.83704376220703 320.5423583984375 46.83704376220703 320.5423583984375 132.7047348022461 184.02639770507812 132.7047348022461
187.40194702148438 46.20796585083008 327.54759216308594 46.20796585083008 327.54759216308594 132.39386367797852 187.40194702148438 132.39386367797852
189.72052001953125 45.87908172607422 329.9169464111328 45.87908172607422 329.9169464111328 130.0967254638672 189.72052001953125 130.0967254638672
193.9353485107422 42.83555221557617 332.3055877685547 42.83555221557617 332.3055877685547 129.63213729858398 193.9353485107422 129.63213729858398
201.37637329101562 42.87144088745117 340.5344696044922 42.87144088745117 340.5344696044922 128.26913833618164 201.37637329101562 128.26913833618164
205.6793212890625 42.08578872680664 346.1210479736328 42.08578872680664 346.1210479736328 129.01836013793945 205.6793212890625 129.01836013793945
211.1822509765625 43.2833251953125 351.15887451171875 43.2833251953125 351.15887451171875 129.25171661376953 211.1822509765625 129.25171661376953
215.2445831298828 41.636566162109375 352.44873046875 41.636566162109375 352.44873046875 128.40211486816406 215.2445831298828 128.40211486816406
225.6614532470703 40.8298454284668 358.3839416503906 40.8298454284668 358.3839416503906 131.8661766052246 225.6614532470703 131.8661766052246
230.1248016357422 42.03246307373047 368.23326110839844 42.03246307373047 368.23326110839844 132.10938262939453 230.1248016357422 132.10938262939453
234.9881134033203 43.98777389526367 374.43055725097656 43.98777389526367 374.43055725097656 137.43606185913086 234.9881134033203 137.43606185913086
236.185791015625 40.55815887451172 380.5940246582031 40.55815887451172 380.5940246582031 136.0746841430664 236.185791015625 136.0746841430664
241.30126953125 45.007911682128906 395.32916259765625 45.007911682128906 395.32916259765625 144.9004898071289 241.30126953125 144.9004898071289
248.30740356445312 48.55509948730469 403.287841796875 48.55509948730469 403.287841796875 147.9085464477539 248.30740356445312 147.9085464477539
250.28054809570312 46.23094940185547 406.9148406982422 46.23094940185547 406.9148406982422 145.53634643554688 250.28054809570312 145.53634643554688
263.8883361816406 57.3443603515625 416.8285369873047 57.3443603515625 416.8285369873047 155.5850067138672 263.8883361816406 155.5850067138672
269.5189208984375 56.5648078918457 425.33917236328125 56.5648078918457 425.33917236328125 153.99878311157227 269.5189208984375 153.99878311157227
274.0209045410156 62.83564376831055 441.91624450683594 62.83564376831055 441.91624450683594 161.5705223083496 274.0209045410156 161.5705223083496
280.70281982421875 67.87944030761719 449.7262878417969 67.87944030761719 449.7262878417969 167.4601287841797 280.70281982421875 167.4601287841797
289.5545349121094 68.68804168701172 461.7427215576172 68.68804168701172 461.7427215576172 170.0262222290039 289.5545349121094 170.0262222290039
295.45361328125 72.86216735839844 473.7127990722656 72.86216735839844 473.7127990722656 177.75369262695312 295.45361328125 177.75369262695312
306.5943298339844 77.3862533569336 486.4049835205078 77.3862533569336 486.4049835205078 183.8627166748047 306.5943298339844 183.8627166748047
319.21807861328125 83.45712280273438 497.2829132080078 83.45712280273438 497.2829132080078 190.98416137695312 319.21807861328125 190.98416137695312
330.4880065917969 92.77262878417969 501.2818298339844 92.77262878417969 501.2818298339844 199.86585235595703 330.4880065917969 199.86585235595703
328.37030029296875 94.03070068359375 508.2994689941406 94.03070068359375 508.2994689941406 202.01595306396484 328.37030029296875 202.01595306396484
330.0719299316406 96.66626739501953 512.8668823242188 96.66626739501953 512.8668823242188 207.77094268798828 330.0719299316406 207.77094268798828
342.666748046875 103.0130386352539 526.8379821777344 103.0130386352539 526.8379821777344 213.21893310546875 342.666748046875 213.21893310546875
353.0575866699219 111.18306732177734 537.9132080078125 111.18306732177734 537.9132080078125 220.43314361572266 353.0575866699219 220.43314361572266
361.42218017578125 115.6966781616211 546.6505279541016 115.6966781616211 546.6505279541016 227.83753204345703 361.42218017578125 227.83753204345703
363.73553466796875 118.035400390625 564.2087249755859 118.035400390625 564.2087249755859 236.0239028930664 363.73553466796875 236.0239028930664
372.08880615234375 121.55735778808594 583.8642425537109 121.55735778808594 583.8642425537109 242.18405151367188 372.08880615234375 242.18405151367188
375.0600280761719 124.4692611694336 583.2642974853516 124.4692611694336 583.2642974853516 244.6224822998047 375.0600280761719 244.6224822998047
390.8124694824219 133.84596252441406 603.861328125 133.84596252441406 603.861328125 255.93241119384766 390.8124694824219 255.93241119384766
392.3064270019531 135.7899169921875 606.4312591552734 135.7899169921875 606.4312591552734 260.48580169677734 392.3064270019531 260.48580169677734
419.3603515625 143.22030639648438 629.7347412109375 143.22030639648438 629.7347412109375 277.41493225097656 419.3603515625 277.41493225097656
428.42437744140625 146.7798614501953 631.0705413818359 146.7798614501953 631.0705413818359 274.1703186035156 428.42437744140625 274.1703186035156
431.68048095703125 150.26846313476562 632.2318420410156 150.26846313476562 632.2318420410156 274.96409606933594 431.68048095703125 274.96409606933594
