73.0 271.0 108.0 271.0 108.0 353.0 73.0 353.0
73.18574523925781 270.42022705078125 108.39545440673828 270.42022705078125 108.39545440673828 350.4135284423828 73.18574523925781 350.4135284423828
74.03239440917969 270.5646057128906 107.63123321533203 270.5646057128906 107.63123321533203 348.27137756347656 74.03239440917969 348.27137756347656
73.838623046875 270.6576843261719 108.1953353881836 270.6576843261719 108.1953353881836 349.19883728027344 73.838623046875 349.19883728027344
73.62479400634766 270.5611267089844 108.10847473144531 270.5611267089844 108.10847473144531 349.9565124511719 73.62479400634766 349.9565124511719
74.6458740234375 268.05743408203125 109.24373626708984 268.05743408203125 109.24373626708984 349.8325653076172 74.6458740234375 349.8325653076172
75.62922668457031 266.70166015625 110.81492233276367 266.70166015625 110.81492233276367 349.1366958618164 75.62922668457031 349.1366958618164
75.30027770996094 267.0286560058594 110.71967315673828 267.0286560058594 110.71967315673828 349.46202087402344 75.30027770996094 349.46202087402344
76.51521301269531 265.9029846191406 111.52455139160156 265.9029846191406 111.52455139160156 347.75707244873047 76.51521301269531 347.75707244873047
77.51921081542969 266.93316650390625 112.96062088012695 266.93316650390625 112.96062088012695 347.9881591796875 77.51921081542969 347.9881591796875
78.24806213378906 264.00567626953125 113.6595458984375 264.00567626953125 113.6595458984375 346.0149154663086 78.24806213378906 346.0149154663086
78.98161315917969 264.37213134765625 113.68373489379883 264.37213134765625 113.68373489379883 343.53600311279297 78.98161315917969 343.53600311279297
78.12974548339844 263.7186279296875 113.48601531982422 263.7186279296875 113.48601531982422 342.32677459716797 78.12974548339844 342.32677459716797
77.55489349365234 264.5953369140625 113.56723022460938 264.5953369140625 113.56723022460938 343.98406982421875 77.55489349365234 343.98406982421875
77.24345397949219 264.886962890625 113.57219696044922 264.886962890625 113.57219696044922 344.3628692626953 77.24345397949219 344.3628692626953
76.56129455566406 264.67559814453125 113.01059341430664 264.67559814453125 113.01059341430664 344.93839263916016 76.56129455566406 344.93839263916016
75.47074890136719 265.2955627441406 113.56240463256836 265.2955627441406 113.56240463256836 344.90413665771484 75.47074890136719 344.90413665771484
75.4023666381836 264.2266845703125 112.91781997680664 264.2266845703125 112.91781997680664 342.0894012451172 75.4023666381836 342.0894012451172
74.19896697998047 264.8699645996094 112.09793090820312 264.8699645996094 112.09793090820312 342.8783416748047 74.19896697998047 342.8783416748047
74.416015625 263.17230224609375 112.09206771850586 263.17230224609375 112.09206771850586 341.7365036010742 74.416015625 341.7365036010742
73.5633544921875 260.078857421875 111.43302154541016 260.078857421875 111.43302154541016 340.56481170654297 73.5633544921875 340.56481170654297
72.96772766113281 260.2935485839844 110.78620147705078 260.2935485839844 110.78620147705078 339.1397705078125 72.96772766113281 339.1397705078125
73.64402770996094 262.54071044921875 110.18448257446289 262.54071044921875 110.18448257446289 338.77870178222656 73.64402770996094 338.77870178222656
72.21539306640625 261.6415100097656 109.1147689819336 261.6415100097656 109.1147689819336 341.0119323730469 72.21539306640625 341.0119323730469
72.76354217529297 261.1935119628906 109.14309692382812 261.1935119628906 109.14309692382812 339.80775451660156 72.76354217529297 339.80775451660156
73.1333999633789 260.3384094238281 109.1552619934082 260.3384094238281 109.1552619934082 338.9830780029297 73.1333999633789 338.9830780029297
72.16371154785156 257.7081604003906 108.66629409790039 257.7081604003906 108.66629409790039 337.30725860595703 72.16371154785156 337.30725860595703
72.6028823852539 256.762939453125 106.9830436706543 256.762939453125 106.9830436706543 337.21407318115234 72.6028823852539 337.21407318115234
71.87939453125 255.71322631835938 106.96209716796875 255.71322631835938 106.96209716796875 338.24674224853516 71.87939453125 338.24674224853516
71.08585357666016 254.99642944335938 106.45497131347656 254.99642944335938 106.45497131347656 339.01428985595703 71.08585357666016 339.01428985595703
69.93412780761719 256.10894775390625 104.94966125488281 256.10894775390625 104.94966125488281 338.86851501464844 69.93412780761719 338.86851501464844
69.8415756225586 256.0604553222656 104.27217864990234 256.0604553222656 104.27217864990234 335.3013458251953 69.8415756225586 335.3013458251953
68.25828552246094 255.26669311523438 104.41537475585938 255.26669311523438 104.41537475585938 333.7937469482422 68.25828552246094 333.7937469482422
68.50032806396484 254.43350219726562 104.85947036743164 254.43350219726562 104.85947036743164 333.8353500366211 68.50032806396484 333.8353500366211
69.28612518310547 255.052978515625 104.1435661315918 255.052978515625 104.1435661315918 330.9725341796875 69.28612518310547 330.9725341796875
70.67140197753906 255.8651885986328 103.80314636230469 255.8651885986328 103.80314636230469 330.9223327636719 70.67140197753906 330.9223327636719
72.11166381835938 253.0838165283203 105.16076278686523 253.0838165283203 105.16076278686523 330.9958801269531 72.11166381835938 330.9958801269531
72.07479858398438 253.08572387695312 104.34784698486328 253.08572387695312 104.34784698486328 331.0459671020508 72.07479858398438 331.0459671020508
70.79705810546875 251.75210571289062 104.25663375854492 251.75210571289062 104.25663375854492 329.6324768066406 70.79705810546875 329.6324768066406
69.43247985839844 249.92239379882812 104.02210998535156 249.92239379882812 104.02210998535156 331.74879455566406 69.43247985839844 331.74879455566406
68.48930358886719 249.8332977294922 103.85566329956055 249.8332977294922 103.85566329956055 332.5471649169922 68.48930358886719 332.5471649169922
68.33734893798828 248.69967651367188 103.86237716674805 248.69967651367188 103.86237716674805 332.0370330810547 68.33734893798828 332.0370330810547
66.23831939697266 246.2834930419922 102.51536560058594 246.2834930419922 102.51536560058594 331.50662994384766 66.23831939697266 331.50662994384766
67.0330810546875 246.10250854492188 103.0394287109375 246.10250854492188 103.0394287109375 330.97608184814453 67.0330810546875 330.97608184814453
66.2173080444336 246.59701538085938 102.7023811340332 246.59701538085938 102.7023811340332 330.3225555419922 66.2173080444336 330.3225555419922
65.2693862915039 248.2957305908203 101.22527313232422 248.2957305908203 101.22527313232422 333.0502166748047 65.2693862915039 333.0502166748047
65.89704132080078 246.85348510742188 101.54783630371094 246.85348510742188 101.54783630371094 331.4815139770508 65.89704132080078 331.4815139770508
65.42831420898438 246.39404296875 100.8806037902832 246.39404296875 100.8806037902832 328.59969329833984 65.42831420898438 328.59969329833984
64.88154602050781 243.0929718017578 99.51630401611328 243.0929718017578 99.51630401611328 328.34735107421875 64.88154602050781 328.34735107421875
65.06585693359375 241.58090209960938 99.8130989074707 241.58090209960938 99.8130989074707 326.5665740966797 65.06585693359375 326.5665740966797
65.37519836425781 242.5618896484375 100.71062850952148 242.5618896484375 100.71062850952148 328.37184143066406 65.37519836425781 328.37184143066406
64.60282897949219 241.90255737304688 99.94762420654297 241.90255737304688 99.94762420654297 325.68687438964844 64.60282897949219 325.68687438964844
65.93553161621094 244.11422729492188 100.97007369995117 244.11422729492188 100.97007369995117 328.16893005371094 65.93553161621094 328.16893005371094
65.25312805175781 242.45773315429688 99.30454635620117 242.45773315429688 99.30454635620117 325.80261993408203 65.25312805175781 325.80261993408203
64.82669830322266 243.8075714111328 98.5237922668457 243.8075714111328 98.5237922668457 323.2290802001953 64.82669830322266 323.2290802001953
65.11878204345703 239.2326202392578 97.9939079284668 239.2326202392578 97.9939079284668 324.6396484375 65.11878204345703 324.6396484375
64.57469177246094 238.7095184326172 99.33966064453125 238.7095184326172 99.33966064453125 322.2752151489258 64.57469177246094 322.2752151489258
66.65380096435547 239.89205932617188 101.90975189208984 239.89205932617188 101.90975189208984 322.4916534423828 66.65380096435547 322.4916534423828
66.76310729980469 241.3197021484375 102.12437438964844 241.3197021484375 102.12437438964844 324.16603088378906 66.76310729980469 324.16603088378906
68.8306884765625 239.3606414794922 102.44408416748047 239.3606414794922 102.44408416748047 320.1872253417969 68.8306884765625 320.1872253417969
68.57512664794922 238.2952423095703 102.25610733032227 238.2952423095703 102.25610733032227 318.5967025756836 68.57512664794922 318.5967025756836
69.41341400146484 237.84933471679688 103.40988540649414 237.84933471679688 103.40988540649414 318.16707611083984 69.41341400146484 318.16707611083984
69.86322021484375 241.0113067626953 103.0011100769043 241.0113067626953 103.0011100769043 320.0569763183594 69.86322021484375 320.0569763183594
69.52061462402344 240.45205688476562 102.2807502746582 240.45205688476562 102.2807502746582 318.0069885253906 69.52061462402344 318.0069885253906
69.19010925292969 242.40335083007812 101.29561233520508 242.40335083007812 101.29561233520508 318.5756149291992 69.19010925292969 318.5756149291992
68.01072692871094 240.0071258544922 101.82318878173828 240.0071258544922 101.82318878173828 320.2276306152344 68.01072692871094 320.2276306152344
67.57130432128906 235.14114379882812 102.1905746459961 235.14114379882812 102.1905746459961 316.2490921020508 67.57130432128906 316.2490921020508
68.3520278930664 237.80990600585938 102.28740310668945 237.80990600585938 102.28740310668945 317.21387481689453 68.3520278930664 317.21387481689453
67.36236572265625 238.955810546875 101.28307342529297 238.955810546875 101.28307342529297 318.06172943115234 67.36236572265625 318.06172943115234
66.55569458007812 238.1101531982422 100.24079132080078 238.1101531982422 100.24079132080078 317.0294647216797 66.55569458007812 317.0294647216797
66.70779418945312 239.83065795898438 99.71448135375977 239.83065795898438 99.71448135375977 312.93297576904297 66.70779418945312 312.93297576904297
67.49287414550781 238.77978515625 99.94458389282227 238.77978515625 99.94458389282227 316.4048614501953 67.49287414550781 316.4048614501953
66.88263702392578 236.89047241210938 99.63494491577148 236.89047241210938 99.63494491577148 315.36595916748047 66.88263702392578 315.36595916748047
66.97694396972656 235.2466583251953 100.11270523071289 235.2466583251953 100.11270523071289 314.5427551269531 66.97694396972656 314.5427551269531
65.9194564819336 235.274169921875 97.23889541625977 235.274169921875 97.23889541625977 314.7425308227539 65.9194564819336 314.7425308227539
66.1203384399414 236.1479949951172 98.51209259033203 236.1479949951172 98.51209259033203 314.4601135253906 66.1203384399414 314.4601135253906
66.1468276977539 236.2070770263672 99.66022491455078 236.2070770263672 99.66022491455078 314.7240905761719 66.1468276977539 314.7240905761719
66.19551086425781 235.104248046875 99.79175567626953 235.104248046875 99.79175567626953 313.81536865234375 66.19551086425781 313.81536865234375
67.29405212402344 234.1298370361328 100.47373962402344 234.1298370361328 100.47373962402344 311.8650207519531 67.29405212402344 311.8650207519531
65.95619201660156 234.4794464111328 98.58269119262695 234.4794464111328 98.58269119262695 310.91858673095703 65.95619201660156 310.91858673095703
64.64453125 234.7149658203125 97.54898834228516 234.7149658203125 97.54898834228516 311.80531311035156 64.64453125 311.80531311035156
65.94396209716797 231.63186645507812 98.28268051147461 231.63186645507812 98.28268051147461 309.2071533203125 65.94396209716797 309.2071533203125
66.5304183959961 230.9309539794922 99.1108283996582 230.9309539794922 99.1108283996582 307.26210021972656 66.5304183959961 307.26210021972656
67.85005187988281 231.5301513671875 100.47980499267578 231.5301513671875 100.47980499267578 307.97691345214844 67.85005187988281 307.97691345214844
68.9022216796875 232.01025390625 101.7324447631836 232.01025390625 101.7324447631836 308.9267044067383 68.9022216796875 308.9267044067383
69.61709594726562 231.6573028564453 102.95854949951172 231.6573028564453 102.95854949951172 308.19386291503906 69.61709594726562 308.19386291503906
69.52594757080078 229.70071411132812 103.70584487915039 229.70071411132812 103.70584487915039 307.28360748291016 69.52594757080078 307.28360748291016
69.38557434082031 228.68313598632812 103.71072769165039 228.68313598632812 103.71072769165039 307.3603057861328 69.38557434082031 307.3603057861328
70.6373291015625 228.6608428955078 104.57384490966797 228.6608428955078 104.57384490966797 306.08575439453125 70.6373291015625 306.08575439453125
71.24424743652344 228.90634155273438 104.9035530090332 228.90634155273438 104.9035530090332 305.6623306274414 71.24424743652344 305.6623306274414
71.44383239746094 230.25704956054688 104.66558074951172 230.25704956054688 104.66558074951172 304.4513854980469 71.44383239746094 304.4513854980469
70.6679916381836 228.7748565673828 104.76005935668945 228.7748565673828 104.76005935668945 305.50030517578125 70.6679916381836 305.50030517578125
69.57832336425781 226.45010375976562 103.5047607421875 226.45010375976562 103.5047607421875 306.3682403564453 69.57832336425781 306.3682403564453
70.4674072265625 226.26760864257812 104.49574661254883 226.26760864257812 104.49574661254883 303.95155334472656 70.4674072265625 303.95155334472656
72.13744354248047 226.7445526123047 104.97769927978516 226.7445526123047 104.97769927978516 304.60607147216797 72.13744354248047 304.60607147216797
73.66960144042969 227.96151733398438 105.66835021972656 227.96151733398438 105.66835021972656 304.571044921875 73.66960144042969 304.571044921875
73.57234191894531 227.37271118164062 106.33386993408203 227.37271118164062 106.33386993408203 303.1772003173828 73.57234191894531 303.1772003173828
72.75199890136719 224.6368408203125 105.59625244140625 224.6368408203125 105.59625244140625 302.85577392578125 72.75199890136719 302.85577392578125
72.30071258544922 225.30099487304688 105.19153213500977 225.30099487304688 105.19153213500977 303.91322326660156 72.30071258544922 303.91322326660156
70.10826110839844 223.79476928710938 103.18520736694336 223.79476928710938 103.18520736694336 303.7952575683594 70.10826110839844 303.7952575683594
69.02373504638672 222.7367706298828 103.31283569335938 222.7367706298828 103.31283569335938 303.12528228759766 69.02373504638672 303.12528228759766
67.00008392333984 223.4490203857422 101.26182556152344 223.4490203857422 101.26182556152344 303.2235412597656 67.00008392333984 303.2235412597656
68.69584655761719 223.2465362548828 102.25384521484375 223.2465362548828 102.25384521484375 301.8680419921875 68.69584655761719 301.8680419921875
67.2623291015625 222.0556182861328 100.99439239501953 222.0556182861328 100.99439239501953 301.7986755371094 67.2623291015625 301.7986755371094
67.18099975585938 221.96243286132812 100.63228607177734 221.96243286132812 100.63228607177734 301.0030059814453 67.18099975585938 301.0030059814453
67.70963287353516 221.9330291748047 101.556884765625 221.9330291748047 101.556884765625 301.2322082519531 67.70963287353516 301.2322082519531
67.98393249511719 220.2484588623047 101.6259994506836 220.2484588623047 101.6259994506836 299.4955368041992 67.98393249511719 299.4955368041992
68.73423767089844 222.34835815429688 102.3145980834961 222.34835815429688 102.3145980834961 298.6301727294922 68.73423767089844 298.6301727294922
69.05439758300781 222.6565704345703 102.05899047851562 222.6565704345703 102.05899047851562 299.8892059326172 69.05439758300781 299.8892059326172
70.7709732055664 224.93850708007812 102.67348098754883 224.93850708007812 102.67348098754883 299.7131652832031 70.7709732055664 299.7131652832031
71.66120910644531 223.4392852783203 103.37745666503906 223.4392852783203 103.37745666503906 296.50990295410156 71.66120910644531 296.50990295410156
72.18901062011719 220.88565063476562 104.34110641479492 220.88565063476562 104.34110641479492 297.87303161621094 72.18901062011719 297.87303161621094
73.58265686035156 224.1276092529297 105.64302062988281 224.1276092529297 105.64302062988281 296.5050964355469 73.58265686035156 296.5050964355469
73.59222412109375 224.1622314453125 106.23360061645508 224.1622314453125 106.23360061645508 295.4891815185547 73.59222412109375 295.4891815185547
73.93206787109375 224.8646697998047 106.89485168457031 224.8646697998047 106.89485168457031 294.3336868286133 73.93206787109375 294.3336868286133
74.03121185302734 225.15060424804688 107.54718780517578 225.15060424804688 107.54718780517578 295.1765594482422 74.03121185302734 295.1765594482422
73.89703369140625 223.9945831298828 107.43819808959961 223.9945831298828 107.43819808959961 294.15799713134766 73.89703369140625 294.15799713134766
72.83610534667969 222.51107788085938 107.58806610107422 222.51107788085938 107.58806610107422 295.66375732421875 72.83610534667969 295.66375732421875
72.6195297241211 222.4253692626953 107.70096588134766 222.4253692626953 107.70096588134766 299.0366897583008 72.6195297241211 299.0366897583008
73.06990051269531 221.2560272216797 108.72454833984375 221.2560272216797 108.72454833984375 296.1081008911133 73.06990051269531 296.1081008911133
73.12367248535156 222.550048828125 108.21969985961914 222.550048828125 108.21969985961914 297.37977600097656 73.12367248535156 297.37977600097656
72.7670669555664 221.7364501953125 108.3073501586914 221.7364501953125 108.3073501586914 296.2371139526367 72.7670669555664 296.2371139526367
72.08377075195312 222.0729522705078 108.09395599365234 222.0729522705078 108.09395599365234 296.5632629394531 72.08377075195312 296.5632629394531
71.77677917480469 222.3089599609375 107.10955810546875 222.3089599609375 107.10955810546875 295.3939666748047 71.77677917480469 295.3939666748047
73.29606628417969 219.626708984375 108.9706039428711 219.626708984375 108.9706039428711 293.11544036865234 73.29606628417969 293.11544036865234
73.23252868652344 221.81069946289062 108.00115203857422 221.81069946289062 108.00115203857422 294.73828125 73.23252868652344 294.73828125
73.98599243164062 219.2213897705078 108.5666275024414 219.2213897705078 108.5666275024414 291.8580017089844 73.98599243164062 291.8580017089844
73.66120910644531 215.9483184814453 108.12395477294922 215.9483184814453 108.12395477294922 291.60618591308594 73.66120910644531 291.60618591308594
73.68098449707031 218.71682739257812 107.79311752319336 218.71682739257812 107.79311752319336 294.4759063720703 73.68098449707031 294.4759063720703
71.51911163330078 212.92044067382812 106.77819442749023 212.92044067382812 106.77819442749023 292.66870880126953 71.51911163330078 292.66870880126953
70.83256530761719 214.41714477539062 107.57541275024414 214.41714477539062 107.57541275024414 295.8130111694336 70.83256530761719 295.8130111694336
70.58412170410156 212.522216796875 106.55916595458984 212.522216796875 106.55916595458984 293.4998245239258 70.58412170410156 293.4998245239258
69.47457122802734 210.2093505859375 104.1853141784668 210.2093505859375 104.1853141784668 291.2553024291992 69.47457122802734 291.2553024291992
68.42997741699219 209.2744598388672 103.54608154296875 209.2744598388672 103.54608154296875 292.03894805908203 68.42997741699219 292.03894805908203
68.27305603027344 204.7128448486328 104.44896697998047 204.7128448486328 104.44896697998047 289.5118103027344 68.27305603027344 289.5118103027344
66.6253890991211 204.23696899414062 104.97837829589844 204.23696899414062 104.97837829589844 289.7397918701172 66.6253890991211 289.7397918701172
64.58797454833984 205.5128173828125 102.66073608398438 205.5128173828125 102.66073608398438 293.22132873535156 64.58797454833984 293.22132873535156
65.43103790283203 206.3787384033203 102.28660583496094 206.3787384033203 102.28660583496094 293.6795349121094 65.43103790283203 293.6795349121094
66.04814910888672 200.40283203125 103.54899597167969 200.40283203125 103.54899597167969 287.91539764404297 66.04814910888672 287.91539764404297
65.53535461425781 201.8494415283203 102.6140022277832 201.8494415283203 102.6140022277832 289.68003845214844 65.53535461425781 289.68003845214844
65.24404907226562 200.6942596435547 102.57569885253906 200.6942596435547 102.57569885253906 290.15599060058594 65.24404907226562 290.15599060058594
63.47180938720703 197.48451232910156 102.72394943237305 197.48451232910156 102.72394943237305 289.11669921875 63.47180938720703 289.11669921875
63.970359802246094 199.08169555664062 102.56537628173828 199.08169555664062 102.56537628173828 289.15269470214844 63.970359802246094 289.15269470214844
63.89765548706055 193.71214294433594 101.59777450561523 193.71214294433594 101.59777450561523 287.52596282958984 63.89765548706055 287.52596282958984
62.985939025878906 191.8601531982422 101.55586624145508 191.8601531982422 101.55586624145508 286.5217971801758 62.985939025878906 286.5217971801758
63.15549850463867 189.2982940673828 100.88716125488281 189.2982940673828 100.88716125488281 283.2631301879883 63.15549850463867 283.2631301879883
62.07423782348633 189.9818572998047 100.2568359375 189.9818572998047 100.2568359375 284.14178466796875 62.07423782348633 284.14178466796875
62.61920928955078 191.49891662597656 98.83805847167969 191.49891662597656 98.83805847167969 286.30529022216797 62.61920928955078 286.30529022216797
62.975921630859375 183.97677612304688 99.74640655517578 183.97677612304688 99.74640655517578 280.0459747314453 62.975921630859375 280.0459747314453
63.25213623046875 186.82394409179688 99.5368766784668 186.82394409179688 99.5368766784668 285.53385162353516 63.25213623046875 285.53385162353516
61.721946716308594 189.55673217773438 98.31956100463867 189.55673217773438 98.31956100463867 286.11263275146484 61.721946716308594 286.11263275146484
58.15582275390625 185.97061157226562 96.2579574584961 185.97061157226562 96.2579574584961 286.14964294433594 58.15582275390625 286.14964294433594
58.4111328125 183.97378540039062 95.1991081237793 183.97378540039062 95.1991081237793 281.6030044555664 58.4111328125 281.6030044555664
58.75206756591797 184.4387664794922 95.1231689453125 184.4387664794922 95.1231689453125 284.39146423339844 58.75206756591797 284.39146423339844
59.223876953125 185.15512084960938 95.05994415283203 185.15512084960938 95.05994415283203 283.47335052490234 59.223876953125 283.47335052490234
57.91876220703125 187.13034057617188 93.87864303588867 187.13034057617188 93.87864303588867 287.0278625488281 57.91876220703125 287.0278625488281
59.7340202331543 186.5196533203125 95.7541732788086 186.5196533203125 95.7541732788086 284.6694030761719 59.7340202331543 284.6694030761719
60.45396041870117 185.9384002685547 96.00859451293945 185.9384002685547 96.00859451293945 283.3599319458008 60.45396041870117 283.3599319458008
60.79915237426758 186.579833984375 96.39382553100586 186.579833984375 96.39382553100586 282.58509826660156 60.79915237426758 282.58509826660156
59.46057891845703 187.56832885742188 95.60221862792969 187.56832885742188 95.60221862792969 284.4539489746094 59.46057891845703 284.4539489746094
61.05161666870117 188.32998657226562 95.1944808959961 188.32998657226562 95.1944808959961 280.7538146972656 61.05161666870117 280.7538146972656
61.39624786376953 184.35202026367188 94.96109008789062 184.35202026367188 94.96109008789062 277.9815902709961 61.39624786376953 277.9815902709961
61.52983474731445 184.5033721923828 95.84850692749023 184.5033721923828 95.84850692749023 276.31180572509766 61.52983474731445 276.31180572509766
62.04230880737305 184.09140014648438 96.38629531860352 184.09140014648438 96.38629531860352 276.48597717285156 62.04230880737305 276.48597717285156
61.535057067871094 182.9430389404297 96.99283599853516 182.9430389404297 96.99283599853516 276.2455139160156 61.535057067871094 276.2455139160156
62.28432083129883 184.19943237304688 97.0769157409668 184.19943237304688 97.0769157409668 280.2530059814453 62.28432083129883 280.2530059814453
61.60125732421875 184.18234252929688 96.67460250854492 184.18234252929688 96.67460250854492 277.4014434814453 61.60125732421875 277.4014434814453
60.292457580566406 183.09072875976562 96.93543243408203 183.09072875976562 96.93543243408203 277.26522064208984 60.292457580566406 277.26522064208984
59.69169998168945 182.32571411132812 96.10050964355469 182.32571411132812 96.10050964355469 276.927978515625 59.69169998168945 276.927978515625
59.994361877441406 181.65892028808594 96.00425720214844 181.65892028808594 96.00425720214844 276.6696472167969 59.994361877441406 276.6696472167969
58.812767028808594 182.3059539794922 95.00806045532227 182.3059539794922 95.00806045532227 276.5087127685547 58.812767028808594 276.5087127685547
60.010108947753906 181.35238647460938 95.20372009277344 181.35238647460938 95.20372009277344 273.2589645385742 60.010108947753906 273.2589645385742
59.213417053222656 180.98580932617188 95.48079299926758 180.98580932617188 95.48079299926758 274.6210479736328 59.213417053222656 274.6210479736328
60.6704216003418 180.71705627441406 95.37107467651367 180.71705627441406 95.37107467651367 274.0323791503906 60.6704216003418 274.0323791503906
59.87316131591797 179.12005615234375 95.00878143310547 179.12005615234375 95.00878143310547 277.08555603027344 59.87316131591797 277.08555603027344
61.32831573486328 180.8734893798828 95.35112380981445 180.8734893798828 95.35112380981445 275.65997314453125 61.32831573486328 275.65997314453125
60.54265213012695 183.57308959960938 95.15946960449219 183.57308959960938 95.15946960449219 276.0022964477539 60.54265213012695 276.0022964477539
60.95319747924805 179.10610961914062 96.11236953735352 179.10610961914062 96.11236953735352 270.06134033203125 60.95319747924805 270.06134033203125
62.1766242980957 179.08193969726562 96.19401550292969 179.08193969726562 96.19401550292969 270.43971252441406 62.1766242980957 270.43971252441406
62.8372802734375 178.8317413330078 96.59775924682617 178.8317413330078 96.59775924682617 270.97056579589844 62.8372802734375 270.97056579589844
63.275169372558594 178.49899291992188 97.64780807495117 178.49899291992188 97.64780807495117 274.9695053100586 63.275169372558594 274.9695053100586
63.170082092285156 178.1050262451172 98.46708297729492 178.1050262451172 98.46708297729492 274.59676361083984 63.170082092285156 274.59676361083984
62.793243408203125 178.04776000976562 98.3237419128418 178.04776000976562 98.3237419128418 272.8033905029297 62.793243408203125 272.8033905029297
62.767486572265625 178.04588317871094 97.77458953857422 178.04588317871094 97.77458953857422 271.2123718261719 62.767486572265625 271.2123718261719
63.01275634765625 177.04412841796875 97.83551788330078 177.04412841796875 97.83551788330078 270.3896026611328 63.01275634765625 270.3896026611328
62.58101272583008 177.506591796875 98.55878448486328 177.506591796875 98.55878448486328 274.1493911743164 62.58101272583008 274.1493911743164
62.821685791015625 176.6124267578125 98.07323455810547 176.6124267578125 98.07323455810547 271.06568908691406 62.821685791015625 271.06568908691406
62.70929718017578 177.9159393310547 98.05469512939453 177.9159393310547 98.05469512939453 273.0579071044922 62.70929718017578 273.0579071044922
63.31013107299805 176.87608337402344 99.40253067016602 176.87608337402344 99.40253067016602 271.57149505615234 63.31013107299805 271.57149505615234
63.76293182373047 176.6035614013672 99.43830108642578 176.6035614013672 99.43830108642578 271.09815216064453 63.76293182373047 271.09815216064453
64.4180908203125 177.0444793701172 99.85065841674805 177.0444793701172 99.85065841674805 270.7193298339844 64.4180908203125 270.7193298339844
64.15745544433594 175.2847442626953 100.37671279907227 175.2847442626953 100.37671279907227 270.65111541748047 64.15745544433594 270.65111541748047
64.55171203613281 175.7106475830078 100.72139739990234 175.7106475830078 100.72139739990234 271.21270751953125 64.55171203613281 271.21270751953125
64.92802429199219 176.69625854492188 100.87004089355469 176.69625854492188 100.87004089355469 269.65150451660156 64.92802429199219 269.65150451660156
65.87049865722656 177.15065002441406 101.69760513305664 177.15065002441406 101.69760513305664 269.0833969116211 65.87049865722656 269.0833969116211
65.37957763671875 176.4906768798828 101.64334487915039 176.4906768798828 101.64334487915039 265.91674041748047 65.37957763671875 265.91674041748047
66.4555435180664 177.97976684570312 102.45391845703125 177.97976684570312 102.45391845703125 265.5155258178711 66.4555435180664 265.5155258178711
67.2791519165039 175.45802307128906 104.27277755737305 175.45802307128906 104.27277755737305 261.48658752441406 67.2791519165039 261.48658752441406
67.74144744873047 177.71456909179688 104.78190231323242 177.71456909179688 104.78190231323242 265.3782043457031 67.74144744873047 265.3782043457031
65.79942321777344 175.03976440429688 103.87554168701172 175.03976440429688 103.87554168701172 265.9385452270508 65.79942321777344 265.9385452270508
67.56380462646484 172.9290008544922 104.98847961425781 172.9290008544922 104.98847961425781 262.32164001464844 67.56380462646484 262.32164001464844
66.16136169433594 172.5357666015625 103.98925018310547 172.5357666015625 103.98925018310547 262.8470916748047 66.16136169433594 262.8470916748047
65.51010131835938 172.05148315429688 102.34081649780273 172.05148315429688 102.34081649780273 267.21216583251953 65.51010131835938 267.21216583251953
65.98146057128906 171.77835083007812 103.13416290283203 171.77835083007812 103.13416290283203 264.4747772216797 65.98146057128906 264.4747772216797
64.57363891601562 170.4287872314453 101.67264556884766 170.4287872314453 101.67264556884766 263.6433639526367 64.57363891601562 263.6433639526367
63.63031005859375 169.197265625 101.02397918701172 169.197265625 101.02397918701172 264.2269515991211 63.63031005859375 264.2269515991211
63.7307014465332 169.65573120117188 101.25875473022461 169.65573120117188 101.25875473022461 264.10765838623047 63.7307014465332 264.10765838623047
63.207618713378906 168.94711303710938 100.1375732421875 168.94711303710938 100.1375732421875 262.8478088378906 63.207618713378906 262.8478088378906
63.687828063964844 168.58071899414062 100.13004684448242 168.58071899414062 100.13004684448242 264.7673110961914 63.687828063964844 264.7673110961914
63.7755012512207 168.0823516845703 99.9315299987793 168.0823516845703 99.9315299987793 264.3519973754883 63.7755012512207 264.3519973754883
62.790931701660156 168.02830505371094 99.18962860107422 168.02830505371094 99.18962860107422 262.95630645751953 62.790931701660156 262.95630645751953
62.85987091064453 168.3021240234375 99.58868408203125 168.3021240234375 99.58868408203125 267.1371841430664 62.85987091064453 267.1371841430664
61.128868103027344 167.1777801513672 97.29611587524414 167.1777801513672 97.29611587524414 261.54625701904297 61.128868103027344 261.54625701904297
62.055328369140625 166.3197784423828 98.8091926574707 166.3197784423828 98.8091926574707 261.8994903564453 62.055328369140625 261.8994903564453
62.4609489440918 168.61849975585938 99.2307014465332 168.61849975585938 99.2307014465332 260.98121643066406 62.4609489440918 260.98121643066406
61.69620895385742 166.20779418945312 98.34693145751953 166.20779418945312 98.34693145751953 260.8668670654297 61.69620895385742 260.8668670654297
61.964500427246094 164.84243774414062 98.86091613769531 164.84243774414062 98.86091613769531 259.43809509277344 61.964500427246094 259.43809509277344
62.7310905456543 163.47256469726562 100.09128189086914 163.47256469726562 100.09128189086914 257.6973419189453 62.7310905456543 257.6973419189453
61.0308952331543 161.63565063476562 100.29728698730469 161.63565063476562 100.29728698730469 258.3187713623047 61.0308952331543 258.3187713623047
61.89923095703125 164.1874542236328 99.60939407348633 164.1874542236328 99.60939407348633 260.20008850097656 61.89923095703125 260.20008850097656
63.320228576660156 161.72018432617188 100.43724060058594 161.72018432617188 100.43724060058594 257.6108932495117 63.320228576660156 257.6108932495117
61.13154983520508 162.55014038085938 100.45623397827148 162.55014038085938 100.45623397827148 261.95848083496094 61.13154983520508 261.95848083496094
61.799468994140625 165.5177001953125 99.5216064453125 165.5177001953125 99.5216064453125 261.9078826904297 61.799468994140625 261.9078826904297
60.71745681762695 163.76199340820312 99.07538223266602 163.76199340820312 99.07538223266602 262.99608612060547 60.71745681762695 262.99608612060547
61.426185607910156 161.8440704345703 99.59415054321289 161.8440704345703 99.59415054321289 258.6504211425781 61.426185607910156 258.6504211425781
61.32268524169922 160.60543823242188 99.65049362182617 160.60543823242188 99.65049362182617 259.95096588134766 61.32268524169922 259.95096588134766
60.7293815612793 162.97689819335938 98.61278533935547 162.97689819335938 98.61278533935547 261.64171600341797 60.7293815612793 261.64171600341797
62.01848220825195 161.3973846435547 98.34042358398438 161.3973846435547 98.34042358398438 257.7760696411133 62.01848220825195 257.7760696411133
62.27507781982422 162.31448364257812 98.96102905273438 162.31448364257812 98.96102905273438 258.8579330444336 62.27507781982422 258.8579330444336
61.02747344970703 163.09950256347656 98.05270004272461 163.09950256347656 98.05270004272461 256.59407806396484 61.02747344970703 256.59407806396484
61.11247634887695 162.59426879882812 98.03833770751953 162.59426879882812 98.03833770751953 256.84387969970703 61.11247634887695 256.84387969970703
60.856292724609375 161.9898223876953 97.60684585571289 161.9898223876953 97.60684585571289 258.33203887939453 60.856292724609375 258.33203887939453
62.1536750793457 163.02523803710938 97.3631362915039 163.02523803710938 97.3631362915039 257.0671081542969 62.1536750793457 257.0671081542969
61.935791015625 163.34518432617188 97.9918212890625 163.34518432617188 97.9918212890625 257.3683624267578 61.935791015625 257.3683624267578
61.97491455078125 162.25184631347656 97.36294174194336 162.25184631347656 97.36294174194336 255.11538696289062 61.97491455078125 255.11538696289062
61.5332145690918 161.59228515625 97.96603775024414 161.59228515625 97.96603775024414 255.16481018066406 61.5332145690918 255.16481018066406
61.173614501953125 159.92672729492188 97.85679244995117 159.92672729492188 97.85679244995117 251.97185516357422 61.173614501953125 251.97185516357422
61.43291473388672 162.62863159179688 97.96442413330078 162.62863159179688 97.96442413330078 253.8025665283203 61.43291473388672 253.8025665283203
62.33794021606445 159.73129272460938 98.05817794799805 159.73129272460938 98.05817794799805 250.3693084716797 62.33794021606445 250.3693084716797
62.44620895385742 158.3788299560547 98.97491836547852 158.3788299560547 98.97491836547852 250.66783142089844 62.44620895385742 250.66783142089844
61.96167755126953 158.10537719726562 98.69569778442383 158.10537719726562 98.69569778442383 252.1687774658203 61.96167755126953 252.1687774658203
61.516441345214844 156.88314819335938 98.71925354003906 156.88314819335938 98.71925354003906 251.25547790527344 61.516441345214844 251.25547790527344
62.05781173706055 157.7666015625 99.19495391845703 157.7666015625 99.19495391845703 250.93531799316406 62.05781173706055 250.93531799316406
60.60884475708008 155.19906616210938 98.58974838256836 155.19906616210938 98.58974838256836 249.85425567626953 60.60884475708008 249.85425567626953
59.92211151123047 155.38348388671875 98.55564498901367 155.38348388671875 98.55564498901367 250.58061981201172 59.92211151123047 250.58061981201172
61.03798294067383 154.2685089111328 98.62207412719727 154.2685089111328 98.62207412719727 250.13993072509766 61.03798294067383 250.13993072509766
62.038856506347656 151.96719360351562 99.8786506652832 151.96719360351562 99.8786506652832 246.31273651123047 62.038856506347656 246.31273651123047
62.830787658691406 153.99618530273438 100.27231216430664 153.99618530273438 100.27231216430664 248.58993530273438 62.830787658691406 248.58993530273438
63.22600173950195 154.47171020507812 99.95330047607422 154.47171020507812 99.95330047607422 248.4822006225586 63.22600173950195 248.4822006225586
61.97528839111328 155.8643341064453 99.73907470703125 155.8643341064453 99.73907470703125 249.50169372558594 61.97528839111328 249.50169372558594
62.35628128051758 153.9276885986328 100.78612899780273 153.9276885986328 100.78612899780273 247.39562225341797 62.35628128051758 247.39562225341797
62.33716583251953 153.97142028808594 101.1440315246582 153.97142028808594 101.1440315246582 248.32374572753906 62.33716583251953 248.32374572753906
61.572998046875 150.83303833007812 101.51422500610352 150.83303833007812 101.51422500610352 247.77167510986328 61.572998046875 247.77167510986328
63.45955276489258 152.0861053466797 103.52697372436523 152.0861053466797 103.52697372436523 249.21261596679688 63.45955276489258 249.21261596679688
62.72260665893555 151.83078002929688 102.8259391784668 151.83078002929688 102.8259391784668 247.8284149169922 62.72260665893555 247.8284149169922
63.71950149536133 149.12002563476562 103.95966720581055 149.12002563476562 103.95966720581055 244.80382537841797 63.71950149536133 244.80382537841797
64.13224029541016 149.40866088867188 103.81807327270508 149.40866088867188 103.81807327270508 244.08271026611328 64.13224029541016 244.08271026611328
63.52954864501953 148.24391174316406 102.43986892700195 148.24391174316406 102.43986892700195 243.31105041503906 63.52954864501953 243.31105041503906
64.66212463378906 146.30429077148438 104.10396575927734 146.30429077148438 104.10396575927734 245.0692596435547 64.66212463378906 245.0692596435547
63.68619918823242 146.99612426757812 102.56682586669922 146.99612426757812 102.56682586669922 243.33898162841797 63.68619918823242 243.33898162841797
64.7818374633789 145.8130645751953 105.75224685668945 145.8130645751953 105.75224685668945 244.82403564453125 64.7818374633789 244.82403564453125
67.3094253540039 146.4709930419922 108.36056518554688 146.4709930419922 108.36056518554688 244.18226623535156 67.3094253540039 244.18226623535156
64.45964050292969 148.9722442626953 105.39973068237305 148.9722442626953 105.39973068237305 246.49481201171875 64.45964050292969 246.49481201171875
62.04978561401367 147.4449005126953 101.61120986938477 147.4449005126953 101.61120986938477 245.57048797607422 62.04978561401367 245.57048797607422
64.66590881347656 141.7875518798828 106.63545227050781 141.7875518798828 106.63545227050781 241.65451049804688 64.66590881347656 241.65451049804688
65.51166534423828 142.50282287597656 107.52229309082031 142.50282287597656 107.52229309082031 241.9075164794922 65.51166534423828 241.9075164794922
63.77579879760742 143.50167846679688 105.17007064819336 143.50167846679688 105.17007064819336 241.64572143554688 63.77579879760742 241.64572143554688
58.127525329589844 150.8484344482422 98.18907165527344 150.8484344482422 98.18907165527344 250.9733123779297 58.127525329589844 250.9733123779297
56.01734161376953 158.96595764160156 94.18050003051758 158.96595764160156 94.18050003051758 256.5999755859375 56.01734161376953 256.5999755859375
60.928672790527344 156.8668670654297 99.42056274414062 156.8668670654297 99.42056274414062 251.05825805664062 60.928672790527344 251.05825805664062
58.412567138671875 156.1661834716797 94.98066329956055 156.1661834716797 94.98066329956055 246.50220489501953 58.412567138671875 246.50220489501953
58.47627639770508 157.76608276367188 96.04046249389648 157.76608276367188 96.04046249389648 249.51691436767578 58.47627639770508 249.51691436767578
59.03394317626953 157.34295654296875 94.63304138183594 157.34295654296875 94.63304138183594 247.3236541748047 59.03394317626953 247.3236541748047
58.99538040161133 157.04637145996094 94.85602951049805 157.04637145996094 94.85602951049805 248.04876708984375 58.99538040161133 248.04876708984375
59.76295852661133 158.22390747070312 95.06742858886719 158.22390747070312 95.06742858886719 246.19869995117188 59.76295852661133 246.19869995117188
59.750335693359375 155.6021728515625 96.06291961669922 155.6021728515625 96.06291961669922 245.9620132446289 59.750335693359375 245.9620132446289
60.20378875732422 156.873291015625 95.79824829101562 156.873291015625 95.79824829101562 244.1880111694336 60.20378875732422 244.1880111694336
60.496070861816406 156.2490234375 96.02858352661133 156.2490234375 96.02858352661133 242.9572296142578 60.496070861816406 242.9572296142578
61.03577423095703 157.97012329101562 96.28151321411133 157.97012329101562 96.28151321411133 244.33546447753906 61.03577423095703 244.33546447753906
60.145530700683594 158.1403350830078 95.34844970703125 158.1403350830078 95.34844970703125 243.6900177001953 60.145530700683594 243.6900177001953
60.0948600769043 160.0299072265625 94.72649002075195 160.0299072265625 94.72649002075195 246.9630584716797 60.0948600769043 246.9630584716797
60.9975471496582 158.4752960205078 96.025146484375 158.4752960205078 96.025146484375 243.3793182373047 60.9975471496582 243.3793182373047
60.1780891418457 161.54055786132812 94.65756225585938 161.54055786132812 94.65756225585938 247.2413787841797 60.1780891418457 247.2413787841797
60.14967727661133 156.9982147216797 94.70413589477539 156.9982147216797 94.70413589477539 241.65923309326172 60.14967727661133 241.65923309326172
60.79703903198242 158.64895629882812 95.4438705444336 158.64895629882812 95.4438705444336 244.00714874267578 60.79703903198242 244.00714874267578
61.055320739746094 160.33370971679688 94.99867630004883 160.33370971679688 94.99867630004883 244.54107666015625 61.055320739746094 244.54107666015625
61.223106384277344 162.05859375 94.65625 162.05859375 94.65625 245.29866790771484 61.223106384277344 245.29866790771484
60.37116622924805 162.61058044433594 93.58137893676758 162.61058044433594 93.58137893676758 245.82699584960938 60.37116622924805 245.82699584960938
59.429283142089844 163.291748046875 93.37462997436523 163.291748046875 93.37462997436523 247.58238220214844 59.429283142089844 247.58238220214844
59.837684631347656 163.50180053710938 93.54169464111328 163.50180053710938 93.54169464111328 246.1379623413086 59.837684631347656 246.1379623413086
60.362754821777344 163.86923217773438 93.56690216064453 163.86923217773438 93.56690216064453 244.18042755126953 60.362754821777344 244.18042755126953
61.429466247558594 160.22592163085938 94.5649185180664 160.22592163085938 94.5649185180664 243.33133697509766 61.429466247558594 243.33133697509766
60.312835693359375 162.28163146972656 93.70772552490234 162.28163146972656 93.70772552490234 242.8412857055664 60.312835693359375 242.8412857055664
61.40678787231445 160.62997436523438 94.71392440795898 160.62997436523438 94.71392440795898 239.4933624267578 61.40678787231445 239.4933624267578
60.40700149536133 161.24136352539062 93.7626953125 161.24136352539062 93.7626953125 242.7079620361328 60.40700149536133 242.7079620361328
60.956939697265625 164.06100463867188 93.5069808959961 164.06100463867188 93.5069808959961 243.42127227783203 60.956939697265625 243.42127227783203
60.707603454589844 162.94711303710938 93.20066833496094 162.94711303710938 93.20066833496094 243.77536010742188 60.707603454589844 243.77536010742188
61.03882598876953 164.43252563476562 93.7048110961914 164.43252563476562 93.7048110961914 245.1244659423828 61.03882598876953 245.1244659423828
60.8564453125 167.173583984375 92.94566345214844 167.173583984375 92.94566345214844 243.7798614501953 60.8564453125 243.7798614501953
61.13737869262695 164.33250427246094 93.31673431396484 164.33250427246094 93.31673431396484 242.50991821289062 61.13737869262695 242.50991821289062
61.912437438964844 163.63522338867188 93.58979606628418 163.63522338867188 93.58979606628418 241.32898712158203 61.912437438964844 241.32898712158203
61.644142150878906 163.67578125 93.54239654541016 163.67578125 93.54239654541016 241.08375549316406 61.644142150878906 241.08375549316406
61.205421447753906 166.59750366210938 92.35527801513672 166.59750366210938 92.35527801513672 242.9777374267578 61.205421447753906 242.9777374267578
61.76213455200195 167.03543090820312 94.21139144897461 167.03543090820312 94.21139144897461 244.31829071044922 61.76213455200195 244.31829071044922
61.2423210144043 165.82127380371094 92.52804183959961 165.82127380371094 92.52804183959961 242.76526641845703 61.2423210144043 242.76526641845703
61.60845184326172 163.52151489257812 93.09451675415039 163.52151489257812 93.09451675415039 241.7218017578125 61.60845184326172 241.7218017578125
61.30415725708008 164.61083984375 93.04190826416016 164.61083984375 93.04190826416016 241.16001892089844 61.30415725708008 241.16001892089844
61.744293212890625 167.56849670410156 92.94640159606934 167.56849670410156 92.94640159606934 242.009765625 61.744293212890625 242.009765625
60.98097610473633 166.23239135742188 92.38053321838379 166.23239135742188 92.38053321838379 242.7084503173828 60.98097610473633 242.7084503173828
61.13081741333008 165.55247497558594 92.69861221313477 165.55247497558594 92.69861221313477 242.34939575195312 61.13081741333008 242.34939575195312
61.8740234375 165.20285034179688 92.86038208007812 165.20285034179688 92.86038208007812 241.84566497802734 61.8740234375 241.84566497802734
60.3050422668457 165.76123046875 92.8314323425293 165.76123046875 92.8314323425293 244.89240264892578 60.3050422668457 244.89240264892578
61.70029830932617 165.25485229492188 93.44842147827148 165.25485229492188 93.44842147827148 242.7373809814453 61.70029830932617 242.7373809814453
61.632415771484375 162.8263702392578 93.45243453979492 162.8263702392578 93.45243453979492 241.1037826538086 61.632415771484375 241.1037826538086
61.69135284423828 163.63296508789062 92.97574615478516 163.63296508789062 92.97574615478516 240.822021484375 61.69135284423828 240.822021484375
61.4682731628418 163.8974151611328 93.75817108154297 163.8974151611328 93.75817108154297 241.50296783447266 61.4682731628418 241.50296783447266
62.16899871826172 166.01535034179688 93.59468460083008 166.01535034179688 93.59468460083008 241.85333251953125 62.16899871826172 241.85333251953125
62.11466598510742 165.1497039794922 93.22019958496094 165.1497039794922 93.22019958496094 241.15896606445312 62.11466598510742 241.15896606445312
61.64137649536133 166.92196655273438 93.4961929321289 166.92196655273438 93.4961929321289 243.59657287597656 61.64137649536133 243.59657287597656
62.42486572265625 165.56106567382812 94.76255416870117 165.56106567382812 94.76255416870117 241.3236312866211 62.42486572265625 241.3236312866211
62.24259567260742 165.58871459960938 93.70903778076172 165.58871459960938 93.70903778076172 241.03553771972656 62.24259567260742 241.03553771972656
61.587257385253906 165.49783325195312 94.07658004760742 165.49783325195312 94.07658004760742 241.87559509277344 61.587257385253906 241.87559509277344
61.8897819519043 165.39126586914062 93.16477966308594 165.39126586914062 93.16477966308594 243.19258880615234 61.8897819519043 243.19258880615234
61.16127395629883 166.94631958007812 92.93895721435547 166.94631958007812 92.93895721435547 243.39303588867188 61.16127395629883 243.39303588867188
62.02460479736328 168.05545043945312 93.4076156616211 168.05545043945312 93.4076156616211 243.38646697998047 62.02460479736328 243.38646697998047
61.762718200683594 166.93678283691406 92.7632827758789 166.93678283691406 92.7632827758789 242.59059143066406 61.762718200683594 242.59059143066406
62.23884963989258 166.32766723632812 92.8529052734375 166.32766723632812 92.8529052734375 240.65634155273438 62.23884963989258 240.65634155273438
61.657630920410156 166.15234375 92.24481582641602 166.15234375 92.24481582641602 243.1953582763672 61.657630920410156 243.1953582763672
62.12726593017578 164.6988525390625 92.35255813598633 164.6988525390625 92.35255813598633 239.9984359741211 62.12726593017578 239.9984359741211
61.62129592895508 165.66262817382812 92.72431755065918 165.66262817382812 92.72431755065918 241.5310516357422 61.62129592895508 241.5310516357422
62.0125846862793 165.48336791992188 91.6484489440918 165.48336791992188 91.6484489440918 239.87793731689453 62.0125846862793 239.87793731689453
61.763641357421875 166.36038208007812 92.5086669921875 166.36038208007812 92.5086669921875 241.60635375976562 61.763641357421875 241.60635375976562
62.4879264831543 164.7013702392578 93.29034042358398 164.7013702392578 93.29034042358398 241.7637176513672 62.4879264831543 241.7637176513672
62.493446350097656 164.0950164794922 93.75746536254883 164.0950164794922 93.75746536254883 240.91797637939453 62.493446350097656 240.91797637939453
62.351051330566406 163.24024963378906 94.16984748840332 163.24024963378906 94.16984748840332 240.52104949951172 62.351051330566406 240.52104949951172
61.987060546875 165.50369262695312 94.85453796386719 165.50369262695312 94.85453796386719 242.9555435180664 61.987060546875 242.9555435180664
62.63421630859375 163.9308319091797 94.5614070892334 163.9308319091797 94.5614070892334 241.39099884033203 62.63421630859375 241.39099884033203
63.37650680541992 162.088134765625 95.10751914978027 162.088134765625 95.10751914978027 239.22195434570312 63.37650680541992 239.22195434570312
63.53670120239258 163.5098419189453 95.33041191101074 163.5098419189453 95.33041191101074 242.35529327392578 63.53670120239258 242.35529327392578
63.35404586791992 165.19061279296875 94.97515106201172 165.19061279296875 94.97515106201172 242.13329315185547 63.35404586791992 242.13329315185547
63.489166259765625 164.76193237304688 95.15642166137695 164.76193237304688 95.15642166137695 241.8026580810547 63.489166259765625 241.8026580810547
63.579673767089844 165.63845825195312 95.35733795166016 165.63845825195312 95.35733795166016 240.79185485839844 63.579673767089844 240.79185485839844
63.096282958984375 164.9617462158203 95.26702117919922 164.9617462158203 95.26702117919922 240.3759536743164 63.096282958984375 240.3759536743164
63.103797912597656 162.22540283203125 95.57024765014648 162.22540283203125 95.57024765014648 239.3852310180664 63.103797912597656 239.3852310180664
63.25898361206055 162.38363647460938 95.65789794921875 162.38363647460938 95.65789794921875 240.42373657226562 63.25898361206055 240.42373657226562
62.966697692871094 164.830810546875 95.59291076660156 164.830810546875 95.59291076660156 241.49114990234375 62.966697692871094 241.49114990234375
63.14824295043945 163.58432006835938 95.04119873046875 163.58432006835938 95.04119873046875 241.61270141601562 63.14824295043945 241.61270141601562
62.071754455566406 164.5391387939453 94.60382461547852 164.5391387939453 94.60382461547852 241.4967803955078 62.071754455566406 241.4967803955078
62.55078887939453 163.21261596679688 95.0464973449707 163.21261596679688 95.0464973449707 243.1562728881836 62.55078887939453 243.1562728881836
61.48737716674805 161.4601287841797 94.78203201293945 161.4601287841797 94.78203201293945 240.6866455078125 61.48737716674805 240.6866455078125
60.9780158996582 164.0602264404297 94.53624725341797 164.0602264404297 94.53624725341797 244.76786041259766 60.9780158996582 244.76786041259766
62.706031799316406 161.1933135986328 95.7806510925293 161.1933135986328 95.7806510925293 241.3836669921875 62.706031799316406 241.3836669921875
60.76392364501953 158.8813018798828 94.90966796875 158.8813018798828 94.90966796875 239.1739501953125 60.76392364501953 239.1739501953125
61.310951232910156 158.65426635742188 95.19421005249023 158.65426635742188 95.19421005249023 238.36582946777344 61.310951232910156 238.36582946777344
61.69205856323242 160.51907348632812 95.11384963989258 160.51907348632812 95.11384963989258 239.7104949951172 61.69205856323242 239.7104949951172
61.441802978515625 161.00314331054688 94.34075546264648 161.00314331054688 94.34075546264648 239.41211700439453 61.441802978515625 239.41211700439453
61.92474365234375 160.4338836669922 95.46917343139648 160.4338836669922 95.46917343139648 238.4613494873047 61.92474365234375 238.4613494873047
62.428855895996094 157.28689575195312 95.61846923828125 157.28689575195312 95.61846923828125 235.91259002685547 62.428855895996094 235.91259002685547
62.433929443359375 159.93527221679688 95.81071853637695 159.93527221679688 95.81071853637695 237.96135711669922 62.433929443359375 237.96135711669922
62.737464904785156 157.225830078125 95.78007507324219 157.225830078125 95.78007507324219 235.081787109375 62.737464904785156 235.081787109375
62.5741081237793 160.28810119628906 94.8730697631836 160.28810119628906 94.8730697631836 237.66551971435547 62.5741081237793 237.66551971435547
62.1622314453125 161.09922790527344 93.99469375610352 161.09922790527344 93.99469375610352 236.67996215820312 62.1622314453125 236.67996215820312
62.35270309448242 162.1514892578125 94.25930786132812 162.1514892578125 94.25930786132812 239.34732818603516 62.35270309448242 239.34732818603516
61.96097946166992 159.33486938476562 94.44693756103516 159.33486938476562 94.44693756103516 238.05776977539062 61.96097946166992 238.05776977539062
62.92723846435547 157.9316864013672 95.56707000732422 157.9316864013672 95.56707000732422 234.4021224975586 62.92723846435547 234.4021224975586
62.41179656982422 158.69725036621094 95.23859024047852 158.69725036621094 95.23859024047852 235.60569763183594 62.41179656982422 235.60569763183594
62.54706954956055 157.99105834960938 95.81628799438477 157.99105834960938 95.81628799438477 235.93604278564453 62.54706954956055 235.93604278564453
63.52020263671875 157.2052459716797 97.17975616455078 157.2052459716797 97.17975616455078 236.06472778320312 63.52020263671875 236.06472778320312
61.55373001098633 155.28237915039062 95.51387405395508 155.28237915039062 95.51387405395508 234.84609985351562 61.55373001098633 234.84609985351562
62.313392639160156 157.57247924804688 96.31682205200195 157.57247924804688 96.31682205200195 237.23760986328125 62.313392639160156 237.23760986328125
61.095436096191406 155.55873107910156 95.22547912597656 155.55873107910156 95.22547912597656 235.52049255371094 61.095436096191406 235.52049255371094
61.99837112426758 154.96835327148438 96.61222457885742 154.96835327148438 96.61222457885742 236.06361389160156 61.99837112426758 236.06361389160156
60.4584846496582 154.60528564453125 95.54049301147461 154.60528564453125 95.54049301147461 236.79737091064453 60.4584846496582 236.79737091064453
61.34021759033203 157.49539184570312 96.61502075195312 157.49539184570312 96.61502075195312 240.13916778564453 61.34021759033203 240.13916778564453
60.869712829589844 153.00897216796875 96.16133880615234 153.00897216796875 96.16133880615234 235.6921615600586 60.869712829589844 235.6921615600586
60.728111267089844 153.13804626464844 96.07283782958984 153.13804626464844 96.07283782958984 235.94564056396484 60.728111267089844 235.94564056396484
60.3776969909668 154.8065185546875 95.39804077148438 154.8065185546875 95.39804077148438 236.85413360595703 60.3776969909668 236.85413360595703
59.766319274902344 152.89651489257812 94.72643280029297 152.89651489257812 94.72643280029297 234.80300903320312 59.766319274902344 234.80300903320312
60.649085998535156 152.87086486816406 95.62914276123047 152.87086486816406 95.62914276123047 235.07476806640625 60.649085998535156 235.07476806640625
59.32001876831055 152.79287719726562 94.58060836791992 152.79287719726562 94.58060836791992 235.40333557128906 59.32001876831055 235.40333557128906
58.332763671875 157.52017211914062 93.16447067260742 157.52017211914062 93.16447067260742 239.1258316040039 58.332763671875 239.1258316040039
58.6414680480957 160.21224975585938 93.02666854858398 160.21224975585938 93.02666854858398 242.48468017578125 58.6414680480957 242.48468017578125
59.33953094482422 157.86141967773438 92.95311737060547 157.86141967773438 92.95311737060547 240.6665802001953 59.33953094482422 240.6665802001953
59.306365966796875 157.783935546875 92.32059860229492 157.783935546875 92.32059860229492 241.89773559570312 59.306365966796875 241.89773559570312
59.13016891479492 157.19171142578125 93.52286529541016 157.19171142578125 93.52286529541016 239.2003631591797 59.13016891479492 239.2003631591797
57.177947998046875 158.00392150878906 91.37535858154297 158.00392150878906 91.37535858154297 240.0478286743164 57.177947998046875 240.0478286743164
58.18500518798828 159.41812133789062 93.02783203125 159.41812133789062 93.02783203125 241.0498504638672 58.18500518798828 241.0498504638672
58.13166046142578 155.5840606689453 93.27881240844727 155.5840606689453 93.27881240844727 237.92877960205078 58.13166046142578 237.92877960205078
60.0723876953125 150.44764709472656 94.5947151184082 150.44764709472656 94.5947151184082 233.39767456054688 60.0723876953125 233.39767456054688
58.896568298339844 154.7547607421875 93.41340255737305 154.7547607421875 93.41340255737305 237.42000579833984 58.896568298339844 237.42000579833984
62.308555603027344 149.3567657470703 97.09795379638672 149.3567657470703 97.09795379638672 230.86331939697266 62.308555603027344 230.86331939697266
59.336883544921875 153.7876739501953 93.89221954345703 153.7876739501953 93.89221954345703 236.42888641357422 59.336883544921875 236.42888641357422
57.41359329223633 154.61129760742188 92.08900833129883 154.61129760742188 92.08900833129883 239.1813201904297 57.41359329223633 239.1813201904297
59.85992431640625 150.9280242919922 95.55769348144531 150.9280242919922 95.55769348144531 234.56278228759766 59.85992431640625 234.56278228759766
59.02150344848633 153.70045471191406 94.70739364624023 153.70045471191406 94.70739364624023 237.30738067626953 59.02150344848633 237.30738067626953
58.29603958129883 151.50546264648438 94.06067657470703 151.50546264648438 94.06067657470703 235.29688262939453 58.29603958129883 235.29688262939453
57.34931182861328 153.39059448242188 93.7621841430664 153.39059448242188 93.7621841430664 238.70073699951172 57.34931182861328 238.70073699951172
58.794578552246094 154.00341796875 95.13808822631836 154.00341796875 95.13808822631836 239.1510467529297 58.794578552246094 239.1510467529297
59.70359420776367 153.8812713623047 95.95204544067383 153.8812713623047 95.95204544067383 238.8061981201172 59.70359420776367 238.8061981201172
60.10462188720703 152.05740356445312 96.53121185302734 152.05740356445312 96.53121185302734 237.3996810913086 60.10462188720703 237.3996810913086
59.41435623168945 155.6064453125 96.16842269897461 155.6064453125 96.16842269897461 241.71595001220703 59.41435623168945 241.71595001220703
59.86043167114258 150.7536163330078 96.25292587280273 150.7536163330078 96.25292587280273 236.26132202148438 59.86043167114258 236.26132202148438
59.29766082763672 153.6814727783203 95.03707885742188 153.6814727783203 95.03707885742188 237.41380310058594 59.29766082763672 237.41380310058594
60.65082931518555 154.744384765625 95.96309661865234 154.744384765625 95.96309661865234 237.47596740722656 60.65082931518555 237.47596740722656
59.159873962402344 155.6031951904297 94.17378997802734 155.6031951904297 94.17378997802734 237.63577270507812 59.159873962402344 237.63577270507812
60.071434020996094 155.91854858398438 95.2110824584961 155.91854858398438 95.2110824584961 238.24569702148438 60.071434020996094 238.24569702148438
60.01793670654297 155.16465759277344 94.66408920288086 155.16465759277344 94.66408920288086 236.33560943603516 60.01793670654297 236.33560943603516
60.983619689941406 156.9951171875 95.00362014770508 156.9951171875 95.00362014770508 236.69908142089844 60.983619689941406 236.69908142089844
60.92546844482422 156.17929077148438 95.27630615234375 156.17929077148438 95.27630615234375 236.6583709716797 60.92546844482422 236.6583709716797
59.333351135253906 154.44419860839844 93.52002334594727 154.44419860839844 93.52002334594727 234.53866577148438 59.333351135253906 234.53866577148438
62.02549362182617 151.67955017089844 96.82927322387695 151.67955017089844 96.82927322387695 233.21981048583984 62.02549362182617 233.21981048583984
60.28851318359375 156.36837768554688 94.97289657592773 156.36837768554688 94.97289657592773 237.62889862060547 60.28851318359375 237.62889862060547
62.4173469543457 153.379150390625 97.3723030090332 153.379150390625 97.3723030090332 235.27359008789062 62.4173469543457 235.27359008789062
61.01591873168945 155.15811157226562 96.17487335205078 155.15811157226562 96.17487335205078 237.53048706054688 61.01591873168945 237.53048706054688
61.482383728027344 152.4185791015625 97.15927124023438 152.4185791015625 97.15927124023438 236.00439453125 61.482383728027344 236.00439453125
60.976158142089844 154.0404052734375 96.63965225219727 154.0404052734375 96.63965225219727 237.59483337402344 60.976158142089844 237.59483337402344
60.8746223449707 152.31423950195312 95.94645309448242 152.31423950195312 95.94645309448242 234.48248291015625 60.8746223449707 234.48248291015625
62.063201904296875 153.10916137695312 96.56546020507812 153.10916137695312 96.56546020507812 233.94297790527344 62.063201904296875 233.94297790527344
59.73521041870117 152.58056640625 94.82518005371094 152.58056640625 94.82518005371094 234.7913055419922 59.73521041870117 234.7913055419922
61.124473571777344 155.58273315429688 95.79890060424805 155.58273315429688 95.79890060424805 236.8199005126953 61.124473571777344 236.8199005126953
61.638343811035156 152.654296875 96.78869247436523 152.654296875 96.78869247436523 235.00648498535156 61.638343811035156 235.00648498535156
60.1329231262207 152.48617553710938 95.18755722045898 152.48617553710938 95.18755722045898 234.61410522460938 60.1329231262207 234.61410522460938
61.345062255859375 151.29556274414062 96.6832160949707 151.29556274414062 96.6832160949707 234.08773040771484 61.345062255859375 234.08773040771484
61.12567138671875 149.5040740966797 96.83277130126953 149.5040740966797 96.83277130126953 233.16064453125 61.12567138671875 233.16064453125
61.91112518310547 149.50387573242188 97.77018356323242 149.50387573242188 97.77018356323242 233.51644897460938 61.91112518310547 233.51644897460938
62.380882263183594 144.70938110351562 98.61348342895508 144.70938110351562 98.61348342895508 229.87090301513672 62.380882263183594 229.87090301513672
61.969764709472656 144.3295440673828 98.73899841308594 144.3295440673828 98.73899841308594 230.86898040771484 61.969764709472656 230.86898040771484
61.64112091064453 142.3594970703125 98.68859481811523 142.3594970703125 98.68859481811523 229.80641174316406 61.64112091064453 229.80641174316406
62.83477783203125 139.44064331054688 100.3646011352539 139.44064331054688 100.3646011352539 228.47418975830078 62.83477783203125 228.47418975830078
64.9833755493164 138.08340454101562 102.78438568115234 138.08340454101562 102.78438568115234 226.44210815429688 64.9833755493164 226.44210815429688
63.274742126464844 138.2606658935547 101.41765975952148 138.2606658935547 101.41765975952148 227.62057495117188 63.274742126464844 227.62057495117188
63.57216262817383 137.9879608154297 101.50341033935547 137.9879608154297 101.50341033935547 227.7440185546875 63.57216262817383 227.7440185546875
62.276634216308594 137.1337890625 100.72967147827148 137.1337890625 100.72967147827148 229.2738494873047 62.276634216308594 229.2738494873047
64.11192321777344 137.786376953125 102.76142501831055 137.786376953125 102.76142501831055 229.2491912841797 64.11192321777344 229.2491912841797
63.165008544921875 136.1978302001953 102.16058349609375 136.1978302001953 102.16058349609375 229.27151489257812 63.165008544921875 229.27151489257812
63.006927490234375 135.6487274169922 101.47399139404297 135.6487274169922 101.47399139404297 228.09817504882812 63.006927490234375 228.09817504882812
62.9829216003418 136.7368621826172 101.24895858764648 136.7368621826172 101.24895858764648 228.61338806152344 62.9829216003418 228.61338806152344
64.8355712890625 133.7265625 103.90274047851562 133.7265625 103.90274047851562 226.91351318359375 64.8355712890625 226.91351318359375
64.40536499023438 132.66708374023438 104.15323638916016 132.66708374023438 104.15323638916016 227.6808624267578 64.40536499023438 227.6808624267578
64.69541931152344 133.97418212890625 103.8028678894043 133.97418212890625 103.8028678894043 228.45396423339844 64.69541931152344 228.45396423339844
63.52064895629883 131.02511596679688 103.41341781616211 131.02511596679688 103.41341781616211 226.59860229492188 63.52064895629883 226.59860229492188
64.18678283691406 130.8568572998047 103.48248291015625 130.8568572998047 103.48248291015625 225.06643676757812 64.18678283691406 225.06643676757812
62.204124450683594 132.46334838867188 102.25737380981445 132.46334838867188 102.25737380981445 226.5771026611328 62.204124450683594 226.5771026611328
61.26408767700195 131.26980590820312 101.66862869262695 131.26980590820312 101.66862869262695 226.02305603027344 61.26408767700195 226.02305603027344
61.84232711791992 134.56173706054688 101.73997116088867 134.56173706054688 101.73997116088867 227.93146514892578 61.84232711791992 227.93146514892578
60.653236389160156 131.81610107421875 100.81671905517578 131.81610107421875 100.81671905517578 226.45201110839844 60.653236389160156 226.45201110839844
62.37969207763672 131.61679077148438 101.7995834350586 131.61679077148438 101.7995834350586 223.98348999023438 62.37969207763672 223.98348999023438
60.993080139160156 131.64767456054688 101.34745025634766 131.64767456054688 101.34745025634766 227.67347717285156 60.993080139160156 227.67347717285156
62.52080154418945 132.3923797607422 102.45475006103516 132.3923797607422 102.45475006103516 227.32820892333984 62.52080154418945 227.32820892333984
61.57926559448242 132.74546813964844 101.38753128051758 132.74546813964844 101.38753128051758 228.04380798339844 61.57926559448242 228.04380798339844
62.679107666015625 134.11111450195312 101.96328735351562 134.11111450195312 101.96328735351562 227.84967803955078 62.679107666015625 227.84967803955078
62.60728073120117 136.13990783691406 102.45710754394531 136.13990783691406 102.45710754394531 229.49996185302734 62.60728073120117 229.49996185302734
63.62218475341797 132.60362243652344 103.16064071655273 132.60362243652344 103.16064071655273 226.48668670654297 63.62218475341797 226.48668670654297
62.47625732421875 132.1416015625 103.90320587158203 132.1416015625 103.90320587158203 227.6688995361328 62.47625732421875 227.6688995361328
62.59265899658203 132.8544921875 103.5726089477539 132.8544921875 103.5726089477539 228.3354034423828 62.59265899658203 228.3354034423828
61.07763671875 126.77421569824219 103.35115051269531 126.77421569824219 103.35115051269531 226.5616455078125 61.07763671875 226.5616455078125
61.679954528808594 130.2789764404297 104.15349197387695 130.2789764404297 104.15349197387695 230.2005157470703 61.679954528808594 230.2005157470703
61.422332763671875 129.89511108398438 103.5955810546875 129.89511108398438 103.5955810546875 229.36050415039062 61.422332763671875 229.36050415039062
62.05938720703125 129.2604522705078 104.46004486083984 129.2604522705078 104.46004486083984 228.02136993408203 62.05938720703125 228.02136993408203
60.55265426635742 127.04618835449219 103.69624328613281 127.04618835449219 103.69624328613281 230.0099105834961 60.55265426635742 230.0099105834961
62.7092170715332 131.1863250732422 104.5189437866211 131.1863250732422 104.5189437866211 230.97126007080078 62.7092170715332 230.97126007080078
61.75483322143555 132.44766235351562 104.83170700073242 132.44766235351562 104.83170700073242 233.57526397705078 61.75483322143555 233.57526397705078
60.63800048828125 134.413330078125 103.56695556640625 134.413330078125 103.56695556640625 235.37299346923828 60.63800048828125 235.37299346923828
61.06816482543945 136.43368530273438 102.75241088867188 136.43368530273438 102.75241088867188 231.17011260986328 61.06816482543945 231.17011260986328
61.3194694519043 132.20193481445312 102.61038589477539 132.20193481445312 102.61038589477539 226.4314422607422 61.3194694519043 226.4314422607422
61.8801155090332 134.02493286132812 102.87715148925781 134.02493286132812 102.87715148925781 228.09500122070312 61.8801155090332 228.09500122070312
61.88146209716797 133.56228637695312 103.26921081542969 133.56228637695312 103.26921081542969 228.9397735595703 61.88146209716797 228.9397735595703
60.8698844909668 133.1228485107422 102.0595932006836 133.1228485107422 102.0595932006836 226.6102066040039 60.8698844909668 226.6102066040039
62.740333557128906 136.37574768066406 103.50088119506836 136.37574768066406 103.50088119506836 229.55467987060547 62.740333557128906 229.55467987060547
60.71622848510742 134.55831909179688 101.61746597290039 134.55831909179688 101.61746597290039 229.2202606201172 60.71622848510742 229.2202606201172
61.83147430419922 133.81637573242188 104.53288269042969 133.81637573242188 104.53288269042969 230.01182556152344 61.83147430419922 230.01182556152344
61.230743408203125 133.9665985107422 103.13246536254883 133.9665985107422 103.13246536254883 230.2303924560547 61.230743408203125 230.2303924560547
62.03118896484375 134.39337158203125 103.31452941894531 134.39337158203125 103.31452941894531 233.4363555908203 62.03118896484375 233.4363555908203
60.8836784362793 134.88661193847656 103.81692886352539 134.88661193847656 103.81692886352539 235.47293853759766 60.8836784362793 235.47293853759766
60.37922286987305 131.931884765625 103.04426193237305 131.931884765625 103.04426193237305 231.88983917236328 60.37922286987305 231.88983917236328
61.601959228515625 131.66903686523438 104.36499786376953 131.66903686523438 104.36499786376953 231.85659790039062 61.601959228515625 231.85659790039062
60.31257247924805 133.03041076660156 102.91837310791016 133.03041076660156 102.91837310791016 232.84957885742188 60.31257247924805 232.84957885742188
61.077392578125 130.8381805419922 103.86368560791016 130.8381805419922 103.86368560791016 231.08021545410156 61.077392578125 231.08021545410156
59.750221252441406 134.2791290283203 102.59117126464844 134.2791290283203 102.59117126464844 234.64923095703125 59.750221252441406 234.64923095703125
61.10771560668945 133.6403350830078 102.71618270874023 133.6403350830078 102.71618270874023 231.1229019165039 61.10771560668945 231.1229019165039
61.27412033081055 132.7724609375 102.4793815612793 132.7724609375 102.4793815612793 229.31036376953125 61.27412033081055 229.31036376953125
62.13679885864258 134.9901885986328 103.90560913085938 134.9901885986328 103.90560913085938 231.7582015991211 62.13679885864258 231.7582015991211
60.56843185424805 131.3982391357422 103.19783401489258 131.3982391357422 103.19783401489258 230.66290283203125 60.56843185424805 230.66290283203125
61.89838409423828 131.18325805664062 104.54106521606445 131.18325805664062 104.54106521606445 231.1963119506836 61.89838409423828 231.1963119506836
60.647178649902344 133.1609649658203 103.624267578125 133.1609649658203 103.624267578125 233.36481475830078 60.647178649902344 233.36481475830078
61.91931915283203 132.11830139160156 104.07146072387695 132.11830139160156 104.07146072387695 230.61795806884766 61.91931915283203 230.61795806884766
61.73500442504883 129.0647735595703 104.3344612121582 129.0647735595703 104.3344612121582 228.55349731445312 61.73500442504883 228.55349731445312
60.98810958862305 127.2112808227539 103.58200454711914 127.2112808227539 103.58200454711914 226.009765625 60.98810958862305 226.009765625
58.98023223876953 127.88768005371094 101.09152221679688 127.88768005371094 101.09152221679688 226.54828643798828 58.98023223876953 226.54828643798828
60.02490234375 126.8836441040039 102.13007736206055 126.8836441040039 102.13007736206055 225.6548614501953 60.02490234375 225.6548614501953
61.03106689453125 129.18539428710938 102.32257843017578 129.18539428710938 102.32257843017578 226.0475616455078 61.03106689453125 226.0475616455078
61.5109977722168 128.5309600830078 101.63040161132812 128.5309600830078 101.63040161132812 225.29879760742188 61.5109977722168 225.29879760742188
61.93951416015625 128.0551300048828 101.83570098876953 128.0551300048828 101.83570098876953 222.06805419921875 61.93951416015625 222.06805419921875
61.03752899169922 127.8189468383789 101.3299331665039 127.8189468383789 101.3299331665039 223.18157958984375 61.03752899169922 223.18157958984375
59.67493438720703 128.45504760742188 100.43565368652344 128.45504760742188 100.43565368652344 225.45931243896484 59.67493438720703 225.45931243896484
60.683204650878906 130.16827392578125 100.72083282470703 130.16827392578125 100.72083282470703 224.2002944946289 60.683204650878906 224.2002944946289
59.721824645996094 130.2735595703125 100.4277572631836 130.2735595703125 100.4277572631836 226.19005584716797 59.721824645996094 226.19005584716797
60.84522247314453 131.59228515625 101.16687774658203 131.59228515625 101.16687774658203 223.67032623291016 60.84522247314453 223.67032623291016
61.603981018066406 128.38479614257812 101.25651931762695 128.38479614257812 101.25651931762695 222.7498016357422 61.603981018066406 222.7498016357422
61.0299072265625 129.23135375976562 101.5057373046875 129.23135375976562 101.5057373046875 224.17789459228516 61.0299072265625 224.17789459228516
61.678733825683594 125.40397644042969 102.22758865356445 125.40397644042969 102.22758865356445 220.92893981933594 61.678733825683594 220.92893981933594
61.38576126098633 130.28012084960938 101.11676025390625 130.28012084960938 101.11676025390625 223.85035705566406 61.38576126098633 223.85035705566406
60.452842712402344 128.08494567871094 101.42973327636719 128.08494567871094 101.42973327636719 225.14118194580078 60.452842712402344 225.14118194580078
59.71525192260742 126.20036315917969 100.87461471557617 126.20036315917969 100.87461471557617 222.72752380371094 59.71525192260742 222.72752380371094
58.895423889160156 128.36404418945312 100.32433700561523 128.36404418945312 100.32433700561523 226.8341827392578 58.895423889160156 226.8341827392578
60.430145263671875 127.9846420288086 100.917724609375 127.9846420288086 100.917724609375 224.56385040283203 60.430145263671875 224.56385040283203
59.291534423828125 129.5802459716797 99.67766571044922 129.5802459716797 99.67766571044922 225.47373962402344 59.291534423828125 225.47373962402344
60.38301467895508 127.81285095214844 100.18708419799805 127.81285095214844 100.18708419799805 224.35602569580078 60.38301467895508 224.35602569580078
58.726829528808594 126.7931900024414 99.10844802856445 126.7931900024414 99.10844802856445 221.75638580322266 58.726829528808594 221.75638580322266
60.44553756713867 130.46127319335938 99.38731384277344 130.46127319335938 99.38731384277344 224.91661071777344 60.44553756713867 224.91661071777344
59.36811065673828 130.31707763671875 97.65968322753906 130.31707763671875 97.65968322753906 224.10435485839844 59.36811065673828 224.10435485839844
59.32378005981445 129.94509887695312 97.1316032409668 129.94509887695312 97.1316032409668 220.8571319580078 59.32378005981445 220.8571319580078
59.297874450683594 128.92202758789062 97.76713180541992 128.92202758789062 97.76713180541992 221.5468292236328 59.297874450683594 221.5468292236328
59.018524169921875 130.05804443359375 96.92313766479492 130.05804443359375 96.92313766479492 221.39329528808594 59.018524169921875 221.39329528808594
58.308128356933594 128.34249877929688 96.62707901000977 128.34249877929688 96.62707901000977 219.61841583251953 58.308128356933594 219.61841583251953
57.14420700073242 129.9745635986328 95.5938606262207 129.9745635986328 95.5938606262207 221.16828155517578 57.14420700073242 221.16828155517578
57.14228439331055 132.00523376464844 96.4527473449707 132.00523376464844 96.4527473449707 225.87860870361328 57.14228439331055 225.87860870361328
57.9478874206543 128.19125366210938 96.31356430053711 128.19125366210938 96.31356430053711 221.48997497558594 57.9478874206543 221.48997497558594
58.751792907714844 129.5489044189453 97.72854614257812 129.5489044189453 97.72854614257812 222.12823486328125 58.751792907714844 222.12823486328125
60.0378303527832 129.97767639160156 97.86117172241211 129.97767639160156 97.86117172241211 220.70416259765625 60.0378303527832 220.70416259765625
58.17939376831055 129.199951171875 97.96211624145508 129.199951171875 97.96211624145508 222.3406524658203 58.17939376831055 222.3406524658203
59.37671661376953 127.8152847290039 99.19444274902344 127.8152847290039 99.19444274902344 220.8967056274414 59.37671661376953 220.8967056274414
58.91351318359375 129.7530517578125 99.3730239868164 129.7530517578125 99.3730239868164 224.3376922607422 58.91351318359375 224.3376922607422
61.05720901489258 124.3310775756836 101.80736923217773 124.3310775756836 101.80736923217773 219.79703521728516 61.05720901489258 219.79703521728516
