19.0 235.0 40.0 235.0 40.0 273.0 19.0 273.0
22.9588623046875 237.12808227539062 41.9889030456543 237.12808227539062 41.9889030456543 271.6744918823242 22.9588623046875 271.6744918823242
25.011981964111328 234.99105834960938 44.10006141662598 234.99105834960938 44.10006141662598 270.64130783081055 25.011981964111328 270.64130783081055
27.753097534179688 235.94430541992188 49.125877380371094 235.94430541992188 49.125877380371094 274.61885833740234 27.753097534179688 274.61885833740234
33.50904083251953 235.8241424560547 52.68715858459473 235.8241424560547 52.68715858459473 269.2531394958496 33.50904083251953 269.2531394958496
37.311866760253906 236.22531127929688 57.2600154876709 236.22531127929688 57.2600154876709 271.1307029724121 37.311866760253906 271.1307029724121
41.4798583984375 236.9696807861328 61.28851890563965 236.9696807861328 61.28851890563965 273.81833267211914 41.4798583984375 273.81833267211914
45.5026969909668 238.36636352539062 65.20100975036621 238.36636352539062 65.20100975036621 274.7045211791992 45.5026969909668 274.7045211791992
47.83220672607422 238.91500854492188 68.44814109802246 238.91500854492188 68.44814109802246 277.4702453613281 47.83220672607422 277.4702453613281
50.77333450317383 238.6405792236328 72.5026741027832 238.6405792236328 72.5026741027832 277.39024353027344 50.77333450317383 277.39024353027344
51.5332145690918 239.3984832763672 73.17758178710938 239.3984832763672 73.17758178710938 278.5644760131836 51.5332145690918 278.5644760131836
57.2161750793457 240.2727508544922 78.46109390258789 240.2727508544922 78.46109390258789 279.0770950317383 57.2161750793457 279.0770950317383
62.64362335205078 241.8021697998047 82.06904792785645 241.8021697998047 82.06904792785645 279.5415267944336 62.64362335205078 279.5415267944336
65.83699798583984 244.46578979492188 86.10224533081055 244.46578979492188 86.10224533081055 280.3183364868164 65.83699798583984 280.3183364868164
68.44168090820312 244.3514404296875 88.20098495483398 244.3514404296875 88.20098495483398 278.00081634521484 68.44168090820312 278.00081634521484
70.27578735351562 245.33145141601562 90.34901809692383 245.33145141601562 90.34901809692383 278.0311965942383 70.27578735351562 278.0311965942383
72.98766326904297 243.185302734375 92.31524848937988 243.185302734375 92.31524848937988 276.19715118408203 72.98766326904297 276.19715118408203
75.26189422607422 241.85287475585938 94.31665802001953 241.85287475585938 94.31665802001953 275.3605728149414 75.26189422607422 275.3605728149414
78.70256042480469 244.1414337158203 98.84152793884277 244.1414337158203 98.84152793884277 278.29955291748047 78.70256042480469 278.29955291748047
82.02311706542969 246.37841796875 101.17693138122559 246.37841796875 101.17693138122559 278.60552978515625 82.02311706542969 278.60552978515625
85.96317291259766 245.61666870117188 104.71615982055664 245.61666870117188 104.71615982055664 281.58317947387695 85.96317291259766 281.58317947387695
88.1904296875 246.63735961914062 106.97760391235352 246.63735961914062 106.97760391235352 280.8288040161133 88.1904296875 280.8288040161133
90.30586242675781 246.52572631835938 111.69650650024414 246.52572631835938 111.69650650024414 281.9763374328613 90.30586242675781 281.9763374328613
94.0130386352539 244.8892364501953 114.94407844543457 244.8892364501953 114.94407844543457 281.01453018188477 94.0130386352539 281.01453018188477
95.1653060913086 244.97476196289062 115.90759658813477 244.97476196289062 115.90759658813477 282.17815017700195 95.1653060913086 282.17815017700195
99.84058380126953 248.8111114501953 119.04101371765137 248.8111114501953 119.04101371765137 284.6985511779785 99.84058380126953 284.6985511779785
102.48457336425781 248.493408203125 121.61088180541992 248.493408203125 121.61088180541992 284.6075210571289 102.48457336425781 284.6075210571289
103.99129486083984 248.7872772216797 123.60245132446289 248.7872772216797 123.60245132446289 285.029972076416 103.99129486083984 285.029972076416
105.51334381103516 247.0366668701172 126.8641471862793 247.0366668701172 126.8641471862793 285.6714515686035 105.51334381103516 285.6714515686035
116.0618667602539 248.3673553466797 134.92359733581543 248.3673553466797 134.92359733581543 284.7925338745117 116.0618667602539 284.7925338745117
108.58817291259766 247.77664184570312 129.71142959594727 247.77664184570312 129.71142959594727 285.9996795654297 108.58817291259766 285.9996795654297
112.6632080078125 246.67996215820312 132.78535079956055 246.67996215820312 132.78535079956055 282.46886825561523 112.6632080078125 282.46886825561523
116.4635009765625 250.7384033203125 136.72922134399414 250.7384033203125 136.72922134399414 285.5819091796875 116.4635009765625 285.5819091796875
118.0565414428711 250.87399291992188 138.63181686401367 250.87399291992188 138.63181686401367 288.10545349121094 118.0565414428711 288.10545349121094
136.05767822265625 252.5381317138672 156.6008644104004 252.5381317138672 156.6008644104004 289.7115249633789 136.05767822265625 289.7115249633789
126.458251953125 251.7159881591797 146.6193084716797 251.7159881591797 146.6193084716797 287.4736557006836 126.458251953125 287.4736557006836
129.89039611816406 253.0927276611328 148.79936408996582 253.0927276611328 148.79936408996582 288.93119049072266 129.89039611816406 288.93119049072266
131.2476043701172 253.551025390625 151.8863525390625 253.551025390625 151.8863525390625 290.89733505249023 131.2476043701172 290.89733505249023
135.11297607421875 256.98223876953125 155.72451972961426 256.98223876953125 155.72451972961426 294.88597869873047 135.11297607421875 294.88597869873047
139.7462158203125 259.0855407714844 159.98226737976074 259.0855407714844 159.98226737976074 294.86357498168945 139.7462158203125 294.86357498168945
142.70794677734375 258.445556640625 162.17099571228027 258.445556640625 162.17099571228027 293.3387565612793 142.70794677734375 293.3387565612793
144.9871826171875 259.1332092285156 164.15156936645508 259.1332092285156 164.15156936645508 291.5970344543457 144.9871826171875 291.5970344543457
147.98077392578125 256.10369873046875 167.29369926452637 256.10369873046875 167.29369926452637 290.46112060546875 147.98077392578125 290.46112060546875
151.779541015625 255.6807861328125 170.7026596069336 255.6807861328125 170.7026596069336 292.1615791320801 151.779541015625 292.1615791320801
152.58291625976562 256.38458251953125 171.9950294494629 256.38458251953125 171.9950294494629 291.2418327331543 152.58291625976562 291.2418327331543
156.87612915039062 260.8948974609375 177.94226264953613 260.8948974609375 177.94226264953613 295.6665573120117 156.87612915039062 295.6665573120117
160.51217651367188 262.43463134765625 182.26036071777344 262.43463134765625 182.26036071777344 298.33624267578125 160.51217651367188 298.33624267578125
164.4207305908203 255.876953125 185.4608554840088 255.876953125 185.4608554840088 294.94260025024414 164.4207305908203 294.94260025024414
168.0270233154297 257.15423583984375 189.0397605895996 257.15423583984375 189.0397605895996 296.46343994140625 168.0270233154297 296.46343994140625
170.0762481689453 257.48944091796875 190.5999412536621 257.48944091796875 190.5999412536621 295.89696502685547 170.0762481689453 295.89696502685547
170.6045379638672 259.4037170410156 192.3325595855713 259.4037170410156 192.3325595855713 298.7211036682129 170.6045379638672 298.7211036682129
179.7644500732422 259.51239013671875 201.49352645874023 259.51239013671875 201.49352645874023 298.8316879272461 179.7644500732422 298.8316879272461
177.42977905273438 262.3159484863281 199.11113929748535 262.3159484863281 199.11113929748535 300.9754829406738 177.42977905273438 300.9754829406738
182.69174194335938 260.73065185546875 204.09763526916504 260.73065185546875 204.09763526916504 297.0010070800781 182.69174194335938 297.0010070800781
186.9472198486328 260.9944763183594 207.7144012451172 260.9944763183594 207.7144012451172 296.5977478027344 186.9472198486328 296.5977478027344
188.98715209960938 259.7581787109375 210.16223526000977 259.7581787109375 210.16223526000977 298.075008392334 188.98715209960938 298.075008392334
190.3594970703125 258.70684814453125 211.70061111450195 258.70684814453125 211.70061111450195 295.70562744140625 190.3594970703125 295.70562744140625
194.2477264404297 259.6249084472656 214.29200172424316 259.6249084472656 214.29200172424316 297.51140213012695 194.2477264404297 297.51140213012695
199.10546875 260.1773376464844 219.26758193969727 260.1773376464844 219.26758193969727 295.4417495727539 199.10546875 295.4417495727539
201.1029510498047 263.3514099121094 221.95134925842285 263.3514099121094 221.95134925842285 300.0733108520508 201.1029510498047 300.0733108520508
208.33786010742188 259.68359375 229.31507301330566 259.68359375 229.31507301330566 297.64237213134766 208.33786010742188 297.64237213134766
227.49856567382812 257.27667236328125 248.5526523590088 257.27667236328125 248.5526523590088 295.37454986572266 227.49856567382812 295.37454986572266
223.1553497314453 253.8979034423828 244.73063850402832 253.8979034423828 244.73063850402832 292.9389114379883 223.1553497314453 292.9389114379883
226.798828125 251.46151733398438 248.26568984985352 251.46151733398438 248.26568984985352 289.5491409301758 226.798828125 289.5491409301758
227.5547637939453 254.6183319091797 249.13556480407715 254.6183319091797 249.13556480407715 294.59517669677734 227.5547637939453 294.59517669677734
226.1105499267578 257.4784240722656 247.73709678649902 257.4784240722656 247.73709678649902 297.09656524658203 226.1105499267578 297.09656524658203
227.99154663085938 258.15594482421875 250.83685111999512 258.15594482421875 250.83685111999512 294.73072814941406 227.99154663085938 294.73072814941406
231.646728515625 257.31719970703125 254.05653953552246 257.31719970703125 254.05653953552246 295.02910232543945 231.646728515625 295.02910232543945
227.4828643798828 256.3404235839844 249.56859016418457 256.3404235839844 249.56859016418457 293.26065826416016 227.4828643798828 293.26065826416016
231.76162719726562 254.7852020263672 255.68113708496094 254.7852020263672 255.68113708496094 292.25119400024414 231.76162719726562 292.25119400024414
233.659423828125 252.61581420898438 256.6472759246826 252.61581420898438 256.6472759246826 292.2496109008789 233.659423828125 292.2496109008789
233.75253295898438 253.80520629882812 256.8263454437256 253.80520629882812 256.8263454437256 292.7453956604004 233.75253295898438 292.7453956604004
234.70114135742188 253.7099151611328 256.20509910583496 253.7099151611328 256.20509910583496 293.31199645996094 234.70114135742188 293.31199645996094
238.12646484375 254.82022094726562 260.3510036468506 254.82022094726562 260.3510036468506 293.5734176635742 238.12646484375 293.5734176635742
239.7620086669922 255.21640014648438 262.0013847351074 255.21640014648438 262.0013847351074 295.45909118652344 239.7620086669922 295.45909118652344
242.14749145507812 252.99072265625 264.4685478210449 252.99072265625 264.4685478210449 293.38121795654297 242.14749145507812 293.38121795654297
243.02047729492188 254.86563110351562 265.3493232727051 254.86563110351562 265.3493232727051 294.6290397644043 243.02047729492188 294.6290397644043
242.9893341064453 256.033447265625 264.54947090148926 256.033447265625 264.54947090148926 295.16419219970703 242.9893341064453 295.16419219970703
239.6584014892578 255.53305053710938 261.81972885131836 255.53305053710938 261.81972885131836 292.167179107666 239.6584014892578 292.167179107666
240.83169555664062 255.113037109375 263.83062744140625 255.113037109375 263.83062744140625 291.7633476257324 240.83169555664062 291.7633476257324
247.12625122070312 254.2749481201172 269.05585861206055 254.2749481201172 269.05585861206055 293.95711517333984 247.12625122070312 293.95711517333984
249.49893188476562 257.2279357910156 271.32422065734863 257.2279357910156 271.32422065734863 296.2504348754883 249.49893188476562 296.2504348754883
250.9415283203125 257.95281982421875 272.9454402923584 257.95281982421875 272.9454402923584 297.76944732666016 250.9415283203125 297.76944732666016
239.80313110351562 256.56011962890625 261.38611221313477 256.56011962890625 261.38611221313477 295.61506271362305 239.80313110351562 295.61506271362305
220.876708984375 258.4391784667969 242.49921226501465 258.4391784667969 242.49921226501465 296.7995376586914 220.876708984375 296.7995376586914
225.18118286132812 256.5511779785156 246.56228637695312 256.5511779785156 246.56228637695312 295.2408142089844 225.18118286132812 295.2408142089844
245.4656982421875 257.31060791015625 266.9556541442871 257.31060791015625 266.9556541442871 296.5377426147461 245.4656982421875 296.5377426147461
263.0527038574219 250.30712890625 284.90368270874023 250.30712890625 284.90368270874023 289.84701919555664 263.0527038574219 289.84701919555664
256.56488037109375 252.8926544189453 278.2961120605469 252.8926544189453 278.2961120605469 292.21585845947266 256.56488037109375 292.21585845947266
243.6331024169922 258.57708740234375 265.4133930206299 258.57708740234375 265.4133930206299 297.9890670776367 243.6331024169922 297.9890670776367
246.1023406982422 259.05926513671875 267.43138694763184 259.05926513671875 267.43138694763184 297.6547050476074 246.1023406982422 297.6547050476074
249.32455444335938 258.34075927734375 270.3135280609131 258.34075927734375 270.3135280609131 296.32082748413086 249.32455444335938 296.32082748413086
238.9381561279297 254.47885131835938 260.1948528289795 254.47885131835938 260.1948528289795 292.9433708190918 238.9381561279297 292.9433708190918
241.6230010986328 256.625244140625 263.3716163635254 256.625244140625 263.3716163635254 295.97990798950195 241.6230010986328 295.97990798950195
240.77389526367188 255.3292999267578 262.6299819946289 255.3292999267578 262.6299819946289 294.8784408569336 240.77389526367188 294.8784408569336
250.7117156982422 255.1737518310547 272.5233955383301 255.1737518310547 272.5233955383301 294.64253997802734 250.7117156982422 294.64253997802734
244.93603515625 256.4033203125 266.6988639831543 256.4033203125 266.6988639831543 295.5360336303711 244.93603515625 295.5360336303711
246.24478149414062 257.13592529296875 267.89429092407227 257.13592529296875 267.89429092407227 296.3112564086914 246.24478149414062 296.3112564086914
245.68399047851562 262.63751220703125 267.42008781433105 262.63751220703125 267.42008781433105 301.9695281982422 245.68399047851562 301.9695281982422
250.6162567138672 259.06866455078125 272.18671226501465 259.06866455078125 272.18671226501465 298.1009521484375 250.6162567138672 298.1009521484375
265.7889709472656 268.746826171875 287.5320415496826 268.746826171875 287.5320415496826 308.0914611816406 265.7889709472656 308.0914611816406
298.20782470703125 262.47760009765625 319.6396083831787 262.47760009765625 319.6396083831787 301.2589569091797 298.20782470703125 301.2589569091797
320.1033630371094 249.7341766357422 341.93825912475586 249.7341766357422 341.93825912475586 289.2449722290039 320.1033630371094 289.2449722290039
352.80084228515625 259.91741943359375 374.3428764343262 259.91741943359375 374.3428764343262 299.1822967529297 352.80084228515625 299.1822967529297
355.3260192871094 252.6957244873047 377.5032844543457 252.6957244873047 377.5032844543457 292.82604217529297 355.3260192871094 292.82604217529297
357.58038330078125 251.11349487304688 380.2411918640137 251.11349487304688 380.2411918640137 292.1187973022461 357.58038330078125 292.1187973022461
357.2900390625 252.14013671875 379.9686965942383 252.14013671875 379.9686965942383 293.177734375 357.2900390625 293.177734375
357.7992248535156 251.7642364501953 380.2544937133789 251.7642364501953 380.2544937133789 292.3976058959961 357.7992248535156 292.3976058959961
361.0707092285156 252.86343383789062 383.64567947387695 252.86343383789062 383.64567947387695 293.7134017944336 361.0707092285156 293.7134017944336
357.98046875 251.2520294189453 380.917724609375 251.2520294189453 380.917724609375 292.75756072998047 357.98046875 292.75756072998047
356.9951477050781 250.7886199951172 380.18989181518555 250.7886199951172 380.18989181518555 292.76008224487305 356.9951477050781 292.76008224487305
358.2312927246094 251.1261749267578 381.6665573120117 251.1261749267578 381.6665573120117 293.53286361694336 358.2312927246094 293.53286361694336
356.3765563964844 252.650390625 378.65899085998535 252.650390625 378.65899085998535 295.41183853149414 356.3765563964844 295.41183853149414
358.58905029296875 252.9369354248047 381.69141960144043 252.9369354248047 381.69141960144043 294.7412452697754 358.58905029296875 294.7412452697754
367.10992431640625 252.5657501220703 390.4617290496826 252.5657501220703 390.4617290496826 294.82141876220703 367.10992431640625 294.82141876220703
361.4656677246094 251.14547729492188 384.49948501586914 251.14547729492188 384.49948501586914 292.82574462890625 361.4656677246094 292.82574462890625
362.6622314453125 251.325439453125 385.516056060791 251.325439453125 385.516056060791 292.6800079345703 362.6622314453125 292.6800079345703
362.37548828125 251.03018188476562 385.29589653015137 251.03018188476562 385.29589653015137 292.5052375793457 362.37548828125 292.5052375793457
361.02093505859375 253.37417602539062 383.58326148986816 253.37417602539062 383.58326148986816 294.2012710571289 361.02093505859375 294.2012710571289
362.6221618652344 251.51126098632812 384.7191963195801 251.51126098632812 384.7191963195801 291.496395111084 362.6221618652344 291.496395111084
362.4234313964844 251.47885131835938 384.4280185699463 251.47885131835938 384.4280185699463 291.2966995239258 362.4234313964844 291.2966995239258
364.85614013671875 255.3597412109375 386.75021171569824 255.3597412109375 386.75021171569824 294.97761154174805 364.85614013671875 294.97761154174805
362.794921875 252.43716430664062 384.60787200927734 252.43716430664062 384.60787200927734 291.9082450866699 362.794921875 291.9082450866699
357.5432434082031 254.1196746826172 379.0986728668213 254.1196746826172 379.0986728668213 294.1323013305664 357.5432434082031 294.1323013305664
363.6429138183594 254.3950653076172 385.699764251709 254.3950653076172 385.699764251709 294.30749130249023 363.6429138183594 294.30749130249023
359.90948486328125 252.80642700195312 381.75274085998535 252.80642700195312 381.75274085998535 292.9742431640625 359.90948486328125 292.9742431640625
360.98504638671875 253.14682006835938 382.77217864990234 253.14682006835938 382.77217864990234 293.1570625305176 360.98504638671875 293.1570625305176
353.04388427734375 253.158935546875 375.6307144165039 253.158935546875 375.6307144165039 294.0303840637207 353.04388427734375 294.0303840637207
358.5848388671875 253.9522705078125 381.24006843566895 253.9522705078125 381.24006843566895 295.3567237854004 358.5848388671875 295.3567237854004
361.29681396484375 253.1535186767578 384.1106815338135 253.1535186767578 384.1106815338135 294.43579864501953 361.29681396484375 294.43579864501953
362.29119873046875 252.4310302734375 385.06491470336914 252.4310302734375 385.06491470336914 293.6406555175781 362.29119873046875 293.6406555175781
359.0083923339844 253.74984741210938 382.18121910095215 253.74984741210938 382.18121910095215 295.68167877197266 359.0083923339844 295.68167877197266
359.2906188964844 253.70980834960938 382.5525588989258 253.70980834960938 382.5525588989258 296.3588180541992 359.2906188964844 296.3588180541992
359.2294006347656 253.7777557373047 382.8754024505615 253.7777557373047 382.8754024505615 297.3641242980957 359.2294006347656 297.3641242980957
358.50579833984375 251.6640167236328 382.6861972808838 251.6640167236328 382.6861972808838 295.41907501220703 358.50579833984375 295.41907501220703
360.1343688964844 250.9781036376953 383.2120704650879 250.9781036376953 383.2120704650879 294.9340171813965 360.1343688964844 294.9340171813965
