5.0 243.0 20.0 243.0 20.0 278.0 5.0 278.0
7.868284702301025 246.19271850585938 23.10908842086792 246.19271850585938 23.10908842086792 279.71815490722656 7.868284702301025 279.71815490722656
15.243319511413574 240.48971557617188 30.497828483581543 240.48971557617188 30.497828483581543 276.08356857299805 15.243319511413574 276.08356857299805
21.910879135131836 239.26327514648438 37.223124504089355 239.26327514648438 37.223124504089355 274.9918441772461 21.910879135131836 274.9918441772461
28.990564346313477 239.8057403564453 44.148048400878906 239.8057403564453 44.148048400878906 275.1731986999512 28.990564346313477 275.1731986999512
37.38258743286133 241.36843872070312 52.45328426361084 241.36843872070312 52.45328426361084 276.5333938598633 37.38258743286133 276.5333938598633
41.27654266357422 245.89413452148438 56.5554780960083 245.89413452148438 56.5554780960083 281.54498291015625 41.27654266357422 281.54498291015625
49.51483154296875 245.7201385498047 64.79096221923828 245.7201385498047 64.79096221923828 281.36444091796875 49.51483154296875 281.36444091796875
62.888763427734375 246.6736297607422 78.21008586883545 246.6736297607422 78.21008586883545 282.42337799072266 62.888763427734375 282.42337799072266
65.70155334472656 250.63442993164062 81.04479503631592 250.63442993164062 81.04479503631592 286.4353218078613 65.70155334472656 286.4353218078613
64.9190673828125 251.5639190673828 80.44398784637451 251.5639190673828 80.44398784637451 287.78873443603516 64.9190673828125 287.78873443603516
72.02217102050781 252.1237030029297 87.58029365539551 252.1237030029297 87.58029365539551 288.42598724365234 72.02217102050781 288.42598724365234
76.0962905883789 253.51290893554688 91.88158988952637 253.51290893554688 91.88158988952637 290.345272064209 76.0962905883789 290.345272064209
81.9876480102539 252.83267211914062 97.91687774658203 252.83267211914062 97.91687774658203 290.0008735656738 81.9876480102539 290.0008735656738
96.80317687988281 252.1115264892578 113.16038131713867 252.1115264892578 113.16038131713867 290.2783393859863 96.80317687988281 290.2783393859863
94.92811584472656 252.9776611328125 110.96416282653809 252.9776611328125 110.96416282653809 290.39510345458984 94.92811584472656 290.39510345458984
103.0346450805664 253.2477569580078 118.87452125549316 253.2477569580078 118.87452125549316 290.2074661254883 103.0346450805664 290.2074661254883
107.97383117675781 247.72232055664062 123.78282165527344 247.72232055664062 123.78282165527344 284.6099624633789 107.97383117675781 284.6099624633789
111.82720947265625 257.3572692871094 127.77245807647705 257.3572692871094 127.77245807647705 294.5628433227539 111.82720947265625 294.5628433227539
121.70655822753906 260.6377868652344 137.4614381790161 260.6377868652344 137.4614381790161 297.399169921875 121.70655822753906 297.399169921875
117.83042907714844 258.1588439941406 133.52156257629395 258.1588439941406 133.52156257629395 294.771484375 117.83042907714844 294.771484375
137.53280639648438 257.98736572265625 153.42205333709717 257.98736572265625 153.42205333709717 295.06227111816406 137.53280639648438 295.06227111816406
130.6034698486328 256.3145446777344 146.49628925323486 256.3145446777344 146.49628925323486 293.3977851867676 130.6034698486328 293.3977851867676
109.41905212402344 251.15872192382812 125.31260395050049 251.15872192382812 125.31260395050049 288.2436752319336 109.41905212402344 288.2436752319336
125.8238754272461 244.199462890625 141.94659042358398 244.199462890625 141.94659042358398 281.81912994384766 125.8238754272461 281.81912994384766
141.49029541015625 252.3507080078125 157.3625316619873 252.3507080078125 157.3625316619873 289.38592529296875 141.49029541015625 289.38592529296875
157.55743408203125 265.5096740722656 173.56754684448242 265.5096740722656 173.56754684448242 302.8666000366211 157.55743408203125 302.8666000366211
184.05613708496094 266.1752014160156 200.11018753051758 266.1752014160156 200.11018753051758 303.6346435546875 184.05613708496094 303.6346435546875
170.5435333251953 261.1419372558594 186.44365406036377 261.1419372558594 186.44365406036377 298.2422103881836 170.5435333251953 298.2422103881836
183.68348693847656 262.3063659667969 199.50640296936035 262.3063659667969 199.50640296936035 299.2264938354492 183.68348693847656 299.2264938354492
192.73692321777344 263.651611328125 208.77168083190918 263.651611328125 208.77168083190918 301.06603622436523 192.73692321777344 301.06603622436523
209.56484985351562 270.6522216796875 225.77636528015137 270.6522216796875 225.77636528015137 308.4790802001953 209.56484985351562 308.4790802001953
227.8505859375 260.82000732421875 244.0649070739746 260.82000732421875 244.0649070739746 298.6534118652344 227.8505859375 298.6534118652344
220.7226104736328 245.04818725585938 236.7422981262207 245.04818725585938 236.7422981262207 282.4274444580078 220.7226104736328 282.4274444580078
226.11953735351562 258.47308349609375 242.47898292541504 258.47308349609375 242.47898292541504 296.6451072692871 226.11953735351562 296.6451072692871
224.4758758544922 256.33929443359375 240.72745323181152 256.33929443359375 240.72745323181152 294.2596244812012 224.4758758544922 294.2596244812012
224.3112335205078 258.26220703125 240.49225616455078 258.26220703125 240.49225616455078 296.0179100036621 224.3112335205078 296.0179100036621
224.4608612060547 258.2156982421875 240.67384338378906 258.2156982421875 240.67384338378906 296.04598236083984 224.4608612060547 296.04598236083984
218.0088348388672 258.7001647949219 234.4659080505371 258.7001647949219 234.4659080505371 297.0999946594238 218.0088348388672 297.0999946594238
222.51681518554688 258.2549743652344 239.1504955291748 258.2549743652344 239.1504955291748 297.06688690185547 222.51681518554688 297.06688690185547
222.42678833007812 257.8376159667969 239.1061725616455 257.8376159667969 239.1061725616455 296.7561721801758 222.42678833007812 296.7561721801758
212.8556671142578 258.6947021484375 229.6440486907959 258.6947021484375 229.6440486907959 297.8675842285156 212.8556671142578 297.8675842285156
196.26266479492188 262.5057678222656 213.06453323364258 262.5057678222656 213.06453323364258 301.7101173400879 196.26266479492188 301.7101173400879
202.1655731201172 261.3103332519531 218.7643642425537 261.3103332519531 218.7643642425537 300.04083251953125 202.1655731201172 300.04083251953125
218.36300659179688 258.2481994628906 235.0666332244873 258.2481994628906 235.0666332244873 297.22331619262695 218.36300659179688 297.22331619262695
207.72042846679688 261.0489196777344 224.4472255706787 261.0489196777344 224.4472255706787 300.0781021118164 207.72042846679688 300.0781021118164
220.7277374267578 254.6323699951172 237.80557823181152 254.6323699951172 237.80557823181152 294.480655670166 220.7277374267578 294.480655670166
216.58041381835938 256.508544921875 233.6364459991455 256.508544921875 233.6364459991455 296.3059387207031 216.58041381835938 296.3059387207031
203.85205078125 259.2574462890625 221.12714195251465 259.2574462890625 221.12714195251465 299.565975189209 203.85205078125 299.565975189209
208.0780487060547 259.80755615234375 225.50832748413086 259.80755615234375 225.50832748413086 300.47818756103516 208.0780487060547 300.47818756103516
216.24227905273438 256.8100280761719 233.8029899597168 256.8100280761719 233.8029899597168 297.7850036621094 216.24227905273438 297.7850036621094
205.8677215576172 258.07135009765625 223.65227699279785 258.07135009765625 223.65227699279785 299.5686264038086 205.8677215576172 299.5686264038086
215.97705078125 255.2379913330078 233.54053497314453 255.2379913330078 233.54053497314453 296.2194366455078 215.97705078125 296.2194366455078
203.08226013183594 260.5520324707031 220.51984786987305 260.5520324707031 220.51984786987305 301.23971939086914 203.08226013183594 301.23971939086914
212.26931762695312 254.24887084960938 229.77957153320312 254.24887084960938 229.77957153320312 295.1061096191406 212.26931762695312 295.1061096191406
202.05422973632812 249.55465698242188 219.5344066619873 249.55465698242188 219.5344066619873 290.34171295166016 202.05422973632812 290.34171295166016
200.34384155273438 257.33477783203125 217.87466049194336 257.33477783203125 217.87466049194336 298.2400016784668 200.34384155273438 298.2400016784668
202.83340454101562 260.4010925292969 220.11752891540527 260.4010925292969 220.11752891540527 300.73069763183594 202.83340454101562 300.73069763183594
199.7227783203125 256.26885986328125 216.9507884979248 256.26885986328125 216.9507884979248 296.467529296875 199.7227783203125 296.467529296875
205.83724975585938 254.5655517578125 223.0885887145996 254.5655517578125 223.0885887145996 294.8186569213867 205.83724975585938 294.8186569213867
206.76467895507812 255.32461547851562 224.02620315551758 255.32461547851562 224.02620315551758 295.6014823913574 206.76467895507812 295.6014823913574
216.69088745117188 255.4756317138672 233.76414489746094 255.4756317138672 233.76414489746094 295.3132095336914 216.69088745117188 295.3132095336914
204.25308227539062 257.0992431640625 221.04509353637695 257.0992431640625 221.04509353637695 296.28057861328125 204.25308227539062 296.28057861328125
211.1625518798828 257.9216613769531 227.7152919769287 257.9216613769531 227.7152919769287 296.5446968078613 211.1625518798828 296.5446968078613
219.0279998779297 255.43472290039062 235.60276222229004 255.43472290039062 235.60276222229004 294.10913848876953 219.0279998779297 294.10913848876953
185.92373657226562 264.12054443359375 202.43652725219727 264.12054443359375 202.43652725219727 302.6503562927246 185.92373657226562 302.6503562927246
187.4566650390625 259.70623779296875 203.81142807006836 259.70623779296875 203.81142807006836 297.8673210144043 187.4566650390625 297.8673210144043
173.8785858154297 262.9791564941406 190.2326145172119 262.9791564941406 190.2326145172119 301.13852310180664 173.8785858154297 301.13852310180664
180.73435974121094 266.35198974609375 197.0816307067871 266.35198974609375 197.0816307067871 304.4955863952637 180.73435974121094 304.4955863952637
168.9540557861328 269.0443420410156 185.7543067932129 269.0443420410156 185.7543067932129 308.2448921203613 168.9540557861328 308.2448921203613
176.28759765625 261.38555908203125 193.0301342010498 261.38555908203125 193.0301342010498 300.45144271850586 176.28759765625 300.45144271850586
182.268798828125 268.3177185058594 198.83623123168945 268.3177185058594 198.83623123168945 306.9750213623047 182.268798828125 306.9750213623047
188.2949676513672 257.9315490722656 204.78539657592773 257.9315490722656 204.78539657592773 296.40917587280273 188.2949676513672 296.40917587280273
182.9657440185547 264.32733154296875 199.1078643798828 264.32733154296875 199.1078643798828 301.9922409057617 182.9657440185547 301.9922409057617
206.78823852539062 266.59552001953125 222.7197322845459 266.59552001953125 222.7197322845459 303.7689666748047 206.78823852539062 303.7689666748047
201.83407592773438 272.1022644042969 217.989990234375 272.1022644042969 217.989990234375 309.7993583679199 201.83407592773438 309.7993583679199
209.5302276611328 270.8829650878906 225.74425315856934 270.8829650878906 225.74425315856934 308.71564865112305 209.5302276611328 308.71564865112305
209.0852508544922 272.8064880371094 225.2415771484375 272.8064880371094 225.2415771484375 310.5045394897461 209.0852508544922 310.5045394897461
189.94090270996094 262.0264587402344 206.08706283569336 262.0264587402344 206.08706283569336 299.7007942199707 189.94090270996094 299.7007942199707
189.35897827148438 262.84619140625 205.55661582946777 262.84619140625 205.55661582946777 300.6406440734863 189.35897827148438 300.6406440734863
183.2239532470703 263.70367431640625 199.1712770462036 263.70367431640625 199.1712770462036 300.9140625 183.2239532470703 300.9140625
188.8871307373047 264.1023864746094 205.0581455230713 264.1023864746094 205.0581455230713 301.834716796875 188.8871307373047 301.834716796875
212.5247344970703 268.723876953125 228.7685432434082 268.723876953125 228.7685432434082 306.6260566711426 212.5247344970703 306.6260566711426
209.58529663085938 269.7456970214844 225.92272758483887 269.7456970214844 225.92272758483887 307.86632537841797 209.58529663085938 307.86632537841797
215.99282836914062 272.54937744140625 232.49521255493164 272.54937744140625 232.49521255493164 311.05489349365234 215.99282836914062 311.05489349365234
215.05825805664062 267.20184326171875 231.6837158203125 267.20184326171875 231.6837158203125 305.9945297241211 215.05825805664062 305.9945297241211
215.26168823242188 269.88983154296875 231.68840980529785 269.88983154296875 231.68840980529785 308.21879959106445 215.26168823242188 308.21879959106445
221.0563201904297 267.9317321777344 237.5571174621582 267.9317321777344 237.5571174621582 306.4335479736328 221.0563201904297 306.4335479736328
214.5509796142578 259.877197265625 230.87000846862793 259.877197265625 230.87000846862793 297.9548873901367 214.5509796142578 297.9548873901367
219.25015258789062 261.6119079589844 235.3509864807129 261.6119079589844 235.3509864807129 299.180477142334 219.25015258789062 299.180477142334
220.93563842773438 267.9358215332031 237.1776123046875 267.9358215332031 237.1776123046875 305.8337173461914 220.93563842773438 305.8337173461914
223.1868133544922 270.2540588378906 239.42047500610352 270.2540588378906 239.42047500610352 308.13256072998047 223.1868133544922 308.13256072998047
233.20492553710938 256.8020324707031 249.46800231933594 256.8020324707031 249.46800231933594 294.74917221069336 233.20492553710938 294.74917221069336
233.6940155029297 255.6179656982422 249.47375011444092 255.6179656982422 249.47375011444092 292.4373092651367 233.6940155029297 292.4373092651367
240.82510375976562 238.62667846679688 256.6308012008667 238.62667846679688 256.6308012008667 275.50659942626953 240.82510375976562 275.50659942626953
233.1907501220703 246.93106079101562 249.20163917541504 246.93106079101562 249.20163917541504 284.2897644042969 233.1907501220703 284.2897644042969
214.79678344726562 260.2359313964844 230.62718200683594 260.2359313964844 230.62718200683594 297.17348861694336 214.79678344726562 297.17348861694336
228.8123016357422 269.62371826171875 244.48715686798096 269.62371826171875 244.48715686798096 306.1983413696289 228.8123016357422 306.1983413696289
233.5364532470703 274.1297302246094 248.97561836242676 274.1297302246094 248.97561836242676 310.15441131591797 233.5364532470703 310.15441131591797
234.59744262695312 274.78594970703125 250.10233306884766 274.78594970703125 250.10233306884766 310.9639892578125 234.59744262695312 310.9639892578125
234.35531616210938 272.48785400390625 249.9344882965088 272.48785400390625 249.9344882965088 308.8392143249512 234.35531616210938 308.8392143249512
235.02719116210938 275.4634704589844 250.84511280059814 275.4634704589844 250.84511280059814 312.37191009521484 235.02719116210938 312.37191009521484
235.07369995117188 276.8973693847656 250.97577476501465 276.8973693847656 250.97577476501465 314.00217056274414 235.07369995117188 314.00217056274414
236.8561553955078 273.37298583984375 252.62506580352783 273.37298583984375 252.62506580352783 310.1670722961426 236.8561553955078 310.1670722961426
238.55661010742188 273.13360595703125 254.56763648986816 273.13360595703125 254.56763648986816 310.49262619018555 238.55661010742188 310.49262619018555
241.0926513671875 274.78106689453125 257.1597480773926 274.78106689453125 257.1597480773926 312.2709159851074 241.0926513671875 312.2709159851074
243.54037475585938 272.5538635253906 259.74143409729004 272.5538635253906 259.74143409729004 310.35628509521484 243.54037475585938 310.35628509521484
224.16952514648438 258.4733581542969 240.0448398590088 258.4733581542969 240.0448398590088 295.51570892333984 224.16952514648438 295.51570892333984
229.31686401367188 260.07257080078125 245.31647205352783 260.07257080078125 245.31647205352783 297.4049377441406 229.31686401367188 297.4049377441406
227.19290161132812 259.01318359375 243.2733039855957 259.01318359375 243.2733039855957 296.5340690612793 227.19290161132812 296.5340690612793
231.84579467773438 265.36627197265625 248.0185661315918 265.36627197265625 248.0185661315918 303.1026840209961 231.84579467773438 303.1026840209961
224.552734375 260.3286437988281 240.65228462219238 260.3286437988281 240.65228462219238 297.89420318603516 224.552734375 297.89420318603516
210.3614501953125 263.30255126953125 226.38458251953125 263.30255126953125 226.38458251953125 300.68980407714844 210.3614501953125 300.68980407714844
201.3445281982422 264.41558837890625 217.3309965133667 264.41558837890625 217.3309965133667 301.71729278564453 201.3445281982422 301.71729278564453
215.2229461669922 262.10919189453125 231.44791221618652 262.10919189453125 231.44791221618652 299.9673843383789 215.2229461669922 299.9673843383789
214.4355926513672 266.78662109375 230.77179145812988 266.78662109375 230.77179145812988 304.9043502807617 214.4355926513672 304.9043502807617
211.36752319335938 263.8156433105469 227.6238136291504 263.8156433105469 227.6238136291504 301.7469177246094 211.36752319335938 301.7469177246094
220.86904907226562 261.2117004394531 237.19780158996582 261.2117004394531 237.19780158996582 299.3120574951172 220.86904907226562 299.3120574951172
218.5599822998047 264.15631103515625 234.82379531860352 264.15631103515625 234.82379531860352 302.1051445007324 218.5599822998047 302.1051445007324
225.2307586669922 262.91796875 241.37042427062988 262.91796875 241.37042427062988 300.57712173461914 225.2307586669922 300.57712173461914
228.5811004638672 263.25018310546875 244.88214492797852 263.25018310546875 244.88214492797852 301.28588104248047 228.5811004638672 301.28588104248047
226.62429809570312 265.1462707519531 242.8494052886963 265.1462707519531 242.8494052886963 303.0047836303711 226.62429809570312 303.0047836303711
224.1800994873047 267.97930908203125 240.52353477478027 267.97930908203125 240.52353477478027 306.1139259338379 224.1800994873047 306.1139259338379
226.77261352539062 265.92047119140625 243.13745498657227 265.92047119140625 243.13745498657227 304.1050338745117 226.77261352539062 304.1050338745117
235.524169921875 259.83331298828125 251.9556999206543 259.83331298828125 251.9556999206543 298.1734809875488 235.524169921875 298.1734809875488
232.2047882080078 268.9102478027344 248.85209274291992 268.9102478027344 248.85209274291992 307.75389099121094 232.2047882080078 307.75389099121094
237.5220489501953 264.7795715332031 254.43822860717773 264.7795715332031 254.43822860717773 304.2505874633789 237.5220489501953 304.2505874633789
238.6670684814453 260.0708923339844 255.53574752807617 260.0708923339844 255.53574752807617 299.4310760498047 238.6670684814453 299.4310760498047
226.79061889648438 266.5733947753906 243.63526916503906 266.5733947753906 243.63526916503906 305.87751388549805 226.79061889648438 305.87751388549805
234.809814453125 261.7344055175781 251.54167938232422 261.7344055175781 251.54167938232422 300.7753601074219 234.809814453125 300.7753601074219
257.840087890625 267.95855712890625 274.47142791748047 267.95855712890625 274.47142791748047 306.7649574279785 257.840087890625 306.7649574279785
278.7554016113281 256.8422546386719 295.39155197143555 256.8422546386719 295.39155197143555 295.6598815917969 278.7554016113281 295.6598815917969
276.0594787597656 259.3446044921875 292.89035415649414 259.3446044921875 292.89035415649414 298.61659240722656 276.0594787597656 298.61659240722656
270.730712890625 261.84222412109375 287.7362861633301 261.84222412109375 287.7362861633301 301.52184295654297 270.730712890625 301.52184295654297
283.319580078125 265.00421142578125 300.20788955688477 265.00421142578125 300.20788955688477 304.4102096557617 283.319580078125 304.4102096557617
293.496337890625 264.5270080566406 310.819278717041 264.5270080566406 310.819278717041 304.9471435546875 293.496337890625 304.9471435546875
294.27386474609375 260.74566650390625 311.7299404144287 260.74566650390625 311.7299404144287 301.4764518737793 294.27386474609375 301.4764518737793
303.28717041015625 258.5121154785156 320.71778297424316 258.5121154785156 320.71778297424316 299.18348693847656 303.28717041015625 299.18348693847656
305.68951416015625 259.9722900390625 322.80589294433594 259.9722900390625 322.80589294433594 299.9104537963867 305.68951416015625 299.9104537963867
305.5103454589844 261.8616638183594 322.3838424682617 261.8616638183594 322.3838424682617 301.23310470581055 305.5103454589844 301.23310470581055
306.7254333496094 264.2655334472656 323.35287857055664 264.2655334472656 323.35287857055664 303.06285095214844 306.7254333496094 303.06285095214844
303.00946044921875 263.7510681152344 319.8380947113037 263.7510681152344 319.8380947113037 303.01782608032227 303.00946044921875 303.01782608032227
309.41436767578125 260.0397644042969 326.50877380371094 260.0397644042969 326.50877380371094 299.9266548156738 309.41436767578125 299.9266548156738
315.1630859375 266.8979797363281 332.38659286499023 266.8979797363281 332.38659286499023 307.0861015319824 315.1630859375 307.0861015319824
293.25103759765625 268.85662841796875 310.1947326660156 268.85662841796875 310.1947326660156 308.39185333251953 293.25103759765625 308.39185333251953
293.42034912109375 259.2607421875 310.055362701416 259.2607421875 310.055362701416 298.0757141113281 293.42034912109375 298.0757141113281
275.53887939453125 258.56011962890625 291.9314556121826 258.56011962890625 291.9314556121826 296.8094062805176 275.53887939453125 296.8094062805176
288.22845458984375 268.00164794921875 304.5564308166504 268.00164794921875 304.5564308166504 306.1002006530762 288.22845458984375 306.1002006530762
298.0504150390625 270.6698913574219 314.2316131591797 270.6698913574219 314.2316131591797 308.4259605407715 298.0504150390625 308.4259605407715
284.86114501953125 261.52703857421875 301.0649070739746 261.52703857421875 301.0649070739746 299.33575439453125 284.86114501953125 299.33575439453125
273.8397521972656 258.2357482910156 290.1259574890137 258.2357482910156 290.1259574890137 296.2368278503418 273.8397521972656 296.2368278503418
276.40631103515625 254.681884765625 292.60256004333496 254.681884765625 292.60256004333496 292.4730644226074 276.40631103515625 292.4730644226074
277.28594970703125 254.93515014648438 293.583438873291 254.93515014648438 293.583438873291 292.9625549316406 277.28594970703125 292.9625549316406
280.7149353027344 256.16986083984375 297.01926040649414 256.16986083984375 297.01926040649414 294.2132148742676 280.7149353027344 294.2132148742676
258.08416748046875 261.4112854003906 274.2086238861084 261.4112854003906 274.2086238861084 299.0349426269531 258.08416748046875 299.0349426269531
244.1610565185547 261.8631286621094 260.2387809753418 261.8631286621094 260.2387809753418 299.3777389526367 244.1610565185547 299.3777389526367
257.42822265625 262.78424072265625 273.40936851501465 262.78424072265625 273.40936851501465 300.07350158691406 257.42822265625 300.07350158691406
254.606689453125 261.8774719238281 270.65771865844727 261.8774719238281 270.65771865844727 299.3297920227051 254.606689453125 299.3297920227051
253.83334350585938 263.05853271484375 269.6907558441162 263.05853271484375 269.6907558441162 300.05908584594727 253.83334350585938 300.05908584594727
253.6417999267578 261.4344177246094 269.3312454223633 261.4344177246094 269.3312454223633 298.0430488586426 253.6417999267578 298.0430488586426
254.5790557861328 285.9072570800781 270.43047046661377 285.9072570800781 270.43047046661377 322.8938102722168 254.5790557861328 322.8938102722168
261.6864013671875 315.83984375 277.23460388183594 315.83984375 277.23460388183594 352.1189079284668 261.6864013671875 352.1189079284668
264.6238708496094 323.5367126464844 279.94360637664795 323.5367126464844 279.94360637664795 359.2826919555664 264.6238708496094 359.2826919555664
264.5576171875 320.1629943847656 280.165376663208 320.1629943847656 280.165376663208 356.5810241699219 264.5576171875 356.5810241699219
257.2117004394531 327.41180419921875 272.82529735565186 327.41180419921875 272.82529735565186 363.84345626831055 257.2117004394531 363.84345626831055
252.1504669189453 327.9800109863281 267.59049224853516 327.9800109863281 267.59049224853516 364.0066604614258 252.1504669189453 364.0066604614258
242.7350616455078 331.76202392578125 258.3116807937622 331.76202392578125 258.3116807937622 368.1073913574219 242.7350616455078 368.1073913574219
262.7962951660156 327.6800842285156 278.5774669647217 327.6800842285156 278.5774669647217 364.5027389526367 262.7962951660156 364.5027389526367
259.6012268066406 330.3013610839844 275.2430477142334 330.3013610839844 275.2430477142334 366.79886627197266 259.6012268066406 366.79886627197266
248.48818969726562 334.11419677734375 264.4592618942261 334.11419677734375 264.4592618942261 371.3799514770508 248.48818969726562 371.3799514770508
242.05050659179688 331.5238037109375 257.91333770751953 331.5238037109375 257.91333770751953 368.53699493408203 242.05050659179688 368.53699493408203
234.97372436523438 331.82861328125 250.6595916748047 331.82861328125 250.6595916748047 368.4288864135742 234.97372436523438 368.4288864135742
233.98568725585938 332.1321716308594 249.56409645080566 332.1321716308594 249.56409645080566 368.4817085266113 233.98568725585938 368.4817085266113
245.0791015625 331.763916015625 260.66418743133545 331.763916015625 260.66418743133545 368.12903594970703 245.0791015625 368.12903594970703
261.19317626953125 325.7138671875 276.76282501220703 325.7138671875 276.76282501220703 362.04296875 261.19317626953125 362.04296875
255.3646240234375 321.225830078125 270.88834381103516 321.225830078125 270.88834381103516 357.44776153564453 255.3646240234375 357.44776153564453
248.82528686523438 324.1823425292969 264.29549980163574 324.1823425292969 264.29549980163574 360.27942276000977 248.82528686523438 360.27942276000977
255.4684600830078 322.1564636230469 270.85337257385254 322.1564636230469 270.85337257385254 358.05450439453125 255.4684600830078 358.05450439453125
262.88433837890625 323.34124755859375 278.5350751876831 323.34124755859375 278.5350751876831 359.85954666137695 262.88433837890625 359.85954666137695
263.8927001953125 329.68646240234375 279.6325225830078 329.68646240234375 279.6325225830078 366.41262435913086 263.8927001953125 366.41262435913086
262.61785888671875 325.99456787109375 278.22253608703613 325.99456787109375 278.22253608703613 362.40539169311523 262.61785888671875 362.40539169311523
257.35040283203125 337.1953125 273.1075029373169 337.1953125 273.1075029373169 373.96178436279297 257.35040283203125 373.96178436279297
262.3804626464844 327.24798583984375 277.8955612182617 327.24798583984375 277.8955612182617 363.44979095458984 262.3804626464844 363.44979095458984
262.1286926269531 324.7437438964844 277.79207611083984 324.7437438964844 277.79207611083984 361.2915458679199 262.1286926269531 361.2915458679199
244.7959442138672 323.3414306640625 260.3190517425537 323.3414306640625 260.3190517425537 359.56192779541016 244.7959442138672 359.56192779541016
257.45111083984375 327.9547119140625 272.8524341583252 327.9547119140625 272.8524341583252 363.8910446166992 257.45111083984375 363.8910446166992
265.00677490234375 320.662109375 280.5640048980713 320.662109375 280.5640048980713 356.96221923828125 265.00677490234375 356.96221923828125
243.3859100341797 323.0462951660156 258.518949508667 323.0462951660156 258.518949508667 358.356632232666 243.3859100341797 358.356632232666
263.22503662109375 326.85894775390625 278.5535020828247 326.85894775390625 278.5535020828247 362.6252746582031 263.22503662109375 362.6252746582031
246.01651000976562 295.3570861816406 261.6853790283203 295.3570861816406 261.6853790283203 331.91768646240234 246.01651000976562 331.91768646240234
235.955078125 300.390380859375 251.66422843933105 300.390380859375 251.66422843933105 337.04497146606445 235.955078125 337.04497146606445
230.00991821289062 314.62091064453125 245.85845184326172 314.62091064453125 245.85845184326172 351.6007308959961 230.00991821289062 351.6007308959961
251.83035278320312 300.75836181640625 267.604754447937 300.75836181640625 267.604754447937 337.5652084350586 251.83035278320312 337.5652084350586
263.7622985839844 327.51898193359375 279.4898681640625 327.51898193359375 279.4898681640625 364.21655654907227 263.7622985839844 364.21655654907227
261.14190673828125 328.15374755859375 277.2509994506836 328.15374755859375 277.2509994506836 365.7415428161621 261.14190673828125 365.7415428161621
251.9040985107422 314.43316650390625 268.0186080932617 314.43316650390625 268.0186080932617 352.03359603881836 251.9040985107422 352.03359603881836
262.71380615234375 296.10296630859375 279.09190368652344 296.10296630859375 279.09190368652344 334.31843185424805 262.71380615234375 334.31843185424805
264.3158264160156 308.3878479003906 280.42283058166504 308.3878479003906 280.42283058166504 345.970760345459 264.3158264160156 345.970760345459
266.95782470703125 318.99261474609375 283.2862949371338 318.99261474609375 283.2862949371338 357.0922737121582 266.95782470703125 357.0922737121582
262.3598937988281 324.08026123046875 278.91679763793945 324.08026123046875 278.91679763793945 362.7129325866699 262.3598937988281 362.7129325866699
248.38742065429688 328.6492614746094 265.21005630493164 328.6492614746094 265.21005630493164 367.90196990966797 248.38742065429688 367.90196990966797
258.40411376953125 323.38409423828125 275.1514778137207 323.38409423828125 275.1514778137207 362.46117401123047 258.40411376953125 362.46117401123047
264.1253967285156 325.9510192871094 280.96129417419434 325.9510192871094 280.96129417419434 365.23468017578125 264.1253967285156 365.23468017578125
261.2649841308594 327.90643310546875 277.9817085266113 327.90643310546875 277.9817085266113 366.9120216369629 261.2649841308594 366.9120216369629
258.0199279785156 330.6341857910156 274.86266326904297 330.6341857910156 274.86266326904297 369.93379974365234 258.0199279785156 369.93379974365234
262.9244079589844 326.958740234375 279.58070373535156 326.958740234375 279.58070373535156 365.82332611083984 262.9244079589844 365.82332611083984
257.41876220703125 331.25189208984375 274.2583713531494 331.25189208984375 274.2583713531494 370.5442085266113 257.41876220703125 370.5442085266113
270.2628173828125 320.450439453125 287.3283405303955 320.450439453125 287.3283405303955 360.2698860168457 270.2628173828125 360.2698860168457
257.9049072265625 332.6750793457031 274.883264541626 332.6750793457031 274.883264541626 372.2911376953125 257.9049072265625 372.2911376953125
263.189453125 321.9657897949219 280.37545013427734 321.9657897949219 280.37545013427734 362.0663414001465 263.189453125 362.0663414001465
260.9423828125 325.70587158203125 278.69873237609863 325.70587158203125 278.69873237609863 367.1372413635254 260.9423828125 367.1372413635254
263.31488037109375 321.6211242675781 281.13281631469727 321.6211242675781 281.13281631469727 363.19619369506836 263.31488037109375 363.19619369506836
252.22329711914062 333.4798278808594 270.0831298828125 333.4798278808594 270.0831298828125 375.1526565551758 252.22329711914062 375.1526565551758
260.593505859375 294.92083740234375 278.4260902404785 294.92083740234375 278.4260902404785 336.530086517334 260.593505859375 336.530086517334
282.422119140625 299.70562744140625 300.19072914123535 299.70562744140625 300.19072914123535 341.1656074523926 282.422119140625 341.1656074523926
288.84442138671875 293.8539733886719 306.4867057800293 293.8539733886719 306.4867057800293 335.0191955566406 288.84442138671875 335.0191955566406
305.3851623535156 285.5824279785156 323.2079792022705 285.5824279785156 323.2079792022705 327.1688919067383 305.3851623535156 327.1688919067383
315.09912109375 267.865966796875 332.9192314147949 267.865966796875 332.9192314147949 309.44611740112305 315.09912109375 309.44611740112305
327.36669921875 279.5596008300781 345.15510749816895 279.5596008300781 345.15510749816895 321.06578063964844 327.36669921875 321.06578063964844
337.0643615722656 297.2607116699219 354.79105377197266 297.2607116699219 354.79105377197266 338.62288665771484 337.0643615722656 338.62288665771484
353.5387268066406 294.9674987792969 371.2903861999512 294.9674987792969 371.2903861999512 336.38793182373047 353.5387268066406 336.38793182373047
365.0553283691406 293.0232238769531 382.8618755340576 293.0232238769531 382.8618755340576 334.57172775268555 365.0553283691406 334.57172775268555
365.72503662109375 302.5500183105469 383.6341857910156 302.5500183105469 383.6341857910156 344.33792877197266 365.72503662109375 344.33792877197266
385.8502502441406 294.6145935058594 403.81093978881836 294.6145935058594 403.81093978881836 336.522762298584 385.8502502441406 336.522762298584
403.30853271484375 295.45538330078125 419.83658599853516 295.45538330078125 419.83658599853516 337.74079513549805 403.30853271484375 337.74079513549805
413.87518310546875 293.64398193359375 431.40538024902344 293.64398193359375 431.40538024902344 334.5476760864258 413.87518310546875 334.5476760864258
424.3211364746094 310.2928771972656 441.90711784362793 310.2928771972656 441.90711784362793 351.32673263549805 424.3211364746094 351.32673263549805
453.7845153808594 300.46600341796875 471.3853511810303 300.46600341796875 471.3853511810303 341.53451919555664 453.7845153808594 341.53451919555664
469.3924255371094 288.8856506347656 487.47088623046875 288.8856506347656 487.47088623046875 328.01692962646484 469.3924255371094 328.01692962646484
482.3978576660156 289.6349182128906 500.21431159973145 289.6349182128906 500.21431159973145 326.5916633605957 482.3978576660156 326.5916633605957
491.21142578125 289.2984313964844 509.27033615112305 289.2984313964844 509.27033615112305 327.67469024658203 491.21142578125 327.67469024658203
487.78204345703125 301.52532958984375 502.98826026916504 301.52532958984375 502.98826026916504 338.26018142700195 487.78204345703125 338.26018142700195
494.0775451660156 296.1485595703125 511.0372505187988 296.1485595703125 511.0372505187988 335.72110748291016 494.0775451660156 335.72110748291016
510.666748046875 298.103759765625 527.151683807373 298.103759765625 527.151683807373 337.3998107910156 510.666748046875 337.3998107910156
525.852294921875 304.5062255859375 542.9316654205322 304.5062255859375 542.9316654205322 344.3579864501953 525.852294921875 344.3579864501953
542.6138916015625 296.2027282714844 559.739164352417 296.2027282714844 559.739164352417 336.1615982055664 542.6138916015625 336.1615982055664
548.4505615234375 303.1705017089844 563.4926404953003 303.1705017089844 563.4926404953003 339.1354293823242 548.4505615234375 339.1354293823242
555.4046020507812 314.3518981933594 569.810206413269 314.3518981933594 569.810206413269 353.4373779296875 555.4046020507812 353.4373779296875
568.361328125 306.15057373046875 585.807918548584 306.15057373046875 585.807918548584 346.85919189453125 568.361328125 346.85919189453125
