202.0 298.0 258.0 298.0 258.0 423.0 202.0 423.0
200.07064819335938 299.686767578125 254.2864761352539 299.686767578125 254.2864761352539 423.58463287353516 200.07064819335938 423.58463287353516
197.98388671875 295.75286865234375 252.85930633544922 295.75286865234375 252.85930633544922 421.8428955078125 197.98388671875 421.8428955078125
197.0771026611328 297.23040771484375 250.66399383544922 297.23040771484375 250.66399383544922 419.35511779785156 197.0771026611328 419.35511779785156
196.002685546875 295.60186767578125 248.90482330322266 295.60186767578125 248.90482330322266 419.04618072509766 196.002685546875 419.04618072509766
193.86862182617188 297.44366455078125 245.01823806762695 297.44366455078125 245.01823806762695 418.43019104003906 193.86862182617188 418.43019104003906
191.5056610107422 295.19903564453125 243.4926414489746 295.19903564453125 243.4926414489746 416.868896484375 191.5056610107422 416.868896484375
189.926025390625 295.1373596191406 242.33235931396484 295.1373596191406 242.33235931396484 416.20972442626953 189.926025390625 416.20972442626953
187.40487670898438 296.01287841796875 239.10296630859375 296.01287841796875 239.10296630859375 414.7078628540039 187.40487670898438 414.7078628540039
187.1553192138672 293.9308776855469 237.60881423950195 293.9308776855469 237.60881423950195 414.7857208251953 187.1553192138672 414.7857208251953
186.1497039794922 293.51129150390625 235.83777618408203 293.51129150390625 235.83777618408203 414.20133209228516 186.1497039794922 414.20133209228516
184.46107482910156 293.29046630859375 234.77832794189453 293.29046630859375 234.77832794189453 413.1175765991211 184.46107482910156 413.1175765991211
182.56297302246094 291.246826171875 233.00597763061523 291.246826171875 233.00597763061523 412.1129608154297 182.56297302246094 412.1129608154297
181.060791015625 290.72247314453125 231.0861587524414 290.72247314453125 231.0861587524414 411.48512268066406 181.060791015625 411.48512268066406
180.63101196289062 291.58575439453125 229.2249984741211 291.58575439453125 229.2249984741211 408.4497528076172 180.63101196289062 408.4497528076172
178.83743286132812 290.5065002441406 226.90355682373047 290.5065002441406 226.90355682373047 407.69226837158203 178.83743286132812 407.69226837158203
178.06097412109375 288.3785705566406 225.40500259399414 288.3785705566406 225.40500259399414 407.08777618408203 178.06097412109375 407.08777618408203
177.14212036132812 288.1986083984375 224.58751678466797 288.1986083984375 224.58751678466797 405.541259765625 177.14212036132812 405.541259765625
176.2091522216797 288.78741455078125 222.38312530517578 288.78741455078125 222.38312530517578 404.63389587402344 176.2091522216797 404.63389587402344
173.965087890625 286.7098693847656 223.04244232177734 286.7098693847656 223.04244232177734 402.49021911621094 173.965087890625 402.49021911621094
173.71531677246094 286.17901611328125 221.68104934692383 286.17901611328125 221.68104934692383 401.32582092285156 173.71531677246094 401.32582092285156
171.81503295898438 286.101318359375 219.85100936889648 286.101318359375 219.85100936889648 400.2503204345703 171.81503295898438 400.2503204345703
171.77328491210938 286.02410888671875 218.9839744567871 286.02410888671875 218.9839744567871 398.123779296875 171.77328491210938 398.123779296875
171.38058471679688 285.32855224609375 218.80194854736328 285.32855224609375 218.80194854736328 397.97857666015625 171.38058471679688 397.97857666015625
171.19810485839844 284.11773681640625 218.00988006591797 284.11773681640625 218.00988006591797 395.2314910888672 171.19810485839844 395.2314910888672
170.69293212890625 283.35833740234375 217.9421157836914 283.35833740234375 217.9421157836914 393.15169525146484 170.69293212890625 393.15169525146484
170.1947021484375 281.8329772949219 216.47652435302734 281.8329772949219 216.47652435302734 392.7789001464844 170.1947021484375 392.7789001464844
169.96823120117188 280.6148681640625 216.17627716064453 280.6148681640625 216.17627716064453 390.6106719970703 169.96823120117188 390.6106719970703
170.35488891601562 280.7911682128906 215.36980056762695 280.7911682128906 215.36980056762695 390.2066955566406 170.35488891601562 390.2066955566406
169.60922241210938 279.51007080078125 214.99984741210938 279.51007080078125 214.99984741210938 387.47454833984375 169.60922241210938 387.47454833984375
169.7962188720703 279.4073791503906 214.35922622680664 279.4073791503906 214.35922622680664 387.26502990722656 169.7962188720703 387.26502990722656
170.02073669433594 277.2324523925781 214.45100784301758 277.2324523925781 214.45100784301758 384.85438537597656 170.02073669433594 384.85438537597656
169.92703247070312 276.9366760253906 214.49026489257812 276.9366760253906 214.49026489257812 383.96852111816406 169.92703247070312 383.96852111816406
170.1338653564453 276.6405944824219 214.52890396118164 276.6405944824219 214.52890396118164 384.18226623535156 170.1338653564453 384.18226623535156
170.5666046142578 275.76129150390625 214.84830474853516 275.76129150390625 214.84830474853516 383.32281494140625 170.5666046142578 383.32281494140625
171.27157592773438 274.9169921875 214.7993278503418 274.9169921875 214.7993278503418 382.60789489746094 171.27157592773438 382.60789489746094
170.85427856445312 275.20098876953125 215.7035369873047 275.20098876953125 215.7035369873047 381.54793548583984 170.85427856445312 381.54793548583984
171.9534454345703 275.53826904296875 215.88837432861328 275.53826904296875 215.88837432861328 380.2426986694336 171.9534454345703 380.2426986694336
173.1681671142578 274.2102966308594 216.83852005004883 274.2102966308594 216.83852005004883 379.2246856689453 173.1681671142578 379.2246856689453
173.7381134033203 274.51690673828125 217.55573654174805 274.51690673828125 217.55573654174805 378.66856384277344 173.7381134033203 378.66856384277344
174.25955200195312 272.87628173828125 218.38617706298828 272.87628173828125 218.38617706298828 376.9162139892578 174.25955200195312 376.9162139892578
174.6466522216797 273.2193603515625 219.22532653808594 273.2193603515625 219.22532653808594 377.72071838378906 174.6466522216797 377.72071838378906
176.38900756835938 272.02264404296875 220.71002960205078 272.02264404296875 220.71002960205078 377.81119537353516 176.38900756835938 377.81119537353516
176.91464233398438 270.4168395996094 221.79559326171875 270.4168395996094 221.79559326171875 377.10340881347656 176.91464233398438 377.10340881347656
177.95034790039062 269.9758605957031 223.19136428833008 269.9758605957031 223.19136428833008 376.0771942138672 177.95034790039062 376.0771942138672
179.306640625 269.9723815917969 225.10872650146484 269.9723815917969 225.10872650146484 373.54383850097656 179.306640625 373.54383850097656
180.0760955810547 268.15484619140625 227.47423553466797 268.15484619140625 227.47423553466797 372.8491439819336 180.0760955810547 372.8491439819336
182.42788696289062 269.2889099121094 229.40974044799805 269.2889099121094 229.40974044799805 372.3675842285156 182.42788696289062 372.3675842285156
184.6959991455078 269.1453552246094 233.15233612060547 269.1453552246094 233.15233612060547 369.7593688964844 184.6959991455078 369.7593688964844
189.7702178955078 268.0578308105469 240.48869705200195 268.0578308105469 240.48869705200195 367.5608901977539 189.7702178955078 367.5608901977539
189.3953094482422 260.20184326171875 238.21658325195312 260.20184326171875 238.21658325195312 367.23451232910156 189.3953094482422 367.23451232910156
192.30160522460938 265.91778564453125 243.09463500976562 265.91778564453125 243.09463500976562 365.90724182128906 192.30160522460938 365.90724182128906
194.68466186523438 260.3282775878906 243.15739822387695 260.3282775878906 243.15739822387695 365.5067901611328 194.68466186523438 365.5067901611328
203.06155395507812 259.1504821777344 250.33721160888672 259.1504821777344 250.33721160888672 364.6764450073242 203.06155395507812 364.6764450073242
205.4359893798828 257.3603515625 252.71800994873047 257.3603515625 252.71800994873047 362.90052795410156 205.4359893798828 362.90052795410156
205.67959594726562 260.3606872558594 253.16687774658203 260.3606872558594 253.16687774658203 366.3590393066406 205.67959594726562 366.3590393066406
210.72409057617188 254.191162109375 259.41629791259766 254.191162109375 259.41629791259766 362.8790740966797 210.72409057617188 362.8790740966797
211.0784454345703 250.1705780029297 259.8008804321289 250.1705780029297 259.8008804321289 358.9259719848633 211.0784454345703 358.9259719848633
214.40676879882812 255.2955322265625 263.2526168823242 255.2955322265625 263.2526168823242 364.32640075683594 214.40676879882812 364.32640075683594
217.4064178466797 256.0906066894531 266.01484298706055 256.0906066894531 266.01484298706055 364.5915069580078 217.4064178466797 364.5915069580078
219.5234832763672 254.1187744140625 270.696533203125 254.1187744140625 270.696533203125 360.7389907836914 219.5234832763672 360.7389907836914
220.24227905273438 254.42489624023438 274.1765441894531 254.42489624023438 274.1765441894531 356.1962203979492 220.24227905273438 356.1962203979492
226.16748046875 251.67105102539062 277.012264251709 251.67105102539062 277.012264251709 359.2407760620117 226.16748046875 359.2407760620117
227.1903076171875 253.58975219726562 280.7191162109375 253.58975219726562 280.7191162109375 355.2694625854492 227.1903076171875 355.2694625854492
229.2830047607422 249.629150390625 279.8070755004883 249.629150390625 279.8070755004883 358.07872009277344 229.2830047607422 358.07872009277344
232.53396606445312 251.0757598876953 285.7768363952637 251.0757598876953 285.7768363952637 353.42000579833984 232.53396606445312 353.42000579833984
237.47128295898438 247.3892822265625 287.50057220458984 247.3892822265625 287.50057220458984 353.68675231933594 237.47128295898438 353.68675231933594
240.53857421875 248.6066436767578 289.1613235473633 248.6066436767578 289.1613235473633 357.1395568847656 240.53857421875 357.1395568847656
242.87063598632812 250.54061889648438 292.27074432373047 250.54061889648438 292.27074432373047 356.31666564941406 242.87063598632812 356.31666564941406
243.1467742919922 246.628173828125 291.9718475341797 246.628173828125 291.9718475341797 352.0700912475586 243.1467742919922 352.0700912475586
247.810302734375 250.7123260498047 296.64147567749023 250.7123260498047 296.64147567749023 354.0629577636719 247.810302734375 354.0629577636719
249.29196166992188 246.34970092773438 296.1589012145996 246.34970092773438 296.1589012145996 350.96337127685547 249.29196166992188 350.96337127685547
252.81167602539062 247.14840698242188 300.3682327270508 247.14840698242188 300.3682327270508 353.30139923095703 252.81167602539062 353.30139923095703
255.2335205078125 248.095947265625 302.6494941711426 248.095947265625 302.6494941711426 353.93514251708984 255.2335205078125 353.93514251708984
259.4303283691406 246.08493041992188 306.7204399108887 246.08493041992188 306.7204399108887 351.64318084716797 259.4303283691406 351.64318084716797
260.66180419921875 242.20358276367188 307.65384674072266 242.20358276367188 307.65384674072266 347.0965042114258 260.66180419921875 347.0965042114258
265.11492919921875 240.31063842773438 314.18836212158203 240.31063842773438 314.18836212158203 344.19142150878906 265.11492919921875 344.19142150878906
268.85162353515625 240.4158477783203 316.81929779052734 240.4158477783203 316.81929779052734 347.4865264892578 268.85162353515625 347.4865264892578
270.3404846191406 242.7723388671875 318.2858200073242 242.7723388671875 318.2858200073242 349.7931671142578 270.3404846191406 349.7931671142578
274.13909912109375 239.96090698242188 322.49353790283203 239.96090698242188 322.49353790283203 347.89490509033203 274.13909912109375 347.89490509033203
279.77880859375 237.42697143554688 327.8539810180664 237.42697143554688 327.8539810180664 344.7376174926758 279.77880859375 344.7376174926758
282.77923583984375 238.7284698486328 332.27892303466797 238.7284698486328 332.27892303466797 343.43077850341797 282.77923583984375 343.43077850341797
290.1870422363281 234.02359008789062 337.7832717895508 234.02359008789062 337.7832717895508 340.2651824951172 290.1870422363281 340.2651824951172
292.24468994140625 234.689697265625 339.58212661743164 234.689697265625 339.58212661743164 340.35362243652344 292.24468994140625 340.35362243652344
296.00811767578125 233.5989990234375 343.87165451049805 233.5989990234375 343.87165451049805 340.437255859375 296.00811767578125 340.437255859375
297.876953125 233.6457061767578 346.5162887573242 233.6457061767578 346.5162887573242 342.2156753540039 297.876953125 342.2156753540039
301.63861083984375 235.92904663085938 351.7477493286133 235.92904663085938 351.7477493286133 339.7531051635742 301.63861083984375 339.7531051635742
304.86041259765625 236.2174530029297 354.2753601074219 236.2174530029297 354.2753601074219 340.6037063598633 304.86041259765625 340.6037063598633
308.6705322265625 236.0392608642578 358.75650787353516 236.0392608642578 358.75650787353516 339.7394790649414 308.6705322265625 339.7394790649414
311.62445068359375 232.8262939453125 360.2102737426758 232.8262939453125 360.2102737426758 341.27679443359375 311.62445068359375 341.27679443359375
312.57861328125 233.0035858154297 360.59615325927734 233.0035858154297 360.59615325927734 340.1855773925781 312.57861328125 340.1855773925781
315.5795593261719 231.1468505859375 364.6142120361328 231.1468505859375 364.6142120361328 336.8717269897461 315.5795593261719 336.8717269897461
323.34442138671875 232.0515899658203 371.72492599487305 232.0515899658203 371.72492599487305 340.0437774658203 323.34442138671875 340.0437774658203
324.2967224121094 236.4620819091797 378.8848991394043 236.4620819091797 378.8848991394043 333.77286529541016 324.2967224121094 333.77286529541016
329.37554931640625 236.3347930908203 381.7723503112793 236.3347930908203 381.7723503112793 338.1243438720703 329.37554931640625 338.1243438720703
331.15203857421875 234.3429718017578 381.5006294250488 234.3429718017578 381.5006294250488 339.26146697998047 331.15203857421875 339.26146697998047
335.0511779785156 230.9791717529297 383.4145927429199 230.9791717529297 383.4145927429199 338.93321228027344 335.0511779785156 338.93321228027344
336.9717712402344 236.8042755126953 390.02185821533203 236.8042755126953 390.02185821533203 335.3106384277344 336.9717712402344 335.3106384277344
339.815185546875 234.37466430664062 391.1576919555664 234.37466430664062 391.1576919555664 331.27052307128906 339.815185546875 331.27052307128906
341.328857421875 233.91433715820312 389.5139389038086 233.91433715820312 389.5139389038086 335.07542419433594 341.328857421875 335.07542419433594
343.32635498046875 238.2911376953125 395.78597259521484 238.2911376953125 395.78597259521484 330.6349639892578 343.32635498046875 330.6349639892578
344.57720947265625 235.9261474609375 393.30437088012695 235.9261474609375 393.30437088012695 333.85264587402344 344.57720947265625 333.85264587402344
348.2498474121094 238.28146362304688 398.40015411376953 238.28146362304688 398.40015411376953 330.02772521972656 348.2498474121094 330.02772521972656
352.3183288574219 239.0028839111328 400.690242767334 239.0028839111328 400.690242767334 328.31046295166016 352.3183288574219 328.31046295166016
358.82159423828125 235.8393096923828 404.5044937133789 235.8393096923828 404.5044937133789 325.8407516479492 358.82159423828125 325.8407516479492
360.5105285644531 233.6676025390625 405.58074951171875 233.6676025390625 405.58074951171875 325.5684585571289 360.5105285644531 325.5684585571289
366.7027893066406 228.6476287841797 409.81235122680664 228.6476287841797 409.81235122680664 323.1143264770508 366.7027893066406 323.1143264770508
368.55340576171875 228.01638793945312 412.18302154541016 228.01638793945312 412.18302154541016 324.07005310058594 368.55340576171875 324.07005310058594
370.51055908203125 227.44418334960938 414.2562942504883 227.44418334960938 414.2562942504883 323.6389846801758 370.51055908203125 323.6389846801758
371.8144226074219 227.39022827148438 415.6591148376465 227.39022827148438 415.6591148376465 321.8877639770508 371.8144226074219 321.8877639770508
373.44610595703125 228.86721801757812 417.57918548583984 228.86721801757812 417.57918548583984 321.42393493652344 373.44610595703125 321.42393493652344
375.8382568359375 228.38699340820312 418.66389083862305 228.38699340820312 418.66389083862305 321.5741195678711 375.8382568359375 321.5741195678711
377.23419189453125 226.97378540039062 420.3236198425293 226.97378540039062 420.3236198425293 320.6039123535156 377.23419189453125 320.6039123535156
378.06610107421875 226.93408203125 421.6292533874512 226.93408203125 421.6292533874512 319.1390686035156 378.06610107421875 319.1390686035156
379.7027282714844 227.9650421142578 423.02167892456055 227.9650421142578 423.02167892456055 319.923583984375 379.7027282714844 319.923583984375
382.01580810546875 227.7367401123047 424.86601638793945 227.7367401123047 424.86601638793945 318.0840148925781 382.01580810546875 318.0840148925781
383.5559997558594 226.34689331054688 426.36355209350586 226.34689331054688 426.36355209350586 316.7630386352539 383.5559997558594 316.7630386352539
383.94403076171875 225.3730010986328 426.9461212158203 225.3730010986328 426.9461212158203 317.2794876098633 383.94403076171875 317.2794876098633
386.389892578125 226.448974609375 430.1847915649414 226.448974609375 430.1847915649414 315.3545150756836 386.389892578125 315.3545150756836
388.0573425292969 226.48684692382812 431.1447944641113 226.48684692382812 431.1447944641113 316.4832000732422 388.0573425292969 316.4832000732422
390.2542419433594 224.05615234375 432.7098617553711 224.05615234375 432.7098617553711 314.7664031982422 390.2542419433594 314.7664031982422
393.4280090332031 222.4567413330078 434.86841583251953 222.4567413330078 434.86841583251953 311.5451202392578 393.4280090332031 311.5451202392578
393.3722839355469 224.52908325195312 434.5608596801758 224.52908325195312 434.5608596801758 314.41385650634766 393.3722839355469 314.41385650634766
396.40289306640625 224.8236846923828 437.30506896972656 224.8236846923828 437.30506896972656 312.1295166015625 396.40289306640625 312.1295166015625
397.060302734375 223.169921875 437.88487243652344 223.169921875 437.88487243652344 312.1411895751953 397.060302734375 312.1411895751953
398.8824157714844 224.49307250976562 440.5516471862793 224.49307250976562 440.5516471862793 310.86641693115234 398.8824157714844 310.86641693115234
399.32794189453125 222.35220336914062 440.56965255737305 222.35220336914062 440.56965255737305 310.13694763183594 399.32794189453125 310.13694763183594
400.27398681640625 219.20498657226562 440.4859848022461 219.20498657226562 440.4859848022461 308.96388244628906 400.27398681640625 308.96388244628906
402.8607177734375 219.8026123046875 442.82886123657227 219.8026123046875 442.82886123657227 307.56700134277344 402.8607177734375 307.56700134277344
404.63189697265625 220.43350219726562 445.33853912353516 220.43350219726562 445.33853912353516 309.5713348388672 404.63189697265625 309.5713348388672
406.7987365722656 219.641357421875 446.424072265625 219.641357421875 446.424072265625 308.0907287597656 406.7987365722656 308.0907287597656
407.1776123046875 220.19485473632812 446.89642333984375 220.19485473632812 446.89642333984375 308.8528747558594 407.1776123046875 308.8528747558594
409.22314453125 218.8284149169922 449.28665924072266 218.8284149169922 449.28665924072266 306.00567626953125 409.22314453125 306.00567626953125
409.04815673828125 220.48428344726562 448.34996032714844 220.48428344726562 448.34996032714844 308.2114791870117 409.04815673828125 308.2114791870117
412.88330078125 219.39956665039062 451.5534782409668 219.39956665039062 451.5534782409668 305.7168731689453 412.88330078125 305.7168731689453
413.5323181152344 219.1392059326172 451.85782623291016 219.1392059326172 451.85782623291016 304.6871643066406 413.5323181152344 304.6871643066406
414.86700439453125 219.8179168701172 453.71692657470703 219.8179168701172 453.71692657470703 306.5364456176758 414.86700439453125 306.5364456176758
416.8794860839844 217.91525268554688 455.99430084228516 217.91525268554688 455.99430084228516 305.2250518798828 416.8794860839844 305.2250518798828
417.3331604003906 218.1645050048828 456.2054138183594 218.1645050048828 456.2054138183594 304.6022491455078 417.3331604003906 304.6022491455078
418.95196533203125 216.77334594726562 458.11405181884766 216.77334594726562 458.11405181884766 303.05921173095703 418.95196533203125 303.05921173095703
420.38751220703125 217.50881958007812 458.96959686279297 217.50881958007812 458.96959686279297 303.8472366333008 420.38751220703125 303.8472366333008
420.7106018066406 215.211181640625 459.9952163696289 215.211181640625 459.9952163696289 302.9565963745117 420.7106018066406 302.9565963745117
421.8931579589844 213.035400390625 461.16764068603516 213.035400390625 461.16764068603516 300.7016143798828 421.8931579589844 300.7016143798828
422.9236755371094 212.43716430664062 461.679500579834 212.43716430664062 461.679500579834 301.6536178588867 422.9236755371094 301.6536178588867
423.9815368652344 212.6643829345703 463.6161117553711 212.6643829345703 463.6161117553711 302.2310333251953 423.9815368652344 302.2310333251953
425.00372314453125 211.07791137695312 463.7697105407715 211.07791137695312 463.7697105407715 302.55091857910156 425.00372314453125 302.55091857910156
424.8501892089844 211.0045623779297 462.9070053100586 211.0045623779297 462.9070053100586 301.08992767333984 424.8501892089844 301.08992767333984
426.15655517578125 209.7282257080078 464.121768951416 209.7282257080078 464.121768951416 301.5399169921875 426.15655517578125 301.5399169921875
426.2486267089844 209.44528198242188 464.0914421081543 209.44528198242188 464.0914421081543 301.37255859375 426.2486267089844 301.37255859375
425.90380859375 207.778564453125 464.36966705322266 207.778564453125 464.36966705322266 299.97557067871094 425.90380859375 299.97557067871094
426.6084899902344 209.1722869873047 464.13763427734375 209.1722869873047 464.13763427734375 300.30381774902344 426.6084899902344 300.30381774902344
427.0541076660156 207.8513946533203 465.0286865234375 207.8513946533203 465.0286865234375 297.6095886230469 427.0541076660156 297.6095886230469
427.3125 209.3524932861328 464.60565185546875 209.3524932861328 464.60565185546875 297.22008514404297 427.3125 297.22008514404297
427.6202697753906 208.3389892578125 464.36247634887695 208.3389892578125 464.36247634887695 296.13712310791016 427.6202697753906 296.13712310791016
427.6473083496094 210.4265594482422 464.8929138183594 210.4265594482422 464.8929138183594 295.7612075805664 427.6473083496094 295.7612075805664
428.8592834472656 208.2686309814453 466.0807113647461 208.2686309814453 466.0807113647461 294.0369567871094 428.8592834472656 294.0369567871094
428.54461669921875 207.4349822998047 465.07989501953125 207.4349822998047 465.07989501953125 292.67974853515625 428.54461669921875 292.67974853515625
429.0166931152344 209.28775024414062 464.81850814819336 209.28775024414062 464.81850814819336 293.2498245239258 429.0166931152344 293.2498245239258
428.52459716796875 207.62637329101562 464.7393112182617 207.62637329101562 464.7393112182617 290.1775894165039 428.52459716796875 290.1775894165039
429.2323303222656 207.4698944091797 465.19774627685547 207.4698944091797 465.19774627685547 287.74983978271484 429.2323303222656 287.74983978271484
430.0911560058594 208.946044921875 465.88589096069336 208.946044921875 465.88589096069336 288.8450164794922 430.0911560058594 288.8450164794922
430.5543518066406 208.91067504882812 465.87732696533203 208.91067504882812 465.87732696533203 287.7566146850586 430.5543518066406 287.7566146850586
431.058837890625 209.9383544921875 465.3271903991699 209.9383544921875 465.3271903991699 286.4302215576172 431.058837890625 286.4302215576172
431.14923095703125 207.4610595703125 465.7049674987793 207.4610595703125 465.7049674987793 284.5944061279297 431.14923095703125 284.5944061279297
431.65264892578125 210.59585571289062 465.86761474609375 210.59585571289062 465.86761474609375 286.9685516357422 431.65264892578125 286.9685516357422
432.40155029296875 208.24783325195312 466.5255432128906 208.24783325195312 466.5255432128906 284.41746520996094 432.40155029296875 284.41746520996094
431.73150634765625 207.96749877929688 466.35457611083984 207.96749877929688 466.35457611083984 285.2511291503906 431.73150634765625 285.2511291503906
429.7486877441406 224.3901824951172 465.0476875305176 224.3901824951172 465.0476875305176 303.1825866699219 429.7486877441406 303.1825866699219
432.513671875 255.31643676757812 467.4302749633789 255.31643676757812 467.4302749633789 333.2552719116211 432.513671875 333.2552719116211
433.7106018066406 277.88482666015625 468.00710678100586 277.88482666015625 468.00710678100586 354.4395217895508 433.7106018066406 354.4395217895508
433.613037109375 282.5537109375 467.13854217529297 282.5537109375 467.13854217529297 357.3874282836914 433.613037109375 357.3874282836914
433.3642578125 282.87005615234375 467.3490562438965 282.87005615234375 467.3490562438965 358.72898864746094 433.3642578125 358.72898864746094
433.30340576171875 281.95111083984375 467.7441215515137 281.95111083984375 467.7441215515137 358.8277130126953 433.30340576171875 358.8277130126953
433.39202880859375 279.48883056640625 467.4388122558594 279.48883056640625 467.4388122558594 357.3265151977539 433.39202880859375 357.3265151977539
434.16912841796875 279.6916809082031 468.60108947753906 279.6916809082031 468.60108947753906 356.7943572998047 434.16912841796875 356.7943572998047
433.13543701171875 279.06353759765625 467.69937896728516 279.06353759765625 467.69937896728516 356.59339141845703 433.13543701171875 356.59339141845703
432.9840393066406 278.8612365722656 467.6565704345703 278.8612365722656 467.6565704345703 357.28102111816406 432.9840393066406 357.28102111816406
432.6885681152344 280.04193115234375 466.91917419433594 280.04193115234375 466.91917419433594 356.44954681396484 432.6885681152344 356.44954681396484
431.50079345703125 279.4335021972656 465.5802993774414 279.4335021972656 465.5802993774414 355.50384521484375 431.50079345703125 355.50384521484375
431.878173828125 281.1388244628906 465.31432723999023 281.1388244628906 465.31432723999023 355.7731170654297 431.878173828125 355.7731170654297
431.567138671875 280.7210388183594 465.3377380371094 280.7210388183594 465.3377380371094 356.1018600463867 431.567138671875 356.1018600463867
430.292236328125 280.5612487792969 464.74095916748047 280.5612487792969 464.74095916748047 357.4557342529297 430.292236328125 357.4557342529297
430.26739501953125 278.30303955078125 464.989070892334 278.30303955078125 464.989070892334 355.80680084228516 430.26739501953125 355.80680084228516
428.90191650390625 276.8929748535156 464.022274017334 276.8929748535156 464.022274017334 355.2866516113281 428.90191650390625 355.2866516113281
428.538330078125 279.2120666503906 462.7126274108887 279.2120666503906 462.7126274108887 355.49400329589844 428.538330078125 355.49400329589844
426.01641845703125 295.621826171875 460.6430778503418 295.621826171875 460.6430778503418 372.9135055541992 426.01641845703125 372.9135055541992
426.9629821777344 311.70941162109375 461.5202331542969 311.70941162109375 461.5202331542969 388.84615325927734 426.9629821777344 388.84615325927734
426.31884765625 330.9624938964844 461.0594825744629 330.9624938964844 461.0594825744629 408.5085678100586 426.31884765625 408.5085678100586
426.33355712890625 362.8885192871094 460.9819641113281 362.8885192871094 460.9819641113281 440.22872161865234 426.33355712890625 440.22872161865234
425.9378967285156 363.17803955078125 460.3959732055664 363.17803955078125 460.3959732055664 440.09339904785156 425.9378967285156 440.09339904785156
425.87969970703125 363.17889404296875 460.21771240234375 363.17889404296875 460.21771240234375 439.8262481689453 425.87969970703125 439.8262481689453
424.68511962890625 362.2633972167969 458.69495391845703 362.2633972167969 458.69495391845703 438.17820739746094 424.68511962890625 438.17820739746094
424.40325927734375 361.9395446777344 458.4826850891113 361.9395446777344 458.4826850891113 438.0096893310547 424.40325927734375 438.0096893310547
423.7207946777344 363.73614501953125 458.0304527282715 363.73614501953125 458.0304527282715 440.32020568847656 423.7207946777344 440.32020568847656
422.55548095703125 362.43768310546875 456.7190628051758 362.43768310546875 456.7190628051758 438.69568634033203 422.55548095703125 438.69568634033203
421.3175354003906 361.4720153808594 455.2779655456543 361.4720153808594 455.2779655456543 437.2765579223633 421.3175354003906 437.2765579223633
421.9189453125 361.8927307128906 455.8505058288574 361.8927307128906 455.8505058288574 437.6328430175781 421.9189453125 437.6328430175781
420.83514404296875 362.2641906738281 454.5627555847168 362.2641906738281 454.5627555847168 437.5220413208008 420.83514404296875 437.5220413208008
420.1414489746094 360.9285583496094 453.9571113586426 360.9285583496094 453.9571113586426 436.40997314453125 420.1414489746094 436.40997314453125
419.54620361328125 361.21051025390625 453.2764320373535 361.21051025390625 453.2764320373535 436.4504852294922 419.54620361328125 436.4504852294922
418.7071228027344 360.0522766113281 452.1924362182617 360.0522766113281 452.1924362182617 435.07911682128906 418.7071228027344 435.07911682128906
418.75946044921875 360.4996337890625 451.92000579833984 360.4996337890625 451.92000579833984 434.1235122680664 418.75946044921875 434.1235122680664
418.36004638671875 359.2792053222656 451.3970375061035 359.2792053222656 451.3970375061035 433.13624572753906 418.36004638671875 433.13624572753906
417.86114501953125 359.1195983886719 450.9131851196289 359.1195983886719 450.9131851196289 432.5806121826172 417.86114501953125 432.5806121826172
417.0516662597656 359.3562927246094 450.0117607116699 359.3562927246094 450.0117607116699 432.7420959472656 417.0516662597656 432.7420959472656
416.68170166015625 359.7835998535156 449.3139839172363 359.7835998535156 449.3139839172363 432.62352752685547 416.68170166015625 432.62352752685547
416.0870666503906 358.64129638671875 448.6246223449707 358.64129638671875 448.6246223449707 431.269775390625 416.0870666503906 431.269775390625
415.43499755859375 358.8509521484375 448.072811126709 358.8509521484375 448.072811126709 431.7032241821289 415.43499755859375 431.7032241821289
414.832763671875 357.16900634765625 447.88293838500977 357.16900634765625 447.88293838500977 430.9771957397461 414.832763671875 430.9771957397461
415.05804443359375 358.0038757324219 447.69081115722656 358.0038757324219 447.69081115722656 430.03990936279297 415.05804443359375 430.03990936279297
414.9244079589844 355.26348876953125 447.2928657531738 355.26348876953125 447.2928657531738 427.8650588989258 414.9244079589844 427.8650588989258
414.0369567871094 357.3097229003906 446.4497489929199 357.3097229003906 446.4497489929199 429.6597137451172 414.0369567871094 429.6597137451172
412.89190673828125 356.83636474609375 444.86591148376465 356.83636474609375 444.86591148376465 428.20691680908203 412.89190673828125 428.20691680908203
412.7276306152344 356.3663330078125 444.7116279602051 356.3663330078125 444.7116279602051 427.7591857910156 412.7276306152344 427.7591857910156
411.47979736328125 355.20184326171875 443.7279281616211 355.20184326171875 443.7279281616211 427.1842803955078 411.47979736328125 427.1842803955078
411.4307556152344 356.8951721191406 443.6153221130371 356.8951721191406 443.6153221130371 428.73572540283203 411.4307556152344 428.73572540283203
410.23919677734375 355.2051086425781 443.1202278137207 355.2051086425781 443.1202278137207 428.6002655029297 410.23919677734375 428.6002655029297
409.24774169921875 353.4017639160156 442.2171325683594 353.4017639160156 442.2171325683594 426.9734191894531 409.24774169921875 426.9734191894531
408.16552734375 354.9681701660156 440.90361404418945 354.9681701660156 440.90361404418945 427.5590057373047 408.16552734375 427.5590057373047
408.42913818359375 355.4118957519531 440.91557693481445 355.4118957519531 440.91557693481445 426.88926696777344 408.42913818359375 426.88926696777344
407.36859130859375 355.58282470703125 439.6701774597168 355.58282470703125 439.6701774597168 427.68457794189453 407.36859130859375 427.68457794189453
406.31524658203125 354.8564453125 438.69237518310547 354.8564453125 438.69237518310547 427.12681579589844 406.31524658203125 427.12681579589844
406.0252685546875 356.16552734375 438.0818099975586 356.16552734375 438.0818099975586 427.7202911376953 406.0252685546875 427.7202911376953
405.04290771484375 354.7121887207031 437.0619773864746 354.7121887207031 437.0619773864746 426.18331146240234 405.04290771484375 426.18331146240234
404.230712890625 355.1424560546875 435.5483207702637 355.1424560546875 435.5483207702637 425.04781341552734 404.230712890625 425.04781341552734
403.69403076171875 354.5927734375 434.9745292663574 354.5927734375 434.9745292663574 424.41529846191406 403.69403076171875 424.41529846191406
401.8214416503906 354.6670837402344 432.9030952453613 354.6670837402344 432.9030952453613 424.0457534790039 401.8214416503906 424.0457534790039
401.80816650390625 353.98504638671875 432.85443115234375 353.98504638671875 432.85443115234375 423.28472900390625 401.80816650390625 423.28472900390625
400.7005310058594 353.49639892578125 432.5592041015625 353.49639892578125 432.5592041015625 424.60948944091797 400.7005310058594 424.60948944091797
398.56951904296875 354.4474182128906 430.6722297668457 354.4474182128906 430.6722297668457 426.10523986816406 398.56951904296875 426.10523986816406
397.33795166015625 351.8134765625 429.3369846343994 351.8134765625 429.3369846343994 423.2398681640625 397.33795166015625 423.2398681640625
396.5296936035156 351.9178771972656 428.189510345459 351.9178771972656 428.189510345459 422.5870895385742 396.5296936035156 422.5870895385742
394.73883056640625 352.5249938964844 426.386438369751 352.5249938964844 426.386438369751 423.1669616699219 394.73883056640625 423.1669616699219
394.84783935546875 352.4237365722656 426.2605285644531 352.4237365722656 426.2605285644531 422.5413284301758 394.84783935546875 422.5413284301758
393.7130432128906 351.15191650390625 425.3976020812988 351.15191650390625 425.3976020812988 421.87635803222656 393.7130432128906 421.87635803222656
392.46624755859375 351.8475646972656 424.6120834350586 351.8475646972656 424.6120834350586 423.0535583496094 392.46624755859375 423.0535583496094
391.4501037597656 349.761962890625 423.43682861328125 349.761962890625 423.43682861328125 421.16087341308594 391.4501037597656 421.16087341308594
391.07403564453125 350.6565856933594 422.79250144958496 350.6565856933594 422.79250144958496 421.18873596191406 391.07403564453125 421.18873596191406
390.9590759277344 350.2228698730469 423.01037979125977 350.2228698730469 423.01037979125977 421.3115692138672 390.9590759277344 421.3115692138672
389.60931396484375 349.7065734863281 421.63341903686523 349.7065734863281 421.63341903686523 420.20397186279297 389.60931396484375 420.20397186279297
389.53045654296875 348.9530334472656 421.4438724517822 348.9530334472656 421.4438724517822 419.3154983520508 389.53045654296875 419.3154983520508
388.1389465332031 348.82818603515625 419.913049697876 348.82818603515625 419.913049697876 419.2595672607422 388.1389465332031 419.2595672607422
387.9234313964844 348.50177001953125 419.2063751220703 348.50177001953125 419.2063751220703 419.1515350341797 387.9234313964844 419.1515350341797
386.80706787109375 347.49908447265625 419.0412368774414 347.49908447265625 419.0412368774414 419.61695861816406 386.80706787109375 419.61695861816406
386.53778076171875 347.45965576171875 418.3260383605957 347.45965576171875 418.3260383605957 418.46348571777344 386.53778076171875 418.46348571777344
385.9110107421875 347.21221923828125 417.84740257263184 347.21221923828125 417.84740257263184 418.1818084716797 385.9110107421875 418.1818084716797
385.3966064453125 346.41729736328125 417.1869239807129 346.41729736328125 417.1869239807129 417.8793487548828 385.3966064453125 417.8793487548828
384.68353271484375 346.5845031738281 416.45757484436035 346.5845031738281 416.45757484436035 418.0105438232422 384.68353271484375 418.0105438232422
384.15728759765625 345.1368408203125 416.185489654541 345.1368408203125 416.185489654541 417.52394104003906 384.15728759765625 417.52394104003906
383.18475341796875 346.7195739746094 414.97288513183594 346.7195739746094 414.97288513183594 417.2851028442383 383.18475341796875 417.2851028442383
383.0313415527344 344.98248291015625 414.99903297424316 344.98248291015625 414.99903297424316 416.74928283691406 383.0313415527344 416.74928283691406
382.717041015625 344.8793029785156 414.77918243408203 344.8793029785156 414.77918243408203 417.1273498535156 382.717041015625 417.1273498535156
381.93536376953125 345.9400329589844 414.0931625366211 345.9400329589844 414.0931625366211 415.54422760009766 381.93536376953125 415.54422760009766
382.03155517578125 345.9832458496094 413.5192565917969 345.9832458496094 413.5192565917969 416.0393295288086 382.03155517578125 416.0393295288086
381.37432861328125 345.625 412.5442409515381 345.625 412.5442409515381 416.11865997314453 381.37432861328125 416.11865997314453
380.7352294921875 344.4113464355469 411.8198947906494 344.4113464355469 411.8198947906494 415.3764114379883 380.7352294921875 415.3764114379883
380.68511962890625 344.5006103515625 412.3417320251465 344.5006103515625 412.3417320251465 415.37683868408203 380.68511962890625 415.37683868408203
380.08050537109375 344.53094482421875 411.4328308105469 344.53094482421875 411.4328308105469 414.9961395263672 380.08050537109375 414.9961395263672
379.7305603027344 345.394287109375 411.1094055175781 345.394287109375 411.1094055175781 414.25767517089844 379.7305603027344 414.25767517089844
379.2099304199219 344.7777404785156 410.35093688964844 344.7777404785156 410.35093688964844 413.1988067626953 379.2099304199219 413.1988067626953
378.9078063964844 343.59283447265625 409.78354835510254 343.59283447265625 409.78354835510254 412.80323791503906 378.9078063964844 412.80323791503906
377.39178466796875 344.6376037597656 408.26100158691406 344.6376037597656 408.26100158691406 413.80067443847656 377.39178466796875 413.80067443847656
377.9732971191406 343.8500061035156 408.6653289794922 343.8500061035156 408.6653289794922 412.6088562011719 377.9732971191406 412.6088562011719
377.9322509765625 343.0947570800781 408.4240837097168 343.0947570800781 408.4240837097168 411.8116760253906 377.9322509765625 411.8116760253906
377.63751220703125 343.67388916015625 407.3946113586426 343.67388916015625 407.3946113586426 410.01705169677734 377.63751220703125 410.01705169677734
377.12091064453125 345.01458740234375 407.0567169189453 345.01458740234375 407.0567169189453 411.5563201904297 377.12091064453125 411.5563201904297
376.21942138671875 342.84698486328125 406.2787666320801 342.84698486328125 406.2787666320801 410.5995864868164 376.21942138671875 410.5995864868164
375.36480712890625 343.7912902832031 405.63231468200684 343.7912902832031 405.63231468200684 411.3527374267578 375.36480712890625 411.3527374267578
374.841796875 343.33056640625 404.7901496887207 343.33056640625 404.7901496887207 409.9284439086914 374.841796875 409.9284439086914
375.6580810546875 343.57568359375 405.28040504455566 343.57568359375 405.28040504455566 409.69698333740234 375.6580810546875 409.69698333740234
374.8420104980469 342.25738525390625 404.41737365722656 342.25738525390625 404.41737365722656 408.2738571166992 374.8420104980469 408.2738571166992
374.7970275878906 342.60577392578125 404.41139793395996 342.60577392578125 404.41139793395996 408.7093048095703 374.7970275878906 408.7093048095703
373.95721435546875 342.3917541503906 402.84291076660156 342.3917541503906 402.84291076660156 408.8486785888672 373.95721435546875 408.8486785888672
373.9794921875 342.0789794921875 403.5543212890625 342.0789794921875 403.5543212890625 408.56614685058594 373.9794921875 408.56614685058594
373.14263916015625 342.12255859375 402.7579460144043 342.12255859375 402.7579460144043 408.22818756103516 373.14263916015625 408.22818756103516
373.90283203125 340.92047119140625 403.1096382141113 340.92047119140625 403.1096382141113 406.11426544189453 373.90283203125 406.11426544189453
374.113525390625 341.1253356933594 403.199914932251 341.1253356933594 403.199914932251 406.04830169677734 374.113525390625 406.04830169677734
373.7841796875 342.05224609375 402.28159523010254 342.05224609375 402.28159523010254 405.9088134765625 373.7841796875 405.9088134765625
373.8997497558594 341.23895263671875 402.63658714294434 341.23895263671875 402.63658714294434 405.7878646850586 373.8997497558594 405.7878646850586
373.77728271484375 340.88958740234375 402.49574851989746 340.88958740234375 402.49574851989746 405.10609436035156 373.77728271484375 405.10609436035156
373.428955078125 341.36480712890625 401.8826847076416 341.36480712890625 401.8826847076416 404.82291412353516 373.428955078125 404.82291412353516
375.03076171875 340.444580078125 403.3032989501953 340.444580078125 403.3032989501953 403.6223373413086 375.03076171875 403.6223373413086
374.3538513183594 339.8194580078125 402.3604278564453 339.8194580078125 402.3604278564453 402.03795623779297 374.3538513183594 402.03795623779297
374.65679931640625 338.347900390625 402.6610412597656 338.347900390625 402.6610412597656 400.8573913574219 374.65679931640625 400.8573913574219
375.32891845703125 339.5367736816406 403.3604221343994 339.5367736816406 403.3604221343994 402.10711669921875 375.32891845703125 402.10711669921875
375.99163818359375 339.7016906738281 403.6422920227051 339.7016906738281 403.6422920227051 401.42192459106445 375.99163818359375 401.42192459106445
375.6234436035156 339.79547119140625 403.2779655456543 339.79547119140625 403.2779655456543 401.52434158325195 375.6234436035156 401.52434158325195
375.78619384765625 338.3017578125 403.71929931640625 338.3017578125 403.71929931640625 400.6524658203125 375.78619384765625 400.6524658203125
376.7373046875 340.79461669921875 404.3072109222412 340.79461669921875 404.3072109222412 402.3346138000488 376.7373046875 402.3346138000488
376.3251037597656 337.76495361328125 404.2299289703369 337.76495361328125 404.2299289703369 400.05253982543945 376.3251037597656 400.05253982543945
377.3026428222656 337.9768981933594 404.9818458557129 337.9768981933594 404.9818458557129 399.76085662841797 377.3026428222656 399.76085662841797
376.4087219238281 338.00042724609375 404.29615783691406 338.00042724609375 404.29615783691406 400.24919509887695 376.4087219238281 400.24919509887695
376.08203125 338.6344299316406 404.1829891204834 338.6344299316406 404.1829891204834 401.3598098754883 376.08203125 401.3598098754883
376.801513671875 337.441162109375 405.21155738830566 337.441162109375 405.21155738830566 400.8564682006836 376.801513671875 400.8564682006836
376.0037841796875 336.2708740234375 404.67839431762695 336.2708740234375 404.67839431762695 400.3715515136719 376.0037841796875 400.3715515136719
376.72003173828125 336.8999328613281 405.1593933105469 336.8999328613281 405.1593933105469 400.23908615112305 376.72003173828125 400.23908615112305
376.71173095703125 336.1508483886719 405.6406192779541 336.1508483886719 405.6406192779541 401.03050231933594 376.71173095703125 401.03050231933594
377.0187072753906 336.63043212890625 406.1211452484131 336.63043212890625 406.1211452484131 400.2081184387207 377.0187072753906 400.2081184387207
376.3926086425781 337.0122985839844 405.7537536621094 337.0122985839844 405.7537536621094 400.9747619628906 376.3926086425781 400.9747619628906
376.21710205078125 335.6822814941406 405.38086891174316 335.6822814941406 405.38086891174316 400.5125274658203 376.21710205078125 400.5125274658203
376.227294921875 336.0255126953125 405.1836757659912 336.0255126953125 405.1836757659912 399.88251876831055 376.227294921875 399.88251876831055
375.6398010253906 336.63238525390625 403.98486328125 336.63238525390625 403.98486328125 399.52899169921875 375.6398010253906 399.52899169921875
375.7568054199219 335.3766174316406 403.7340660095215 335.3766174316406 403.7340660095215 397.8258972167969 375.7568054199219 397.8258972167969
375.96612548828125 334.60589599609375 403.635684967041 334.60589599609375 403.635684967041 396.3683395385742 375.96612548828125 396.3683395385742
375.0921936035156 336.26568603515625 402.8210964202881 336.26568603515625 402.8210964202881 398.1605911254883 375.0921936035156 398.1605911254883
375.2252502441406 335.63055419921875 403.253360748291 335.63055419921875 403.253360748291 398.1933364868164 375.2252502441406 398.1933364868164
374.2311096191406 335.72625732421875 402.3516044616699 335.72625732421875 402.3516044616699 398.2209701538086 374.2311096191406 398.2209701538086
374.2431640625 335.82769775390625 402.35287857055664 335.82769775390625 402.35287857055664 398.57262420654297 374.2431640625 398.57262420654297
373.5067138671875 334.9788513183594 401.8300132751465 334.9788513183594 401.8300132751465 398.5737419128418 373.5067138671875 398.5737419128418
372.84246826171875 332.60882568359375 401.7241096496582 332.60882568359375 401.7241096496582 397.0915298461914 372.84246826171875 397.0915298461914
372.4415588378906 334.68377685546875 401.3151912689209 334.68377685546875 401.3151912689209 399.03602600097656 372.4415588378906 399.03602600097656
372.42327880859375 334.3480529785156 401.2257442474365 334.3480529785156 401.2257442474365 399.20790100097656 372.42327880859375 399.20790100097656
372.2528991699219 334.7179870605469 400.7097625732422 334.7179870605469 400.7097625732422 398.23780059814453 372.2528991699219 398.23780059814453
372.42999267578125 333.8659362792969 400.41022872924805 333.8659362792969 400.41022872924805 396.3218574523926 372.42999267578125 396.3218574523926
372.2503356933594 334.9273376464844 400.1998176574707 334.9273376464844 400.1998176574707 397.31461334228516 372.2503356933594 397.31461334228516
371.0992736816406 334.2126770019531 398.9560489654541 334.2126770019531 398.9560489654541 396.39301681518555 371.0992736816406 396.39301681518555
372.1024169921875 333.7593688964844 399.7917594909668 333.7593688964844 399.7917594909668 395.5659713745117 372.1024169921875 395.5659713745117
371.63031005859375 334.77313232421875 398.9892120361328 334.77313232421875 398.9892120361328 395.8421516418457 371.63031005859375 395.8421516418457
371.66925048828125 334.42425537109375 398.84946060180664 334.42425537109375 398.84946060180664 395.7481384277344 371.66925048828125 395.7481384277344
371.6618957519531 333.5088806152344 398.81188011169434 333.5088806152344 398.81188011169434 394.111572265625 371.6618957519531 394.111572265625
371.543212890625 332.80133056640625 399.17370986938477 332.80133056640625 399.17370986938477 394.2326889038086 371.543212890625 394.2326889038086
370.809326171875 332.6238098144531 398.7039852142334 332.6238098144531 398.7039852142334 394.28536224365234 370.809326171875 394.28536224365234
371.0934753417969 331.83544921875 398.5027828216553 331.83544921875 398.5027828216553 393.7963752746582 371.0934753417969 393.7963752746582
371.1546936035156 331.3171691894531 398.9041385650635 331.3171691894531 398.9041385650635 392.5973930358887 371.1546936035156 392.5973930358887
370.80584716796875 331.2779235839844 398.3874320983887 331.2779235839844 398.3874320983887 393.3894271850586 370.80584716796875 393.3894271850586
371.5068359375 331.8865661621094 398.91338539123535 331.8865661621094 398.91338539123535 392.7421684265137 371.5068359375 392.7421684265137
371.354736328125 331.71636962890625 398.4614601135254 331.71636962890625 398.4614601135254 392.1096878051758 371.354736328125 392.1096878051758
372.3827209472656 330.4925537109375 399.43218994140625 330.4925537109375 399.43218994140625 390.6180419921875 372.3827209472656 390.6180419921875
371.560302734375 330.82073974609375 398.253849029541 330.82073974609375 398.253849029541 390.40460205078125 371.560302734375 390.40460205078125
371.9393310546875 330.8735046386719 398.3766059875488 330.8735046386719 398.3766059875488 389.95543670654297 371.9393310546875 389.95543670654297
372.0226135253906 331.8877258300781 398.4657554626465 331.8877258300781 398.4657554626465 390.9126510620117 372.0226135253906 390.9126510620117
372.3358459472656 331.83282470703125 398.43946838378906 331.83282470703125 398.43946838378906 390.0998954772949 372.3358459472656 390.0998954772949
372.9172668457031 329.91351318359375 399.5607051849365 329.91351318359375 399.5607051849365 389.38553619384766 372.9172668457031 389.38553619384766
372.38739013671875 329.7655334472656 399.07512855529785 329.7655334472656 399.07512855529785 389.52790451049805 372.38739013671875 389.52790451049805
372.2245178222656 329.6528015136719 399.54083824157715 329.6528015136719 399.54083824157715 390.67008209228516 372.2245178222656 390.67008209228516
371.87188720703125 328.5220031738281 399.0022678375244 328.5220031738281 399.0022678375244 389.7602233886719 371.87188720703125 389.7602233886719
372.34271240234375 329.8454895019531 399.4518699645996 329.8454895019531 399.4518699645996 390.3605537414551 372.34271240234375 390.3605537414551
372.1819763183594 328.5338134765625 399.6363334655762 328.5338134765625 399.6363334655762 390.4903984069824 372.1819763183594 390.4903984069824
372.1618957519531 328.14630126953125 399.4897861480713 328.14630126953125 399.4897861480713 389.89544677734375 372.1618957519531 389.89544677734375
371.89276123046875 328.85150146484375 398.8983097076416 328.85150146484375 398.8983097076416 389.3811569213867 371.89276123046875 389.3811569213867
371.9393615722656 328.72747802734375 398.9673309326172 328.72747802734375 398.9673309326172 388.51285552978516 371.9393615722656 388.51285552978516
372.0908203125 328.18536376953125 399.10918617248535 328.18536376953125 399.10918617248535 388.7370910644531 372.0908203125 388.7370910644531
371.6285400390625 329.62359619140625 398.6264400482178 329.62359619140625 398.6264400482178 389.01131439208984 371.6285400390625 389.01131439208984
372.2149353027344 328.68389892578125 399.23365211486816 328.68389892578125 399.23365211486816 388.7895736694336 372.2149353027344 388.7895736694336
371.6522216796875 328.19818115234375 398.1752815246582 328.19818115234375 398.1752815246582 387.1121826171875 371.6522216796875 387.1121826171875
371.79058837890625 326.887451171875 397.9538154602051 326.887451171875 397.9538154602051 385.2875671386719 371.79058837890625 385.2875671386719
371.93035888671875 327.7192077636719 397.92262268066406 327.7192077636719 397.92262268066406 385.51412200927734 371.93035888671875 385.51412200927734
372.1582946777344 328.7756042480469 398.2674560546875 328.7756042480469 398.2674560546875 386.3537826538086 372.1582946777344 386.3537826538086
372.35174560546875 328.073486328125 397.9023323059082 328.073486328125 397.9023323059082 385.1060905456543 372.35174560546875 385.1060905456543
372.4493713378906 328.18499755859375 398.58984756469727 328.18499755859375 398.58984756469727 385.74920654296875 372.4493713378906 385.74920654296875
372.71380615234375 327.47198486328125 398.8484134674072 327.47198486328125 398.8484134674072 385.9576644897461 372.71380615234375 385.9576644897461
372.9596252441406 326.93475341796875 399.2230739593506 326.93475341796875 399.2230739593506 385.18523025512695 372.9596252441406 385.18523025512695
373.1196594238281 327.29974365234375 399.25390625 327.29974365234375 399.25390625 385.7424545288086 373.1196594238281 385.7424545288086
373.035888671875 327.82550048828125 399.0106601715088 327.82550048828125 399.0106601715088 385.80493927001953 373.035888671875 385.80493927001953
373.3888854980469 327.4413757324219 399.04841232299805 327.4413757324219 399.04841232299805 384.7171440124512 373.3888854980469 384.7171440124512
374.2013854980469 327.06671142578125 399.9980583190918 327.06671142578125 399.9980583190918 384.6486129760742 374.2013854980469 384.6486129760742
374.6927490234375 325.94720458984375 400.9615726470947 325.94720458984375 400.9615726470947 384.5830192565918 374.6927490234375 384.5830192565918
375.2857971191406 325.3487243652344 401.7961311340332 325.3487243652344 401.7961311340332 384.5236282348633 375.2857971191406 384.5236282348633
375.6790771484375 325.27630615234375 402.29798889160156 325.27630615234375 402.29798889160156 384.69356536865234 375.6790771484375 384.69356536865234
376.365966796875 325.3299255371094 403.1012992858887 325.3299255371094 403.1012992858887 385.0070571899414 376.365966796875 385.0070571899414
377.0448303222656 324.02874755859375 403.7978115081787 324.02874755859375 403.7978115081787 383.7452697753906 377.0448303222656 383.7452697753906
378.09869384765625 325.0090637207031 404.5094566345215 325.0090637207031 404.5094566345215 383.96170806884766 378.09869384765625 383.96170806884766
379.12841796875 324.85540771484375 405.3942413330078 324.85540771484375 405.3942413330078 383.4845275878906 379.12841796875 383.4845275878906
379.7218017578125 325.47430419921875 405.6343173980713 325.47430419921875 405.6343173980713 383.3147888183594 379.7218017578125 383.3147888183594
379.73187255859375 324.6484375 406.30534744262695 324.6484375 406.30534744262695 383.9642753601074 379.73187255859375 383.9642753601074
380.96417236328125 324.76904296875 406.9384002685547 324.76904296875 406.9384002685547 382.74727630615234 380.96417236328125 382.74727630615234
379.53631591796875 324.65814208984375 405.7662868499756 324.65814208984375 405.7662868499756 383.2072334289551 379.53631591796875 383.2072334289551
380.9698181152344 323.78375244140625 407.4583282470703 323.78375244140625 407.4583282470703 382.9099349975586 380.9698181152344 382.9099349975586
380.9549560546875 323.0701904296875 407.82221603393555 323.0701904296875 407.82221603393555 383.0418014526367 380.9549560546875 383.0418014526367
381.1457214355469 323.93963623046875 407.92758560180664 323.93963623046875 407.92758560180664 383.72063064575195 381.1457214355469 383.72063064575195
381.5111389160156 323.23614501953125 408.4855709075928 323.23614501953125 408.4855709075928 383.44698333740234 381.5111389160156 383.44698333740234
381.5057678222656 323.7978820800781 408.2863349914551 323.7978820800781 408.2863349914551 383.57598876953125 381.5057678222656 383.57598876953125
382.37103271484375 322.2688293457031 409.153564453125 322.2688293457031 409.153564453125 382.05131912231445 382.37103271484375 382.05131912231445
381.52947998046875 322.1800231933594 408.11570167541504 322.1800231933594 408.11570167541504 381.3005905151367 381.52947998046875 381.3005905151367
382.37713623046875 322.19073486328125 408.86638832092285 322.19073486328125 408.86638832092285 381.22441482543945 382.37713623046875 381.22441482543945
382.50408935546875 323.0654296875 408.9012699127197 323.0654296875 408.9012699127197 382.06734466552734 382.50408935546875 382.06734466552734
382.59735107421875 321.88763427734375 408.72929763793945 321.88763427734375 408.72929763793945 380.57636642456055 382.59735107421875 380.57636642456055
383.1911926269531 322.48284912109375 409.1980285644531 322.48284912109375 409.1980285644531 379.75273513793945 383.1911926269531 379.75273513793945
383.27239990234375 322.0499572753906 409.2211799621582 322.0499572753906 409.2211799621582 379.7496528625488 383.27239990234375 379.7496528625488
383.45263671875 323.2369079589844 408.9705104827881 323.2369079589844 408.9705104827881 379.6557922363281 383.45263671875 379.6557922363281
383.38018798828125 323.270263671875 409.332311630249 323.270263671875 409.332311630249 379.3773498535156 383.38018798828125 379.3773498535156
383.4730224609375 322.11602783203125 409.1115608215332 322.11602783203125 409.1115608215332 379.2326889038086 383.4730224609375 379.2326889038086
383.0491638183594 322.1055908203125 409.36909103393555 322.1055908203125 409.36909103393555 379.27277755737305 383.0491638183594 379.27277755737305
383.401123046875 321.7110900878906 409.8675479888916 321.7110900878906 409.8675479888916 377.62861251831055 383.401123046875 377.62861251831055
384.09417724609375 321.9598693847656 409.7978115081787 321.9598693847656 409.7978115081787 378.5432243347168 384.09417724609375 378.5432243347168
383.5055847167969 322.3988037109375 409.078556060791 322.3988037109375 409.078556060791 378.6228256225586 383.5055847167969 378.6228256225586
383.8619689941406 321.9190979003906 409.57720947265625 321.9190979003906 409.57720947265625 378.6540946960449 383.8619689941406 378.6540946960449
383.8318176269531 321.45953369140625 409.4107246398926 321.45953369140625 409.4107246398926 378.03990936279297 383.8318176269531 378.03990936279297
383.8388671875 322.54705810546875 409.4181480407715 322.54705810546875 409.4181480407715 379.3996353149414 383.8388671875 379.3996353149414
383.9758605957031 321.54034423828125 409.0031681060791 321.54034423828125 409.0031681060791 377.01961517333984 383.9758605957031 377.01961517333984
384.5869140625 321.0618591308594 409.432825088501 321.0618591308594 409.432825088501 376.5215072631836 384.5869140625 376.5215072631836
384.37030029296875 321.6946716308594 409.4485893249512 321.6946716308594 409.4485893249512 376.38414764404297 384.37030029296875 376.38414764404297
385.2787170410156 321.52154541015625 410.0900993347168 321.52154541015625 410.0900993347168 376.90411376953125 385.2787170410156 376.90411376953125
384.54052734375 320.22998046875 409.5228042602539 320.22998046875 409.5228042602539 375.7203369140625 384.54052734375 375.7203369140625
384.66802978515625 320.77935791015625 409.4240970611572 320.77935791015625 409.4240970611572 376.4781379699707 384.66802978515625 376.4781379699707
385.1723327636719 320.15789794921875 409.8309745788574 320.15789794921875 409.8309745788574 375.11551666259766 385.1723327636719 375.11551666259766
385.3118591308594 319.1907043457031 409.90843963623047 319.1907043457031 409.90843963623047 374.0937919616699 385.3118591308594 374.0937919616699
386.19830322265625 319.97259521484375 411.10927963256836 319.97259521484375 411.10927963256836 375.57746505737305 386.19830322265625 375.57746505737305
386.35443115234375 318.751708984375 411.0872001647949 318.751708984375 411.0872001647949 373.9587936401367 386.35443115234375 373.9587936401367
386.50689697265625 318.8413391113281 411.1232604980469 318.8413391113281 411.1232604980469 373.7885932922363 386.50689697265625 373.7885932922363
387.8230895996094 318.5995788574219 412.1214179992676 318.5995788574219 412.1214179992676 372.8369255065918 387.8230895996094 372.8369255065918
387.8533630371094 319.1681213378906 412.42233657836914 319.1681213378906 412.42233657836914 374.0095901489258 387.8533630371094 374.0095901489258
388.5043640136719 318.646484375 412.71979331970215 318.646484375 412.71979331970215 372.6987991333008 388.5043640136719 372.6987991333008
388.99169921875 318.4205627441406 413.26447677612305 318.4205627441406 413.26447677612305 372.6008834838867 388.99169921875 372.6008834838867
388.7300720214844 318.48699951171875 413.152925491333 318.48699951171875 413.152925491333 373.00231170654297 388.7300720214844 373.00231170654297
389.3817443847656 318.0008544921875 413.74417304992676 318.0008544921875 413.74417304992676 372.38128662109375 389.3817443847656 372.38128662109375
390.0399475097656 317.1222229003906 414.70759201049805 317.1222229003906 414.70759201049805 372.1839408874512 390.0399475097656 372.1839408874512
389.81756591796875 318.7756652832031 414.3938293457031 318.7756652832031 414.3938293457031 373.6334114074707 389.81756591796875 373.6334114074707
390.1799011230469 317.8505859375 414.49220848083496 317.8505859375 414.49220848083496 372.11914825439453 390.1799011230469 372.11914825439453
390.6443176269531 316.845947265625 415.1086597442627 316.845947265625 415.1086597442627 371.4538688659668 390.6443176269531 371.4538688659668
391.47265625 318.0562744140625 415.8599662780762 318.0562744140625 415.8599662780762 372.4922561645508 391.47265625 372.4922561645508
391.3445129394531 317.6710510253906 415.83270835876465 317.6710510253906 415.83270835876465 372.3322219848633 391.3445129394531 372.3322219848633
392.1724548339844 316.96875 416.6586208343506 316.96875 416.6586208343506 371.6253890991211 392.1724548339844 371.6253890991211
392.84234619140625 316.5367431640625 417.30924797058105 316.5367431640625 417.30924797058105 371.15038299560547 392.84234619140625 371.15038299560547
391.65899658203125 317.134521484375 416.140438079834 317.134521484375 416.140438079834 371.7806167602539 391.65899658203125 371.7806167602539
392.6615295410156 316.3579406738281 417.1085624694824 316.3579406738281 417.1085624694824 370.8683395385742 392.6615295410156 370.8683395385742
392.7640075683594 316.70098876953125 417.28562355041504 316.70098876953125 417.28562355041504 371.59435272216797 392.7640075683594 371.59435272216797
393.20391845703125 316.3602294921875 417.59118843078613 316.3602294921875 417.59118843078613 371.02814865112305 393.20391845703125 371.02814865112305
393.0764465332031 315.3712463378906 417.69927406311035 315.3712463378906 417.69927406311035 370.25537872314453 393.0764465332031 370.25537872314453
392.4844665527344 315.8707275390625 417.20911979675293 315.8707275390625 417.20911979675293 370.9389533996582 392.4844665527344 370.9389533996582
393.2149658203125 315.78802490234375 417.9606533050537 315.78802490234375 417.9606533050537 370.9150390625 393.2149658203125 370.9150390625
393.84503173828125 315.7124328613281 418.09044075012207 315.7124328613281 418.09044075012207 370.3837699890137 393.84503173828125 370.3837699890137
393.4414367675781 316.51983642578125 417.3349208831787 316.51983642578125 417.3349208831787 369.79691314697266 393.4414367675781 369.79691314697266
394.16326904296875 315.8984680175781 417.92942810058594 315.8984680175781 417.92942810058594 369.2025032043457 394.16326904296875 369.2025032043457
394.652099609375 315.9159240722656 418.2312202453613 315.9159240722656 418.2312202453613 368.5479202270508 394.652099609375 368.5479202270508
393.58807373046875 315.0172424316406 417.14183807373047 315.0172424316406 417.14183807373047 367.4467964172363 393.58807373046875 367.4467964172363
393.6091003417969 315.3216857910156 417.36422538757324 315.3216857910156 417.36422538757324 368.34093475341797 393.6091003417969 368.34093475341797
393.790283203125 314.8055725097656 417.45176887512207 314.8055725097656 417.45176887512207 367.6214179992676 393.790283203125 367.6214179992676
394.62078857421875 314.3774108886719 418.68468856811523 314.3774108886719 418.68468856811523 368.0914993286133 394.62078857421875 368.0914993286133
395.18157958984375 314.12713623046875 419.4315719604492 314.12713623046875 419.4315719604492 368.0551643371582 395.18157958984375 368.0551643371582
394.6399230957031 314.51287841796875 419.28948974609375 314.51287841796875 419.28948974609375 368.7214584350586 394.6399230957031 368.7214584350586
394.9174499511719 314.5823974609375 419.3900489807129 314.5823974609375 419.3900489807129 367.74041748046875 394.9174499511719 367.74041748046875
395.6551513671875 312.79693603515625 419.89941596984863 312.79693603515625 419.89941596984863 366.61905670166016 395.6551513671875 366.61905670166016
395.8677673339844 312.96185302734375 420.0575294494629 312.96185302734375 420.0575294494629 366.95687103271484 395.8677673339844 366.95687103271484
396.17425537109375 312.4611511230469 420.4986972808838 312.4611511230469 420.4986972808838 366.7567939758301 396.17425537109375 366.7567939758301
396.09429931640625 312.55584716796875 420.78221321105957 312.55584716796875 420.78221321105957 367.6628112792969 396.09429931640625 367.6628112792969
