474.0 161.0 489.0 161.0 489.0 187.0 474.0 187.0
473.7425231933594 162.15830993652344 488.79691791534424 162.15830993652344 488.79691791534424 186.2090187072754 473.7425231933594 186.2090187072754
472.880859375 161.2884979248047 487.817907333374 161.2884979248047 487.817907333374 186.92103958129883 472.880859375 186.92103958129883
472.2318420410156 161.69390869140625 487.68281078338623 161.69390869140625 487.68281078338623 186.62313270568848 472.2318420410156 186.62313270568848
472.290283203125 161.9989776611328 487.3758945465088 161.9989776611328 487.3758945465088 186.75849533081055 472.290283203125 186.75849533081055
471.217529296875 162.43106079101562 486.6813259124756 162.43106079101562 486.6813259124756 187.4570255279541 471.217529296875 187.4570255279541
470.62261962890625 161.6892547607422 485.2697219848633 161.6892547607422 485.2697219848633 187.17049026489258 470.62261962890625 187.17049026489258
469.8160095214844 161.87643432617188 484.43202781677246 161.87643432617188 484.43202781677246 187.9693088531494 469.8160095214844 187.9693088531494
468.9371643066406 161.60975646972656 484.214017868042 161.60975646972656 484.214017868042 188.2545623779297 468.9371643066406 188.2545623779297
468.23370361328125 161.96286010742188 483.68777656555176 161.96286010742188 483.68777656555176 187.66373825073242 468.23370361328125 187.66373825073242
466.94659423828125 161.74850463867188 482.2613773345947 161.74850463867188 482.2613773345947 188.56408309936523 466.94659423828125 188.56408309936523
466.232666015625 161.2318115234375 482.3247871398926 161.2318115234375 482.3247871398926 188.16811752319336 466.232666015625 188.16811752319336
465.716796875 162.09671020507812 481.3995409011841 162.09671020507812 481.3995409011841 188.08392715454102 465.716796875 188.08392715454102
464.6748046875 161.16409301757812 480.5689334869385 161.16409301757812 480.5689334869385 189.48887252807617 464.6748046875 189.48887252807617
464.49127197265625 161.53196716308594 480.4937152862549 161.53196716308594 480.4937152862549 189.4685459136963 464.49127197265625 189.4685459136963
464.02783203125 161.9463348388672 479.66933727264404 161.9463348388672 479.66933727264404 188.74969863891602 464.02783203125 188.74969863891602
463.25018310546875 162.07797241210938 479.2317523956299 162.07797241210938 479.2317523956299 189.26992797851562 463.25018310546875 189.26992797851562
462.2460021972656 162.97811889648438 478.3242874145508 162.97811889648438 478.3242874145508 189.491943359375 462.2460021972656 189.491943359375
461.5870056152344 162.3997802734375 477.7944030761719 162.3997802734375 477.7944030761719 189.4639434814453 461.5870056152344 189.4639434814453
461.48944091796875 163.25595092773438 477.49157905578613 163.25595092773438 477.49157905578613 189.66501426696777 461.48944091796875 189.66501426696777
460.55340576171875 162.69827270507812 476.95785903930664 162.69827270507812 476.95785903930664 190.63594436645508 460.55340576171875 190.63594436645508
460.3155212402344 163.82254028320312 476.2136287689209 163.82254028320312 476.2136287689209 189.51888465881348 460.3155212402344 189.51888465881348
458.89208984375 163.04067993164062 475.9105968475342 163.04067993164062 475.9105968475342 190.12444686889648 458.89208984375 190.12444686889648
458.721923828125 163.77822875976562 475.4799118041992 163.77822875976562 475.4799118041992 189.16912841796875 458.721923828125 189.16912841796875
457.06878662109375 164.6485595703125 474.58497619628906 164.6485595703125 474.58497619628906 190.74099349975586 457.06878662109375 190.74099349975586
457.43048095703125 164.88311767578125 473.3974485397339 164.88311767578125 473.3974485397339 191.52261352539062 457.43048095703125 191.52261352539062
455.97540283203125 164.2490692138672 472.69424629211426 164.2490692138672 472.69424629211426 191.32009887695312 455.97540283203125 191.32009887695312
455.478515625 164.2969207763672 472.5714359283447 164.2969207763672 472.5714359283447 191.25816345214844 455.478515625 191.25816345214844
454.8783264160156 164.14077758789062 471.86899185180664 164.14077758789062 471.86899185180664 190.91829299926758 454.8783264160156 190.91829299926758
453.97308349609375 163.83139038085938 471.44257164001465 163.83139038085938 471.44257164001465 191.42720985412598 453.97308349609375 191.42720985412598
454.16143798828125 165.7906951904297 470.6529178619385 165.7906951904297 470.6529178619385 191.5832862854004 454.16143798828125 191.5832862854004
453.33660888671875 165.1630096435547 469.7743682861328 165.1630096435547 469.7743682861328 191.70875549316406 453.33660888671875 191.70875549316406
453.12774658203125 166.00592041015625 469.38429069519043 166.00592041015625 469.38429069519043 191.47401809692383 453.12774658203125 191.47401809692383
452.5729064941406 166.40231323242188 468.5637798309326 166.40231323242188 468.5637798309326 191.97300338745117 452.5729064941406 191.97300338745117
451.4090270996094 165.3567352294922 468.0154914855957 165.3567352294922 468.0154914855957 191.6029758453369 451.4090270996094 191.6029758453369
450.92523193359375 166.39364624023438 467.7546634674072 166.39364624023438 467.7546634674072 191.39815521240234 450.92523193359375 191.39815521240234
450.6354064941406 166.5274200439453 467.19945526123047 166.5274200439453 467.19945526123047 191.98922729492188 450.6354064941406 191.98922729492188
449.28546142578125 166.31912231445312 466.72504806518555 166.31912231445312 466.72504806518555 191.66868209838867 449.28546142578125 191.66868209838867
448.621826171875 166.33340454101562 466.7519950866699 166.33340454101562 466.7519950866699 192.0347080230713 448.621826171875 192.0347080230713
448.3885192871094 166.78543090820312 465.1580867767334 166.78543090820312 465.1580867767334 192.62630653381348 448.3885192871094 192.62630653381348
447.3184509277344 166.54104614257812 464.93979835510254 166.54104614257812 464.93979835510254 192.7974796295166 447.3184509277344 192.7974796295166
446.6346130371094 166.64817810058594 464.4736576080322 166.64817810058594 464.4736576080322 193.1156406402588 446.6346130371094 193.1156406402588
446.4830017089844 167.28640747070312 464.0121784210205 167.28640747070312 464.0121784210205 192.9820442199707 446.4830017089844 192.9820442199707
445.5465393066406 166.17733764648438 463.695125579834 166.17733764648438 463.695125579834 192.6390438079834 445.5465393066406 192.6390438079834
444.97735595703125 166.67837524414062 463.3744010925293 166.67837524414062 463.3744010925293 193.6603183746338 444.97735595703125 193.6603183746338
444.68731689453125 167.1657257080078 462.4001121520996 167.1657257080078 462.4001121520996 193.44832801818848 444.68731689453125 193.44832801818848
444.2831115722656 166.78225708007812 462.32558822631836 166.78225708007812 462.32558822631836 193.23301124572754 444.2831115722656 193.23301124572754
443.52423095703125 167.1931915283203 461.6193199157715 167.1931915283203 461.6193199157715 193.12591552734375 443.52423095703125 193.12591552734375
443.00054931640625 167.90005493164062 461.52374267578125 167.90005493164062 461.52374267578125 193.0076198577881 443.00054931640625 193.0076198577881
443.30145263671875 166.88693237304688 461.40770530700684 166.88693237304688 461.40770530700684 194.08809852600098 443.30145263671875 194.08809852600098
442.66802978515625 168.4300537109375 460.57919692993164 168.4300537109375 460.57919692993164 194.02291870117188 442.66802978515625 194.02291870117188
442.372314453125 168.84835815429688 461.23010635375977 168.84835815429688 461.23010635375977 194.94834518432617 442.372314453125 194.94834518432617
442.2830505371094 167.46627807617188 460.3079128265381 167.46627807617188 460.3079128265381 194.6286506652832 442.2830505371094 194.6286506652832
441.97357177734375 167.47462463378906 459.95142364501953 167.47462463378906 459.95142364501953 194.29789352416992 441.97357177734375 194.29789352416992
441.5908203125 167.290283203125 459.7212104797363 167.290283203125 459.7212104797363 194.2193717956543 441.5908203125 194.2193717956543
440.9115295410156 167.49533081054688 458.8280277252197 167.49533081054688 458.8280277252197 194.22885704040527 440.9115295410156 194.22885704040527
439.6429748535156 166.6666717529297 458.54002571105957 166.6666717529297 458.54002571105957 194.1644992828369 439.6429748535156 194.1644992828369
438.53839111328125 168.42918395996094 457.8129081726074 168.42918395996094 457.8129081726074 194.12856483459473 438.53839111328125 194.12856483459473
438.15142822265625 168.0738983154297 457.8675022125244 168.0738983154297 457.8675022125244 194.54877853393555 438.15142822265625 194.54877853393555
437.5762634277344 169.07977294921875 456.88411140441895 169.07977294921875 456.88411140441895 195.17755699157715 437.5762634277344 195.17755699157715
437.37689208984375 168.6831817626953 455.9714660644531 168.6831817626953 455.9714660644531 195.4221591949463 437.37689208984375 195.4221591949463
436.61602783203125 169.45803833007812 455.1676445007324 169.45803833007812 455.1676445007324 195.82832717895508 436.61602783203125 195.82832717895508
435.89404296875 168.70016479492188 455.78923416137695 168.70016479492188 455.78923416137695 194.4989719390869 435.89404296875 194.4989719390869
435.84564208984375 169.27981567382812 453.82178115844727 169.27981567382812 453.82178115844727 195.25584411621094 435.84564208984375 195.25584411621094
434.5909118652344 169.3046417236328 453.1995601654053 169.3046417236328 453.1995601654053 195.93910217285156 434.5909118652344 195.93910217285156
434.29296875 169.2386016845703 452.9088077545166 169.2386016845703 452.9088077545166 195.46552658081055 434.29296875 195.46552658081055
434.090576171875 169.4017333984375 452.534969329834 169.4017333984375 452.534969329834 195.22851943969727 434.090576171875 195.22851943969727
433.452880859375 170.28428649902344 451.6669807434082 170.28428649902344 451.6669807434082 195.71157264709473 433.452880859375 195.71157264709473
432.93603515625 170.32659912109375 451.43728256225586 170.32659912109375 451.43728256225586 195.5742073059082 432.93603515625 195.5742073059082
432.061279296875 170.4748077392578 450.28797149658203 170.4748077392578 450.28797149658203 196.75144577026367 432.061279296875 196.75144577026367
432.06884765625 170.2120819091797 449.8895626068115 170.2120819091797 449.8895626068115 196.4087314605713 432.06884765625 196.4087314605713
432.0707092285156 170.69866943359375 449.3908042907715 170.69866943359375 449.3908042907715 197.02348709106445 432.0707092285156 197.02348709106445
430.5078125 170.17605590820312 449.0183525085449 170.17605590820312 449.0183525085449 196.57659339904785 430.5078125 196.57659339904785
428.9701232910156 170.517333984375 447.55339431762695 170.517333984375 447.55339431762695 196.5676326751709 428.9701232910156 196.5676326751709
428.7637634277344 170.96176147460938 447.3332633972168 170.96176147460938 447.3332633972168 197.4888401031494 428.7637634277344 197.4888401031494
427.853515625 170.3426513671875 447.07556533813477 170.3426513671875 447.07556533813477 196.41029739379883 427.853515625 196.41029739379883
427.8370666503906 171.89651489257812 445.92576026916504 171.89651489257812 445.92576026916504 197.52215957641602 427.8370666503906 197.52215957641602
426.137451171875 171.03164672851562 445.9116268157959 171.03164672851562 445.9116268157959 196.93704223632812 426.137451171875 196.93704223632812
426.07708740234375 171.51541137695312 444.69281005859375 171.51541137695312 444.69281005859375 198.023193359375 426.07708740234375 198.023193359375
425.51776123046875 172.63914489746094 443.6435890197754 172.63914489746094 443.6435890197754 197.8311367034912 425.51776123046875 197.8311367034912
422.3536071777344 173.7122802734375 440.829252243042 173.7122802734375 440.829252243042 199.15775871276855 422.3536071777344 199.15775871276855
420.1658630371094 174.27688598632812 439.31502532958984 174.27688598632812 439.31502532958984 199.52624320983887 420.1658630371094 199.52624320983887
418.982666015625 174.5482635498047 438.8063201904297 174.5482635498047 438.8063201904297 199.99818801879883 418.982666015625 199.99818801879883
418.8646545410156 174.6814727783203 438.3719959259033 174.6814727783203 438.3719959259033 199.63692092895508 418.8646545410156 199.63692092895508
417.3680725097656 174.28323364257812 437.7006378173828 174.28323364257812 437.7006378173828 199.76096534729004 417.3680725097656 199.76096534729004
416.2921447753906 174.06820678710938 436.704345703125 174.06820678710938 436.704345703125 199.58089637756348 416.2921447753906 199.58089637756348
415.89874267578125 174.6181640625 436.53795051574707 174.6181640625 436.53795051574707 200.2455596923828 415.89874267578125 200.2455596923828
415.04498291015625 174.2058868408203 436.04763412475586 174.2058868408203 436.04763412475586 199.70707511901855 415.04498291015625 199.70707511901855
413.74273681640625 174.72976684570312 434.3523654937744 174.72976684570312 434.3523654937744 200.79672622680664 413.74273681640625 200.79672622680664
412.98199462890625 175.53628540039062 434.35032081604004 175.53628540039062 434.35032081604004 201.026704788208 412.98199462890625 201.026704788208
412.62371826171875 174.20028686523438 433.00830268859863 174.20028686523438 433.00830268859863 200.41331481933594 412.62371826171875 200.41331481933594
411.999755859375 175.03720092773438 431.7757511138916 175.03720092773438 431.7757511138916 201.02655601501465 411.999755859375 201.02655601501465
411.5409240722656 174.83187866210938 431.81381607055664 174.83187866210938 431.81381607055664 200.9254150390625 411.5409240722656 200.9254150390625
411.0908203125 173.84432983398438 431.10965728759766 173.84432983398438 431.10965728759766 201.2228546142578 411.0908203125 201.2228546142578
410.86834716796875 173.97860717773438 430.92545318603516 173.97860717773438 430.92545318603516 200.6993293762207 410.86834716796875 200.6993293762207
410.9712829589844 174.3860626220703 430.4494876861572 174.3860626220703 430.4494876861572 201.6158390045166 410.9712829589844 201.6158390045166
410.3999938964844 174.54660034179688 430.4163475036621 174.54660034179688 430.4163475036621 201.8887538909912 410.3999938964844 201.8887538909912
410.28387451171875 175.0913848876953 429.8216743469238 175.0913848876953 429.8216743469238 202.49196434020996 410.28387451171875 202.49196434020996
410.44384765625 175.21435546875 430.445613861084 175.21435546875 430.445613861084 201.70896530151367 410.44384765625 201.70896530151367
409.533203125 174.57669067382812 429.45072746276855 174.57669067382812 429.45072746276855 202.21844863891602 409.533203125 202.21844863891602
408.8800354003906 176.4182891845703 426.98200607299805 176.4182891845703 426.98200607299805 202.55529403686523 408.8800354003906 202.55529403686523
408.6554260253906 177.10789489746094 426.5313663482666 177.10789489746094 426.5313663482666 203.3251247406006 408.6554260253906 203.3251247406006
408.52569580078125 176.1280975341797 426.6139621734619 176.1280975341797 426.6139621734619 202.5171718597412 408.52569580078125 202.5171718597412
406.62152099609375 176.95559692382812 424.72449111938477 176.95559692382812 424.72449111938477 203.00608253479004 406.62152099609375 203.00608253479004
405.98260498046875 176.9128875732422 425.6545066833496 176.9128875732422 425.6545066833496 202.7713108062744 405.98260498046875 202.7713108062744
406.2106018066406 177.23562622070312 425.4492073059082 177.23562622070312 425.4492073059082 202.9398136138916 406.2106018066406 202.9398136138916
405.0054626464844 177.80856323242188 424.1582736968994 177.80856323242188 424.1582736968994 204.0913600921631 405.0054626464844 204.0913600921631
405.05291748046875 178.82839965820312 423.2327995300293 178.82839965820312 423.2327995300293 204.2718276977539 405.05291748046875 204.2718276977539
404.84857177734375 179.06103515625 423.72289657592773 179.06103515625 423.72289657592773 204.49532508850098 404.84857177734375 204.49532508850098
403.6795654296875 179.88282775878906 422.274320602417 179.88282775878906 422.274320602417 204.9809226989746 403.6795654296875 204.9809226989746
403.5825500488281 178.9679718017578 422.15390396118164 178.9679718017578 422.15390396118164 204.97855186462402 403.5825500488281 204.97855186462402
403.7145080566406 179.7196502685547 421.2192687988281 179.7196502685547 421.2192687988281 205.60786819458008 403.7145080566406 205.60786819458008
404.01702880859375 179.3277587890625 421.91320419311523 179.3277587890625 421.91320419311523 206.47368812561035 404.01702880859375 206.47368812561035
402.59515380859375 180.77047729492188 420.52134132385254 180.77047729492188 420.52134132385254 206.21105003356934 402.59515380859375 206.21105003356934
402.43194580078125 179.76611328125 420.4889106750488 179.76611328125 420.4889106750488 206.42022132873535 402.43194580078125 206.42022132873535
402.25885009765625 180.85836791992188 420.1044406890869 180.85836791992188 420.1044406890869 206.67170333862305 402.25885009765625 206.67170333862305
402.0491943359375 180.1279296875 419.90087509155273 180.1279296875 419.90087509155273 206.12444496154785 402.0491943359375 206.12444496154785
401.3442687988281 180.8158416748047 419.20591735839844 180.8158416748047 419.20591735839844 206.3280849456787 401.3442687988281 206.3280849456787
400.0939025878906 179.56373596191406 418.1503658294678 179.56373596191406 418.1503658294678 206.26078414916992 400.0939025878906 206.26078414916992
399.55792236328125 179.87368774414062 417.7494239807129 179.87368774414062 417.7494239807129 206.4873161315918 399.55792236328125 206.4873161315918
398.01605224609375 180.15379333496094 416.37367057800293 180.15379333496094 416.37367057800293 206.90954208374023 398.01605224609375 206.90954208374023
396.8655090332031 178.15225219726562 416.47114181518555 178.15225219726562 416.47114181518555 206.24399757385254 396.8655090332031 206.24399757385254
396.3062438964844 181.1074676513672 415.04098892211914 181.1074676513672 415.04098892211914 207.90415573120117 396.3062438964844 207.90415573120117
395.73248291015625 180.23333740234375 414.6515598297119 180.23333740234375 414.6515598297119 208.19883346557617 395.73248291015625 208.19883346557617
394.3575439453125 180.1331024169922 412.3534336090088 180.1331024169922 412.3534336090088 208.5681037902832 394.3575439453125 208.5681037902832
394.18731689453125 178.8978729248047 413.0874881744385 178.8978729248047 413.0874881744385 207.45009803771973 394.18731689453125 207.45009803771973
392.60186767578125 178.90109252929688 410.92601013183594 178.90109252929688 410.92601013183594 209.01883506774902 392.60186767578125 209.01883506774902
390.79180908203125 178.7204132080078 409.4581871032715 178.7204132080078 409.4581871032715 209.0401954650879 390.79180908203125 209.0401954650879
390.67816162109375 179.06588745117188 409.08376121520996 179.06588745117188 409.08376121520996 208.95271682739258 390.67816162109375 208.95271682739258
386.6329650878906 181.81710815429688 405.27476692199707 181.81710815429688 405.27476692199707 209.6800479888916 386.6329650878906 209.6800479888916
383.23333740234375 181.21226501464844 403.0003356933594 181.21226501464844 403.0003356933594 210.3533535003662 383.23333740234375 210.3533535003662
382.40277099609375 181.1185760498047 401.85314178466797 181.1185760498047 401.85314178466797 210.4847297668457 382.40277099609375 210.4847297668457
380.74005126953125 179.878173828125 400.7656936645508 179.878173828125 400.7656936645508 210.6852626800537 380.74005126953125 210.6852626800537
381.0676574707031 179.9035186767578 400.80748176574707 179.9035186767578 400.80748176574707 211.22427940368652 381.0676574707031 211.22427940368652
380.054931640625 180.9709930419922 398.3057556152344 180.9709930419922 398.3057556152344 212.0107536315918 380.054931640625 212.0107536315918
379.7906799316406 179.54257202148438 399.35622215270996 179.54257202148438 399.35622215270996 210.8533477783203 379.7906799316406 210.8533477783203
379.1954650878906 180.25875854492188 397.8849220275879 180.25875854492188 397.8849220275879 211.9113712310791 379.1954650878906 211.9113712310791
377.04925537109375 181.20681762695312 396.04484939575195 181.20681762695312 396.04484939575195 212.06258010864258 377.04925537109375 212.06258010864258
376.32110595703125 181.63272094726562 394.8814105987549 181.63272094726562 394.8814105987549 213.47454452514648 376.32110595703125 213.47454452514648
375.2306823730469 182.26425170898438 393.9630527496338 182.26425170898438 393.9630527496338 212.98232460021973 375.2306823730469 212.98232460021973
374.46563720703125 182.4012908935547 392.68845558166504 182.4012908935547 392.68845558166504 213.51886367797852 374.46563720703125 213.51886367797852
374.6728210449219 183.18600463867188 392.8797035217285 183.18600463867188 392.8797035217285 212.66660690307617 374.6728210449219 212.66660690307617
373.8688659667969 181.88238525390625 391.8826141357422 181.88238525390625 391.8826141357422 213.0313777923584 373.8688659667969 213.0313777923584
373.4442443847656 182.94918823242188 391.2437171936035 182.94918823242188 391.2437171936035 213.4645290374756 373.4442443847656 213.4645290374756
371.16131591796875 182.41441345214844 390.14751625061035 182.41441345214844 390.14751625061035 213.76447677612305 371.16131591796875 213.76447677612305
371.76300048828125 183.29052734375 390.4362106323242 183.29052734375 390.4362106323242 213.55171585083008 371.76300048828125 213.55171585083008
370.34906005859375 182.32359313964844 388.7880096435547 182.32359313964844 388.7880096435547 213.97003555297852 370.34906005859375 213.97003555297852
369.956298828125 184.050537109375 388.99990463256836 184.050537109375 388.99990463256836 214.4857177734375 369.956298828125 214.4857177734375
368.41607666015625 181.57662963867188 388.6829376220703 181.57662963867188 388.6829376220703 213.88704681396484 368.41607666015625 213.88704681396484
367.2475891113281 182.54852294921875 387.25332260131836 182.54852294921875 387.25332260131836 215.0275001525879 367.2475891113281 215.0275001525879
366.3630065917969 182.45645141601562 386.36088943481445 182.45645141601562 386.36088943481445 215.4298324584961 366.3630065917969 215.4298324584961
364.75762939453125 182.10903930664062 385.57975578308105 182.10903930664062 385.57975578308105 215.1802864074707 364.75762939453125 215.1802864074707
363.8954772949219 182.50454711914062 384.47402572631836 182.50454711914062 384.47402572631836 215.98392486572266 363.8954772949219 215.98392486572266
363.0911560058594 183.43020629882812 383.00929069519043 183.43020629882812 383.00929069519043 216.45508575439453 363.0911560058594 216.45508575439453
361.5858459472656 184.1107177734375 382.6073513031006 184.1107177734375 382.6073513031006 217.07616424560547 361.5858459472656 217.07616424560547
362.1781311035156 183.17166137695312 381.8180980682373 183.17166137695312 381.8180980682373 216.29499435424805 362.1781311035156 216.29499435424805
360.3401794433594 182.9224853515625 380.7649230957031 182.9224853515625 380.7649230957031 216.49925231933594 360.3401794433594 216.49925231933594
359.8594665527344 183.5923614501953 380.167049407959 183.5923614501953 380.167049407959 216.29996490478516 359.8594665527344 216.29996490478516
359.6499938964844 183.67489624023438 379.7052364349365 183.67489624023438 379.7052364349365 216.1113739013672 359.6499938964844 216.1113739013672
358.5419921875 184.33807373046875 379.1572151184082 184.33807373046875 379.1572151184082 216.5116958618164 358.5419921875 216.5116958618164
352.43011474609375 186.00253295898438 373.3676338195801 186.00253295898438 373.3676338195801 217.41837692260742 352.43011474609375 217.41837692260742
349.39208984375 185.33226013183594 370.9269676208496 185.33226013183594 370.9269676208496 217.82970428466797 349.39208984375 217.82970428466797
348.0880432128906 185.32171630859375 369.6110134124756 185.32171630859375 369.6110134124756 217.956298828125 348.0880432128906 217.956298828125
347.2147216796875 185.48257446289062 368.3409824371338 185.48257446289062 368.3409824371338 217.75570678710938 347.2147216796875 217.75570678710938
346.3675537109375 185.4951629638672 367.33598709106445 185.4951629638672 367.33598709106445 217.48247909545898 346.3675537109375 217.48247909545898
344.73944091796875 186.6576385498047 365.0616340637207 186.6576385498047 365.0616340637207 218.8411636352539 344.73944091796875 218.8411636352539
343.74444580078125 185.97853088378906 365.008731842041 185.97853088378906 365.008731842041 218.29805374145508 343.74444580078125 218.29805374145508
342.32745361328125 184.49937438964844 364.0964603424072 184.49937438964844 364.0964603424072 217.34607696533203 342.32745361328125 217.34607696533203
342.15203857421875 186.02877807617188 363.61804389953613 186.02877807617188 363.61804389953613 217.72298622131348 342.15203857421875 217.72298622131348
339.85943603515625 186.90707397460938 361.25462341308594 186.90707397460938 361.25462341308594 217.9172878265381 339.85943603515625 217.9172878265381
339.687744140625 186.02011108398438 361.4106845855713 186.02011108398438 361.4106845855713 217.8057861328125 339.687744140625 217.8057861328125
338.65740966796875 187.65328979492188 359.97443199157715 187.65328979492188 359.97443199157715 217.85393714904785 338.65740966796875 217.85393714904785
338.5120849609375 188.13018798828125 359.4471321105957 188.13018798828125 359.4471321105957 218.3087978363037 338.5120849609375 218.3087978363037
336.7457275390625 188.4468231201172 357.8627109527588 188.4468231201172 357.8627109527588 219.87701797485352 336.7457275390625 219.87701797485352
335.2412109375 189.08937072753906 356.4574794769287 189.08937072753906 356.4574794769287 219.3400173187256 335.2412109375 219.3400173187256
334.7857360839844 189.0878143310547 356.0187873840332 189.0878143310547 356.0187873840332 220.6988639831543 334.7857360839844 220.6988639831543
332.660400390625 189.52044677734375 354.44006156921387 189.52044677734375 354.44006156921387 220.32356643676758 332.660400390625 220.32356643676758
331.410400390625 188.38873291015625 353.6329231262207 188.38873291015625 353.6329231262207 220.39197540283203 331.410400390625 220.39197540283203
330.5555725097656 188.38363647460938 353.19902420043945 188.38363647460938 353.19902420043945 219.8453483581543 330.5555725097656 219.8453483581543
329.64959716796875 188.01333618164062 351.9540195465088 188.01333618164062 351.9540195465088 219.7736701965332 329.64959716796875 219.7736701965332
327.7450256347656 189.01681518554688 350.0152359008789 189.01681518554688 350.0152359008789 220.8835391998291 327.7450256347656 220.8835391998291
327.0818786621094 189.47438049316406 348.21692657470703 189.47438049316406 348.21692657470703 221.1888828277588 327.0818786621094 221.1888828277588
325.06585693359375 189.58837890625 348.08798599243164 189.58837890625 348.08798599243164 222.4851531982422 325.06585693359375 222.4851531982422
324.6395263671875 190.24783325195312 347.5981731414795 190.24783325195312 347.5981731414795 221.98569679260254 324.6395263671875 221.98569679260254
322.9569396972656 190.21627807617188 345.1638069152832 190.21627807617188 345.1638069152832 222.2685203552246 322.9569396972656 222.2685203552246
322.10150146484375 190.2329559326172 344.7380714416504 190.2329559326172 344.7380714416504 222.64469146728516 322.10150146484375 222.64469146728516
320.93780517578125 191.689697265625 343.7402229309082 191.689697265625 343.7402229309082 222.13626098632812 320.93780517578125 222.13626098632812
319.2784118652344 190.8029327392578 342.7463722229004 190.8029327392578 342.7463722229004 223.0487823486328 319.2784118652344 223.0487823486328
319.334716796875 191.8340606689453 343.3439540863037 191.8340606689453 343.3439540863037 223.3360137939453 319.334716796875 223.3360137939453
317.4940185546875 191.01834106445312 341.506893157959 191.01834106445312 341.506893157959 223.9124641418457 317.4940185546875 223.9124641418457
317.0621032714844 191.52955627441406 339.8987522125244 191.52955627441406 339.8987522125244 223.98753356933594 317.0621032714844 223.98753356933594
316.80560302734375 193.44583129882812 338.821590423584 193.44583129882812 338.821590423584 224.13292503356934 316.80560302734375 224.13292503356934
311.0855407714844 194.61013793945312 333.6775817871094 194.61013793945312 333.6775817871094 226.62122344970703 311.0855407714844 226.62122344970703
307.3497314453125 196.19003295898438 330.3990898132324 196.19003295898438 330.3990898132324 227.88507461547852 307.3497314453125 227.88507461547852
306.4576416015625 197.63314819335938 327.8945255279541 197.63314819335938 327.8945255279541 228.77528762817383 306.4576416015625 228.77528762817383
304.35736083984375 197.72877502441406 325.5008888244629 197.72877502441406 325.5008888244629 228.91653060913086 304.35736083984375 228.91653060913086
303.92120361328125 198.37950134277344 324.3801021575928 198.37950134277344 324.3801021575928 229.2138328552246 303.92120361328125 229.2138328552246
303.6203308105469 198.26473999023438 323.7894687652588 198.26473999023438 323.7894687652588 228.93759155273438 303.6203308105469 228.93759155273438
301.925048828125 197.91030883789062 323.4573669433594 197.91030883789062 323.4573669433594 229.2720184326172 301.925048828125 229.2720184326172
301.3625183105469 198.87460327148438 321.9169807434082 198.87460327148438 321.9169807434082 230.30678176879883 301.3625183105469 230.30678176879883
300.9393005371094 198.46881103515625 322.42774391174316 198.46881103515625 322.42774391174316 229.44695663452148 300.9393005371094 229.44695663452148
299.70880126953125 198.7240753173828 320.5403003692627 198.7240753173828 320.5403003692627 230.1269645690918 299.70880126953125 230.1269645690918
300.5538635253906 198.44692993164062 321.2512092590332 198.44692993164062 321.2512092590332 229.89928245544434 300.5538635253906 229.89928245544434
298.9678955078125 199.2783966064453 319.49948501586914 199.2783966064453 319.49948501586914 230.67855834960938 298.9678955078125 230.67855834960938
297.1709289550781 199.955078125 317.6979179382324 199.955078125 317.6979179382324 231.1078395843506 297.1709289550781 231.1078395843506
295.8242492675781 199.74508666992188 316.28955078125 199.74508666992188 316.28955078125 231.98412322998047 295.8242492675781 231.98412322998047
294.9649963378906 199.52774047851562 315.48704528808594 199.52774047851562 315.48704528808594 231.17807960510254 294.9649963378906 231.17807960510254
294.7097473144531 199.81655883789062 315.8306770324707 199.81655883789062 315.8306770324707 231.85145568847656 294.7097473144531 231.85145568847656
292.1083984375 199.23194885253906 313.07885360717773 199.23194885253906 313.07885360717773 232.8502655029297 292.1083984375 232.8502655029297
290.57403564453125 199.50262451171875 311.73070907592773 199.50262451171875 311.73070907592773 233.21369171142578 290.57403564453125 233.21369171142578
290.094970703125 199.70542907714844 311.09849548339844 199.70542907714844 311.09849548339844 233.41649627685547 290.094970703125 233.41649627685547
290.4579162597656 199.83596801757812 311.4498100280762 199.83596801757812 311.4498100280762 233.56158447265625 290.4579162597656 233.56158447265625
289.31317138671875 199.8315887451172 309.5081596374512 199.8315887451172 309.5081596374512 233.40349578857422 289.31317138671875 233.40349578857422
287.91644287109375 199.93746948242188 309.23554611206055 199.93746948242188 309.23554611206055 233.47144317626953 287.91644287109375 233.47144317626953
287.2894592285156 200.39219665527344 307.75075340270996 200.39219665527344 307.75075340270996 234.28123092651367 287.2894592285156 234.28123092651367
285.5384826660156 200.1640625 305.3944435119629 200.1640625 305.3944435119629 234.8909912109375 285.5384826660156 234.8909912109375
283.71575927734375 201.37301635742188 304.0143070220947 201.37301635742188 304.0143070220947 235.35906219482422 283.71575927734375 235.35906219482422
283.3526916503906 200.4215850830078 303.65450286865234 200.4215850830078 303.65450286865234 235.28162002563477 283.3526916503906 235.28162002563477
282.0963439941406 201.6513671875 302.6875343322754 201.6513671875 302.6875343322754 236.00986862182617 282.0963439941406 236.00986862182617
281.82208251953125 200.9998321533203 301.91535568237305 200.9998321533203 301.91535568237305 236.40378189086914 281.82208251953125 236.40378189086914
282.3457336425781 201.07815551757812 302.9193820953369 201.07815551757812 302.9193820953369 236.28115463256836 282.3457336425781 236.28115463256836
279.2658386230469 200.84811401367188 299.1708126068115 200.84811401367188 299.1708126068115 236.62125396728516 279.2658386230469 236.62125396728516
278.2736511230469 200.43724060058594 298.7362632751465 200.43724060058594 298.7362632751465 236.29276275634766 278.2736511230469 236.29276275634766
277.5972900390625 201.35498046875 298.50356674194336 201.35498046875 298.50356674194336 237.00558471679688 277.5972900390625 237.00558471679688
276.48895263671875 201.55764770507812 297.0421619415283 201.55764770507812 297.0421619415283 236.62078094482422 276.48895263671875 236.62078094482422
275.66693115234375 200.73324584960938 296.4578552246094 200.73324584960938 296.4578552246094 237.32196044921875 275.66693115234375 237.32196044921875
274.91876220703125 201.64828491210938 296.3297481536865 201.64828491210938 296.3297481536865 236.8036880493164 274.91876220703125 236.8036880493164
273.90289306640625 201.1369171142578 295.7833595275879 201.1369171142578 295.7833595275879 236.93367767333984 273.90289306640625 236.93367767333984
272.39349365234375 201.90274047851562 294.21836853027344 201.90274047851562 294.21836853027344 236.97397994995117 272.39349365234375 236.97397994995117
270.628173828125 201.6726837158203 293.29995346069336 201.6726837158203 293.29995346069336 238.14432907104492 270.628173828125 238.14432907104492
270.3039855957031 202.11656188964844 292.56718826293945 202.11656188964844 292.56718826293945 238.45236587524414 270.3039855957031 238.45236587524414
270.1597595214844 201.67062377929688 291.9184741973877 201.67062377929688 291.9184741973877 237.70094680786133 270.1597595214844 237.70094680786133
268.047607421875 202.4556121826172 290.18798446655273 202.4556121826172 290.18798446655273 238.2872085571289 268.047607421875 238.2872085571289
266.194580078125 203.40838623046875 288.12981033325195 203.40838623046875 288.12981033325195 238.96670150756836 266.194580078125 238.96670150756836
264.77325439453125 203.0284881591797 286.37331199645996 203.0284881591797 286.37331199645996 236.61466598510742 264.77325439453125 236.61466598510742
264.0189208984375 203.3490447998047 285.8316707611084 203.3490447998047 285.8316707611084 237.9471206665039 264.0189208984375 237.9471206665039
261.5467834472656 203.58753967285156 284.0237522125244 203.58753967285156 284.0237522125244 237.05548858642578 261.5467834472656 237.05548858642578
260.9767761230469 202.98052978515625 282.8215084075928 202.98052978515625 282.8215084075928 236.55359649658203 260.9767761230469 236.55359649658203
260.4720764160156 203.6730499267578 281.3002128601074 203.6730499267578 281.3002128601074 238.0616683959961 260.4720764160156 238.0616683959961
257.4803771972656 204.3534393310547 278.73828506469727 204.3534393310547 278.73828506469727 238.1139907836914 257.4803771972656 238.1139907836914
256.94097900390625 205.14224243164062 278.7903861999512 205.14224243164062 278.7903861999512 236.94074630737305 256.94097900390625 236.94074630737305
256.50787353515625 204.8652801513672 277.03992652893066 204.8652801513672 277.03992652893066 238.42861557006836 256.50787353515625 238.42861557006836
250.39111328125 205.8599395751953 271.0048351287842 205.8599395751953 271.0048351287842 239.1919937133789 250.39111328125 239.1919937133789
245.45809936523438 207.9050750732422 266.64409255981445 207.9050750732422 266.64409255981445 242.02389526367188 245.45809936523438 242.02389526367188
245.22085571289062 207.9433135986328 266.8243350982666 207.9433135986328 266.8243350982666 240.12642288208008 245.22085571289062 240.12642288208008
244.6825714111328 206.87680053710938 265.7732181549072 206.87680053710938 265.7732181549072 239.79126739501953 244.6825714111328 239.79126739501953
242.6934356689453 208.0803680419922 263.25500106811523 208.0803680419922 263.25500106811523 240.90274810791016 242.6934356689453 240.90274810791016
240.46188354492188 207.71749877929688 261.00907135009766 207.71749877929688 261.00907135009766 242.33613204956055 240.46188354492188 242.33613204956055
239.3433074951172 208.4755401611328 260.5446033477783 208.4755401611328 260.5446033477783 242.9947967529297 239.3433074951172 242.9947967529297
238.52377319335938 209.6589813232422 259.72679328918457 209.6589813232422 259.72679328918457 243.60684967041016 238.52377319335938 243.60684967041016
236.7910614013672 209.75479125976562 257.53867530822754 209.75479125976562 257.53867530822754 244.75156021118164 236.7910614013672 244.75156021118164
235.6587371826172 208.52871704101562 256.95049476623535 208.52871704101562 256.95049476623535 244.22635650634766 235.6587371826172 244.22635650634766
235.13803100585938 209.61990356445312 256.44545555114746 209.61990356445312 256.44545555114746 244.1090316772461 235.13803100585938 244.1090316772461
232.53713989257812 210.5049591064453 253.5837516784668 210.5049591064453 253.5837516784668 245.73064422607422 232.53713989257812 245.73064422607422
230.16989135742188 210.6739501953125 251.51212120056152 210.6739501953125 251.51212120056152 245.80723571777344 230.16989135742188 245.80723571777344
229.70974731445312 210.3085479736328 250.9489040374756 210.3085479736328 250.9489040374756 246.89653778076172 229.70974731445312 246.89653778076172
228.3856964111328 210.6997833251953 249.52507400512695 210.6997833251953 249.52507400512695 247.6915168762207 228.3856964111328 247.6915168762207
227.11618041992188 211.4789581298828 248.21653747558594 211.4789581298828 248.21653747558594 246.87302017211914 227.11618041992188 246.87302017211914
225.8626251220703 212.7743682861328 246.20480728149414 212.7743682861328 246.20480728149414 246.5185089111328 225.8626251220703 246.5185089111328
224.28573608398438 211.7726287841797 246.0299949645996 211.7726287841797 246.0299949645996 246.7252426147461 224.28573608398438 246.7252426147461
222.7665557861328 212.49038696289062 243.55138397216797 212.49038696289062 243.55138397216797 246.7402572631836 222.7665557861328 246.7402572631836
222.36709594726562 211.2816162109375 243.00089645385742 211.2816162109375 243.00089645385742 245.81039428710938 222.36709594726562 245.81039428710938
221.3130645751953 212.17721557617188 242.72658920288086 212.17721557617188 242.72658920288086 247.3404769897461 221.3130645751953 247.3404769897461
219.68887329101562 211.69125366210938 241.19568252563477 211.69125366210938 241.19568252563477 247.20521545410156 219.68887329101562 247.20521545410156
218.70303344726562 213.3170928955078 240.55734825134277 213.3170928955078 240.55734825134277 248.3674545288086 218.70303344726562 248.3674545288086
217.87527465820312 213.7980194091797 239.86198806762695 213.7980194091797 239.86198806762695 249.51920318603516 217.87527465820312 249.51920318603516
215.5084991455078 213.6765594482422 237.76980781555176 213.6765594482422 237.76980781555176 250.1225814819336 215.5084991455078 250.1225814819336
214.6538543701172 213.97964477539062 237.01181602478027 213.97964477539062 237.01181602478027 250.31633758544922 214.6538543701172 250.31633758544922
212.0442657470703 213.9945068359375 235.46096229553223 213.9945068359375 235.46096229553223 250.80509567260742 212.0442657470703 250.80509567260742
210.7135009765625 215.7796173095703 233.59571266174316 215.7796173095703 233.59571266174316 251.48187255859375 210.7135009765625 251.48187255859375
208.7488555908203 216.13037109375 231.98170852661133 216.13037109375 231.98170852661133 253.06720733642578 208.7488555908203 253.06720733642578
208.12002563476562 217.58297729492188 231.51051330566406 217.58297729492188 231.51051330566406 253.8683853149414 208.12002563476562 253.8683853149414
206.88803100585938 216.40087890625 231.14850997924805 216.40087890625 231.14850997924805 254.04239654541016 206.88803100585938 254.04239654541016
204.79640197753906 218.05575561523438 229.5283660888672 218.05575561523438 229.5283660888672 255.44781875610352 204.79640197753906 255.44781875610352
202.47174072265625 216.61508178710938 226.89672470092773 216.61508178710938 226.89672470092773 256.5217819213867 202.47174072265625 256.5217819213867
201.1968231201172 216.231201171875 225.78195190429688 216.231201171875 225.78195190429688 255.13031387329102 201.1968231201172 255.13031387329102
197.97457885742188 216.4911346435547 220.8156337738037 216.4911346435547 220.8156337738037 256.55628204345703 197.97457885742188 256.55628204345703
196.6736602783203 217.6896514892578 220.38729286193848 217.6896514892578 220.38729286193848 256.8781433105469 196.6736602783203 256.8781433105469
196.20286560058594 219.726806640625 220.07460403442383 219.726806640625 220.07460403442383 257.3254165649414 196.20286560058594 257.3254165649414
195.90113830566406 219.96908569335938 219.8538055419922 219.96908569335938 219.8538055419922 256.5363998413086 195.90113830566406 256.5363998413086
194.4306182861328 219.66543579101562 218.42400741577148 219.66543579101562 218.42400741577148 257.05984115600586 194.4306182861328 257.05984115600586
193.3084716796875 219.8030242919922 217.60465049743652 219.8030242919922 217.60465049743652 255.56863403320312 193.3084716796875 255.56863403320312
191.83169555664062 221.6989288330078 215.89719581604004 221.6989288330078 215.89719581604004 258.13903045654297 191.83169555664062 258.13903045654297
190.90103149414062 221.25851440429688 214.69968032836914 221.25851440429688 214.69968032836914 258.9907455444336 190.90103149414062 258.9907455444336
189.73577880859375 222.91647338867188 213.09843254089355 222.91647338867188 213.09843254089355 260.2638053894043 189.73577880859375 260.2638053894043
188.9691162109375 222.6200408935547 212.36477851867676 222.6200408935547 212.36477851867676 260.10619354248047 188.9691162109375 260.10619354248047
188.5391387939453 222.4436798095703 212.35153198242188 222.4436798095703 212.35153198242188 260.70557403564453 188.5391387939453 260.70557403564453
188.42901611328125 223.6735382080078 211.65674781799316 223.6735382080078 211.65674781799316 261.22388076782227 188.42901611328125 261.22388076782227
186.2177734375 224.30331420898438 208.97965621948242 224.30331420898438 208.97965621948242 261.81969451904297 186.2177734375 261.81969451904297
185.21865844726562 224.10501098632812 208.63585090637207 224.10501098632812 208.63585090637207 262.0753936767578 185.21865844726562 262.0753936767578
184.61767578125 224.0539093017578 208.58563995361328 224.0539093017578 208.58563995361328 262.0535583496094 184.61767578125 262.0535583496094
183.8168487548828 223.979736328125 207.90747833251953 223.979736328125 207.90747833251953 261.46807861328125 183.8168487548828 261.46807861328125
182.78175354003906 225.83731079101562 206.25939559936523 225.83731079101562 206.25939559936523 263.7734603881836 182.78175354003906 263.7734603881836
181.60891723632812 225.7974395751953 204.76472854614258 225.7974395751953 204.76472854614258 263.56197357177734 181.60891723632812 263.56197357177734
181.17269897460938 225.5681915283203 204.23914337158203 225.5681915283203 204.23914337158203 263.6523323059082 181.17269897460938 263.6523323059082
177.2058563232422 220.3654327392578 203.61537742614746 220.3654327392578 203.61537742614746 265.0237503051758 177.2058563232422 265.0237503051758
177.0005340576172 226.1522674560547 201.10047721862793 226.1522674560547 201.10047721862793 267.33812713623047 177.0005340576172 267.33812713623047
177.29791259765625 228.3583984375 200.3632049560547 228.3583984375 200.3632049560547 267.8522415161133 177.29791259765625 267.8522415161133
175.0310821533203 229.248291015625 199.33047485351562 229.248291015625 199.33047485351562 267.84582138061523 175.0310821533203 267.84582138061523
174.96054077148438 228.59115600585938 198.3772678375244 228.59115600585938 198.3772678375244 267.6318130493164 174.96054077148438 267.6318130493164
173.04306030273438 230.4074249267578 196.63637924194336 230.4074249267578 196.63637924194336 269.6202850341797 173.04306030273438 269.6202850341797
171.4783477783203 228.3857421875 195.86793899536133 228.3857421875 195.86793899536133 269.67305755615234 171.4783477783203 269.67305755615234
171.44915771484375 230.58511352539062 195.68458366394043 230.58511352539062 195.68458366394043 270.95974349975586 171.44915771484375 270.95974349975586
169.8115997314453 231.03970336914062 193.91742515563965 231.03970336914062 193.91742515563965 272.0376968383789 169.8115997314453 272.0376968383789
168.8546142578125 231.96499633789062 193.04359817504883 231.96499633789062 193.04359817504883 273.580623626709 168.8546142578125 273.580623626709
166.5439910888672 232.75735473632812 190.9377326965332 232.75735473632812 190.9377326965332 273.030460357666 166.5439910888672 273.030460357666
166.15306091308594 232.2047882080078 190.45096969604492 232.2047882080078 190.45096969604492 272.7681350708008 166.15306091308594 272.7681350708008
165.17404174804688 232.64907836914062 190.1256217956543 232.64907836914062 190.1256217956543 272.12625885009766 165.17404174804688 272.12625885009766
164.57736206054688 232.75796508789062 188.96001815795898 232.75796508789062 188.96001815795898 272.8898506164551 164.57736206054688 272.8898506164551
162.6271514892578 232.3094482421875 187.36944961547852 232.3094482421875 187.36944961547852 272.954345703125 162.6271514892578 272.954345703125
161.9168243408203 233.4873809814453 186.41485977172852 233.4873809814453 186.41485977172852 274.0583038330078 161.9168243408203 274.0583038330078
160.50619506835938 234.1494140625 185.4705924987793 234.1494140625 185.4705924987793 275.020565032959 160.50619506835938 275.020565032959
159.12539672851562 232.5584716796875 183.6261806488037 232.5584716796875 183.6261806488037 276.84765625 159.12539672851562 276.84765625
159.79685974121094 233.4775390625 183.7941131591797 233.4775390625 183.7941131591797 276.4352607727051 159.79685974121094 276.4352607727051
158.95083618164062 234.410400390625 184.13959312438965 234.410400390625 184.13959312438965 277.83483505249023 158.95083618164062 277.83483505249023
158.4654998779297 234.6392822265625 183.85994911193848 234.6392822265625 183.85994911193848 277.1992378234863 158.4654998779297 277.1992378234863
158.60824584960938 234.4868621826172 183.87506484985352 234.4868621826172 183.87506484985352 277.32496643066406 158.60824584960938 277.32496643066406
158.35414123535156 235.9930877685547 183.69002723693848 235.9930877685547 183.69002723693848 277.6455612182617 158.35414123535156 277.6455612182617
157.41616821289062 236.8331298828125 182.67116355895996 236.8331298828125 182.67116355895996 279.20437240600586 157.41616821289062 279.20437240600586
156.64865112304688 236.88232421875 182.1964626312256 236.88232421875 182.1964626312256 279.36108779907227 156.64865112304688 279.36108779907227
156.60281372070312 237.30496215820312 181.39713668823242 237.30496215820312 181.39713668823242 280.0026435852051 156.60281372070312 280.0026435852051
156.82119750976562 237.4232177734375 181.9584732055664 237.4232177734375 181.9584732055664 279.89025115966797 156.82119750976562 279.89025115966797
155.71078491210938 236.80029296875 180.9336643218994 236.80029296875 180.9336643218994 279.5094184875488 155.71078491210938 279.5094184875488
155.04019165039062 237.81057739257812 180.63394355773926 237.81057739257812 180.63394355773926 280.17395782470703 155.04019165039062 280.17395782470703
155.33688354492188 238.90609741210938 180.34320640563965 238.90609741210938 180.34320640563965 281.40127182006836 155.33688354492188 281.40127182006836
154.62364196777344 238.8463134765625 179.12272262573242 238.8463134765625 179.12272262573242 281.32422637939453 154.62364196777344 281.32422637939453
153.37242126464844 239.05862426757812 179.05429077148438 239.05862426757812 179.05429077148438 281.97814559936523 153.37242126464844 281.97814559936523
154.09707641601562 239.5857696533203 179.25650596618652 239.5857696533203 179.25650596618652 282.42574310302734 154.09707641601562 282.42574310302734
152.7291717529297 241.7216033935547 177.41576766967773 241.7216033935547 177.41576766967773 287.01709365844727 152.7291717529297 287.01709365844727
151.6159210205078 241.1101531982422 177.02775955200195 241.1101531982422 177.02775955200195 285.6223678588867 151.6159210205078 285.6223678588867
151.2854766845703 242.5936279296875 176.33207321166992 242.5936279296875 176.33207321166992 286.65570068359375 151.2854766845703 286.65570068359375
150.4274444580078 241.616943359375 175.9026222229004 241.616943359375 175.9026222229004 285.9890785217285 150.4274444580078 285.9890785217285
150.04733276367188 242.55615234375 175.97146224975586 242.55615234375 175.97146224975586 286.4724349975586 150.04733276367188 286.4724349975586
149.25082397460938 244.25631713867188 175.19064903259277 244.25631713867188 175.19064903259277 288.1532516479492 149.25082397460938 288.1532516479492
148.57742309570312 244.107666015625 174.5016632080078 244.107666015625 174.5016632080078 288.7128791809082 148.57742309570312 288.7128791809082
147.43212890625 244.6751708984375 173.43816757202148 244.6751708984375 173.43816757202148 290.1451759338379 147.43212890625 290.1451759338379
146.83514404296875 244.58218383789062 172.51554489135742 244.58218383789062 172.51554489135742 290.26236724853516 146.83514404296875 290.26236724853516
147.20506286621094 245.62890625 173.27585220336914 245.62890625 173.27585220336914 291.8159408569336 147.20506286621094 291.8159408569336
145.3492889404297 247.60140991210938 171.6107521057129 247.60140991210938 171.6107521057129 293.2818374633789 145.3492889404297 293.2818374633789
145.90631103515625 247.2212677001953 173.14869689941406 247.2212677001953 173.14869689941406 289.7834358215332 145.90631103515625 289.7834358215332
144.5382080078125 246.9160919189453 171.93517684936523 246.9160919189453 171.93517684936523 290.306583404541 144.5382080078125 290.306583404541
143.8961181640625 248.81350708007812 170.8305263519287 248.81350708007812 170.8305263519287 292.10274505615234 143.8961181640625 292.10274505615234
144.52560424804688 246.5774383544922 171.98966598510742 246.5774383544922 171.98966598510742 290.65906524658203 144.52560424804688 290.65906524658203
142.2777099609375 245.7322998046875 171.25974464416504 245.7322998046875 171.25974464416504 294.05005645751953 142.2777099609375 294.05005645751953
143.0772705078125 249.345947265625 171.17753982543945 249.345947265625 171.17753982543945 296.17422103881836 143.0772705078125 296.17422103881836
142.34439086914062 251.1685028076172 170.3006076812744 251.1685028076172 170.3006076812744 298.59009170532227 142.34439086914062 298.59009170532227
141.79261779785156 251.21395874023438 170.60666275024414 251.21395874023438 170.60666275024414 299.8872604370117 141.79261779785156 299.8872604370117
142.4322509765625 251.02377319335938 170.94827842712402 251.02377319335938 170.94827842712402 299.0673294067383 142.4322509765625 299.0673294067383
141.98736572265625 252.131103515625 171.10507774353027 252.131103515625 171.10507774353027 300.6921577453613 141.98736572265625 300.6921577453613
141.39718627929688 251.44943237304688 170.20506286621094 251.44943237304688 170.20506286621094 302.2991409301758 141.39718627929688 302.2991409301758
140.97097778320312 252.4748077392578 169.4703769683838 252.4748077392578 169.4703769683838 303.46595764160156 140.97097778320312 303.46595764160156
140.10653686523438 253.7154998779297 169.03076553344727 253.7154998779297 169.03076553344727 304.27071380615234 140.10653686523438 304.27071380615234
139.37234497070312 254.78640747070312 168.7152214050293 254.78640747070312 168.7152214050293 305.0799026489258 139.37234497070312 305.0799026489258
138.89767456054688 254.1381072998047 167.9701271057129 254.1381072998047 167.9701271057129 305.0137939453125 138.89767456054688 305.0137939453125
139.85940551757812 254.77584838867188 169.20330238342285 254.77584838867188 169.20330238342285 304.3134651184082 139.85940551757812 304.3134651184082
138.438720703125 256.1441955566406 167.25896072387695 256.1441955566406 167.25896072387695 306.6701126098633 138.438720703125 306.6701126098633
137.75852966308594 256.4609680175781 167.27968978881836 256.4609680175781 167.27968978881836 306.8908386230469 137.75852966308594 306.8908386230469
137.79019165039062 257.58636474609375 166.52056312561035 257.58636474609375 166.52056312561035 308.4026985168457 137.79019165039062 308.4026985168457
137.12496948242188 258.561767578125 166.32799339294434 258.561767578125 166.32799339294434 310.20978927612305 137.12496948242188 310.20978927612305
137.1442413330078 258.7851257324219 166.4382438659668 258.7851257324219 166.4382438659668 311.3543395996094 137.1442413330078 311.3543395996094
136.98233032226562 258.87298583984375 165.8840274810791 258.87298583984375 165.8840274810791 311.68941497802734 136.98233032226562 311.68941497802734
136.19833374023438 262.0833740234375 165.48113632202148 262.0833740234375 165.48113632202148 314.5179214477539 136.19833374023438 314.5179214477539
134.70535278320312 260.9304504394531 164.69103622436523 260.9304504394531 164.69103622436523 313.0816345214844 134.70535278320312 313.0816345214844
134.41041564941406 261.98406982421875 164.34344100952148 261.98406982421875 164.34344100952148 315.0249443054199 134.41041564941406 315.0249443054199
133.89193725585938 263.21099853515625 164.38133811950684 263.21099853515625 164.38133811950684 315.2742500305176 133.89193725585938 315.2742500305176
132.68475341796875 264.53509521484375 162.3460292816162 264.53509521484375 162.3460292816162 315.0695495605469 132.68475341796875 315.0695495605469
132.06851196289062 266.4686584472656 162.50889015197754 266.4686584472656 162.50889015197754 317.10582733154297 132.06851196289062 317.10582733154297
130.6454620361328 267.1920166015625 161.5992031097412 267.1920166015625 161.5992031097412 318.9986877441406 130.6454620361328 318.9986877441406
130.1886749267578 266.5328674316406 160.71214866638184 266.5328674316406 160.71214866638184 318.1648178100586 130.1886749267578 318.1648178100586
128.0922088623047 268.032958984375 158.94138526916504 268.032958984375 158.94138526916504 319.8301315307617 128.0922088623047 319.8301315307617
128.31871032714844 267.4344177246094 158.8788948059082 267.4344177246094 158.8788948059082 318.47653579711914 128.31871032714844 318.47653579711914
126.84061431884766 270.0648193359375 157.04010772705078 270.0648193359375 157.04010772705078 321.91959381103516 126.84061431884766 321.91959381103516
125.84478759765625 268.7513427734375 156.38346481323242 268.7513427734375 156.38346481323242 321.7071228027344 125.84478759765625 321.7071228027344
125.23282623291016 271.4161071777344 154.35535430908203 271.4161071777344 154.35535430908203 325.3357353210449 125.23282623291016 325.3357353210449
125.18479919433594 272.51129150390625 155.06289672851562 272.51129150390625 155.06289672851562 324.93902587890625 125.18479919433594 324.93902587890625
123.6499252319336 272.51019287109375 154.31596183776855 272.51019287109375 154.31596183776855 328.3857192993164 123.6499252319336 328.3857192993164
122.9322509765625 271.70074462890625 153.8064842224121 271.70074462890625 153.8064842224121 325.78946685791016 122.9322509765625 325.78946685791016
122.48445129394531 275.29296875 153.59798622131348 275.29296875 153.59798622131348 328.819091796875 122.48445129394531 328.819091796875
122.27779388427734 276.0401611328125 153.73728561401367 276.0401611328125 153.73728561401367 329.61003494262695 122.27779388427734 329.61003494262695
120.54689025878906 276.0945129394531 152.9959602355957 276.0945129394531 152.9959602355957 329.8886528015137 120.54689025878906 329.8886528015137
120.45936584472656 279.44232177734375 152.28961181640625 279.44232177734375 152.28961181640625 333.75994873046875 120.45936584472656 333.75994873046875
119.50614929199219 277.84063720703125 153.39159393310547 277.84063720703125 153.39159393310547 333.5904769897461 119.50614929199219 333.5904769897461
119.45158386230469 280.1827697753906 151.38473510742188 280.1827697753906 151.38473510742188 333.4082336425781 119.45158386230469 333.4082336425781
119.71197509765625 282.0926208496094 151.09315872192383 282.0926208496094 151.09315872192383 334.69962310791016 119.71197509765625 334.69962310791016
118.65289306640625 282.7303466796875 150.1574592590332 282.7303466796875 150.1574592590332 336.9563674926758 118.65289306640625 336.9563674926758
118.31707763671875 282.2493896484375 151.0119743347168 282.2493896484375 151.0119743347168 336.93651580810547 118.31707763671875 336.93651580810547
118.53132629394531 283.166015625 151.47345733642578 283.166015625 151.47345733642578 338.4710159301758 118.53132629394531 338.4710159301758
118.92535400390625 285.8618469238281 152.03509902954102 285.8618469238281 152.03509902954102 342.3834915161133 118.92535400390625 342.3834915161133
118.5141372680664 286.82183837890625 151.52233505249023 286.82183837890625 151.52233505249023 343.41157150268555 118.5141372680664 343.41157150268555
117.90153503417969 285.5971374511719 150.8194808959961 285.5971374511719 150.8194808959961 344.6485404968262 117.90153503417969 344.6485404968262
118.21553039550781 285.65728759765625 151.3182144165039 285.65728759765625 151.3182144165039 343.5023002624512 118.21553039550781 343.5023002624512
117.50517272949219 285.685302734375 150.99614715576172 285.685302734375 150.99614715576172 342.8377914428711 117.50517272949219 342.8377914428711
117.79718017578125 287.3079528808594 150.20109939575195 287.3079528808594 150.20109939575195 344.47118377685547 117.79718017578125 344.47118377685547
117.28524017333984 288.5098571777344 150.80628967285156 288.5098571777344 150.80628967285156 345.2976989746094 117.28524017333984 345.2976989746094
117.6988296508789 289.92236328125 150.9662971496582 289.92236328125 150.9662971496582 346.7863998413086 117.6988296508789 346.7863998413086
116.4218978881836 291.13067626953125 150.98358154296875 291.13067626953125 150.98358154296875 348.26326751708984 116.4218978881836 348.26326751708984
116.23724365234375 291.89031982421875 150.45623016357422 291.89031982421875 150.45623016357422 348.14289474487305 116.23724365234375 348.14289474487305
114.89798736572266 291.7845153808594 150.0194549560547 291.7845153808594 150.0194549560547 350.33544158935547 114.89798736572266 350.33544158935547
116.33670806884766 294.0206604003906 150.58831024169922 294.0206604003906 150.58831024169922 350.7566947937012 116.33670806884766 350.7566947937012
113.55033874511719 293.0947265625 149.03954315185547 293.0947265625 149.03954315185547 353.4644546508789 113.55033874511719 353.4644546508789
115.05827331542969 296.3212890625 149.18405151367188 296.3212890625 149.18405151367188 354.42162322998047 115.05827331542969 354.42162322998047
113.72552490234375 298.3586730957031 147.81949996948242 298.3586730957031 147.81949996948242 356.81482696533203 113.72552490234375 356.81482696533203
114.00794982910156 298.4889221191406 147.90675354003906 298.4889221191406 147.90675354003906 361.96696853637695 114.00794982910156 361.96696853637695
