236.0 216.0 261.0 216.0 261.0 247.0 236.0 247.0
234.97830200195312 215.41983032226562 259.7866802215576 215.41983032226562 259.7866802215576 246.42641830444336 234.97830200195312 246.42641830444336
233.10568237304688 215.6769256591797 257.75647926330566 215.6769256591797 257.75647926330566 246.24391174316406 233.10568237304688 246.24391174316406
232.79501342773438 215.46780395507812 257.1149253845215 215.46780395507812 257.1149253845215 246.04230308532715 232.79501342773438 246.04230308532715
230.85897827148438 214.3683624267578 255.34122848510742 214.3683624267578 255.34122848510742 244.8741054534912 230.85897827148438 244.8741054534912
229.2541046142578 215.05972290039062 252.9835147857666 215.05972290039062 252.9835147857666 245.4180393218994 229.2541046142578 245.4180393218994
228.0746307373047 214.0686492919922 251.94810104370117 214.0686492919922 251.94810104370117 244.61602210998535 228.0746307373047 244.61602210998535
226.6103057861328 213.9916229248047 249.88108825683594 213.9916229248047 249.88108825683594 244.7742919921875 226.6103057861328 244.7742919921875
224.35791015625 214.18991088867188 248.87030410766602 214.18991088867188 248.87030410766602 244.02590560913086 224.35791015625 244.02590560913086
222.66232299804688 213.89804077148438 247.16090965270996 213.89804077148438 247.16090965270996 243.294921875 222.66232299804688 243.294921875
220.15530395507812 214.13851928710938 245.2712059020996 214.13851928710938 245.2712059020996 242.14803504943848 220.15530395507812 242.14803504943848
218.9407501220703 214.7480926513672 244.2009983062744 214.7480926513672 244.2009983062744 240.99070358276367 218.9407501220703 240.99070358276367
216.7317352294922 214.2794189453125 242.8188133239746 214.2794189453125 242.8188133239746 241.40199851989746 216.7317352294922 241.40199851989746
215.29470825195312 214.20925903320312 240.95962142944336 214.20925903320312 240.95962142944336 241.76141738891602 215.29470825195312 241.76141738891602
212.52798461914062 213.17062377929688 239.18525314331055 213.17062377929688 239.18525314331055 240.09429931640625 212.52798461914062 240.09429931640625
211.8179168701172 213.4276885986328 237.48150634765625 213.4276885986328 237.48150634765625 240.4381217956543 211.8179168701172 240.4381217956543
209.1787567138672 212.3995819091797 234.58308219909668 212.3995819091797 234.58308219909668 239.14712524414062 209.1787567138672 239.14712524414062
208.2232208251953 213.0151824951172 233.0643825531006 213.0151824951172 233.0643825531006 238.91713333129883 208.2232208251953 238.91713333129883
206.4464569091797 213.1314239501953 231.4955711364746 213.1314239501953 231.4955711364746 238.57931900024414 206.4464569091797 238.57931900024414
205.5650177001953 214.1824493408203 229.66459465026855 214.1824493408203 229.66459465026855 239.3279972076416 205.5650177001953 239.3279972076416
203.0104217529297 213.60012817382812 227.51974487304688 213.60012817382812 227.51974487304688 239.03480911254883 203.0104217529297 239.03480911254883
201.45143127441406 213.2538299560547 225.01022911071777 213.2538299560547 225.01022911071777 238.6391201019287 201.45143127441406 238.6391201019287
199.4995574951172 213.3600616455078 223.1163787841797 213.3600616455078 223.1163787841797 237.77433586120605 199.4995574951172 237.77433586120605
196.99937438964844 212.7566680908203 220.27757453918457 212.7566680908203 220.27757453918457 238.0684814453125 196.99937438964844 238.0684814453125
194.6695556640625 212.14266967773438 218.6267967224121 212.14266967773438 218.6267967224121 238.36685180664062 194.6695556640625 238.36685180664062
192.0335693359375 212.37509155273438 215.59953117370605 212.37509155273438 215.59953117370605 238.65740394592285 192.0335693359375 238.65740394592285
190.02708435058594 211.9148712158203 214.25967025756836 211.9148712158203 214.25967025756836 237.51610374450684 190.02708435058594 237.51610374450684
187.3595428466797 211.5050506591797 212.4326877593994 211.5050506591797 212.4326877593994 237.01154708862305 187.3595428466797 237.01154708862305
185.0315704345703 210.55984497070312 210.1357307434082 210.55984497070312 210.1357307434082 237.04891967773438 185.0315704345703 237.04891967773438
183.30044555664062 210.45565795898438 208.43830680847168 210.45565795898438 208.43830680847168 236.52188110351562 183.30044555664062 236.52188110351562
181.72984313964844 210.291015625 207.62225341796875 210.291015625 207.62225341796875 236.0742702484131 181.72984313964844 236.0742702484131
180.6128692626953 209.75265502929688 205.9143238067627 209.75265502929688 205.9143238067627 235.57382583618164 180.6128692626953 235.57382583618164
178.91714477539062 209.3751983642578 203.29633712768555 209.3751983642578 203.29633712768555 235.21842575073242 178.91714477539062 235.21842575073242
175.8974151611328 208.6623992919922 201.03823471069336 208.6623992919922 201.03823471069336 235.27215576171875 175.8974151611328 235.27215576171875
174.1831512451172 208.3383026123047 198.6621913909912 208.3383026123047 198.6621913909912 235.2425880432129 174.1831512451172 235.2425880432129
172.37417602539062 208.62417602539062 197.03249740600586 208.62417602539062 197.03249740600586 235.1704216003418 172.37417602539062 235.1704216003418
171.14761352539062 207.58621215820312 195.55744171142578 207.58621215820312 195.55744171142578 234.79563331604004 171.14761352539062 234.79563331604004
170.18881225585938 207.86843872070312 193.92897415161133 207.86843872070312 193.92897415161133 233.47542190551758 170.18881225585938 233.47542190551758
166.94383239746094 207.2267303466797 191.58392333984375 207.2267303466797 191.58392333984375 233.02195358276367 166.94383239746094 233.02195358276367
165.92929077148438 207.39028930664062 190.8433837890625 207.39028930664062 190.8433837890625 232.90941047668457 165.92929077148438 232.90941047668457
165.46487426757812 207.710205078125 189.18020629882812 207.710205078125 189.18020629882812 232.87775230407715 165.46487426757812 232.87775230407715
164.20022583007812 207.326904296875 188.362154006958 207.326904296875 188.362154006958 232.1396427154541 164.20022583007812 232.1396427154541
163.4552764892578 206.7369384765625 185.71279525756836 206.7369384765625 185.71279525756836 233.3630485534668 163.4552764892578 233.3630485534668
160.97491455078125 206.1903076171875 184.62800788879395 206.1903076171875 184.62800788879395 232.20454025268555 160.97491455078125 232.20454025268555
159.6234130859375 206.1855926513672 183.13131141662598 206.1855926513672 183.13131141662598 233.29877090454102 159.6234130859375 233.29877090454102
158.00851440429688 205.8187713623047 181.5297966003418 205.8187713623047 181.5297966003418 232.97219467163086 158.00851440429688 232.97219467163086
156.62686157226562 206.0616912841797 180.6497344970703 206.0616912841797 180.6497344970703 232.62476539611816 156.62686157226562 232.62476539611816
156.22451782226562 205.5770721435547 179.92998886108398 205.5770721435547 179.92998886108398 233.01678466796875 156.22451782226562 233.01678466796875
154.69606018066406 205.5209503173828 178.6326503753662 205.5209503173828 178.6326503753662 233.45538902282715 154.69606018066406 233.45538902282715
153.00650024414062 204.9474639892578 177.1974697113037 204.9474639892578 177.1974697113037 232.96861839294434 153.00650024414062 232.96861839294434
152.03475952148438 205.2562713623047 175.67658615112305 205.2562713623047 175.67658615112305 231.86354637145996 152.03475952148438 231.86354637145996
150.17385864257812 205.2042694091797 174.01862907409668 205.2042694091797 174.01862907409668 232.61464309692383 150.17385864257812 232.61464309692383
149.440185546875 204.25445556640625 172.57909774780273 204.25445556640625 172.57909774780273 232.15924644470215 149.440185546875 232.15924644470215
147.5246124267578 204.05703735351562 171.32531547546387 204.05703735351562 171.32531547546387 230.84720993041992 147.5246124267578 230.84720993041992
146.78378295898438 202.54928588867188 170.5048370361328 202.54928588867188 170.5048370361328 230.66042709350586 146.78378295898438 230.66042709350586
146.02024841308594 203.12246704101562 169.3443660736084 203.12246704101562 169.3443660736084 230.56935501098633 146.02024841308594 230.56935501098633
144.49411010742188 203.0713348388672 168.17549324035645 203.0713348388672 168.17549324035645 230.94863510131836 144.49411010742188 230.94863510131836
144.19241333007812 202.57785034179688 167.4267292022705 202.57785034179688 167.4267292022705 230.7760410308838 144.19241333007812 230.7760410308838
142.76919555664062 202.20639038085938 166.67547035217285 202.20639038085938 166.67547035217285 229.05472946166992 142.76919555664062 229.05472946166992
142.42947387695312 202.52615356445312 165.8947868347168 202.52615356445312 165.8947868347168 228.8009738922119 142.42947387695312 228.8009738922119
141.57347106933594 202.7439727783203 165.25100708007812 202.7439727783203 165.25100708007812 228.51476669311523 141.57347106933594 228.51476669311523
141.34188842773438 201.38525390625 164.2525863647461 201.38525390625 164.2525863647461 227.92913818359375 141.34188842773438 227.92913818359375
139.77438354492188 201.09068298339844 163.54556274414062 201.09068298339844 163.54556274414062 227.77740478515625 139.77438354492188 227.77740478515625
139.57188415527344 201.572021484375 162.68264389038086 201.572021484375 162.68264389038086 228.28403091430664 139.57188415527344 228.28403091430664
138.77767944335938 201.25814819335938 162.6432228088379 201.25814819335938 162.6432228088379 226.67436981201172 138.77767944335938 226.67436981201172
138.26034545898438 200.94813537597656 162.0836639404297 200.94813537597656 162.0836639404297 227.5583152770996 138.26034545898438 227.5583152770996
137.514892578125 200.87310791015625 161.62625312805176 200.87310791015625 161.62625312805176 226.85934448242188 137.514892578125 226.85934448242188
135.89682006835938 201.52011108398438 161.0605010986328 201.52011108398438 161.0605010986328 227.57569313049316 135.89682006835938 227.57569313049316
135.26364135742188 201.17776489257812 159.7646484375 201.17776489257812 159.7646484375 227.04129600524902 135.26364135742188 227.04129600524902
134.39932250976562 201.0546417236328 158.88006973266602 201.0546417236328 158.88006973266602 226.5692081451416 134.39932250976562 226.5692081451416
133.7935791015625 200.60537719726562 157.45650482177734 200.60537719726562 157.45650482177734 225.9428768157959 133.7935791015625 225.9428768157959
132.71290588378906 200.90469360351562 156.72616958618164 200.90469360351562 156.72616958618164 227.14081382751465 132.71290588378906 227.14081382751465
132.3127899169922 201.3609161376953 155.78314590454102 201.3609161376953 155.78314590454102 226.90048217773438 132.3127899169922 226.90048217773438
131.32846069335938 200.99459838867188 154.7236671447754 200.99459838867188 154.7236671447754 226.20137977600098 131.32846069335938 226.20137977600098
130.38356018066406 200.4858856201172 153.80647659301758 200.4858856201172 153.80647659301758 225.6531524658203 130.38356018066406 225.6531524658203
128.29946899414062 199.89158630371094 152.2990665435791 199.89158630371094 152.2990665435791 224.93552780151367 128.29946899414062 224.93552780151367
127.3908920288086 200.56961059570312 150.81376457214355 200.56961059570312 150.81376457214355 224.72539138793945 127.3908920288086 224.72539138793945
125.9188461303711 200.00006103515625 149.49982070922852 200.00006103515625 149.49982070922852 225.07020568847656 125.9188461303711 225.07020568847656
124.20881652832031 200.73861694335938 147.7637882232666 200.73861694335938 147.7637882232666 224.94030952453613 124.20881652832031 224.94030952453613
123.59199523925781 199.9657745361328 147.00900650024414 199.9657745361328 147.00900650024414 224.92396926879883 123.59199523925781 224.92396926879883
122.44441986083984 199.7799835205078 145.89592361450195 199.7799835205078 145.89592361450195 224.3097152709961 122.44441986083984 224.3097152709961
121.08784484863281 199.19654846191406 143.94558334350586 199.19654846191406 143.94558334350586 223.343017578125 121.08784484863281 223.343017578125
119.33222961425781 198.56637573242188 142.85341835021973 198.56637573242188 142.85341835021973 223.08624839782715 119.33222961425781 223.08624839782715
118.65582275390625 199.17449951171875 141.39591598510742 199.17449951171875 141.39591598510742 223.2098388671875 118.65582275390625 223.2098388671875
117.82847595214844 198.82041931152344 140.4878330230713 198.82041931152344 140.4878330230713 223.00147247314453 117.82847595214844 223.00147247314453
116.41749572753906 198.8038330078125 139.16789627075195 198.8038330078125 139.16789627075195 222.12915802001953 116.41749572753906 222.12915802001953
114.98079681396484 198.3330078125 138.7165184020996 198.3330078125 138.7165184020996 222.75668716430664 114.98079681396484 222.75668716430664
113.94450378417969 198.54165649414062 137.50482559204102 198.54165649414062 137.50482559204102 222.00039100646973 113.94450378417969 222.00039100646973
112.924072265625 197.86972045898438 136.4546661376953 197.86972045898438 136.4546661376953 222.4373893737793 112.924072265625 222.4373893737793
111.63262939453125 196.86141967773438 135.26793098449707 196.86141967773438 135.26793098449707 222.77131271362305 111.63262939453125 222.77131271362305
110.44618225097656 198.10247802734375 134.45382118225098 198.10247802734375 134.45382118225098 222.3664436340332 110.44618225097656 222.3664436340332
108.93266296386719 196.77099609375 133.1992244720459 196.77099609375 133.1992244720459 221.39209747314453 108.93266296386719 221.39209747314453
107.87770080566406 196.4596710205078 132.07280921936035 196.4596710205078 132.07280921936035 221.05113792419434 107.87770080566406 221.05113792419434
106.75907897949219 196.18260192871094 130.33452224731445 196.18260192871094 130.33452224731445 221.6576805114746 106.75907897949219 221.6576805114746
105.40016174316406 196.5655975341797 128.8387565612793 196.5655975341797 128.8387565612793 221.98700714111328 105.40016174316406 221.98700714111328
103.9468765258789 196.68775939941406 127.72348022460938 196.68775939941406 127.72348022460938 221.07811164855957 103.9468765258789 221.07811164855957
103.34794616699219 196.43971252441406 126.89951515197754 196.43971252441406 126.89951515197754 221.02107429504395 103.34794616699219 221.02107429504395
102.4393081665039 195.82870483398438 125.38342094421387 195.82870483398438 125.38342094421387 220.88734817504883 102.4393081665039 220.88734817504883
102.31349182128906 196.164794921875 124.85052680969238 196.164794921875 124.85052680969238 221.15564918518066 102.31349182128906 221.15564918518066
100.97004699707031 196.10154724121094 123.16217231750488 196.10154724121094 123.16217231750488 221.04262351989746 100.97004699707031 221.04262351989746
99.65696716308594 195.37156677246094 122.2872085571289 195.37156677246094 122.2872085571289 220.42209434509277 99.65696716308594 220.42209434509277
98.31582641601562 194.8395538330078 120.75101089477539 194.8395538330078 120.75101089477539 220.51938819885254 98.31582641601562 220.51938819885254
95.60000610351562 194.39266967773438 118.7817497253418 194.39266967773438 118.7817497253418 220.0125331878662 95.60000610351562 220.0125331878662
95.3509292602539 194.05548095703125 118.37263298034668 194.05548095703125 118.37263298034668 219.6389045715332 95.3509292602539 219.6389045715332
95.03541564941406 193.81002807617188 117.83967208862305 193.81002807617188 117.83967208862305 219.6658115386963 95.03541564941406 219.6658115386963
93.61967468261719 194.08920288085938 116.37219619750977 194.08920288085938 116.37219619750977 220.07215881347656 93.61967468261719 220.07215881347656
91.4176254272461 194.02786254882812 114.80104446411133 194.02786254882812 114.80104446411133 220.31424522399902 91.4176254272461 220.31424522399902
90.78255462646484 193.64700317382812 114.39452743530273 193.64700317382812 114.39452743530273 219.3694610595703 90.78255462646484 219.3694610595703
89.62416076660156 193.6864013671875 112.56378173828125 193.6864013671875 112.56378173828125 219.7921848297119 89.62416076660156 219.7921848297119
87.92731475830078 193.24996948242188 110.7950553894043 193.24996948242188 110.7950553894043 219.46034240722656 87.92731475830078 219.46034240722656
87.79975891113281 194.00254821777344 109.81805419921875 194.00254821777344 109.81805419921875 219.41051864624023 87.79975891113281 219.41051864624023
86.69183349609375 194.05235290527344 108.96015548706055 194.05235290527344 108.96015548706055 218.98623085021973 86.69183349609375 218.98623085021973
84.56783294677734 194.0943145751953 107.02940940856934 194.0943145751953 107.02940940856934 218.98862266540527 84.56783294677734 218.98862266540527
83.51188659667969 192.59963989257812 106.35031700134277 192.59963989257812 106.35031700134277 218.37529373168945 83.51188659667969 218.37529373168945
81.53539276123047 192.15248107910156 104.74729537963867 192.15248107910156 104.74729537963867 218.39996337890625 81.53539276123047 218.39996337890625
80.42918395996094 192.8638153076172 103.74580001831055 192.8638153076172 103.74580001831055 218.1621208190918 80.42918395996094 218.1621208190918
79.31083679199219 191.8688507080078 102.56716537475586 191.8688507080078 102.56716537475586 217.7391300201416 79.31083679199219 217.7391300201416
77.84175109863281 191.5306854248047 101.36295318603516 191.5306854248047 101.36295318603516 218.17913246154785 77.84175109863281 218.17913246154785
76.17058563232422 190.11581420898438 99.22909164428711 190.11581420898438 99.22909164428711 217.89556312561035 76.17058563232422 217.89556312561035
74.27877807617188 189.09902954101562 97.45656394958496 189.09902954101562 97.45656394958496 217.83947372436523 74.27877807617188 217.83947372436523
73.00129699707031 190.46768188476562 97.16153907775879 190.46768188476562 97.16153907775879 218.80141067504883 73.00129699707031 218.80141067504883
70.2329330444336 188.61215209960938 94.22789192199707 188.61215209960938 94.22789192199707 218.3658905029297 70.2329330444336 218.3658905029297
69.12155151367188 188.35775756835938 92.9031925201416 188.35775756835938 92.9031925201416 217.84698104858398 69.12155151367188 217.84698104858398
69.24280548095703 189.97474670410156 93.55630874633789 189.97474670410156 93.55630874633789 216.76816177368164 69.24280548095703 216.76816177368164
67.13800048828125 189.52528381347656 90.74189758300781 189.52528381347656 90.74189758300781 216.98930740356445 67.13800048828125 216.98930740356445
66.5902328491211 188.96115112304688 90.62072372436523 188.96115112304688 90.62072372436523 216.43207359313965 66.5902328491211 216.43207359313965
65.03557586669922 189.80133056640625 88.54097366333008 189.80133056640625 88.54097366333008 217.21458435058594 65.03557586669922 217.21458435058594
63.03759765625 189.9954071044922 85.72813034057617 189.9954071044922 85.72813034057617 217.37130737304688 63.03759765625 217.37130737304688
61.091392517089844 189.9659423828125 84.78614616394043 189.9659423828125 84.78614616394043 216.93378257751465 61.091392517089844 216.93378257751465
60.674049377441406 189.77488708496094 84.18833923339844 189.77488708496094 84.18833923339844 216.44910049438477 60.674049377441406 216.44910049438477
59.038002014160156 189.27877807617188 82.08142852783203 189.27877807617188 82.08142852783203 216.00308227539062 59.038002014160156 216.00308227539062
60.100608825683594 189.00131225585938 82.41276931762695 189.00131225585938 82.41276931762695 216.13080215454102 60.100608825683594 216.13080215454102
58.96289825439453 188.58786010742188 80.75998306274414 188.58786010742188 80.75998306274414 216.5492286682129 58.96289825439453 216.5492286682129
58.160736083984375 188.13743591308594 79.88591575622559 188.13743591308594 79.88591575622559 214.9600887298584 58.160736083984375 214.9600887298584
57.866676330566406 187.95840454101562 79.75617599487305 187.95840454101562 79.75617599487305 214.06533432006836 57.866676330566406 214.06533432006836
57.32450485229492 188.34097290039062 80.55902862548828 188.34097290039062 80.55902862548828 215.41168212890625 57.32450485229492 215.41168212890625
56.58673095703125 188.30233764648438 79.21928787231445 188.30233764648438 79.21928787231445 214.47963523864746 56.58673095703125 214.47963523864746
54.92119216918945 187.69485473632812 77.84791374206543 187.69485473632812 77.84791374206543 213.32858657836914 54.92119216918945 213.32858657836914
54.2803840637207 187.6978759765625 77.33340835571289 187.6978759765625 77.33340835571289 213.9881191253662 54.2803840637207 213.9881191253662
52.280487060546875 186.43624877929688 75.3382625579834 186.43624877929688 75.3382625579834 213.6022491455078 52.280487060546875 213.6022491455078
51.8369140625 186.23731994628906 74.00322914123535 186.23731994628906 74.00322914123535 213.79448890686035 51.8369140625 213.79448890686035
51.92523193359375 185.5688018798828 74.83877182006836 185.5688018798828 74.83877182006836 213.2428493499756 51.92523193359375 213.2428493499756
49.560752868652344 186.2349853515625 71.84729194641113 186.2349853515625 71.84729194641113 214.28741836547852 49.560752868652344 214.28741836547852
51.153812408447266 185.7648468017578 72.99230575561523 185.7648468017578 72.99230575561523 213.28407669067383 51.153812408447266 213.28407669067383
49.4576530456543 186.17984008789062 72.02747344970703 186.17984008789062 72.02747344970703 213.86463928222656 49.4576530456543 213.86463928222656
48.859718322753906 185.00601196289062 72.17428588867188 185.00601196289062 72.17428588867188 214.11916542053223 48.859718322753906 214.11916542053223
48.54594039916992 185.00576782226562 70.68444442749023 185.00576782226562 70.68444442749023 213.09621047973633 48.54594039916992 213.09621047973633
48.04673767089844 184.32681274414062 70.81571578979492 184.32681274414062 70.81571578979492 213.56056594848633 48.04673767089844 213.56056594848633
46.91147994995117 184.9640655517578 70.08597564697266 184.9640655517578 70.08597564697266 213.29197311401367 46.91147994995117 213.29197311401367
46.820274353027344 183.9363555908203 70.1570987701416 183.9363555908203 70.1570987701416 213.3494529724121 46.820274353027344 213.3494529724121
47.348609924316406 184.92074584960938 70.71087646484375 184.92074584960938 70.71087646484375 213.23894882202148 47.348609924316406 213.23894882202148
46.402626037597656 183.4057159423828 70.00291061401367 183.4057159423828 70.00291061401367 213.11330032348633 46.402626037597656 213.11330032348633
46.73530960083008 184.2552490234375 70.18691635131836 184.2552490234375 70.18691635131836 213.93980979919434 46.73530960083008 213.93980979919434
47.00178146362305 183.22787475585938 70.59607124328613 183.22787475585938 70.59607124328613 214.05097007751465 47.00178146362305 214.05097007751465
47.7112922668457 182.9711456298828 71.06050491333008 182.9711456298828 71.06050491333008 212.73130416870117 47.7112922668457 212.73130416870117
46.76044845581055 182.52540588378906 70.20196533203125 182.52540588378906 70.20196533203125 213.41852378845215 46.76044845581055 213.41852378845215
47.153724670410156 183.5895538330078 70.04318237304688 183.5895538330078 70.04318237304688 212.39244651794434 47.153724670410156 212.39244651794434
47.07858657836914 182.56887817382812 70.26075744628906 182.56887817382812 70.26075744628906 211.7892665863037 47.07858657836914 211.7892665863037
46.91559982299805 183.03390502929688 70.59685516357422 183.03390502929688 70.59685516357422 212.3997459411621 46.91559982299805 212.3997459411621
46.464630126953125 182.3475341796875 70.24579238891602 182.3475341796875 70.24579238891602 212.4223690032959 46.464630126953125 212.4223690032959
46.51789855957031 183.28651428222656 70.21761703491211 183.28651428222656 70.21761703491211 212.36826133728027 46.51789855957031 212.36826133728027
45.755374908447266 181.8957061767578 69.09695434570312 181.8957061767578 69.09695434570312 211.6149139404297 45.755374908447266 211.6149139404297
46.498779296875 182.97608947753906 69.31371688842773 182.97608947753906 69.31371688842773 212.1660671234131 46.498779296875 212.1660671234131
45.842437744140625 183.8815460205078 68.65273666381836 183.8815460205078 68.65273666381836 212.43772506713867 45.842437744140625 212.43772506713867
46.107200622558594 183.58773803710938 68.72788619995117 183.58773803710938 68.72788619995117 211.9189968109131 46.107200622558594 211.9189968109131
44.940887451171875 182.2817840576172 67.60583305358887 182.2817840576172 67.60583305358887 211.2627410888672 44.940887451171875 211.2627410888672
45.35860824584961 182.89505004882812 68.22902488708496 182.89505004882812 68.22902488708496 210.86728286743164 45.35860824584961 210.86728286743164
44.88977813720703 182.4235076904297 67.86569595336914 182.4235076904297 67.86569595336914 210.31048011779785 44.88977813720703 210.31048011779785
45.04327392578125 182.4735565185547 67.82024002075195 182.4735565185547 67.82024002075195 210.7348175048828 45.04327392578125 210.7348175048828
44.83650207519531 182.9835205078125 67.54512596130371 182.9835205078125 67.54512596130371 210.651123046875 44.83650207519531 210.651123046875
44.45565414428711 182.60421752929688 67.50176048278809 182.60421752929688 67.50176048278809 210.33132553100586 44.45565414428711 210.33132553100586
44.1096305847168 181.87033081054688 67.55993461608887 181.87033081054688 67.55993461608887 209.58245849609375 44.1096305847168 209.58245849609375
43.91898727416992 182.60086059570312 66.91255760192871 182.60086059570312 66.91255760192871 209.70076942443848 43.91898727416992 209.70076942443848
44.05398178100586 183.23353576660156 66.99056243896484 183.23353576660156 66.99056243896484 210.35782432556152 44.05398178100586 210.35782432556152
43.1845703125 183.44784545898438 66.31579780578613 183.44784545898438 66.31579780578613 210.9839630126953 43.1845703125 210.9839630126953
42.78301239013672 182.55648803710938 65.85368919372559 182.55648803710938 65.85368919372559 209.82930946350098 42.78301239013672 209.82930946350098
42.29564666748047 182.4530029296875 65.8585262298584 182.4530029296875 65.8585262298584 210.3590145111084 42.29564666748047 210.3590145111084
42.206138610839844 183.16311645507812 65.90325546264648 183.16311645507812 65.90325546264648 210.56589698791504 42.206138610839844 210.56589698791504
42.07123565673828 182.26173400878906 65.97025489807129 182.26173400878906 65.97025489807129 210.15627479553223 42.07123565673828 210.15627479553223
41.457130432128906 182.7159881591797 65.50162124633789 182.7159881591797 65.50162124633789 209.73677444458008 41.457130432128906 209.73677444458008
39.880340576171875 181.53668212890625 64.66844177246094 181.53668212890625 64.66844177246094 209.28364181518555 39.880340576171875 209.28364181518555
41.17240524291992 183.3979949951172 65.42926025390625 183.3979949951172 65.42926025390625 211.1442985534668 41.17240524291992 211.1442985534668
39.47869873046875 181.80239868164062 64.53446388244629 181.80239868164062 64.53446388244629 209.21152687072754 39.47869873046875 209.21152687072754
32.58763885498047 179.79454040527344 58.29824638366699 179.79454040527344 58.29824638366699 209.45778274536133 32.58763885498047 209.45778274536133
33.3567008972168 179.16690063476562 58.79039192199707 179.16690063476562 58.79039192199707 208.15480995178223 33.3567008972168 208.15480995178223
33.15840530395508 179.53445434570312 58.31139945983887 179.53445434570312 58.31139945983887 208.21148681640625 33.15840530395508 208.21148681640625
32.63432693481445 179.50872802734375 57.79129981994629 179.50872802734375 57.79129981994629 207.62098693847656 32.63432693481445 207.62098693847656
