546.0 58.0 583.0 58.0 583.0 156.0 546.0 156.0
543.05517578125 63.286598205566406 580.3685073852539 63.286598205566406 580.3685073852539 159.58385467529297 543.05517578125 159.58385467529297
541.6673583984375 65.96774291992188 578.8153800964355 65.96774291992188 578.8153800964355 160.92152404785156 541.6673583984375 160.92152404785156
537.505859375 67.37264251708984 575.1678695678711 67.37264251708984 575.1678695678711 167.12609100341797 537.505859375 167.12609100341797
534.1349487304688 68.94206237792969 571.6838760375977 68.94206237792969 571.6838760375977 167.16014099121094 534.1349487304688 167.16014099121094
529.4612426757812 69.03422546386719 567.4630699157715 69.03422546386719 567.4630699157715 169.68772888183594 529.4612426757812 169.68772888183594
526.5491333007812 73.96580505371094 565.3020477294922 73.96580505371094 565.3020477294922 172.34413146972656 526.5491333007812 172.34413146972656
521.5232543945312 77.27110290527344 561.1396064758301 77.27110290527344 561.1396064758301 173.28143310546875 521.5232543945312 173.28143310546875
514.6029052734375 79.9375 554.3553161621094 79.9375 554.3553161621094 176.7527618408203 514.6029052734375 176.7527618408203
510.529052734375 81.48475646972656 549.9498405456543 81.48475646972656 549.9498405456543 178.88070678710938 510.529052734375 178.88070678710938
503.2980041503906 84.32476043701172 543.9448928833008 84.32476043701172 543.9448928833008 181.35841369628906 503.2980041503906 181.35841369628906
498.2361755371094 86.87651824951172 540.2272186279297 86.87651824951172 540.2272186279297 181.66806030273438 498.2361755371094 181.66806030273438
490.54339599609375 88.90521240234375 532.3711967468262 88.90521240234375 532.3711967468262 183.7207489013672 490.54339599609375 183.7207489013672
486.544677734375 89.74256134033203 529.0811042785645 89.74256134033203 529.0811042785645 182.5043716430664 486.544677734375 182.5043716430664
476.380126953125 92.58491516113281 518.4259376525879 92.58491516113281 518.4259376525879 184.5898208618164 476.380126953125 184.5898208618164
472.84588623046875 92.25151824951172 515.9543342590332 92.25151824951172 515.9543342590332 184.82318878173828 472.84588623046875 184.82318878173828
451.89007568359375 96.69712829589844 491.8565139770508 96.69712829589844 491.8565139770508 201.5102996826172 451.89007568359375 201.5102996826172
446.25164794921875 100.13890838623047 486.32616806030273 100.13890838623047 486.32616806030273 202.96501922607422 446.25164794921875 202.96501922607422
442.7176818847656 101.03977966308594 482.6740264892578 101.03977966308594 482.6740264892578 205.8767318725586 442.7176818847656 205.8767318725586
439.24969482421875 101.36863708496094 480.82588958740234 101.36863708496094 480.82588958740234 207.54488372802734 439.24969482421875 207.54488372802734
438.56939697265625 97.64155578613281 479.4137763977051 97.64155578613281 479.4137763977051 205.82394409179688 438.56939697265625 205.82394409179688
428.313232421875 99.5853042602539 469.06571197509766 99.5853042602539 469.06571197509766 207.5242919921875 428.313232421875 207.5242919921875
424.6712951660156 100.8100814819336 465.66626739501953 100.8100814819336 465.66626739501953 209.39134216308594 424.6712951660156 209.39134216308594
405.1710205078125 102.05565643310547 446.15319061279297 102.05565643310547 446.15319061279297 210.6030044555664 405.1710205078125 210.6030044555664
401.31414794921875 105.53889465332031 441.81601333618164 105.53889465332031 441.81601333618164 212.81407928466797 401.31414794921875 212.81407928466797
389.3669738769531 107.65116882324219 430.1792182922363 107.65116882324219 430.1792182922363 215.74844360351562 389.3669738769531 215.74844360351562
377.64031982421875 106.78193664550781 418.6517639160156 106.78193664550781 418.6517639160156 215.40682983398438 377.64031982421875 215.40682983398438
368.8653869628906 111.42115783691406 409.02330780029297 111.42115783691406 409.02330780029297 217.78536987304688 368.8653869628906 217.78536987304688
364.34033203125 108.9906005859375 405.3696517944336 108.9906005859375 405.3696517944336 217.66282653808594 364.34033203125 217.66282653808594
355.4117736816406 112.6394271850586 396.6194305419922 112.6394271850586 396.6194305419922 221.78400421142578 355.4117736816406 221.78400421142578
348.69866943359375 108.5528793334961 390.26586532592773 108.5528793334961 390.26586532592773 218.64974212646484 348.69866943359375 218.64974212646484
350.447509765625 108.1190414428711 391.1470413208008 108.1190414428711 391.1470413208008 215.9177703857422 350.447509765625 215.9177703857422
365.0665283203125 125.9117202758789 405.0867385864258 125.9117202758789 405.0867385864258 231.9111557006836 365.0665283203125 231.9111557006836
322.8675231933594 133.9053955078125 362.450927734375 133.9053955078125 362.450927734375 238.7478790283203 322.8675231933594 238.7478790283203
308.19677734375 128.90481567382812 347.55845642089844 128.90481567382812 347.55845642089844 233.16002655029297 308.19677734375 233.16002655029297
309.88372802734375 118.2320556640625 350.2149353027344 118.2320556640625 350.2149353027344 223.4509048461914 309.88372802734375 223.4509048461914
305.06634521484375 112.1047592163086 344.85887908935547 112.1047592163086 344.85887908935547 217.50115966796875 305.06634521484375 217.50115966796875
297.4711608886719 115.78645324707031 338.5876235961914 115.78645324707031 338.5876235961914 221.03994750976562 297.4711608886719 221.03994750976562
287.287353515625 114.0599365234375 327.6859817504883 114.0599365234375 327.6859817504883 221.0616683959961 287.287353515625 221.0616683959961
277.4109802246094 119.79414367675781 317.1334228515625 119.79414367675781 317.1334228515625 225.00489807128906 277.4109802246094 225.00489807128906
272.21600341796875 113.7679214477539 311.9840621948242 113.7679214477539 311.9840621948242 219.09950256347656 272.21600341796875 219.09950256347656
259.5243835449219 114.5416259765625 299.2850151062012 114.5416259765625 299.2850151062012 219.85353088378906 259.5243835449219 219.85353088378906
254.9271240234375 115.615478515625 294.9734115600586 115.615478515625 294.9734115600586 221.68399810791016 254.9271240234375 221.68399810791016
241.9015655517578 114.58241271972656 282.557559967041 114.58241271972656 282.557559967041 222.2658233642578 241.9015655517578 222.2658233642578
235.4569549560547 112.68861389160156 277.4629821777344 112.68861389160156 277.4629821777344 223.94778442382812 235.4569549560547 223.94778442382812
228.22640991210938 111.73492431640625 270.6499366760254 111.73492431640625 270.6499366760254 220.8680191040039 228.22640991210938 220.8680191040039
216.83291625976562 111.43583679199219 258.16028213500977 111.43583679199219 258.16028213500977 220.8974838256836 216.83291625976562 220.8974838256836
213.34469604492188 109.79869079589844 255.07698440551758 109.79869079589844 255.07698440551758 220.33283233642578 213.34469604492188 220.33283233642578
198.4601593017578 107.33821868896484 240.80890274047852 107.33821868896484 240.80890274047852 219.50513458251953 198.4601593017578 219.50513458251953
195.7203369140625 108.8037109375 237.24699783325195 108.8037109375 237.24699783325195 218.793212890625 195.7203369140625 218.793212890625
183.6267547607422 106.29747009277344 225.20438385009766 106.29747009277344 225.20438385009766 216.42195892333984 183.6267547607422 216.42195892333984
171.50973510742188 107.37451171875 212.99884796142578 107.37451171875 212.99884796142578 217.2645492553711 171.50973510742188 217.2645492553711
167.3392791748047 104.48211669921875 208.64569854736328 104.48211669921875 208.64569854736328 213.88826751708984 167.3392791748047 213.88826751708984
160.0628204345703 105.69730377197266 200.78155136108398 105.69730377197266 200.78155136108398 213.546875 160.0628204345703 213.546875
156.09268188476562 105.86470031738281 195.7899055480957 105.86470031738281 195.7899055480957 211.00865936279297 156.09268188476562 211.00865936279297
147.81832885742188 105.1005859375 187.25629806518555 105.1005859375 187.25629806518555 209.55787658691406 147.81832885742188 209.55787658691406
145.21563720703125 104.65511322021484 184.67828369140625 104.65511322021484 184.67828369140625 209.17777252197266 145.21563720703125 209.17777252197266
140.89697265625 102.76019287109375 179.9134292602539 102.76019287109375 179.9134292602539 206.10105895996094 140.89697265625 206.10105895996094
135.0438690185547 98.4048843383789 173.9323959350586 98.4048843383789 173.9323959350586 201.40691375732422 135.0438690185547 201.40691375732422
134.11660766601562 102.44268798828125 172.52268600463867 102.44268798828125 172.52268600463867 204.16688537597656 134.11660766601562 204.16688537597656
127.23796081542969 98.86341857910156 165.51234436035156 98.86341857910156 165.51234436035156 200.23880004882812 127.23796081542969 200.23880004882812
125.13761901855469 98.61866760253906 163.30752182006836 98.61866760253906 163.30752182006836 199.71731567382812 125.13761901855469 199.71731567382812
123.6828842163086 98.211669921875 161.89818954467773 98.211669921875 161.89818954467773 199.43057250976562 123.6828842163086 199.43057250976562
119.06219482421875 97.58891296386719 158.03308868408203 97.58891296386719 158.03308868408203 196.05562591552734 119.06219482421875 196.05562591552734
117.91392517089844 96.10102844238281 156.15585708618164 96.10102844238281 156.15585708618164 197.39044189453125 117.91392517089844 197.39044189453125
113.85450744628906 94.6179428100586 152.3248405456543 94.6179428100586 152.3248405456543 196.5123062133789 113.85450744628906 196.5123062133789
112.49858093261719 96.8941879272461 150.93861770629883 96.8941879272461 150.93861770629883 198.70830535888672 112.49858093261719 198.70830535888672
108.8952865600586 91.5217056274414 148.36790084838867 91.5217056274414 148.36790084838867 196.0707550048828 108.8952865600586 196.0707550048828
109.30242919921875 90.83264923095703 149.21337890625 90.83264923095703 149.21337890625 196.54269409179688 109.30242919921875 196.54269409179688
107.61161041259766 89.44868469238281 147.72716522216797 89.44868469238281 147.72716522216797 195.7006607055664 107.61161041259766 195.7006607055664
108.3475570678711 87.3996810913086 147.94895553588867 87.3996810913086 147.94895553588867 192.2898406982422 108.3475570678711 192.2898406982422
106.04768371582031 85.80952453613281 145.81810760498047 85.80952453613281 145.81810760498047 191.14736938476562 106.04768371582031 191.14736938476562
105.48771667480469 83.59539794921875 145.94543838500977 83.59539794921875 145.94543838500977 188.67364501953125 105.48771667480469 188.67364501953125
106.4439468383789 82.73381042480469 147.00903701782227 82.73381042480469 147.00903701782227 190.1764373779297 106.4439468383789 190.1764373779297
106.72139739990234 79.13941192626953 147.96249389648438 79.13941192626953 147.96249389648438 188.37254333496094 106.72139739990234 188.37254333496094
108.40301513671875 78.08883666992188 150.05324172973633 78.08883666992188 150.05324172973633 186.07555389404297 108.40301513671875 186.07555389404297
109.95304870605469 74.34242248535156 150.8934669494629 74.34242248535156 150.8934669494629 182.7791748046875 109.95304870605469 182.7791748046875
113.4205322265625 75.28082275390625 156.45130157470703 75.28082275390625 156.45130157470703 178.93609619140625 113.4205322265625 178.93609619140625
114.6808090209961 71.59351348876953 156.82540893554688 71.59351348876953 156.82540893554688 178.37532806396484 114.6808090209961 178.37532806396484
115.77433776855469 72.8879623413086 159.2313575744629 72.8879623413086 159.2313575744629 181.40741729736328 115.77433776855469 181.40741729736328
119.9591293334961 71.45721435546875 162.8675651550293 71.45721435546875 162.8675651550293 175.009521484375 119.9591293334961 175.009521484375
121.84967041015625 69.54060363769531 164.03376007080078 69.54060363769531 164.03376007080078 170.4339599609375 121.84967041015625 170.4339599609375
126.6968765258789 70.09932708740234 168.47494888305664 70.09932708740234 168.47494888305664 170.37935638427734 126.6968765258789 170.37935638427734
127.90687561035156 67.15644836425781 171.6789894104004 67.15644836425781 171.6789894104004 168.51907348632812 127.90687561035156 168.51907348632812
132.83753967285156 65.91630554199219 174.8470802307129 65.91630554199219 174.8470802307129 167.9866943359375 132.83753967285156 167.9866943359375
137.32595825195312 62.7406120300293 179.30244827270508 62.7406120300293 179.30244827270508 160.8357810974121 137.32595825195312 160.8357810974121
140.69541931152344 62.09442138671875 182.23139190673828 62.09442138671875 182.23139190673828 163.2115249633789 140.69541931152344 163.2115249633789
141.93133544921875 59.4705924987793 183.06971740722656 59.4705924987793 183.06971740722656 159.04449081420898 141.93133544921875 159.04449081420898
148.55999755859375 60.27416229248047 190.79896926879883 60.27416229248047 190.79896926879883 158.74750518798828 148.55999755859375 158.74750518798828
151.32907104492188 57.85451126098633 193.11514282226562 57.85451126098633 193.11514282226562 158.4628791809082 151.32907104492188 158.4628791809082
156.3000946044922 54.81538009643555 197.5708885192871 54.81538009643555 197.5708885192871 154.78435897827148 156.3000946044922 154.78435897827148
158.79177856445312 54.71697235107422 200.6731948852539 54.71697235107422 200.6731948852539 151.30503845214844 158.79177856445312 151.30503845214844
164.94131469726562 55.89992141723633 205.6374397277832 55.89992141723633 205.6374397277832 152.98410415649414 164.94131469726562 152.98410415649414
168.4576873779297 53.96118927001953 209.44067001342773 53.96118927001953 209.44067001342773 151.02918243408203 168.4576873779297 151.02918243408203
174.2291717529297 51.78392791748047 214.2767105102539 51.78392791748047 214.2767105102539 148.23834991455078 174.2291717529297 148.23834991455078
176.05628967285156 50.59749221801758 215.54571533203125 50.59749221801758 215.54571533203125 148.40149307250977 176.05628967285156 148.40149307250977
181.7867431640625 49.477691650390625 220.49641799926758 49.477691650390625 220.49641799926758 149.80601501464844 181.7867431640625 149.80601501464844
182.63885498046875 45.797122955322266 222.02401733398438 45.797122955322266 222.02401733398438 148.68892288208008 182.63885498046875 148.68892288208008
183.11248779296875 48.3739128112793 222.75957107543945 48.3739128112793 222.75957107543945 153.1051139831543 183.11248779296875 153.1051139831543
180.55093383789062 49.64572525024414 218.80887603759766 49.64572525024414 218.80887603759766 150.5721092224121 180.55093383789062 150.5721092224121
179.41700744628906 50.72536087036133 217.0799903869629 50.72536087036133 217.0799903869629 152.91313552856445 179.41700744628906 152.91313552856445
176.02407836914062 54.946937561035156 213.53294372558594 54.946937561035156 213.53294372558594 156.5120391845703 176.02407836914062 156.5120391845703
173.68821716308594 57.33704376220703 212.44904708862305 57.33704376220703 212.44904708862305 160.12158966064453 173.68821716308594 160.12158966064453
170.1582794189453 61.63518142700195 208.63841247558594 61.63518142700195 208.63841247558594 159.89899063110352 170.1582794189453 159.89899063110352
167.40020751953125 63.085060119628906 205.28899002075195 63.085060119628906 205.28899002075195 162.8412094116211 167.40020751953125 162.8412094116211
167.00379943847656 69.08918762207031 205.18432998657227 69.08918762207031 205.18432998657227 166.91102600097656 167.00379943847656 166.91102600097656
163.6867218017578 74.2655258178711 200.65827560424805 74.2655258178711 200.65827560424805 169.43482208251953 163.6867218017578 169.43482208251953
162.7908172607422 76.42317199707031 200.3025779724121 76.42317199707031 200.3025779724121 173.06820678710938 162.7908172607422 173.06820678710938
159.1715545654297 80.13933563232422 197.26526260375977 80.13933563232422 197.26526260375977 173.92935180664062 159.1715545654297 173.92935180664062
158.18771362304688 82.11405944824219 194.84614181518555 82.11405944824219 194.84614181518555 177.86138916015625 158.18771362304688 177.86138916015625
156.42550659179688 85.23917388916016 193.50505447387695 85.23917388916016 193.50505447387695 177.1039810180664 156.42550659179688 177.1039810180664
154.9960174560547 89.82215881347656 191.37485885620117 89.82215881347656 191.37485885620117 182.0529327392578 154.9960174560547 182.0529327392578
152.65811157226562 91.4976806640625 188.58990859985352 91.4976806640625 188.58990859985352 183.48909759521484 152.65811157226562 183.48909759521484
150.47032165527344 97.71018981933594 187.1250991821289 97.71018981933594 187.1250991821289 188.0154800415039 150.47032165527344 188.0154800415039
148.1420440673828 99.15572357177734 183.37566757202148 99.15572357177734 183.37566757202148 189.021484375 148.1420440673828 189.021484375
148.551513671875 101.80424499511719 184.7263946533203 101.80424499511719 184.7263946533203 190.7083740234375 148.551513671875 190.7083740234375
145.94985961914062 103.92332458496094 180.67141342163086 103.92332458496094 180.67141342163086 190.45681762695312 145.94985961914062 190.45681762695312
145.9127655029297 109.98014831542969 180.6431655883789 109.98014831542969 180.6431655883789 193.42168426513672 145.9127655029297 193.42168426513672
140.83657836914062 113.36043548583984 175.99016189575195 113.36043548583984 175.99016189575195 200.55847930908203 140.83657836914062 200.55847930908203
140.281982421875 115.8626708984375 174.83992767333984 115.8626708984375 174.83992767333984 201.23514556884766 140.281982421875 201.23514556884766
137.71307373046875 118.06744384765625 172.4168586730957 118.06744384765625 172.4168586730957 203.1450424194336 137.71307373046875 203.1450424194336
135.82675170898438 123.54319763183594 169.75390243530273 123.54319763183594 169.75390243530273 207.7734375 135.82675170898438 207.7734375
134.0076141357422 123.28495788574219 168.2845687866211 123.28495788574219 168.2845687866211 210.06256103515625 134.0076141357422 210.06256103515625
132.79644775390625 123.97972106933594 166.3788299560547 123.97972106933594 166.3788299560547 212.9276351928711 132.79644775390625 212.9276351928711
130.4299774169922 129.6504364013672 164.24205780029297 129.6504364013672 164.24205780029297 219.68548583984375 130.4299774169922 219.68548583984375
128.45346069335938 131.24856567382812 163.11164474487305 131.24856567382812 163.11164474487305 221.92029571533203 128.45346069335938 221.92029571533203
125.33396911621094 139.32489013671875 160.2922592163086 139.32489013671875 160.2922592163086 222.43550872802734 125.33396911621094 222.43550872802734
125.20634460449219 142.9254608154297 159.27910614013672 142.9254608154297 159.27910614013672 227.01870727539062 125.20634460449219 227.01870727539062
124.12225341796875 144.6253662109375 158.49847412109375 144.6253662109375 158.49847412109375 224.1031265258789 124.12225341796875 224.1031265258789
120.45499420166016 149.47109985351562 154.85052871704102 149.47109985351562 154.85052871704102 230.0426788330078 120.45499420166016 230.0426788330078
117.8587875366211 150.4363555908203 152.71500778198242 150.4363555908203 152.71500778198242 234.279052734375 117.8587875366211 234.279052734375
118.10209655761719 154.1670684814453 152.13096237182617 154.1670684814453 152.13096237182617 237.7659912109375 118.10209655761719 237.7659912109375
116.2730712890625 162.35220336914062 150.64815521240234 162.35220336914062 150.64815521240234 242.85609436035156 116.2730712890625 242.85609436035156
115.8680191040039 162.89271545410156 149.7659797668457 162.89271545410156 149.7659797668457 239.30968475341797 115.8680191040039 239.30968475341797
111.1509780883789 165.59561157226562 145.86814880371094 165.59561157226562 145.86814880371094 242.06218719482422 111.1509780883789 242.06218719482422
109.65779876708984 165.1443634033203 144.18427276611328 165.1443634033203 144.18427276611328 240.56512451171875 109.65779876708984 240.56512451171875
108.92994689941406 166.55845642089844 143.5357322692871 166.55845642089844 143.5357322692871 242.34213256835938 108.92994689941406 242.34213256835938
103.6893310546875 165.8773651123047 138.44149017333984 165.8773651123047 138.44149017333984 241.8031005859375 103.6893310546875 241.8031005859375
101.90690612792969 164.60189819335938 137.6784439086914 164.60189819335938 137.6784439086914 240.6839370727539 101.90690612792969 240.6839370727539
101.01301574707031 164.7655487060547 136.81795501708984 164.7655487060547 136.81795501708984 240.3198699951172 101.01301574707031 240.3198699951172
102.37544250488281 163.07919311523438 138.9598159790039 163.07919311523438 138.9598159790039 236.89594268798828 102.37544250488281 236.89594268798828
103.3656234741211 163.1847686767578 140.27442932128906 163.1847686767578 140.27442932128906 235.23805236816406 103.3656234741211 235.23805236816406
106.63492584228516 162.84066772460938 142.99246215820312 162.84066772460938 142.99246215820312 233.24729919433594 106.63492584228516 233.24729919433594
111.20560455322266 162.46566772460938 148.49598693847656 162.46566772460938 148.49598693847656 235.08849334716797 111.20560455322266 235.08849334716797
116.02125549316406 163.24542236328125 152.10394668579102 163.24542236328125 152.10394668579102 235.5641632080078 116.02125549316406 235.5641632080078
122.18741607666016 160.31216430664062 158.58730697631836 160.31216430664062 158.58730697631836 234.57015991210938 122.18741607666016 234.57015991210938
128.27548217773438 157.062744140625 162.41015243530273 157.062744140625 162.41015243530273 240.6578140258789 128.27548217773438 240.6578140258789
129.8401641845703 157.89987182617188 165.25322723388672 157.89987182617188 165.25322723388672 241.06793212890625 129.8401641845703 241.06793212890625
138.63092041015625 154.31228637695312 171.70415115356445 154.31228637695312 171.70415115356445 241.9115982055664 138.63092041015625 241.9115982055664
141.58889770507812 153.73147583007812 174.6800308227539 153.73147583007812 174.6800308227539 241.37820434570312 141.58889770507812 241.37820434570312
143.97750854492188 155.98092651367188 178.0347137451172 155.98092651367188 178.0347137451172 234.9994888305664 143.97750854492188 234.9994888305664
147.69326782226562 155.310546875 180.2453842163086 155.310546875 180.2453842163086 234.57831573486328 147.69326782226562 234.57831573486328
156.1350860595703 153.07009887695312 188.28144073486328 153.07009887695312 188.28144073486328 238.21446228027344 156.1350860595703 238.21446228027344
158.49935913085938 150.1468963623047 190.33852195739746 150.1468963623047 190.33852195739746 234.4776153564453 158.49935913085938 234.4776153564453
164.1753387451172 151.4898223876953 196.03069686889648 151.4898223876953 196.03069686889648 235.86343383789062 164.1753387451172 235.86343383789062
166.25372314453125 146.12863159179688 197.75310897827148 146.12863159179688 197.75310897827148 229.5594024658203 166.25372314453125 229.5594024658203
170.29122924804688 148.58529663085938 201.34494400024414 148.58529663085938 201.34494400024414 230.83563232421875 170.29122924804688 230.83563232421875
172.73773193359375 153.10484313964844 204.37578773498535 153.10484313964844 204.37578773498535 227.9813232421875 172.73773193359375 227.9813232421875
180.3447723388672 152.0874481201172 211.55974960327148 152.0874481201172 211.55974960327148 231.68643951416016 180.3447723388672 231.68643951416016
179.75076293945312 152.0870819091797 211.3844814300537 152.0870819091797 211.3844814300537 231.1788558959961 179.75076293945312 231.1788558959961
185.58831787109375 147.04052734375 216.65267372131348 147.04052734375 216.65267372131348 229.31905364990234 185.58831787109375 229.31905364990234
188.3097381591797 144.1456298828125 218.80942916870117 144.1456298828125 218.80942916870117 224.9285659790039 188.3097381591797 224.9285659790039
191.19955444335938 146.82391357421875 221.37701988220215 146.82391357421875 221.37701988220215 226.75337982177734 191.19955444335938 226.75337982177734
195.89515686035156 147.7034454345703 226.48488807678223 147.7034454345703 226.48488807678223 226.87047576904297 195.89515686035156 226.87047576904297
197.3369140625 146.9764404296875 229.3436508178711 146.9764404296875 229.3436508178711 223.91436004638672 197.3369140625 223.91436004638672
203.668212890625 148.70411682128906 233.9677219390869 148.70411682128906 233.9677219390869 228.95682525634766 203.668212890625 228.95682525634766
205.8572540283203 148.51113891601562 236.34169578552246 148.51113891601562 236.34169578552246 229.25367736816406 205.8572540283203 229.25367736816406
207.9134521484375 147.75039672851562 238.60773086547852 147.75039672851562 238.60773086547852 229.04872131347656 207.9134521484375 229.04872131347656
208.46932983398438 144.35690307617188 239.8063201904297 144.35690307617188 239.8063201904297 226.2039031982422 208.46932983398438 226.2039031982422
209.1577911376953 144.92861938476562 239.7625274658203 144.92861938476562 239.7625274658203 225.98977661132812 209.1577911376953 225.98977661132812
213.51205444335938 143.64393615722656 244.3854160308838 143.64393615722656 244.3854160308838 225.41659545898438 213.51205444335938 225.41659545898438
215.59762573242188 142.14828491210938 246.20383644104004 142.14828491210938 246.20383644104004 223.2133560180664 215.59762573242188 223.2133560180664
217.71719360351562 142.02871704101562 248.112060546875 142.02871704101562 248.112060546875 222.53401947021484 217.71719360351562 222.53401947021484
219.05825805664062 142.3024444580078 249.15762329101562 142.3024444580078 249.15762329101562 222.02506256103516 219.05825805664062 222.02506256103516
220.32461547851562 141.64065551757812 250.69039344787598 141.64065551757812 250.69039344787598 222.06890106201172 220.32461547851562 222.06890106201172
223.8701171875 141.17837524414062 253.9864101409912 141.17837524414062 253.9864101409912 220.94581604003906 223.8701171875 220.94581604003906
226.2576904296875 140.53189086914062 256.3402156829834 140.53189086914062 256.3402156829834 220.20989227294922 226.2576904296875 220.20989227294922
228.46646118164062 140.08493041992188 258.6880073547363 140.08493041992188 258.6880073547363 220.13114166259766 228.46646118164062 220.13114166259766
230.926513671875 137.99655151367188 260.77273178100586 137.99655151367188 260.77273178100586 217.0486602783203 230.926513671875 217.0486602783203
234.22317504882812 136.53952026367188 263.86961936950684 136.53952026367188 263.86961936950684 215.06250762939453 234.22317504882812 215.06250762939453
236.0873260498047 137.9554901123047 266.3406524658203 137.9554901123047 266.3406524658203 212.28648376464844 236.0873260498047 212.28648376464844
237.266845703125 136.3337860107422 266.5288505554199 136.3337860107422 266.5288505554199 213.83853149414062 237.266845703125 213.83853149414062
238.9434051513672 136.6094970703125 267.7908420562744 136.6094970703125 267.7908420562744 213.0161895751953 238.9434051513672 213.0161895751953
240.39169311523438 134.73019409179688 268.8614902496338 134.73019409179688 268.8614902496338 210.13665008544922 240.39169311523438 210.13665008544922
242.4761199951172 133.85067749023438 271.1932735443115 133.85067749023438 271.1932735443115 209.91229248046875 242.4761199951172 209.91229248046875
244.7337646484375 133.7552032470703 273.4974365234375 133.7552032470703 273.4974365234375 209.9400177001953 244.7337646484375 209.9400177001953
243.41455078125 134.19839477539062 272.23085594177246 134.19839477539062 272.23085594177246 210.52261352539062 243.41455078125 210.52261352539062
246.0766143798828 133.0449981689453 275.0843925476074 133.0449981689453 275.0843925476074 209.8763656616211 246.0766143798828 209.8763656616211
248.2014923095703 132.5054168701172 277.55920791625977 132.5054168701172 277.55920791625977 210.26364135742188 248.2014923095703 210.26364135742188
248.0149383544922 132.5234375 276.94163513183594 132.5234375 276.94163513183594 209.14005279541016 248.0149383544922 209.14005279541016
248.4253387451172 131.22286987304688 277.0194492340088 131.22286987304688 277.0194492340088 206.95858764648438 248.4253387451172 206.95858764648438
249.91000366210938 131.0392303466797 277.962890625 131.0392303466797 277.962890625 205.34143829345703 249.91000366210938 205.34143829345703
249.2969512939453 130.0144805908203 278.16456031799316 130.0144805908203 278.16456031799316 202.447998046875 249.2969512939453 202.447998046875
250.6721954345703 129.03810119628906 279.1555881500244 129.03810119628906 279.1555881500244 204.48056030273438 250.6721954345703 204.48056030273438
249.373046875 129.4022674560547 277.739709854126 129.4022674560547 277.739709854126 204.53555297851562 249.373046875 204.53555297851562
250.36166381835938 129.2357635498047 278.5080757141113 129.2357635498047 278.5080757141113 203.78568267822266 250.36166381835938 203.78568267822266
251.1164093017578 128.0521697998047 279.25213623046875 128.0521697998047 279.25213623046875 202.57379150390625 251.1164093017578 202.57379150390625
251.1587677001953 127.9168701171875 280.06346702575684 127.9168701171875 280.06346702575684 199.40848541259766 251.1587677001953 199.40848541259766
250.0579833984375 127.72389221191406 277.87488746643066 127.72389221191406 277.87488746643066 201.40106201171875 250.0579833984375 201.40106201171875
251.0142822265625 125.02593994140625 279.3485927581787 125.02593994140625 279.3485927581787 200.0735321044922 251.0142822265625 200.0735321044922
249.119140625 126.06025695800781 276.88092041015625 126.06025695800781 276.88092041015625 199.14112854003906 249.119140625 199.14112854003906
249.2809295654297 128.17745971679688 277.3804225921631 128.17745971679688 277.3804225921631 198.64065551757812 249.2809295654297 198.64065551757812
248.949951171875 127.6666259765625 277.17165184020996 127.6666259765625 277.17165184020996 201.7857894897461 248.949951171875 201.7857894897461
248.49853515625 125.28565979003906 276.6866874694824 125.28565979003906 276.6866874694824 199.94613647460938 248.49853515625 199.94613647460938
248.2451629638672 124.4414291381836 276.27955055236816 124.4414291381836 276.27955055236816 198.69464874267578 248.2451629638672 198.69464874267578
248.860595703125 124.15086364746094 276.9173984527588 124.15086364746094 276.9173984527588 198.4634552001953 248.860595703125 198.4634552001953
247.50439453125 125.1498031616211 276.1558895111084 125.1498031616211 276.1558895111084 194.5930938720703 247.50439453125 194.5930938720703
245.8848876953125 123.92293548583984 273.51738357543945 123.92293548583984 273.51738357543945 194.91586303710938 245.8848876953125 194.91586303710938
244.6572265625 122.73710632324219 272.1931552886963 122.73710632324219 272.1931552886963 195.6700897216797 244.6572265625 195.6700897216797
244.41989135742188 123.41459655761719 272.3286075592041 123.41459655761719 272.3286075592041 197.33496856689453 244.41989135742188 197.33496856689453
242.913818359375 123.8412857055664 271.4478454589844 123.8412857055664 271.4478454589844 199.41788482666016 242.913818359375 199.41788482666016
241.44253540039062 122.68531799316406 270.0176029205322 122.68531799316406 270.0176029205322 198.37061309814453 241.44253540039062 198.37061309814453
240.5933837890625 121.41017150878906 269.1304225921631 121.41017150878906 269.1304225921631 196.9947509765625 240.5933837890625 196.9947509765625
238.25912475585938 119.61466979980469 266.62531661987305 119.61466979980469 266.62531661987305 194.74674224853516 238.25912475585938 194.74674224853516
238.1881866455078 122.5322036743164 266.48556900024414 122.5322036743164 266.48556900024414 195.59078216552734 238.1881866455078 195.59078216552734
236.15078735351562 120.55074310302734 264.2860412597656 120.55074310302734 264.2860412597656 195.0711441040039 236.15078735351562 195.0711441040039
236.00967407226562 119.27984619140625 263.9507026672363 119.27984619140625 263.9507026672363 193.2858123779297 236.00967407226562 193.2858123779297
232.3333282470703 117.92047119140625 259.59707260131836 117.92047119140625 259.59707260131836 190.1325454711914 232.3333282470703 190.1325454711914
233.1800537109375 116.5136947631836 260.6136112213135 116.5136947631836 260.6136112213135 189.17554473876953 233.1800537109375 189.17554473876953
187.4519500732422 132.64430236816406 214.78708267211914 132.64430236816406 214.78708267211914 205.0454559326172 187.4519500732422 205.0454559326172
163.79931640625 138.56317138671875 191.05218124389648 138.56317138671875 191.05218124389648 210.74642944335938 163.79931640625 210.74642944335938
174.19842529296875 139.59915161132812 200.95261192321777 139.59915161132812 200.95261192321777 210.46157836914062 174.19842529296875 210.46157836914062
177.10000610351562 138.03958129882812 203.84138107299805 138.03958129882812 203.84138107299805 208.86808013916016 177.10000610351562 208.86808013916016
187.42922973632812 137.67483520507812 214.32386779785156 137.67483520507812 214.32386779785156 208.90927124023438 187.42922973632812 208.90927124023438
190.70645141601562 137.16725158691406 218.20717239379883 137.16725158691406 218.20717239379883 210.00698852539062 190.70645141601562 210.00698852539062
198.46170043945312 135.804443359375 226.01204872131348 135.804443359375 226.01204872131348 208.77561950683594 198.46170043945312 208.77561950683594
204.9087371826172 136.032470703125 232.5890998840332 136.032470703125 232.5890998840332 209.34800720214844 204.9087371826172 209.34800720214844
207.49365234375 138.5582733154297 234.6216163635254 138.5582733154297 234.6216163635254 210.41070556640625 207.49365234375 210.41070556640625
210.9987030029297 115.052001953125 237.7042293548584 115.052001953125 237.7042293548584 185.7855453491211 210.9987030029297 185.7855453491211
210.9872283935547 112.93937683105469 237.6472930908203 112.93937683105469 237.6472930908203 183.55249786376953 210.9872283935547 183.55249786376953
208.07666015625 114.26045989990234 234.57082557678223 114.26045989990234 234.57082557678223 184.43417358398438 208.07666015625 184.43417358398438
207.5290985107422 112.8294448852539 234.4824104309082 112.8294448852539 234.4824104309082 181.4754867553711 207.5290985107422 181.4754867553711
204.85067749023438 113.85173034667969 231.2656307220459 113.85173034667969 231.2656307220459 183.8156509399414 204.85067749023438 183.8156509399414
201.02186584472656 111.213134765625 227.51292037963867 111.213134765625 227.51292037963867 181.3786163330078 201.02186584472656 181.3786163330078
199.71202087402344 111.542236328125 226.1891574859619 111.542236328125 226.1891574859619 181.6708526611328 199.71202087402344 181.6708526611328
196.9800567626953 111.11712646484375 224.07652282714844 111.11712646484375 224.07652282714844 179.09561157226562 196.9800567626953 179.09561157226562
195.69046020507812 112.98542785644531 223.6544952392578 112.98542785644531 223.6544952392578 178.39832305908203 195.69046020507812 178.39832305908203
192.57901000976562 108.56684875488281 218.6750831604004 108.56684875488281 218.6750831604004 177.6861572265625 192.57901000976562 177.6861572265625
191.69544982910156 108.75653076171875 218.2327060699463 108.75653076171875 218.2327060699463 179.04438018798828 191.69544982910156 179.04438018798828
189.72857666015625 107.50911712646484 216.49170875549316 107.50911712646484 216.49170875549316 178.39523315429688 189.72857666015625 178.39523315429688
187.27490234375 105.61872863769531 214.3594856262207 105.61872863769531 214.3594856262207 177.35625457763672 187.27490234375 177.35625457763672
184.70654296875 104.6203842163086 211.39369773864746 104.6203842163086 211.39369773864746 175.30525970458984 184.70654296875 175.30525970458984
183.50405883789062 102.5218734741211 210.37602615356445 102.5218734741211 210.37602615356445 173.6962432861328 183.50405883789062 173.6962432861328
181.22445678710938 103.05301666259766 208.21240615844727 103.05301666259766 208.21240615844727 174.53458404541016 181.22445678710938 174.53458404541016
179.8996124267578 102.88189697265625 206.24088668823242 102.88189697265625 206.24088668823242 172.6506576538086 179.8996124267578 172.6506576538086
177.02981567382812 97.7384262084961 203.25024032592773 97.7384262084961 203.25024032592773 167.18710327148438 177.02981567382812 167.18710327148438
176.59127807617188 98.53441619873047 202.4589023590088 98.53441619873047 202.4589023590088 167.04865264892578 176.59127807617188 167.04865264892578
174.28309631347656 96.31657409667969 199.87435340881348 96.31657409667969 199.87435340881348 164.09881591796875 174.28309631347656 164.09881591796875
170.83303833007812 94.73507690429688 196.7613124847412 94.73507690429688 196.7613124847412 163.40996551513672 170.83303833007812 163.40996551513672
158.6562957763672 94.1523666381836 184.6417751312256 94.1523666381836 184.6417751312256 162.97876739501953 158.6562957763672 162.97876739501953
154.3350830078125 96.16069030761719 180.8479061126709 96.16069030761719 180.8479061126709 166.38384246826172 154.3350830078125 166.38384246826172
142.45703125 94.06297302246094 169.20430374145508 94.06297302246094 169.20430374145508 164.90708923339844 142.45703125 164.90708923339844
137.42071533203125 92.49372100830078 163.9594326019287 92.49372100830078 163.9594326019287 162.78545379638672 137.42071533203125 162.78545379638672
131.5638427734375 92.6886215209961 158.42473220825195 92.6886215209961 158.42473220825195 163.83367919921875 131.5638427734375 163.83367919921875
125.64874267578125 89.79264831542969 152.59710311889648 89.79264831542969 152.59710311889648 161.1693878173828 125.64874267578125 161.1693878173828
124.42411041259766 88.95536804199219 151.69801712036133 88.95536804199219 151.69801712036133 161.19436645507812 124.42411041259766 161.19436645507812
123.24858093261719 86.63890075683594 150.57469749450684 86.63890075683594 150.57469749450684 159.01618194580078 123.24858093261719 159.01618194580078
123.47093200683594 85.31941223144531 150.7389430999756 85.31941223144531 150.7389430999756 157.54278564453125 123.47093200683594 157.54278564453125
120.65716552734375 83.49747467041016 148.26759719848633 83.49747467041016 148.26759719848633 156.62779235839844 120.65716552734375 156.62779235839844
121.2425765991211 84.21598815917969 148.8400592803955 84.21598815917969 148.8400592803955 157.31201171875 121.2425765991211 157.31201171875
120.42683410644531 80.4023208618164 147.6482753753662 80.4023208618164 147.6482753753662 152.5023422241211 120.42683410644531 152.5023422241211
121.20806884765625 78.54345703125 148.31755447387695 78.54345703125 148.31755447387695 150.3469467163086 121.20806884765625 150.3469467163086
122.1553726196289 77.73762512207031 149.09213066101074 77.73762512207031 149.09213066101074 149.08362579345703 122.1553726196289 149.08362579345703
121.9674301147461 77.16523742675781 148.85624504089355 77.16523742675781 148.85624504089355 148.38424682617188 121.9674301147461 148.38424682617188
122.1834945678711 75.78605651855469 149.02902603149414 75.78605651855469 149.02902603149414 146.89043426513672 122.1834945678711 146.89043426513672
125.33392333984375 74.39141845703125 152.08827590942383 74.39141845703125 152.08827590942383 145.2542953491211 125.33392333984375 145.2542953491211
125.0771484375 74.83943176269531 152.13150024414062 74.83943176269531 152.13150024414062 144.28067779541016 125.0771484375 144.28067779541016
127.94747161865234 72.49475860595703 154.48975944519043 72.49475860595703 154.48975944519043 142.7959442138672 127.94747161865234 142.7959442138672
127.60334777832031 71.28346252441406 153.7328224182129 71.28346252441406 153.7328224182129 140.49124908447266 127.60334777832031 140.49124908447266
131.28524780273438 69.69635009765625 156.78993797302246 69.69635009765625 156.78993797302246 137.2493133544922 131.28524780273438 137.2493133544922
133.886474609375 68.8119888305664 159.4584140777588 68.8119888305664 159.4584140777588 136.54307556152344 133.886474609375 136.54307556152344
136.12228393554688 67.79642486572266 161.7045841217041 67.79642486572266 161.7045841217041 135.5549545288086 136.12228393554688 135.5549545288086
137.7745361328125 67.4902572631836 163.1042079925537 67.4902572631836 163.1042079925537 134.57965850830078 137.7745361328125 134.57965850830078
141.1048126220703 66.1038818359375 165.87869834899902 66.1038818359375 165.87869834899902 131.72120666503906 141.1048126220703 131.72120666503906
142.3645782470703 65.12892150878906 167.1478786468506 65.12892150878906 167.1478786468506 130.77117919921875 142.3645782470703 130.77117919921875
144.98828125 64.13370513916016 170.07483291625977 64.13370513916016 170.07483291625977 130.57917022705078 144.98828125 130.57917022705078
145.9939422607422 62.435760498046875 171.16776084899902 62.435760498046875 171.16776084899902 129.11236572265625 145.9939422607422 129.11236572265625
149.20654296875 62.20711135864258 174.34837913513184 62.20711135864258 174.34837913513184 128.79901504516602 149.20654296875 128.79901504516602
154.14724731445312 62.81117630004883 179.31993675231934 62.81117630004883 179.31993675231934 129.48479843139648 154.14724731445312 129.48479843139648
155.51234436035156 60.81153106689453 180.9232883453369 60.81153106689453 180.9232883453369 128.11620330810547 155.51234436035156 128.11620330810547
159.876953125 59.911033630371094 185.3662109375 59.911033630371094 185.3662109375 127.42313385009766 159.876953125 127.42313385009766
161.4121551513672 57.9482307434082 187.16575050354004 57.9482307434082 187.16575050354004 126.16047286987305 161.4121551513672 126.16047286987305
166.34286499023438 58.35386276245117 191.96840476989746 58.35386276245117 191.96840476989746 126.22693252563477 166.34286499023438 126.22693252563477
170.16683959960938 57.681297302246094 195.41122817993164 57.681297302246094 195.41122817993164 124.54483032226562 170.16683959960938 124.54483032226562
174.95819091796875 56.7604866027832 200.33208084106445 56.7604866027832 200.33208084106445 123.96702194213867 174.95819091796875 123.96702194213867
177.26649475097656 56.96953582763672 202.48968315124512 56.96953582763672 202.48968315124512 123.77692413330078 177.26649475097656 123.77692413330078
184.3307342529297 56.47322463989258 209.49625205993652 56.47322463989258 209.49625205993652 123.12787246704102 184.3307342529297 123.12787246704102
188.83175659179688 57.32048416137695 213.51162338256836 57.32048416137695 213.51162338256836 122.68881607055664 188.83175659179688 122.68881607055664
195.54803466796875 54.97221755981445 219.95669174194336 54.97221755981445 219.95669174194336 119.62221908569336 195.54803466796875 119.62221908569336
197.72731018066406 54.75886917114258 222.37713813781738 54.75886917114258 222.37713813781738 120.04764938354492 197.72731018066406 120.04764938354492
204.1033172607422 54.25850296020508 228.6792697906494 54.25850296020508 228.6792697906494 119.35160446166992 204.1033172607422 119.35160446166992
211.3545684814453 53.322837829589844 235.79452896118164 53.322837829589844 235.79452896118164 118.05574798583984 211.3545684814453 118.05574798583984
213.4615936279297 51.89750289916992 238.35890197753906 51.89750289916992 238.35890197753906 117.84176254272461 213.4615936279297 117.84176254272461
217.35061645507812 52.29685592651367 242.24406814575195 52.29685592651367 242.24406814575195 118.23090744018555 217.35061645507812 118.23090744018555
223.44277954101562 52.39496994018555 248.3464698791504 52.39496994018555 248.3464698791504 118.35613632202148 223.44277954101562 118.35613632202148
226.99575805664062 52.21429443359375 251.75735092163086 52.21429443359375 251.75735092163086 117.79908752441406 226.99575805664062 117.79908752441406
233.0861053466797 49.495887756347656 257.2163372039795 49.495887756347656 257.2163372039795 113.4084243774414 233.0861053466797 113.4084243774414
236.13925170898438 50.46768569946289 260.6696891784668 50.46768569946289 260.6696891784668 112.89188003540039 236.13925170898438 112.89188003540039
241.1531219482422 51.50022506713867 264.868896484375 51.50022506713867 264.868896484375 114.31502151489258 241.1531219482422 114.31502151489258
245.46044921875 49.947120666503906 269.2029628753662 49.947120666503906 269.2029628753662 112.8327407836914 245.46044921875 112.8327407836914
253.7289276123047 48.49248504638672 277.4627494812012 48.49248504638672 277.4627494812012 111.35508346557617 253.7289276123047 111.35508346557617
257.7396240234375 50.53278350830078 281.49522972106934 50.53278350830078 281.49522972106934 113.45307922363281 257.7396240234375 113.45307922363281
264.8282470703125 48.39652633666992 288.60430908203125 48.39652633666992 288.60430908203125 111.37100219726562 264.8282470703125 111.37100219726562
268.575439453125 48.784629821777344 292.18508529663086 48.784629821777344 292.18508529663086 111.31832885742188 268.575439453125 111.31832885742188
274.1988830566406 49.04502487182617 297.7052574157715 49.04502487182617 297.7052574157715 111.30519485473633 274.1988830566406 111.30519485473633
280.4686584472656 50.25232696533203 303.3784713745117 50.25232696533203 303.3784713745117 110.93241882324219 280.4686584472656 110.93241882324219
285.8923645019531 49.19438552856445 308.5524559020996 49.19438552856445 308.5524559020996 109.21305084228516 285.8923645019531 109.21305084228516
292.45550537109375 49.98375701904297 314.97509956359863 49.98375701904297 314.97509956359863 109.63029098510742 292.45550537109375 109.63029098510742
302.6600036621094 48.89560317993164 325.06444931030273 48.89560317993164 325.06444931030273 108.23714828491211 302.6600036621094 108.23714828491211
307.2961120605469 49.5621223449707 329.87897300720215 49.5621223449707 329.87897300720215 109.376220703125 307.2961120605469 109.376220703125
310.3614196777344 50.19123077392578 333.41259384155273 50.19123077392578 333.41259384155273 111.2457275390625 310.3614196777344 111.2457275390625
317.8844299316406 48.294883728027344 340.88821029663086 48.294883728027344 340.88821029663086 109.22385025024414 317.8844299316406 109.22385025024414
322.3946838378906 48.677940368652344 345.4785041809082 48.677940368652344 345.4785041809082 109.81890869140625 322.3946838378906 109.81890869140625
329.11181640625 47.522396087646484 352.0561294555664 47.522396087646484 352.0561294555664 108.29385757446289 329.11181640625 108.29385757446289
336.0352783203125 48.936519622802734 358.9128131866455 48.936519622802734 358.9128131866455 109.53111267089844 336.0352783203125 109.53111267089844
338.0845642089844 46.45166778564453 360.73395919799805 46.45166778564453 360.73395919799805 106.44200134277344 338.0845642089844 106.44200134277344
346.09820556640625 47.154541015625 368.87525177001953 47.154541015625 368.87525177001953 107.48297882080078 346.09820556640625 107.48297882080078
351.7322082519531 46.70838165283203 374.49169921875 46.70838165283203 374.49169921875 106.99032211303711 351.7322082519531 106.99032211303711
358.19476318359375 46.78339385986328 381.5212059020996 46.78339385986328 381.5212059020996 106.56716918945312 358.19476318359375 106.56716918945312
360.9869079589844 47.51504135131836 384.1319770812988 47.51504135131836 384.1319770812988 108.81825256347656 360.9869079589844 108.81825256347656
369.0942687988281 44.32933807373047 392.5602264404297 44.32933807373047 392.5602264404297 106.48246765136719 369.0942687988281 106.48246765136719
367.4631652832031 46.807716369628906 391.83012771606445 46.807716369628906 391.83012771606445 108.6517105102539 367.4631652832031 108.6517105102539
366.0461730957031 49.62252426147461 390.5569019317627 49.62252426147461 390.5569019317627 109.33688735961914 366.0461730957031 109.33688735961914
365.21234130859375 50.01366424560547 389.83238983154297 50.01366424560547 389.83238983154297 109.19421768188477 365.21234130859375 109.19421768188477
363.8294982910156 50.38774871826172 388.6806049346924 50.38774871826172 388.6806049346924 111.63315963745117 363.8294982910156 111.63315963745117
363.5523986816406 49.72824478149414 387.8314266204834 49.72824478149414 387.8314266204834 111.88272476196289 363.5523986816406 111.88272476196289
362.362060546875 48.83275604248047 387.2171382904053 48.83275604248047 387.2171382904053 112.92320251464844 362.362060546875 112.92320251464844
362.56097412109375 49.44483184814453 386.61209869384766 49.44483184814453 386.61209869384766 109.75685501098633 362.56097412109375 109.75685501098633
361.1227111816406 47.914241790771484 386.0126647949219 47.914241790771484 386.0126647949219 109.52912902832031 361.1227111816406 109.52912902832031
360.5597839355469 48.43492889404297 384.9415397644043 48.43492889404297 384.9415397644043 113.47563934326172 360.5597839355469 113.47563934326172
359.39739990234375 48.64939498901367 384.0951347351074 48.64939498901367 384.0951347351074 109.86716842651367 359.39739990234375 109.86716842651367
358.51971435546875 48.777565002441406 383.3413486480713 48.777565002441406 383.3413486480713 110.99152374267578 358.51971435546875 110.99152374267578
357.2071228027344 49.12054443359375 381.9532527923584 49.12054443359375 381.9532527923584 108.35906219482422 357.2071228027344 108.35906219482422
355.65338134765625 48.156341552734375 380.46019744873047 48.156341552734375 380.46019744873047 111.7083854675293 355.65338134765625 111.7083854675293
355.15863037109375 48.0362663269043 379.304443359375 48.0362663269043 379.304443359375 108.4088249206543 355.15863037109375 108.4088249206543
353.65057373046875 47.85996627807617 377.62770080566406 47.85996627807617 377.62770080566406 110.0235595703125 353.65057373046875 110.0235595703125
352.1627197265625 48.337059020996094 376.99160385131836 48.337059020996094 376.99160385131836 111.32014465332031 352.1627197265625 111.32014465332031
350.3287658691406 49.21886444091797 375.5041255950928 49.21886444091797 375.5041255950928 113.27812957763672 350.3287658691406 113.27812957763672
349.7267761230469 50.93122100830078 374.6303291320801 50.93122100830078 374.6303291320801 114.66482543945312 349.7267761230469 114.66482543945312
349.06390380859375 51.96857833862305 374.55350494384766 51.96857833862305 374.55350494384766 119.4859504699707 349.06390380859375 119.4859504699707
348.30242919921875 56.49412155151367 373.36327934265137 56.49412155151367 373.36327934265137 123.75741195678711 348.30242919921875 123.75741195678711
346.65948486328125 58.19384765625 371.67151832580566 58.19384765625 371.67151832580566 123.83792114257812 346.65948486328125 123.83792114257812
346.0990905761719 63.512908935546875 371.031063079834 63.512908935546875 371.031063079834 129.949462890625 346.0990905761719 129.949462890625
344.6779479980469 68.35467529296875 368.8079586029053 68.35467529296875 368.8079586029053 134.72340393066406 344.6779479980469 134.72340393066406
344.9516906738281 71.38299560546875 368.0956687927246 71.38299560546875 368.0956687927246 138.5829620361328 344.9516906738281 138.5829620361328
344.2490234375 74.5692367553711 368.44858169555664 74.5692367553711 368.44858169555664 141.471923828125 344.2490234375 141.471923828125
342.6347351074219 79.56221008300781 366.80260848999023 79.56221008300781 366.80260848999023 146.22293853759766 342.6347351074219 146.22293853759766
342.3462829589844 81.95378112792969 366.0389804840088 81.95378112792969 366.0389804840088 148.526123046875 342.3462829589844 148.526123046875
341.3105163574219 86.87738800048828 365.571813583374 86.87738800048828 365.571813583374 154.42845153808594 341.3105163574219 154.42845153808594
340.3510437011719 90.46159362792969 365.41441917419434 90.46159362792969 365.41441917419434 157.80121612548828 340.3510437011719 157.80121612548828
339.39825439453125 94.03166198730469 363.5258674621582 94.03166198730469 363.5258674621582 161.98929595947266 339.39825439453125 161.98929595947266
338.95556640625 96.24806213378906 364.02201652526855 96.24806213378906 364.02201652526855 162.64546966552734 338.95556640625 162.64546966552734
339.40875244140625 98.73088073730469 364.0608100891113 98.73088073730469 364.0608100891113 167.72647094726562 339.40875244140625 167.72647094726562
338.00103759765625 105.9769515991211 361.67392349243164 105.9769515991211 361.67392349243164 171.82276153564453 338.00103759765625 171.82276153564453
337.65869140625 108.3030776977539 361.3696804046631 108.3030776977539 361.3696804046631 174.65814208984375 337.65869140625 174.65814208984375
335.427001953125 115.3832015991211 360.3347682952881 115.3832015991211 360.3347682952881 181.14862823486328 335.427001953125 181.14862823486328
334.82586669921875 117.74505615234375 359.5572624206543 117.74505615234375 359.5572624206543 183.42982482910156 334.82586669921875 183.42982482910156
333.80120849609375 120.9310302734375 358.491886138916 120.9310302734375 358.491886138916 184.44432830810547 333.80120849609375 184.44432830810547
332.9058532714844 125.83209228515625 357.3633518218994 125.83209228515625 357.3633518218994 190.87152862548828 332.9058532714844 190.87152862548828
330.59033203125 130.7176513671875 354.87439346313477 130.7176513671875 354.87439346313477 194.8245086669922 330.59033203125 194.8245086669922
329.79071044921875 132.15628051757812 354.09074783325195 132.15628051757812 354.09074783325195 197.88153076171875 329.79071044921875 197.88153076171875
328.52288818359375 135.7080078125 353.33341217041016 135.7080078125 353.33341217041016 201.1187744140625 328.52288818359375 201.1187744140625
326.59722900390625 140.78207397460938 351.79070472717285 140.78207397460938 351.79070472717285 207.5074691772461 326.59722900390625 207.5074691772461
326.1535949707031 144.69422912597656 350.9291191101074 144.69422912597656 350.9291191101074 210.7540283203125 326.1535949707031 210.7540283203125
324.7027282714844 146.00750732421875 349.4821262359619 146.00750732421875 349.4821262359619 211.3440170288086 324.7027282714844 211.3440170288086
323.964111328125 151.8845672607422 348.44379806518555 151.8845672607422 348.44379806518555 213.6885757446289 323.964111328125 213.6885757446289
322.7385559082031 154.989013671875 347.66216468811035 154.989013671875 347.66216468811035 219.10516357421875 322.7385559082031 219.10516357421875
322.00537109375 160.51034545898438 345.8058204650879 160.51034545898438 345.8058204650879 224.6497344970703 322.00537109375 224.6497344970703
321.01092529296875 163.68435668945312 344.4676876068115 163.68435668945312 344.4676876068115 224.06686401367188 321.01092529296875 224.06686401367188
320.37371826171875 163.9987335205078 344.6651954650879 163.9987335205078 344.6651954650879 227.9471206665039 320.37371826171875 227.9471206665039
318.44091796875 169.72010803222656 343.033016204834 169.72010803222656 343.033016204834 234.39104461669922 318.44091796875 234.39104461669922
317.7977600097656 172.28134155273438 341.53843688964844 172.28134155273438 341.53843688964844 235.08293914794922 317.7977600097656 235.08293914794922
315.6781921386719 178.18344116210938 339.61606216430664 178.18344116210938 339.61606216430664 242.32108306884766 315.6781921386719 242.32108306884766
314.401611328125 180.31544494628906 338.52667808532715 180.31544494628906 338.52667808532715 242.21633529663086 314.401611328125 242.21633529663086
313.8084716796875 184.7622833251953 338.6193332672119 184.7622833251953 338.6193332672119 247.43498992919922 313.8084716796875 247.43498992919922
311.7548828125 188.5223846435547 335.8620204925537 188.5223846435547 335.8620204925537 251.2081642150879 311.7548828125 251.2081642150879
309.9668273925781 193.32461547851562 333.9480228424072 193.32461547851562 333.9480228424072 253.30754470825195 309.9668273925781 253.30754470825195
308.9913330078125 194.8240509033203 332.56773948669434 194.8240509033203 332.56773948669434 255.64492416381836 308.9913330078125 255.64492416381836
306.9617614746094 200.90098571777344 330.33057403564453 200.90098571777344 330.33057403564453 262.7967872619629 306.9617614746094 262.7967872619629
305.60089111328125 202.8761444091797 329.21874618530273 202.8761444091797 329.21874618530273 265.4315757751465 305.60089111328125 265.4315757751465
303.70159912109375 203.68106079101562 327.3367614746094 203.68106079101562 327.3367614746094 266.2823295593262 303.70159912109375 266.2823295593262
302.00567626953125 212.040283203125 326.0680274963379 212.040283203125 326.0680274963379 271.0380973815918 302.00567626953125 271.0380973815918
300.36114501953125 213.5692596435547 324.41107177734375 213.5692596435547 324.41107177734375 275.5884475708008 300.36114501953125 275.5884475708008
299.6058044433594 213.00765991210938 323.22465896606445 213.00765991210938 323.22465896606445 274.0461845397949 299.6058044433594 274.0461845397949
298.02850341796875 214.385009765625 321.4867057800293 214.385009765625 321.4867057800293 274.39239501953125 298.02850341796875 274.39239501953125
295.09326171875 216.8798065185547 318.809814453125 216.8798065185547 318.809814453125 272.98995208740234 295.09326171875 272.98995208740234
293.921630859375 217.83804321289062 317.6069679260254 217.83804321289062 317.6069679260254 270.2013740539551 293.921630859375 270.2013740539551
292.0259704589844 217.84228515625 314.97036361694336 217.84228515625 314.97036361694336 270.1760940551758 292.0259704589844 270.1760940551758
290.713623046875 217.41738891601562 313.1765766143799 217.41738891601562 313.1765766143799 271.1690673828125 290.713623046875 271.1690673828125
288.8567810058594 217.4315643310547 311.91199684143066 217.4315643310547 311.91199684143066 270.85218811035156 288.8567810058594 270.85218811035156
286.01568603515625 213.7879638671875 308.8411293029785 213.7879638671875 308.8411293029785 270.8544502258301 286.01568603515625 270.8544502258301
285.45086669921875 213.5611114501953 308.0450096130371 213.5611114501953 308.0450096130371 271.807071685791 285.45086669921875 271.807071685791
282.98748779296875 211.5323028564453 306.2118511199951 211.5323028564453 306.2118511199951 271.0783920288086 282.98748779296875 271.0783920288086
281.1923828125 213.316650390625 304.97849464416504 213.316650390625 304.97849464416504 270.6109809875488 281.1923828125 270.6109809875488
277.430908203125 214.03384399414062 301.6163139343262 214.03384399414062 301.6163139343262 270.7748031616211 277.430908203125 270.7748031616211
276.32879638671875 211.5191192626953 299.80580139160156 211.5191192626953 299.80580139160156 272.23617935180664 276.32879638671875 272.23617935180664
275.2710266113281 212.83984375 299.1258144378662 212.83984375 299.1258144378662 271.5370063781738 275.2710266113281 271.5370063781738
272.7618713378906 212.53378295898438 296.95002365112305 212.53378295898438 296.95002365112305 271.6954154968262 272.7618713378906 271.6954154968262
271.31353759765625 211.68362426757812 296.2483024597168 211.68362426757812 296.2483024597168 271.3063774108887 271.31353759765625 271.3063774108887
271.375244140625 211.12069702148438 295.3324604034424 211.12069702148438 295.3324604034424 272.4145088195801 271.375244140625 272.4145088195801
275.6280822753906 210.4002685546875 299.27304458618164 210.4002685546875 299.27304458618164 273.0275192260742 275.6280822753906 273.0275192260742
280.839111328125 208.56564331054688 305.21041679382324 208.56564331054688 305.21041679382324 269.1676826477051 280.839111328125 269.1676826477051
284.5762634277344 208.6597900390625 308.95678329467773 208.6597900390625 308.95678329467773 268.6062316894531 284.5762634277344 268.6062316894531
290.9706726074219 206.18643188476562 314.6061038970947 206.18643188476562 314.6061038970947 268.7884330749512 290.9706726074219 268.7884330749512
296.6307067871094 206.97640991210938 320.26335525512695 206.97640991210938 320.26335525512695 269.57103729248047 296.6307067871094 269.57103729248047
300.0758056640625 206.84933471679688 323.7888374328613 206.84933471679688 323.7888374328613 269.65686798095703 300.0758056640625 269.65686798095703
303.0285949707031 207.0027313232422 326.55115127563477 207.0027313232422 326.55115127563477 267.0609703063965 303.0285949707031 267.0609703063965
300.32440185546875 207.559326171875 323.5754623413086 207.559326171875 323.5754623413086 267.0363540649414 300.32440185546875 267.0363540649414
298.0411071777344 206.19482421875 321.7641544342041 206.19482421875 321.7641544342041 264.1814155578613 298.0411071777344 264.1814155578613
300.8035583496094 206.66555786132812 323.7669429779053 206.66555786132812 323.7669429779053 267.4875373840332 300.8035583496094 267.4875373840332
304.96148681640625 206.4388885498047 327.9127082824707 206.4388885498047 327.9127082824707 267.22865295410156 304.96148681640625 267.22865295410156
311.0760803222656 203.60487365722656 333.9650058746338 203.60487365722656 333.9650058746338 264.2296371459961 311.0760803222656 264.2296371459961
316.6016540527344 203.37118530273438 339.4922161102295 203.37118530273438 339.4922161102295 264.0002861022949 316.6016540527344 264.0002861022949
319.4907531738281 204.20545959472656 342.2943000793457 204.20545959472656 342.2943000793457 264.6040916442871 319.4907531738281 264.6040916442871
320.8358459472656 203.72744750976562 343.4429397583008 203.72744750976562 343.4429397583008 263.6057434082031 320.8358459472656 263.6057434082031
316.9747009277344 203.49989318847656 339.4401664733887 203.49989318847656 339.4401664733887 263.00306701660156 316.9747009277344 263.00306701660156
316.12005615234375 204.03549194335938 338.5520324707031 204.03549194335938 338.5520324707031 263.4499702453613 316.12005615234375 263.4499702453613
312.7069396972656 203.00851440429688 336.47686195373535 203.00851440429688 336.47686195373535 260.70735931396484 312.7069396972656 260.70735931396484
311.6248474121094 201.75254821777344 334.1691608428955 201.75254821777344 334.1691608428955 261.4645652770996 311.6248474121094 261.4645652770996
316.03582763671875 199.7791290283203 338.90557289123535 199.7791290283203 338.90557289123535 260.3531036376953 316.03582763671875 260.3531036376953
318.83050537109375 201.2614288330078 341.125638961792 201.2614288330078 341.125638961792 260.3134536743164 318.83050537109375 260.3134536743164
318.6463928222656 200.9642333984375 341.35933685302734 200.9642333984375 341.35933685302734 261.1228942871094 318.6463928222656 261.1228942871094
317.25799560546875 201.57101440429688 340.6100673675537 201.57101440429688 340.6100673675537 260.5836296081543 317.25799560546875 260.5836296081543
315.51312255859375 202.4923095703125 338.99859046936035 202.4923095703125 338.99859046936035 260.5294380187988 315.51312255859375 260.5294380187988
314.0052795410156 199.5747528076172 336.56993865966797 199.5747528076172 336.56993865966797 259.34066009521484 314.0052795410156 259.34066009521484
311.91107177734375 200.4061737060547 334.2552375793457 200.4061737060547 334.2552375793457 259.5880699157715 311.91107177734375 259.5880699157715
311.6571350097656 199.93624877929688 334.428503036499 199.93624877929688 334.428503036499 257.9374084472656 311.6571350097656 257.9374084472656
309.7640075683594 200.3308868408203 332.12877464294434 200.3308868408203 332.12877464294434 257.78495025634766 309.7640075683594 257.78495025634766
308.3740539550781 201.10768127441406 330.4061336517334 201.10768127441406 330.4061336517334 259.4629783630371 308.3740539550781 259.4629783630371
307.94482421875 200.69384765625 329.78215980529785 200.69384765625 329.78215980529785 256.8305892944336 307.94482421875 256.8305892944336
306.23211669921875 200.46316528320312 327.8305473327637 200.46316528320312 327.8305473327637 257.6698684692383 306.23211669921875 257.6698684692383
305.65594482421875 199.83218383789062 327.3478813171387 199.83218383789062 327.3478813171387 257.2865524291992 305.65594482421875 257.2865524291992
304.09454345703125 199.5713348388672 325.9590015411377 199.5713348388672 325.9590015411377 257.48265075683594 304.09454345703125 257.48265075683594
302.8240966796875 199.62051391601562 324.634334564209 199.62051391601562 324.634334564209 255.8384780883789 302.8240966796875 255.8384780883789
303.42803955078125 200.96485900878906 324.5734519958496 200.96485900878906 324.5734519958496 256.97167587280273 303.42803955078125 256.97167587280273
301.4884338378906 200.29869079589844 323.44467544555664 200.29869079589844 323.44467544555664 254.1906394958496 301.4884338378906 254.1906394958496
300.1412658691406 200.86050415039062 322.57249450683594 200.86050415039062 322.57249450683594 254.15531158447266 300.1412658691406 254.15531158447266
298.68914794921875 200.440673828125 321.2485103607178 200.440673828125 321.2485103607178 254.0777473449707 298.68914794921875 254.0777473449707
297.2876281738281 200.7100372314453 319.85383224487305 200.7100372314453 319.85383224487305 254.2003936767578 297.2876281738281 254.2003936767578
295.96240234375 199.54397583007812 318.51622581481934 199.54397583007812 318.51622581481934 254.1400375366211 295.96240234375 254.1400375366211
294.08648681640625 200.06707763671875 316.5670967102051 200.06707763671875 316.5670967102051 252.41788864135742 294.08648681640625 252.41788864135742
293.54327392578125 200.30580139160156 316.07348442077637 200.30580139160156 316.07348442077637 252.4460906982422 293.54327392578125 252.4460906982422
293.2381896972656 198.88082885742188 314.7640266418457 198.88082885742188 314.7640266418457 253.66724395751953 293.2381896972656 253.66724395751953
291.88525390625 197.8935546875 312.78614234924316 197.8935546875 312.78614234924316 253.25273895263672 291.88525390625 253.25273895263672
290.0753173828125 200.4228057861328 312.4971561431885 200.4228057861328 312.4971561431885 252.98523712158203 290.0753173828125 252.98523712158203
288.6115417480469 200.54605102539062 311.03052139282227 200.54605102539062 311.03052139282227 252.94181442260742 288.6115417480469 252.94181442260742
287.5863952636719 197.95880126953125 309.1002883911133 197.95880126953125 309.1002883911133 252.62582397460938 287.5863952636719 252.62582397460938
287.51434326171875 199.5661163330078 308.6780319213867 199.5661163330078 308.6780319213867 252.97844696044922 287.51434326171875 252.97844696044922
284.97991943359375 197.5742950439453 305.9195861816406 197.5742950439453 305.9195861816406 253.03619766235352 284.97991943359375 253.03619766235352
284.4503479003906 197.6518096923828 305.3485164642334 197.6518096923828 305.3485164642334 253.00379943847656 284.4503479003906 253.00379943847656
283.4161682128906 197.3831329345703 304.584264755249 197.3831329345703 304.584264755249 253.45006942749023 283.4161682128906 253.45006942749023
280.9762878417969 196.83151245117188 302.01856994628906 196.83151245117188 302.01856994628906 252.5652084350586 280.9762878417969 252.5652084350586
279.0975036621094 196.88523864746094 300.2052345275879 196.88523864746094 300.2052345275879 252.7922821044922 279.0975036621094 252.7922821044922
278.11285400390625 196.89952087402344 299.3620185852051 196.89952087402344 299.3620185852051 253.1811752319336 278.11285400390625 253.1811752319336
276.90203857421875 197.12510681152344 298.74916076660156 197.12510681152344 298.74916076660156 253.13377380371094 276.90203857421875 253.13377380371094
275.5841064453125 195.47305297851562 296.77080726623535 195.47305297851562 296.77080726623535 251.58926391601562 275.5841064453125 251.58926391601562
274.506591796875 195.7722625732422 295.87561798095703 195.7722625732422 295.87561798095703 250.73946380615234 274.506591796875 250.73946380615234
272.1195373535156 196.40731811523438 293.14160346984863 196.40731811523438 293.14160346984863 252.08747100830078 272.1195373535156 252.08747100830078
270.88543701171875 196.711669921875 291.88843727111816 196.711669921875 291.88843727111816 252.34132766723633 270.88543701171875 252.34132766723633
269.4349060058594 194.8828887939453 290.78808975219727 194.8828887939453 290.78808975219727 251.44005966186523 269.4349060058594 251.44005966186523
267.6977844238281 193.365234375 288.8571014404297 193.365234375 288.8571014404297 249.4089241027832 267.6977844238281 249.4089241027832
266.64739990234375 193.22259521484375 287.5399341583252 193.22259521484375 287.5399341583252 248.5596694946289 266.64739990234375 248.5596694946289
264.4246520996094 194.1833953857422 285.2040138244629 194.1833953857422 285.2040138244629 249.22071838378906 264.4246520996094 249.22071838378906
