216.0 143.0 231.0 143.0 231.0 165.0 216.0 165.0
216.2196807861328 143.2052001953125 230.8371639251709 143.2052001953125 230.8371639251709 164.3388729095459 216.2196807861328 164.3388729095459
216.328857421875 143.179931640625 231.36129760742188 143.179931640625 231.36129760742188 164.52034759521484 216.328857421875 164.52034759521484
216.64370727539062 142.9837646484375 231.55288219451904 142.9837646484375 231.55288219451904 165.06580543518066 216.64370727539062 165.06580543518066
216.73202514648438 144.05111694335938 232.5201292037964 144.05111694335938 232.5201292037964 165.10441970825195 216.73202514648438 165.10441970825195
217.903564453125 143.4630889892578 232.51430225372314 143.4630889892578 232.51430225372314 165.07844924926758 217.903564453125 165.07844924926758
217.748779296875 143.7239990234375 232.87122058868408 143.7239990234375 232.87122058868408 165.7056999206543 217.748779296875 165.7056999206543
218.7045440673828 143.62620544433594 232.81296348571777 143.62620544433594 232.81296348571777 166.58534812927246 218.7045440673828 166.58534812927246
217.89645385742188 143.5574493408203 233.21891498565674 143.5574493408203 233.21891498565674 166.7726287841797 217.89645385742188 166.7726287841797
218.51443481445312 143.49441528320312 233.387433052063 143.49441528320312 233.387433052063 166.1020565032959 218.51443481445312 166.1020565032959
218.4035186767578 143.4341583251953 234.3494644165039 143.4341583251953 234.3494644165039 165.70085334777832 218.4035186767578 165.70085334777832
218.8301544189453 144.28475952148438 235.2662467956543 144.28475952148438 235.2662467956543 166.58377838134766 218.8301544189453 166.58377838134766
220.409423828125 144.3478240966797 235.60984230041504 144.3478240966797 235.60984230041504 167.28677368164062 220.409423828125 167.28677368164062
221.43539428710938 143.61642456054688 236.321026802063 143.61642456054688 236.321026802063 167.78800582885742 221.43539428710938 167.78800582885742
222.23486328125 145.02745056152344 237.63364219665527 145.02745056152344 237.63364219665527 167.32196426391602 222.23486328125 167.32196426391602
222.8681182861328 144.8259735107422 238.9758071899414 144.8259735107422 238.9758071899414 168.29611206054688 222.8681182861328 168.29611206054688
225.57034301757812 145.7259979248047 241.47594738006592 145.7259979248047 241.47594738006592 168.32855796813965 225.57034301757812 168.32855796813965
225.4532928466797 145.6901397705078 241.5130214691162 145.6901397705078 241.5130214691162 168.85993003845215 225.4532928466797 168.85993003845215
226.8780517578125 145.479736328125 242.66304302215576 145.479736328125 242.66304302215576 168.90606689453125 226.8780517578125 168.90606689453125
228.8998260498047 145.92984008789062 244.4740858078003 145.92984008789062 244.4740858078003 168.54025650024414 228.8998260498047 168.54025650024414
229.8668975830078 145.32444763183594 245.54405689239502 145.32444763183594 245.54405689239502 168.24809646606445 229.8668975830078 168.24809646606445
230.73080444335938 145.9075469970703 246.27693462371826 145.9075469970703 246.27693462371826 168.7085304260254 230.73080444335938 168.7085304260254
231.6077423095703 146.25448608398438 247.3607692718506 146.25448608398438 247.3607692718506 169.2958526611328 231.6077423095703 169.2958526611328
233.1416473388672 146.10487365722656 248.97620391845703 146.10487365722656 248.97620391845703 169.32888412475586 233.1416473388672 169.32888412475586
234.98635864257812 146.5000762939453 250.50389575958252 146.5000762939453 250.50389575958252 169.75595474243164 234.98635864257812 169.75595474243164
237.1669464111328 147.36343383789062 252.90346813201904 147.36343383789062 252.90346813201904 170.44366264343262 237.1669464111328 170.44366264343262
256.8587341308594 150.35699462890625 272.06213188171387 150.35699462890625 272.06213188171387 172.65530967712402 256.8587341308594 172.65530967712402
262.4183654785156 151.2013397216797 277.7126865386963 151.2013397216797 277.7126865386963 173.63300895690918 262.4183654785156 173.63300895690918
263.3826904296875 151.9766845703125 278.7342176437378 151.9766845703125 278.7342176437378 174.49225616455078 263.3826904296875 174.49225616455078
259.6395568847656 150.51243591308594 274.5737028121948 150.51243591308594 274.5737028121948 172.4158477783203 259.6395568847656 172.4158477783203
254.25399780273438 149.28785705566406 269.1264171600342 149.28785705566406 269.1264171600342 171.10073852539062 254.25399780273438 171.10073852539062
252.3330078125 150.25863647460938 267.1374282836914 150.25863647460938 267.1374282836914 171.97178649902344 252.3330078125 171.97178649902344
251.21945190429688 149.57867431640625 265.78013610839844 149.57867431640625 265.78013610839844 170.93434524536133 251.21945190429688 170.93434524536133
252.84146118164062 149.89569091796875 267.2028102874756 149.89569091796875 267.2028102874756 170.95900344848633 252.84146118164062 170.95900344848633
254.03347778320312 149.38095092773438 268.45505714416504 149.38095092773438 268.45505714416504 170.53259658813477 254.03347778320312 170.53259658813477
255.53280639648438 150.19259643554688 269.97307872772217 150.19259643554688 269.97307872772217 171.3716583251953 255.53280639648438 171.3716583251953
256.7587890625 149.33937072753906 271.41308403015137 149.33937072753906 271.41308403015137 170.83233261108398 256.7587890625 170.83233261108398
258.26715087890625 149.78016662597656 272.5549211502075 149.78016662597656 272.5549211502075 170.73555946350098 258.26715087890625 170.73555946350098
258.46630859375 150.06668090820312 272.8003787994385 150.06668090820312 272.8003787994385 171.08998107910156 258.46630859375 171.08998107910156
260.0196838378906 148.7202911376953 274.1604537963867 148.7202911376953 274.1604537963867 169.46008491516113 260.0196838378906 169.46008491516113
263.162353515625 150.92385864257812 277.5337018966675 150.92385864257812 277.5337018966675 172.00183486938477 263.162353515625 172.00183486938477
274.80194091796875 152.5529327392578 289.41221046447754 152.5529327392578 289.41221046447754 173.98132705688477 274.80194091796875 173.98132705688477
275.1819152832031 153.22537231445312 289.92707538604736 153.22537231445312 289.92707538604736 174.8516082763672 275.1819152832031 174.8516082763672
277.1632385253906 153.49368286132812 291.71627044677734 153.49368286132812 291.71627044677734 174.83813095092773 277.1632385253906 174.83813095092773
277.7555236816406 152.9514923095703 292.4919147491455 152.9514923095703 292.4919147491455 174.56486701965332 277.7555236816406 174.56486701965332
277.74273681640625 153.50990295410156 292.3512296676636 153.50990295410156 292.3512296676636 174.93569564819336 277.74273681640625 174.93569564819336
275.82379150390625 153.13668823242188 290.2565336227417 153.13668823242188 290.2565336227417 174.30471420288086 275.82379150390625 174.30471420288086
277.88299560546875 152.6871795654297 292.13061332702637 152.6871795654297 292.13061332702637 173.58369064331055 277.88299560546875 173.58369064331055
278.41729736328125 152.73513793945312 293.0015411376953 152.73513793945312 293.0015411376953 174.12536430358887 278.41729736328125 174.12536430358887
280.136962890625 153.72850036621094 294.80206871032715 153.72850036621094 294.80206871032715 175.23732566833496 280.136962890625 175.23732566833496
280.7967224121094 153.332763671875 295.4976987838745 153.332763671875 295.4976987838745 174.89420127868652 280.7967224121094 174.89420127868652
283.1575622558594 154.1895751953125 297.6235752105713 154.1895751953125 297.6235752105713 175.40639877319336 283.1575622558594 175.40639877319336
283.7381896972656 153.81275939941406 298.2625913619995 153.81275939941406 298.2625913619995 174.52006340026855 283.7381896972656 174.52006340026855
285.01806640625 154.40444946289062 299.53082275390625 154.40444946289062 299.53082275390625 175.6898307800293 285.01806640625 175.6898307800293
286.4590759277344 154.42288208007812 301.1302890777588 154.42288208007812 301.1302890777588 175.9406681060791 286.4590759277344 175.9406681060791
288.948974609375 154.4686279296875 303.9486131668091 154.4686279296875 303.9486131668091 176.4681053161621 288.948974609375 176.4681053161621
289.8390197753906 155.11785888671875 305.1262331008911 155.11785888671875 305.1262331008911 176.86828231811523 289.8390197753906 176.86828231811523
291.17498779296875 155.1719207763672 306.0551300048828 155.1719207763672 306.0551300048828 176.99613761901855 291.17498779296875 176.99613761901855
292.045654296875 155.34657287597656 307.014368057251 155.34657287597656 307.014368057251 177.3006935119629 292.045654296875 177.3006935119629
292.7702331542969 156.1874237060547 307.76113414764404 156.1874237060547 307.76113414764404 178.17408561706543 292.7702331542969 178.17408561706543
294.1316833496094 156.03179931640625 309.3945541381836 156.03179931640625 309.3945541381836 178.4173526763916 294.1316833496094 178.4173526763916
295.6238708496094 156.23324584960938 311.1384811401367 156.23324584960938 311.1384811401367 178.98801803588867 295.6238708496094 178.98801803588867
296.0062255859375 156.47537231445312 311.69482135772705 156.47537231445312 311.69482135772705 179.4853229522705 296.0062255859375 179.4853229522705
295.40521240234375 156.76467895507812 311.49921226501465 156.76467895507812 311.49921226501465 178.9393196105957 295.40521240234375 178.9393196105957
296.990234375 156.81021118164062 312.9265594482422 156.81021118164062 312.9265594482422 180.18349647521973 296.990234375 180.18349647521973
295.66082763671875 156.48800659179688 312.6917018890381 156.48800659179688 312.6917018890381 178.33403396606445 295.66082763671875 178.33403396606445
295.75567626953125 156.8180389404297 312.30040168762207 156.8180389404297 312.30040168762207 179.67603302001953 295.75567626953125 179.67603302001953
296.4515686035156 157.35977172851562 312.9100093841553 157.35977172851562 312.9100093841553 180.01432991027832 296.4515686035156 180.01432991027832
296.14398193359375 157.14596557617188 312.8683624267578 157.14596557617188 312.8683624267578 179.80051040649414 296.14398193359375 179.80051040649414
297.7746276855469 158.7094268798828 314.00387954711914 158.7094268798828 314.00387954711914 182.5123348236084 297.7746276855469 182.5123348236084
295.594482421875 157.52590942382812 312.4109916687012 157.52590942382812 312.4109916687012 179.68320274353027 295.594482421875 179.68320274353027
295.2389221191406 158.9401092529297 312.2040367126465 158.9401092529297 312.2040367126465 181.31930923461914 295.2389221191406 181.31930923461914
295.7765808105469 159.3057098388672 312.9033851623535 159.3057098388672 312.9033851623535 181.76121711730957 295.7765808105469 181.76121711730957
295.1056213378906 159.5803680419922 312.77992820739746 159.5803680419922 312.77992820739746 181.22088241577148 295.1056213378906 181.22088241577148
295.4168395996094 160.04014587402344 312.5990390777588 160.04014587402344 312.5990390777588 183.82147216796875 295.4168395996094 183.82147216796875
294.40106201171875 160.6761016845703 312.050573348999 160.6761016845703 312.050573348999 182.5894432067871 294.40106201171875 182.5894432067871
294.9253845214844 160.1780548095703 312.2325859069824 160.1780548095703 312.2325859069824 184.6282444000244 294.9253845214844 184.6282444000244
294.2633361816406 161.57730102539062 311.43032455444336 161.57730102539062 311.43032455444336 183.5314598083496 294.2633361816406 183.5314598083496
293.6632995605469 161.1578369140625 311.4780101776123 161.1578369140625 311.4780101776123 183.74794006347656 293.6632995605469 183.74794006347656
293.1494140625 162.00137329101562 311.118221282959 162.00137329101562 311.118221282959 183.94630813598633 293.1494140625 183.94630813598633
293.4910888671875 162.432373046875 310.95157623291016 162.432373046875 310.95157623291016 186.37355422973633 293.4910888671875 186.37355422973633
292.30963134765625 163.2794952392578 310.2686195373535 163.2794952392578 310.2686195373535 185.82933807373047 292.30963134765625 185.82933807373047
291.2513732910156 163.28616333007812 309.7970886230469 163.28616333007812 309.7970886230469 186.81063842773438 291.2513732910156 186.81063842773438
291.5497741699219 163.97396850585938 309.1419486999512 163.97396850585938 309.1419486999512 187.64703369140625 291.5497741699219 187.64703369140625
290.4884948730469 164.60382080078125 308.1642093658447 164.60382080078125 308.1642093658447 187.89159202575684 290.4884948730469 187.89159202575684
289.91827392578125 164.79092407226562 308.1569938659668 164.79092407226562 308.1569938659668 190.25664520263672 289.91827392578125 190.25664520263672
290.54736328125 165.0099639892578 307.89172744750977 165.0099639892578 307.89172744750977 190.00198936462402 290.54736328125 190.00198936462402
289.66851806640625 165.3171844482422 307.2652072906494 165.3171844482422 307.2652072906494 189.4832305908203 289.66851806640625 189.4832305908203
289.15924072265625 166.03207397460938 307.2607250213623 166.03207397460938 307.2607250213623 189.80184936523438 289.15924072265625 189.80184936523438
288.36895751953125 167.36184692382812 306.8852710723877 167.36184692382812 306.8852710723877 192.29702186584473 288.36895751953125 192.29702186584473
287.94134521484375 167.42459106445312 306.470064163208 167.42459106445312 306.470064163208 192.06966400146484 287.94134521484375 192.06966400146484
287.86651611328125 167.8290252685547 305.5116424560547 167.8290252685547 305.5116424560547 193.42010116577148 287.86651611328125 193.42010116577148
286.4508361816406 168.5397491455078 304.32435035705566 168.5397491455078 304.32435035705566 193.4499397277832 286.4508361816406 193.4499397277832
286.4275207519531 169.5285186767578 304.0882968902588 169.5285186767578 304.0882968902588 195.4309844970703 286.4275207519531 195.4309844970703
285.30224609375 169.59947204589844 302.8603801727295 169.59947204589844 302.8603801727295 194.9782600402832 285.30224609375 194.9782600402832
283.88494873046875 170.23509216308594 301.8023204803467 170.23509216308594 301.8023204803467 195.2925682067871 283.88494873046875 195.2925682067871
283.54840087890625 171.3515625 301.61040115356445 171.3515625 301.61040115356445 197.84249305725098 283.54840087890625 197.84249305725098
283.6983947753906 171.74331665039062 301.9022388458252 171.74331665039062 301.9022388458252 198.44228172302246 283.6983947753906 198.44228172302246
282.34759521484375 171.8076171875 300.4778747558594 171.8076171875 300.4778747558594 198.09478759765625 282.34759521484375 198.09478759765625
281.7872619628906 173.69949340820312 299.98408126831055 173.69949340820312 299.98408126831055 200.3491725921631 281.7872619628906 200.3491725921631
280.40447998046875 173.4881591796875 298.74560356140137 173.4881591796875 298.74560356140137 199.21317672729492 280.40447998046875 199.21317672729492
276.95526123046875 177.3168487548828 296.02417373657227 177.3168487548828 296.02417373657227 202.94350814819336 276.95526123046875 202.94350814819336
277.2181091308594 179.24594116210938 295.58873748779297 179.24594116210938 295.58873748779297 206.18952560424805 277.2181091308594 206.18952560424805
275.75128173828125 179.76199340820312 294.2060966491699 179.76199340820312 294.2060966491699 207.06188011169434 275.75128173828125 207.06188011169434
275.28057861328125 180.83433532714844 293.90798568725586 180.83433532714844 293.90798568725586 208.1545295715332 275.28057861328125 208.1545295715332
274.9485778808594 182.2677459716797 293.6046333312988 182.2677459716797 293.6046333312988 209.62995529174805 274.9485778808594 209.62995529174805
274.3471374511719 184.3230438232422 293.3537540435791 184.3230438232422 293.3537540435791 212.19940567016602 274.3471374511719 212.19940567016602
274.52593994140625 185.08604431152344 293.28726387023926 185.08604431152344 293.28726387023926 212.60264205932617 274.52593994140625 212.60264205932617
273.73388671875 184.8839569091797 292.6743812561035 184.8839569091797 292.6743812561035 212.6633358001709 273.73388671875 212.6633358001709
273.39166259765625 185.81411743164062 292.41220474243164 185.81411743164062 292.41220474243164 213.71090126037598 273.39166259765625 213.71090126037598
272.2684631347656 186.41476440429688 291.2219543457031 186.41476440429688 291.2219543457031 213.94334030151367 272.2684631347656 213.94334030151367
272.79632568359375 189.5038604736328 291.58147048950195 189.5038604736328 291.58147048950195 217.05539321899414 272.79632568359375 217.05539321899414
272.29095458984375 190.0171661376953 290.7421073913574 190.0171661376953 290.7421073913574 217.0788459777832 272.29095458984375 217.0788459777832
272.827392578125 190.58432006835938 290.94727516174316 190.58432006835938 290.94727516174316 217.16013717651367 272.827392578125 217.16013717651367
271.471435546875 192.20065307617188 289.574743270874 192.20065307617188 289.574743270874 218.7521629333496 271.471435546875 218.7521629333496
271.68939208984375 192.76849365234375 289.74734115600586 192.76849365234375 289.74734115600586 219.25347328186035 271.68939208984375 219.25347328186035
271.44488525390625 195.26458740234375 288.9918098449707 195.26458740234375 288.9918098449707 221.00006675720215 271.44488525390625 221.00006675720215
271.3851318359375 195.7132110595703 289.0098934173584 195.7132110595703 289.0098934173584 221.56285095214844 271.3851318359375 221.56285095214844
270.99945068359375 196.76507568359375 289.0558319091797 196.76507568359375 289.0558319091797 223.2477569580078 270.99945068359375 223.2477569580078
270.21630859375 196.29983520507812 288.35989570617676 196.29983520507812 288.35989570617676 222.91041946411133 270.21630859375 222.91041946411133
269.61138916015625 197.0669403076172 287.796236038208 197.0669403076172 287.796236038208 223.73804092407227 269.61138916015625 223.73804092407227
268.75250244140625 197.45018005371094 287.422082901001 197.45018005371094 287.422082901001 224.8322238922119 268.75250244140625 224.8322238922119
268.02117919921875 197.90138244628906 286.7217483520508 197.90138244628906 286.7217483520508 225.32887840270996 268.02117919921875 225.32887840270996
267.58258056640625 198.70913696289062 286.5351753234863 198.70913696289062 286.5351753234863 226.5062713623047 267.58258056640625 226.5062713623047
266.796142578125 199.59649658203125 285.4983615875244 199.59649658203125 285.4983615875244 227.02640914916992 266.796142578125 227.02640914916992
266.1363830566406 199.89320373535156 285.09693145751953 199.89320373535156 285.09693145751953 227.70199966430664 266.1363830566406 227.70199966430664
265.0166931152344 200.62783813476562 284.0577964782715 200.62783813476562 284.0577964782715 228.61993980407715 265.0166931152344 228.61993980407715
264.7423095703125 200.06016540527344 284.1676025390625 200.06016540527344 284.1676025390625 227.5477180480957 264.7423095703125 227.5477180480957
264.3404541015625 203.1847381591797 284.02061462402344 203.1847381591797 284.02061462402344 232.04896926879883 264.3404541015625 232.04896926879883
261.7710876464844 203.9448699951172 282.08703231811523 203.9448699951172 282.08703231811523 230.97972679138184 261.7710876464844 230.97972679138184
261.38653564453125 205.0442657470703 281.626859664917 205.0442657470703 281.626859664917 234.0747776031494 261.38653564453125 234.0747776031494
260.2353515625 205.9892578125 280.4622097015381 205.9892578125 280.4622097015381 234.47680282592773 260.2353515625 234.47680282592773
260.1186828613281 207.34213256835938 280.41991424560547 207.34213256835938 280.41991424560547 237.11726760864258 260.1186828613281 237.11726760864258
258.67193603515625 207.79562377929688 279.52783203125 207.79562377929688 279.52783203125 236.45045852661133 258.67193603515625 236.45045852661133
257.8433532714844 207.3548583984375 278.26852798461914 207.3548583984375 278.26852798461914 237.280029296875 257.8433532714844 237.280029296875
256.4702453613281 209.72811889648438 277.2322692871094 209.72811889648438 277.2322692871094 237.80316734313965 256.4702453613281 237.80316734313965
255.228271484375 211.03817749023438 276.5932807922363 211.03817749023438 276.5932807922363 239.7123966217041 255.228271484375 239.7123966217041
252.3902587890625 213.3419647216797 273.6269874572754 213.3419647216797 273.6269874572754 242.23041343688965 252.3902587890625 242.23041343688965
251.38644409179688 214.4872589111328 273.33506774902344 214.4872589111328 273.33506774902344 243.2293586730957 251.38644409179688 243.2293586730957
249.93075561523438 215.5906982421875 271.7052574157715 215.5906982421875 271.7052574157715 244.89639282226562 249.93075561523438 244.89639282226562
247.683349609375 217.26620483398438 269.8792476654053 217.26620483398438 269.8792476654053 245.86569786071777 247.683349609375 245.86569786071777
246.7141571044922 217.8632354736328 270.038724899292 217.8632354736328 270.038724899292 248.19993209838867 246.7141571044922 248.19993209838867
245.9386444091797 218.49813842773438 269.1507816314697 218.49813842773438 269.1507816314697 249.35230445861816 245.9386444091797 249.35230445861816
244.57455444335938 219.7689666748047 267.30951499938965 219.7689666748047 267.30951499938965 250.2866973876953 244.57455444335938 250.2866973876953
