414.0 141.0 428.0 141.0 428.0 163.0 414.0 163.0
413.054443359375 143.02975463867188 427.0758647918701 143.02975463867188 427.0758647918701 165.06341552734375 413.054443359375 165.06341552734375
413.681884765625 141.34657287597656 427.4833354949951 141.34657287597656 427.4833354949951 163.88461685180664 413.681884765625 163.88461685180664
412.5282287597656 143.3306121826172 426.30153942108154 143.3306121826172 426.30153942108154 163.25262069702148 412.5282287597656 163.25262069702148
412.710693359375 142.14389038085938 425.97961235046387 142.14389038085938 425.97961235046387 163.4461154937744 412.710693359375 163.4461154937744
411.547119140625 142.9770050048828 424.9024477005005 142.9770050048828 424.9024477005005 163.35334014892578 411.547119140625 163.35334014892578
411.01055908203125 143.72183227539062 424.64961433410645 143.72183227539062 424.64961433410645 163.1363925933838 411.01055908203125 163.1363925933838
410.13787841796875 143.08018493652344 424.1880235671997 143.08018493652344 424.1880235671997 163.92281532287598 410.13787841796875 163.92281532287598
408.598876953125 143.1559600830078 422.6572370529175 143.1559600830078 422.6572370529175 164.7683982849121 408.598876953125 164.7683982849121
408.34674072265625 144.01058959960938 421.9790086746216 144.01058959960938 421.9790086746216 163.74221420288086 408.34674072265625 163.74221420288086
407.89422607421875 143.83563232421875 421.79537773132324 143.83563232421875 421.79537773132324 164.3479404449463 407.89422607421875 164.3479404449463
406.5630798339844 144.8272247314453 420.70326805114746 144.8272247314453 420.70326805114746 165.70899963378906 406.5630798339844 165.70899963378906
405.84423828125 143.57199096679688 420.40295600891113 143.57199096679688 420.40295600891113 164.63618087768555 405.84423828125 164.63618087768555
405.1448059082031 144.31155395507812 419.38127422332764 144.31155395507812 419.38127422332764 164.58882522583008 405.1448059082031 164.58882522583008
405.54974365234375 144.2905731201172 419.265625 144.2905731201172 419.265625 165.50287246704102 405.54974365234375 165.50287246704102
405.27801513671875 144.2781219482422 418.704852104187 144.2781219482422 418.704852104187 166.01164627075195 405.27801513671875 166.01164627075195
404.58917236328125 145.01565551757812 417.4301700592041 145.01565551757812 417.4301700592041 166.07664489746094 404.58917236328125 166.07664489746094
402.15087890625 145.79867553710938 416.9680223464966 145.79867553710938 416.9680223464966 167.16898727416992 402.15087890625 167.16898727416992
402.34393310546875 146.04696655273438 415.8098783493042 146.04696655273438 415.8098783493042 166.39503479003906 402.34393310546875 166.39503479003906
401.5099792480469 145.83213806152344 416.0039396286011 145.83213806152344 416.0039396286011 166.0576515197754 401.5099792480469 166.0576515197754
400.9750671386719 146.16331481933594 414.4268856048584 146.16331481933594 414.4268856048584 166.56763076782227 400.9750671386719 166.56763076782227
399.6059875488281 146.38320922851562 414.5453748703003 146.38320922851562 414.5453748703003 166.6569595336914 399.6059875488281 166.6569595336914
398.5394592285156 146.11334228515625 413.3442659378052 146.11334228515625 413.3442659378052 166.0111904144287 398.5394592285156 166.0111904144287
398.4381103515625 146.66883850097656 411.735857963562 146.66883850097656 411.735857963562 166.45450401306152 398.4381103515625 166.45450401306152
397.58941650390625 146.6154022216797 411.518102645874 146.6154022216797 411.518102645874 167.93677139282227 397.58941650390625 167.93677139282227
396.2024230957031 146.88143920898438 410.8284606933594 146.88143920898438 410.8284606933594 167.70855712890625 396.2024230957031 167.70855712890625
395.3576354980469 147.99098205566406 410.3722457885742 147.99098205566406 410.3722457885742 167.17216110229492 395.3576354980469 167.17216110229492
394.78704833984375 147.6761016845703 409.35400676727295 147.6761016845703 409.35400676727295 167.39967155456543 394.78704833984375 167.39967155456543
393.58184814453125 146.65786743164062 407.97917461395264 146.65786743164062 407.97917461395264 167.92775344848633 393.58184814453125 167.92775344848633
392.5688171386719 147.26065063476562 407.2284450531006 147.26065063476562 407.2284450531006 167.97325325012207 392.5688171386719 167.97325325012207
391.75506591796875 147.75082397460938 406.73537731170654 147.75082397460938 406.73537731170654 168.49362754821777 391.75506591796875 168.49362754821777
392.1460266113281 148.17547607421875 406.21986198425293 148.17547607421875 406.21986198425293 167.6644744873047 392.1460266113281 167.6644744873047
390.50860595703125 147.7325897216797 405.00339794158936 147.7325897216797 405.00339794158936 168.7046661376953 390.50860595703125 168.7046661376953
389.9222106933594 149.18777465820312 403.82763671875 149.18777465820312 403.82763671875 169.34451293945312 389.9222106933594 169.34451293945312
388.5191650390625 147.29981994628906 403.2432737350464 147.29981994628906 403.2432737350464 168.3117332458496 388.5191650390625 168.3117332458496
388.08953857421875 147.91769409179688 401.2469711303711 147.91769409179688 401.2469711303711 169.19826889038086 388.08953857421875 169.19826889038086
386.7629089355469 148.05007934570312 399.4788188934326 148.05007934570312 399.4788188934326 170.5175380706787 386.7629089355469 170.5175380706787
386.350830078125 156.78720092773438 399.12290954589844 156.78720092773438 399.12290954589844 178.73345565795898 386.350830078125 178.73345565795898
384.6416931152344 157.2830810546875 399.82289600372314 157.2830810546875 399.82289600372314 181.13926315307617 384.6416931152344 181.13926315307617
371.5181579589844 155.54470825195312 386.82180976867676 155.54470825195312 386.82180976867676 179.59330940246582 371.5181579589844 179.59330940246582
380.4757080078125 163.85708618164062 395.82637214660645 163.85708618164062 395.82637214660645 187.9795627593994 380.4757080078125 187.9795627593994
393.0410461425781 162.52024841308594 408.3091526031494 162.52024841308594 408.3091526031494 186.51298904418945 393.0410461425781 186.51298904418945
379.29010009765625 151.45697021484375 394.4681625366211 151.45697021484375 394.4681625366211 175.30821228027344 379.29010009765625 175.30821228027344
377.5906677246094 151.44459533691406 392.8237714767456 151.44459533691406 392.8237714767456 175.38233184814453 377.5906677246094 175.38233184814453
390.7198791503906 153.50576782226562 405.8218479156494 153.50576782226562 405.8218479156494 177.23743438720703 390.7198791503906 177.23743438720703
387.52447509765625 154.0805206298828 402.9055051803589 154.0805206298828 402.9055051803589 178.25071334838867 387.52447509765625 178.25071334838867
376.175048828125 155.22850036621094 391.92323875427246 155.22850036621094 391.92323875427246 179.97565841674805 376.175048828125 179.97565841674805
373.8042297363281 153.2863006591797 389.60857677459717 153.2863006591797 389.60857677459717 178.12170600891113 373.8042297363281 178.12170600891113
374.6209411621094 151.5290985107422 388.681360244751 151.5290985107422 388.681360244751 174.02498245239258 374.6209411621094 174.02498245239258
373.38482666015625 152.20028686523438 387.9440336227417 152.20028686523438 387.9440336227417 173.1210708618164 373.38482666015625 173.1210708618164
372.5587463378906 151.7542724609375 386.3327922821045 151.7542724609375 386.3327922821045 173.95168495178223 372.5587463378906 173.95168495178223
371.00201416015625 152.23587036132812 385.4377899169922 152.23587036132812 385.4377899169922 173.66223526000977 371.00201416015625 173.66223526000977
370.84747314453125 152.29788208007812 384.6714458465576 152.29788208007812 384.6714458465576 174.1759910583496 370.84747314453125 174.1759910583496
369.39227294921875 152.88339233398438 384.08226585388184 152.88339233398438 384.08226585388184 174.3466567993164 369.39227294921875 174.3466567993164
368.9239807128906 153.06796264648438 382.9643278121948 153.06796264648438 382.9643278121948 173.7849578857422 368.9239807128906 173.7849578857422
367.86798095703125 154.7489471435547 381.6954622268677 154.7489471435547 381.6954622268677 174.43033981323242 367.86798095703125 174.43033981323242
366.9585876464844 154.804443359375 381.1803951263428 154.804443359375 381.1803951263428 175.17929458618164 366.9585876464844 175.17929458618164
365.30712890625 154.01795959472656 378.5674991607666 154.01795959472656 378.5674991607666 175.22332572937012 365.30712890625 175.22332572937012
363.7761535644531 155.169921875 377.62492656707764 155.169921875 377.62492656707764 176.63116073608398 363.7761535644531 176.63116073608398
363.39007568359375 153.90673828125 377.8145389556885 153.90673828125 377.8145389556885 176.36159133911133 363.39007568359375 176.36159133911133
362.1695556640625 154.449951171875 376.39502906799316 154.449951171875 376.39502906799316 177.26892471313477 362.1695556640625 177.26892471313477
360.4411315917969 154.8286590576172 374.9746799468994 154.8286590576172 374.9746799468994 177.57621383666992 360.4411315917969 177.57621383666992
358.28900146484375 155.40884399414062 372.1922016143799 155.40884399414062 372.1922016143799 179.50157356262207 358.28900146484375 179.50157356262207
357.97930908203125 155.87767028808594 371.4388551712036 155.87767028808594 371.4388551712036 178.34688758850098 357.97930908203125 178.34688758850098
355.54681396484375 156.13746643066406 370.03728675842285 156.13746643066406 370.03728675842285 178.87664413452148 355.54681396484375 178.87664413452148
354.10992431640625 157.47073364257812 368.57857036590576 157.47073364257812 368.57857036590576 180.7483310699463 354.10992431640625 180.7483310699463
353.3289794921875 156.950439453125 367.71736335754395 156.950439453125 367.71736335754395 180.7249755859375 353.3289794921875 180.7249755859375
353.1921691894531 156.5837860107422 366.50659942626953 156.5837860107422 366.50659942626953 181.1141757965088 353.1921691894531 181.1141757965088
351.13397216796875 158.83499145507812 364.82258892059326 158.83499145507812 364.82258892059326 182.06699180603027 351.13397216796875 182.06699180603027
349.1991271972656 158.1529541015625 363.3046646118164 158.1529541015625 363.3046646118164 181.0288600921631 349.1991271972656 181.0288600921631
347.8158264160156 158.95803833007812 361.77618980407715 158.95803833007812 361.77618980407715 182.62074661254883 347.8158264160156 182.62074661254883
346.51763916015625 158.53775024414062 360.5666446685791 158.53775024414062 360.5666446685791 182.40380477905273 346.51763916015625 182.40380477905273
345.07891845703125 159.2583770751953 359.5781421661377 159.2583770751953 359.5781421661377 183.04706192016602 345.07891845703125 183.04706192016602
342.7392578125 159.8727569580078 357.6302213668823 159.8727569580078 357.6302213668823 183.85342025756836 342.7392578125 183.85342025756836
342.21234130859375 160.6126251220703 356.32929706573486 160.6126251220703 356.32929706573486 182.7501621246338 342.21234130859375 182.7501621246338
340.77850341796875 161.82235717773438 355.17604064941406 161.82235717773438 355.17604064941406 184.0991916656494 340.77850341796875 184.0991916656494
339.1475524902344 161.69448852539062 353.22071647644043 161.69448852539062 353.22071647644043 184.76863861083984 339.1475524902344 184.76863861083984
338.2152404785156 160.81796264648438 352.73085498809814 160.81796264648438 352.73085498809814 183.2082176208496 338.2152404785156 183.2082176208496
337.6766662597656 161.0908660888672 351.75629234313965 161.0908660888672 351.75629234313965 183.62567520141602 337.6766662597656 183.62567520141602
336.36724853515625 160.6209716796875 350.21264457702637 160.6209716796875 350.21264457702637 183.9357566833496 336.36724853515625 183.9357566833496
335.32672119140625 160.78269958496094 348.63247871398926 160.78269958496094 348.63247871398926 183.58935737609863 335.32672119140625 183.58935737609863
333.3648681640625 161.73509216308594 347.28535747528076 161.73509216308594 347.28535747528076 184.04199981689453 333.3648681640625 184.04199981689453
332.1865539550781 162.42062377929688 346.4285297393799 162.42062377929688 346.4285297393799 185.1103916168213 332.1865539550781 185.1103916168213
330.1872863769531 162.65525817871094 344.7358989715576 162.65525817871094 344.7358989715576 185.52436065673828 330.1872863769531 185.52436065673828
329.507080078125 163.43905639648438 343.6561279296875 163.43905639648438 343.6561279296875 185.57666969299316 329.507080078125 185.57666969299316
327.10247802734375 160.95413208007812 343.29900550842285 160.95413208007812 343.29900550842285 186.7910976409912 327.10247802734375 186.7910976409912
325.04937744140625 161.3738250732422 341.66700172424316 161.3738250732422 341.66700172424316 187.64656448364258 325.04937744140625 187.64656448364258
322.6850280761719 161.08114624023438 341.36703872680664 161.08114624023438 341.36703872680664 190.4385871887207 322.6850280761719 190.4385871887207
321.17547607421875 161.67465209960938 339.786470413208 161.67465209960938 339.786470413208 190.92049598693848 321.17547607421875 190.92049598693848
321.93377685546875 162.49270629882812 338.9002323150635 162.49270629882812 338.9002323150635 189.7214241027832 321.93377685546875 189.7214241027832
320.73779296875 163.64370727539062 337.2313461303711 163.64370727539062 337.2313461303711 188.79058456420898 320.73779296875 188.79058456420898
319.0513610839844 163.1815185546875 336.6547565460205 163.1815185546875 336.6547565460205 190.34680557250977 319.0513610839844 190.34680557250977
318.28387451171875 162.32167053222656 336.45346450805664 162.32167053222656 336.45346450805664 190.68803787231445 318.28387451171875 190.68803787231445
318.8616027832031 164.92855834960938 333.9851884841919 164.92855834960938 333.9851884841919 187.93522834777832 318.8616027832031 187.93522834777832
318.0693359375 166.5626983642578 333.1790189743042 166.5626983642578 333.1790189743042 189.29687118530273 318.0693359375 189.29687118530273
314.55743408203125 164.3419189453125 332.4499053955078 164.3419189453125 332.4499053955078 192.64432334899902 314.55743408203125 192.64432334899902
316.59820556640625 166.46849060058594 330.9730739593506 166.46849060058594 330.9730739593506 189.7599754333496 316.59820556640625 189.7599754333496
313.37359619140625 164.99539184570312 331.3585624694824 164.99539184570312 331.3585624694824 193.14653396606445 313.37359619140625 193.14653396606445
312.46087646484375 165.93310546875 329.565242767334 165.93310546875 329.565242767334 192.74010848999023 312.46087646484375 192.74010848999023
312.271240234375 166.78842163085938 328.9689121246338 166.78842163085938 328.9689121246338 192.24988174438477 312.271240234375 192.24988174438477
310.65997314453125 166.33279418945312 327.92776107788086 166.33279418945312 327.92776107788086 193.30735397338867 310.65997314453125 193.30735397338867
312.14544677734375 167.42160034179688 327.8650360107422 167.42160034179688 327.8650360107422 191.59203147888184 312.14544677734375 191.59203147888184
306.59765625 166.0039825439453 325.3064155578613 166.0039825439453 325.3064155578613 195.4034481048584 306.59765625 195.4034481048584
307.9402770996094 167.42031860351562 324.12815856933594 167.42031860351562 324.12815856933594 193.38814735412598 307.9402770996094 193.38814735412598
305.4244079589844 165.2423095703125 324.50714683532715 165.2423095703125 324.50714683532715 195.22945594787598 305.4244079589844 195.22945594787598
305.055908203125 166.84201049804688 323.27024269104004 166.84201049804688 323.27024269104004 195.3785285949707 305.055908203125 195.3785285949707
302.7049865722656 166.26126098632812 321.6712818145752 166.26126098632812 321.6712818145752 196.06542587280273 302.7049865722656 196.06542587280273
302.8387451171875 167.9022674560547 321.0271644592285 167.9022674560547 321.0271644592285 196.25930213928223 302.8387451171875 196.25930213928223
302.4636535644531 168.04470825195312 321.2281131744385 168.04470825195312 321.2281131744385 197.5317039489746 302.4636535644531 197.5317039489746
302.2753601074219 169.33326721191406 318.85677337646484 169.33326721191406 318.85677337646484 196.91734313964844 302.2753601074219 196.91734313964844
301.7049255371094 169.70509338378906 317.40147972106934 169.70509338378906 317.40147972106934 194.1590461730957 301.7049255371094 194.1590461730957
299.13018798828125 169.1777801513672 317.173526763916 169.1777801513672 317.173526763916 197.48861694335938 299.13018798828125 197.48861694335938
298.42352294921875 169.8469696044922 315.5901069641113 169.8469696044922 315.5901069641113 197.3528289794922 298.42352294921875 197.3528289794922
297.9068298339844 169.7937469482422 315.1931953430176 169.7937469482422 315.1931953430176 197.8052215576172 297.9068298339844 197.8052215576172
295.53936767578125 168.6062774658203 314.8622741699219 168.6062774658203 314.8622741699219 198.97083473205566 295.53936767578125 198.97083473205566
295.3910217285156 170.45870971679688 314.85542488098145 170.45870971679688 314.85542488098145 201.0456199645996 295.3910217285156 201.0456199645996
295.1091003417969 169.76034545898438 313.7894878387451 169.76034545898438 313.7894878387451 199.3661708831787 295.1091003417969 199.3661708831787
293.16180419921875 169.97494506835938 312.6945686340332 169.97494506835938 312.6945686340332 200.66928100585938 293.16180419921875 200.66928100585938
292.2140808105469 170.28829956054688 311.5904998779297 170.28829956054688 311.5904998779297 200.7369499206543 292.2140808105469 200.7369499206543
290.84320068359375 171.41162109375 309.813081741333 171.41162109375 309.813081741333 201.3233242034912 290.84320068359375 201.3233242034912
289.6248474121094 171.17864990234375 309.35949325561523 171.17864990234375 309.35949325561523 202.19022750854492 289.6248474121094 202.19022750854492
289.12567138671875 171.2184295654297 308.66028785705566 171.2184295654297 308.66028785705566 201.91567611694336 289.12567138671875 201.91567611694336
289.27142333984375 173.55487060546875 306.0094909667969 173.55487060546875 306.0094909667969 199.5950927734375 289.27142333984375 199.5950927734375
287.6788024902344 172.88645935058594 305.86754989624023 172.88645935058594 305.86754989624023 201.6795997619629 287.6788024902344 201.6795997619629
287.1511535644531 173.8892364501953 304.5414581298828 173.8892364501953 304.5414581298828 200.87002182006836 287.1511535644531 200.87002182006836
285.84588623046875 172.7595672607422 304.0725288391113 172.7595672607422 304.0725288391113 201.30539512634277 285.84588623046875 201.30539512634277
286.71392822265625 173.63742065429688 303.422887802124 173.63742065429688 303.422887802124 200.43068313598633 286.71392822265625 200.43068313598633
286.3553771972656 176.61871337890625 301.59975147247314 176.61871337890625 301.59975147247314 201.39508438110352 286.3553771972656 201.39508438110352
285.4588317871094 176.92771911621094 300.8520555496216 176.92771911621094 300.8520555496216 200.6428165435791 285.4588317871094 200.6428165435791
284.62396240234375 176.48294067382812 300.085337638855 176.48294067382812 300.085337638855 200.94358444213867 284.62396240234375 200.94358444213867
283.26214599609375 176.16244506835938 299.476526260376 176.16244506835938 299.476526260376 202.3126621246338 283.26214599609375 202.3126621246338
280.124267578125 175.78964233398438 298.81348609924316 175.78964233398438 298.81348609924316 205.1584072113037 280.124267578125 205.1584072113037
282.44586181640625 177.06491088867188 297.5346326828003 177.06491088867188 297.5346326828003 200.47742080688477 282.44586181640625 200.47742080688477
280.8624572753906 177.58602905273438 296.58287620544434 177.58602905273438 296.58287620544434 201.65883255004883 280.8624572753906 201.65883255004883
279.25848388671875 176.67367553710938 296.2535991668701 176.67367553710938 296.2535991668701 203.99680137634277 279.25848388671875 203.99680137634277
279.91131591796875 177.88327026367188 295.62922382354736 177.88327026367188 295.62922382354736 202.52620315551758 279.91131591796875 202.52620315551758
277.4037780761719 177.42030334472656 295.04889488220215 177.42030334472656 295.04889488220215 204.15972900390625 277.4037780761719 204.15972900390625
276.31646728515625 178.46133422851562 293.2862129211426 178.46133422851562 293.2862129211426 204.80090713500977 276.31646728515625 204.80090713500977
275.19036865234375 179.04833984375 292.59480476379395 179.04833984375 292.59480476379395 206.3237648010254 275.19036865234375 206.3237648010254
276.81927490234375 180.4449005126953 292.1684322357178 180.4449005126953 292.1684322357178 204.02829933166504 276.81927490234375 204.02829933166504
275.4917907714844 180.40548706054688 290.71208477020264 180.40548706054688 290.71208477020264 204.26501655578613 275.4917907714844 204.26501655578613
273.723876953125 180.47105407714844 290.26269149780273 180.47105407714844 290.26269149780273 205.22069358825684 273.723876953125 205.22069358825684
271.3139343261719 179.63186645507812 289.6187267303467 179.63186645507812 289.6187267303467 207.29044151306152 271.3139343261719 207.29044151306152
271.1882019042969 180.97113037109375 287.3501091003418 180.97113037109375 287.3501091003418 206.8965301513672 271.1882019042969 206.8965301513672
271.4427795410156 180.5597381591797 286.4628086090088 180.5597381591797 286.4628086090088 204.95131492614746 271.4427795410156 204.95131492614746
269.8804931640625 180.93284606933594 285.60669136047363 180.93284606933594 285.60669136047363 206.96746826171875 269.8804931640625 206.96746826171875
267.2115478515625 180.8727264404297 284.77157974243164 180.8727264404297 284.77157974243164 208.4696807861328 267.2115478515625 208.4696807861328
267.4734191894531 182.6804656982422 283.25367736816406 182.6804656982422 283.25367736816406 207.63512420654297 267.4734191894531 207.63512420654297
267.1058044433594 183.673828125 283.05619049072266 183.673828125 283.05619049072266 208.59354782104492 267.1058044433594 208.59354782104492
263.31292724609375 181.64163208007812 281.7331600189209 181.64163208007812 281.7331600189209 210.5732879638672 263.31292724609375 210.5732879638672
265.10174560546875 183.63442993164062 280.3349018096924 183.63442993164062 280.3349018096924 207.3491439819336 265.10174560546875 207.3491439819336
264.56195068359375 182.96505737304688 280.4896869659424 182.96505737304688 280.4896869659424 208.50547409057617 264.56195068359375 208.50547409057617
264.63232421875 183.50143432617188 280.01312255859375 183.50143432617188 280.01312255859375 208.28896141052246 264.63232421875 208.28896141052246
262.59521484375 184.5975341796875 278.4748592376709 184.5975341796875 278.4748592376709 210.73664474487305 262.59521484375 210.73664474487305
259.90924072265625 183.0949249267578 277.9065971374512 183.0949249267578 277.9065971374512 211.8229103088379 259.90924072265625 211.8229103088379
258.486572265625 185.44717407226562 275.5933418273926 185.44717407226562 275.5933418273926 211.2658634185791 258.486572265625 211.2658634185791
257.65728759765625 184.4534149169922 275.5695095062256 184.4534149169922 275.5695095062256 211.61553382873535 257.65728759765625 211.61553382873535
255.78640747070312 185.0973358154297 274.51191902160645 185.0973358154297 274.51191902160645 214.19973182678223 255.78640747070312 214.19973182678223
256.0340881347656 185.86953735351562 273.0783634185791 185.86953735351562 273.0783634185791 213.29323387145996 256.0340881347656 213.29323387145996
253.10110473632812 182.99974060058594 273.40148544311523 182.99974060058594 273.40148544311523 214.78145217895508 253.10110473632812 214.78145217895508
252.2891387939453 185.01083374023438 271.8113384246826 185.01083374023438 271.8113384246826 215.14517784118652 252.2891387939453 215.14517784118652
252.04330444335938 185.8170623779297 270.770450592041 185.8170623779297 270.770450592041 214.94252586364746 252.04330444335938 214.94252586364746
250.37307739257812 185.2890167236328 269.8578243255615 185.2890167236328 269.8578243255615 215.61261558532715 250.37307739257812 215.61261558532715
248.8515625 184.34165954589844 269.5857219696045 184.34165954589844 269.5857219696045 216.9455909729004 248.8515625 216.9455909729004
247.55844116210938 184.66571044921875 269.2455635070801 184.66571044921875 269.2455635070801 218.74545288085938 247.55844116210938 218.74545288085938
246.6968994140625 184.14511108398438 268.5016670227051 184.14511108398438 268.5016670227051 218.40972137451172 246.6968994140625 218.40972137451172
246.06777954101562 183.5775146484375 267.6641387939453 183.5775146484375 267.6641387939453 217.5146255493164 246.06777954101562 217.5146255493164
245.6153564453125 185.93968200683594 266.4454402923584 185.93968200683594 266.4454402923584 218.7472801208496 245.6153564453125 218.7472801208496
244.60836791992188 185.2794189453125 266.2226848602295 185.2794189453125 266.2226848602295 219.24474716186523 244.60836791992188 219.24474716186523
245.79483032226562 188.65963745117188 264.07286643981934 188.65963745117188 264.07286643981934 217.3618869781494 245.79483032226562 217.3618869781494
243.34765625 187.2240447998047 264.1797676086426 187.2240447998047 264.1797676086426 220.14479064941406 243.34765625 220.14479064941406
242.19876098632812 186.08926391601562 264.4499759674072 186.08926391601562 264.4499759674072 221.05542755126953 242.19876098632812 221.05542755126953
242.10110473632812 187.1852569580078 264.6708641052246 187.1852569580078 264.6708641052246 222.65199279785156 242.10110473632812 222.65199279785156
240.0997314453125 186.8529510498047 262.85297775268555 186.8529510498047 262.85297775268555 222.6080207824707 240.0997314453125 222.6080207824707
239.4568328857422 187.1005096435547 262.4063720703125 187.1005096435547 262.4063720703125 223.1640396118164 239.4568328857422 223.1640396118164
239.29995727539062 188.33267211914062 261.23668479919434 188.33267211914062 261.23668479919434 222.66706085205078 239.29995727539062 222.66706085205078
239.2916717529297 189.4680633544922 260.01447677612305 189.4680633544922 260.01447677612305 222.13933181762695 239.2916717529297 222.13933181762695
238.2006072998047 189.58541870117188 260.6555938720703 189.58541870117188 260.6555938720703 224.8717918395996 238.2006072998047 224.8717918395996
236.8690185546875 187.86195373535156 259.6732063293457 187.86195373535156 259.6732063293457 223.69707107543945 236.8690185546875 223.69707107543945
237.37771606445312 190.37632751464844 258.4027328491211 190.37632751464844 258.4027328491211 223.9106903076172 237.37771606445312 223.9106903076172
235.4838104248047 191.6094970703125 257.3717803955078 191.6094970703125 257.3717803955078 226.14435577392578 235.4838104248047 226.14435577392578
235.0508270263672 189.46861267089844 257.93280029296875 189.46861267089844 257.93280029296875 225.42596435546875 235.0508270263672 225.42596435546875
235.1057891845703 191.13888549804688 257.0063171386719 191.13888549804688 257.0063171386719 225.58729934692383 235.1057891845703 225.58729934692383
234.9591522216797 193.15029907226562 254.76566123962402 193.15029907226562 254.76566123962402 224.8727970123291 234.9591522216797 224.8727970123291
232.0697784423828 191.90345764160156 254.0305461883545 191.90345764160156 254.0305461883545 226.8028678894043 232.0697784423828 226.8028678894043
231.3651885986328 192.26805114746094 253.231201171875 192.26805114746094 253.231201171875 226.9000358581543 231.3651885986328 226.9000358581543
230.2660675048828 192.79025268554688 252.86419296264648 192.79025268554688 252.86419296264648 228.30155563354492 230.2660675048828 228.30155563354492
229.79342651367188 194.2312469482422 252.6681728363037 194.2312469482422 252.6681728363037 230.17723846435547 229.79342651367188 230.17723846435547
228.47412109375 192.51901245117188 251.8847599029541 192.51901245117188 251.8847599029541 229.3071174621582 228.47412109375 229.3071174621582
229.28598022460938 192.82077026367188 251.70728492736816 192.82077026367188 251.70728492736816 228.80756759643555 229.28598022460938 228.80756759643555
231.28530883789062 197.92660522460938 248.98069763183594 197.92660522460938 248.98069763183594 227.5879783630371 231.28530883789062 227.5879783630371
226.02700805664062 192.71755981445312 249.80822372436523 192.71755981445312 249.80822372436523 230.0880012512207 226.02700805664062 230.0880012512207
225.82968139648438 194.24380493164062 249.38784790039062 194.24380493164062 249.38784790039062 231.26374053955078 225.82968139648438 231.26374053955078
224.4973907470703 194.1993408203125 248.18788719177246 194.1993408203125 248.18788719177246 231.4272232055664 224.4973907470703 231.4272232055664
224.0789031982422 195.57427978515625 247.45802116394043 195.57427978515625 247.45802116394043 232.3128547668457 224.0789031982422 232.3128547668457
223.5202178955078 196.45101928710938 246.7180633544922 196.45101928710938 246.7180633544922 232.90474319458008 223.5202178955078 232.90474319458008
226.36660766601562 201.37625122070312 244.02915382385254 201.37625122070312 244.02915382385254 231.53573989868164 226.36660766601562 231.53573989868164
226.0926055908203 200.6499786376953 244.4542407989502 200.6499786376953 244.4542407989502 230.85275650024414 226.0926055908203 230.85275650024414
222.7939453125 199.5205078125 243.92803955078125 199.5205078125 243.92803955078125 232.91085052490234 222.7939453125 232.91085052490234
224.47634887695312 201.22689819335938 243.18165397644043 201.22689819335938 243.18165397644043 232.47817039489746 224.47634887695312 232.47817039489746
223.7954559326172 200.84901428222656 241.75200080871582 200.84901428222656 241.75200080871582 231.7419948577881 223.7954559326172 231.7419948577881
222.9396209716797 201.43470764160156 241.29236030578613 201.43470764160156 241.29236030578613 233.60124969482422 222.9396209716797 233.60124969482422
222.35867309570312 201.92416381835938 242.0923194885254 201.92416381835938 242.0923194885254 233.88559341430664 222.35867309570312 233.88559341430664
220.0281982421875 200.96920776367188 241.14361572265625 200.96920776367188 241.14361572265625 235.1692657470703 220.0281982421875 235.1692657470703
221.1120147705078 203.72000122070312 239.44018745422363 203.72000122070312 239.44018745422363 233.54568099975586 221.1120147705078 233.54568099975586
219.04403686523438 201.81671142578125 239.66276168823242 201.81671142578125 239.66276168823242 235.7628288269043 219.04403686523438 235.7628288269043
221.1443328857422 204.37806701660156 239.52882385253906 204.37806701660156 239.52882385253906 236.1813259124756 221.1443328857422 236.1813259124756
220.154296875 205.07345581054688 238.42128372192383 205.07345581054688 238.42128372192383 235.465576171875 220.154296875 235.465576171875
219.92446899414062 205.37899780273438 237.57383728027344 205.37899780273438 237.57383728027344 235.42696571350098 219.92446899414062 235.42696571350098
221.52633666992188 205.3421630859375 238.44485092163086 205.3421630859375 238.44485092163086 237.6036491394043 221.52633666992188 237.6036491394043
219.0520782470703 206.08395385742188 237.76906394958496 206.08395385742188 237.76906394958496 237.63634872436523 219.0520782470703 237.63634872436523
219.1575469970703 206.1784210205078 236.91731452941895 206.1784210205078 236.91731452941895 238.10475158691406 219.1575469970703 238.10475158691406
219.7989501953125 206.5703125 238.14677810668945 206.5703125 238.14677810668945 238.87488555908203 219.7989501953125 238.87488555908203
219.00027465820312 205.052001953125 237.7388916015625 205.052001953125 237.7388916015625 237.60657501220703 219.00027465820312 237.60657501220703
218.14120483398438 207.62783813476562 236.53007125854492 207.62783813476562 236.53007125854492 241.01374053955078 218.14120483398438 241.01374053955078
218.9563751220703 207.5253448486328 237.04584312438965 207.5253448486328 237.04584312438965 239.68719863891602 218.9563751220703 239.68719863891602
218.67294311523438 206.14144897460938 237.27362823486328 206.14144897460938 237.27362823486328 238.34551620483398 218.67294311523438 238.34551620483398
219.6136016845703 204.28541564941406 238.1739101409912 204.28541564941406 238.1739101409912 236.09045028686523 219.6136016845703 236.09045028686523
218.7428741455078 208.9120330810547 237.42666053771973 208.9120330810547 237.42666053771973 241.76702880859375 218.7428741455078 241.76702880859375
218.703369140625 210.6699676513672 236.94386291503906 210.6699676513672 236.94386291503906 242.0879726409912 218.703369140625 242.0879726409912
218.8124237060547 209.52273559570312 237.50880813598633 209.52273559570312 237.50880813598633 243.5396842956543 218.8124237060547 243.5396842956543
219.15542602539062 211.40234375 237.0516757965088 211.40234375 237.0516757965088 244.03594207763672 219.15542602539062 244.03594207763672
219.78256225585938 210.9493408203125 237.2502098083496 210.9493408203125 237.2502098083496 243.0118179321289 219.78256225585938 243.0118179321289
216.53726196289062 210.3092041015625 239.03240394592285 210.3092041015625 239.03240394592285 246.79890060424805 216.53726196289062 246.79890060424805
218.29110717773438 211.47744750976562 238.1399688720703 211.47744750976562 238.1399688720703 245.4265365600586 218.29110717773438 245.4265365600586
218.3477020263672 213.9021453857422 237.56019592285156 213.9021453857422 237.56019592285156 246.78651809692383 218.3477020263672 246.78651809692383
220.88735961914062 215.29238891601562 238.3190574645996 215.29238891601562 238.3190574645996 247.1743106842041 220.88735961914062 247.1743106842041
219.28982543945312 215.91201782226562 237.25613021850586 215.91201782226562 237.25613021850586 247.87451171875 219.28982543945312 247.87451171875
219.7999267578125 215.4481658935547 237.5501594543457 215.4481658935547 237.5501594543457 247.23471450805664 219.7999267578125 247.23471450805664
219.29495239257812 216.13668823242188 238.64724731445312 216.13668823242188 238.64724731445312 248.10171127319336 219.29495239257812 248.10171127319336
218.55838012695312 215.74111938476562 239.4650115966797 215.74111938476562 239.4650115966797 250.23541641235352 218.55838012695312 250.23541641235352
218.82315063476562 217.80044555664062 237.28022575378418 217.80044555664062 237.28022575378418 250.29096221923828 218.82315063476562 250.29096221923828
218.37734985351562 216.07015991210938 239.20453262329102 216.07015991210938 239.20453262329102 250.68024444580078 218.37734985351562 250.68024444580078
216.6779327392578 215.59652709960938 237.95624923706055 215.59652709960938 237.95624923706055 250.7113151550293 216.6779327392578 250.7113151550293
214.6627960205078 211.68661499023438 240.4261531829834 211.68661499023438 240.4261531829834 252.17184448242188 214.6627960205078 252.17184448242188
213.8816375732422 213.26754760742188 239.79816055297852 213.26754760742188 239.79816055297852 253.99346923828125 213.8816375732422 253.99346923828125
214.95602416992188 213.185546875 238.41065406799316 213.185546875 238.41065406799316 251.43306732177734 214.95602416992188 251.43306732177734
214.3485870361328 213.12875366210938 240.0085334777832 213.12875366210938 240.0085334777832 253.45148468017578 214.3485870361328 253.45148468017578
213.98953247070312 213.32583618164062 239.47988510131836 213.32583618164062 239.47988510131836 253.38206481933594 213.98953247070312 253.38206481933594
213.5797882080078 213.9481964111328 239.1888370513916 213.9481964111328 239.1888370513916 254.1909523010254 213.5797882080078 254.1909523010254
213.6771240234375 214.2719268798828 237.92836380004883 214.2719268798828 237.92836380004883 252.8050880432129 213.6771240234375 252.8050880432129
212.98904418945312 216.06661987304688 237.9022617340088 216.06661987304688 237.9022617340088 255.2159309387207 212.98904418945312 255.2159309387207
214.0891571044922 215.5938262939453 238.55945205688477 215.5938262939453 238.55945205688477 254.047119140625 214.0891571044922 254.047119140625
213.1151123046875 215.2765350341797 237.72224044799805 215.2765350341797 237.72224044799805 253.94485473632812 213.1151123046875 253.94485473632812
214.3402557373047 219.65463256835938 236.60126113891602 219.65463256835938 236.60126113891602 254.99630737304688 214.3402557373047 254.99630737304688
212.01889038085938 215.07382202148438 237.31842041015625 215.07382202148438 237.31842041015625 254.83020401000977 212.01889038085938 254.83020401000977
211.2346649169922 214.11557006835938 236.6609649658203 214.11557006835938 236.6609649658203 254.07115936279297 211.2346649169922 254.07115936279297
210.4990234375 216.15380859375 235.48437118530273 216.15380859375 235.48437118530273 255.41647338867188 210.4990234375 255.41647338867188
210.11404418945312 217.32913208007812 235.10790061950684 217.32913208007812 235.10790061950684 256.60516357421875 210.11404418945312 256.60516357421875
209.7716522216797 217.5909881591797 234.9213352203369 217.5909881591797 234.9213352203369 257.1118850708008 209.7716522216797 257.1118850708008
209.79116821289062 217.9856414794922 233.57671737670898 217.9856414794922 233.57671737670898 255.71164321899414 209.79116821289062 255.71164321899414
208.1561737060547 218.0623779296875 232.18292045593262 218.0623779296875 232.18292045593262 256.17142486572266 208.1561737060547 256.17142486572266
207.05825805664062 216.7510986328125 232.5543556213379 216.7510986328125 232.5543556213379 256.8163528442383 207.05825805664062 256.8163528442383
207.3923797607422 217.4182891845703 232.93399047851562 217.4182891845703 232.93399047851562 257.55506134033203 207.3923797607422 257.55506134033203
206.8421173095703 218.83486938476562 231.6157054901123 218.83486938476562 231.6157054901123 257.4307861328125 206.8421173095703 257.4307861328125
206.261474609375 217.6275177001953 232.35514450073242 217.6275177001953 232.35514450073242 258.6318054199219 206.261474609375 258.6318054199219
205.6112518310547 217.0293426513672 231.95952987670898 217.0293426513672 231.95952987670898 258.4337348937988 205.6112518310547 258.4337348937988
205.3318328857422 218.2859649658203 232.15655136108398 218.2859649658203 232.15655136108398 260.43904876708984 205.3318328857422 260.43904876708984
204.9748077392578 217.31222534179688 231.42808532714844 217.31222534179688 231.42808532714844 258.8816146850586 204.9748077392578 258.8816146850586
204.11154174804688 218.58572387695312 230.20015907287598 218.58572387695312 230.20015907287598 259.58206939697266 204.11154174804688 259.58206939697266
206.37692260742188 221.0824737548828 229.82315826416016 221.0824737548828 229.82315826416016 258.6445007324219 206.37692260742188 258.6445007324219
204.5146026611328 220.6599884033203 230.38184547424316 220.6599884033203 230.38184547424316 261.30846405029297 204.5146026611328 261.30846405029297
203.84713745117188 222.03860473632812 227.03731727600098 222.03860473632812 227.03731727600098 258.8038635253906 203.84713745117188 258.8038635253906
204.53701782226562 220.7906036376953 226.78190994262695 220.7906036376953 226.78190994262695 257.41954803466797 204.53701782226562 257.41954803466797
198.05398559570312 218.3507843017578 224.90432167053223 218.3507843017578 224.90432167053223 260.5441207885742 198.05398559570312 260.5441207885742
199.82736206054688 217.5897979736328 226.92494773864746 217.5897979736328 226.92494773864746 260.1716728210449 199.82736206054688 260.1716728210449
193.46835327148438 220.5532989501953 220.70842361450195 220.5532989501953 220.70842361450195 263.3590774536133 193.46835327148438 263.3590774536133
189.4754180908203 225.412353515625 216.8234348297119 225.412353515625 216.8234348297119 268.3877601623535 189.4754180908203 268.3877601623535
186.19126892089844 224.51150512695312 212.86022567749023 224.51150512695312 212.86022567749023 266.4198226928711 186.19126892089844 266.4198226928711
187.65023803710938 226.9899444580078 214.76343727111816 226.9899444580078 214.76343727111816 269.59635162353516 187.65023803710938 269.59635162353516
182.6476593017578 223.9990997314453 210.36890602111816 223.9990997314453 210.36890602111816 267.5610046386719 182.6476593017578 267.5610046386719
180.73422241210938 223.1599578857422 208.78701210021973 223.1599578857422 208.78701210021973 267.2428550720215 180.73422241210938 267.2428550720215
184.25729370117188 228.40579223632812 207.61925888061523 228.40579223632812 207.61925888061523 265.07030487060547 184.25729370117188 265.07030487060547
183.92861938476562 232.53933715820312 208.73383712768555 232.53933715820312 208.73383712768555 271.3373680114746 183.92861938476562 271.3373680114746
185.6556854248047 234.87704467773438 208.52812004089355 234.87704467773438 208.52812004089355 270.79243087768555 185.6556854248047 270.79243087768555
183.64584350585938 230.6029510498047 211.20944213867188 230.6029510498047 211.20944213867188 273.94239044189453 183.64584350585938 273.94239044189453
181.18814086914062 229.81845092773438 210.01164627075195 229.81845092773438 210.01164627075195 275.1124801635742 181.18814086914062 275.1124801635742
181.4517059326172 230.7742919921875 210.3074188232422 230.7742919921875 210.3074188232422 276.11893463134766 181.4517059326172 276.11893463134766
179.8480987548828 229.22265625 208.7292423248291 229.22265625 208.7292423248291 274.60726165771484 179.8480987548828 274.60726165771484
180.36477661132812 229.6463623046875 209.5749568939209 229.6463623046875 209.5749568939209 275.5480270385742 180.36477661132812 275.5480270385742
177.43016052246094 227.3928985595703 206.52711868286133 227.3928985595703 206.52711868286133 273.1166458129883 177.43016052246094 273.1166458129883
177.14340209960938 227.56777954101562 206.00157165527344 227.56777954101562 206.00157165527344 272.9162902832031 177.14340209960938 272.9162902832031
175.59739685058594 226.52587890625 204.3462028503418 226.52587890625 204.3462028503418 271.7025375366211 175.59739685058594 271.7025375366211
174.37051391601562 228.5463104248047 202.58224868774414 228.5463104248047 202.58224868774414 272.87900161743164 174.37051391601562 272.87900161743164
174.3129425048828 228.7378387451172 202.43304443359375 228.7378387451172 202.43304443359375 272.9265365600586 174.3129425048828 272.9265365600586
173.829345703125 229.79446411132812 201.9353141784668 229.79446411132812 201.9353141784668 273.9609565734863 173.829345703125 273.9609565734863
171.9291534423828 232.2953338623047 200.07387351989746 232.2953338623047 200.07387351989746 276.5227241516113 171.9291534423828 276.5227241516113
172.7875518798828 231.16845703125 201.03285789489746 231.16845703125 201.03285789489746 275.55391693115234 172.7875518798828 275.55391693115234
169.07444763183594 232.8014373779297 197.6640167236328 232.8014373779297 197.6640167236328 277.7278823852539 169.07444763183594 277.7278823852539
169.70730590820312 236.72079467773438 198.3720703125 236.72079467773438 198.3720703125 281.7654037475586 169.70730590820312 281.7654037475586
170.67739868164062 239.2432861328125 199.47503280639648 239.2432861328125 199.47503280639648 284.4966926574707 170.67739868164062 284.4966926574707
170.3278045654297 243.24282836914062 198.7943515777588 243.24282836914062 198.7943515777588 287.97595977783203 170.3278045654297 287.97595977783203
172.14599609375 240.5244140625 200.6025905609131 240.5244140625 200.6025905609131 285.2419090270996 172.14599609375 285.2419090270996
172.35462951660156 242.318359375 201.0071506500244 242.318359375 201.0071506500244 287.3437385559082 172.35462951660156 287.3437385559082
173.84756469726562 240.78244018554688 202.8618621826172 240.78244018554688 202.8618621826172 286.37632751464844 173.84756469726562 286.37632751464844
172.39169311523438 241.4085693359375 201.6161231994629 241.4085693359375 201.6161231994629 287.3326644897461 172.39169311523438 287.3326644897461
167.08428955078125 242.6262969970703 196.34137535095215 242.6262969970703 196.34137535095215 288.60171127319336 167.08428955078125 288.60171127319336
174.8982696533203 240.0748748779297 204.01901626586914 240.0748748779297 204.01901626586914 285.83604431152344 174.8982696533203 285.83604431152344
168.72068786621094 241.4971160888672 197.33478164672852 241.4971160888672 197.33478164672852 286.46212005615234 168.72068786621094 286.46212005615234
144.46530151367188 247.01852416992188 173.25009155273438 247.01852416992188 173.25009155273438 292.2517623901367 144.46530151367188 292.2517623901367
136.1956024169922 260.85540771484375 161.9879608154297 260.85540771484375 161.9879608154297 298.20384979248047 136.1956024169922 298.20384979248047
132.67453002929688 260.27301025390625 158.23186492919922 260.27301025390625 158.23186492919922 297.4974899291992 132.67453002929688 297.4974899291992
134.41976928710938 258.9957580566406 160.6377296447754 258.9957580566406 160.6377296447754 296.5135192871094 134.41976928710938 296.5135192871094
132.00221252441406 258.64727783203125 159.07692909240723 258.64727783203125 159.07692909240723 296.8624954223633 132.00221252441406 296.8624954223633
133.430419921875 257.5394287109375 159.33352279663086 257.5394287109375 159.33352279663086 295.07225799560547 133.430419921875 295.07225799560547
134.4110565185547 259.0213317871094 159.5473117828369 259.0213317871094 159.5473117828369 296.4347610473633 134.4110565185547 296.4347610473633
129.94004821777344 258.20672607421875 156.7541961669922 258.20672607421875 156.7541961669922 296.6849021911621 129.94004821777344 296.6849021911621
130.66456604003906 251.8737335205078 161.71695518493652 251.8737335205078 161.71695518493652 299.75118255615234 130.66456604003906 299.75118255615234
127.13006591796875 259.26422119140625 154.27194786071777 259.26422119140625 154.27194786071777 297.3046226501465 127.13006591796875 297.3046226501465
128.9312744140625 255.444091796875 155.3438777923584 255.444091796875 155.3438777923584 296.0007514953613 128.9312744140625 296.0007514953613
124.3886489868164 250.34524536132812 155.85620880126953 250.34524536132812 155.85620880126953 299.7942428588867 124.3886489868164 299.7942428588867
121.28802490234375 253.24356079101562 150.76340866088867 253.24356079101562 150.76340866088867 298.4761734008789 121.28802490234375 298.4761734008789
118.1286392211914 253.2937774658203 150.18490600585938 253.2937774658203 150.18490600585938 303.6678924560547 118.1286392211914 303.6678924560547
116.0288314819336 254.5050811767578 148.6299934387207 254.5050811767578 148.6299934387207 305.73545837402344 116.0288314819336 305.73545837402344
115.7330322265625 252.96725463867188 148.42818069458008 252.96725463867188 148.42818069458008 304.3453254699707 115.7330322265625 304.3453254699707
113.65535736083984 252.3105926513672 146.4505615234375 252.3105926513672 146.4505615234375 303.8458938598633 113.65535736083984 303.8458938598633
111.3244857788086 256.0791015625 143.26665496826172 256.0791015625 143.26665496826172 305.4720458984375 111.3244857788086 305.4720458984375
112.0515365600586 255.74404907226562 143.15881156921387 255.74404907226562 143.15881156921387 303.0529022216797 112.0515365600586 303.0529022216797
109.57173919677734 254.04736328125 142.94371795654297 254.04736328125 142.94371795654297 306.4890327453613 109.57173919677734 306.4890327453613
107.05891418457031 255.9897003173828 139.34806442260742 255.9897003173828 139.34806442260742 306.03778076171875 107.05891418457031 306.03778076171875
106.1620864868164 257.02459716796875 138.3667869567871 257.02459716796875 138.3667869567871 307.0170249938965 106.1620864868164 307.0170249938965
105.15966796875 256.46295166015625 138.53219604492188 256.46295166015625 138.53219604492188 308.9054870605469 105.15966796875 308.9054870605469
104.10627746582031 256.86212158203125 137.45472717285156 256.86212158203125 137.45472717285156 309.2668151855469 104.10627746582031 309.2668151855469
101.96743774414062 256.9375 135.5370101928711 256.9375 135.5370101928711 309.6896743774414 101.96743774414062 309.6896743774414
101.8457260131836 257.4422912597656 135.72837829589844 257.4422912597656 135.72837829589844 310.68645095825195 101.8457260131836 310.68645095825195
101.41370391845703 260.72503662109375 133.6324920654297 260.72503662109375 133.6324920654297 310.79138565063477 101.41370391845703 310.79138565063477
98.14876556396484 260.157470703125 132.00403213500977 260.157470703125 132.00403213500977 313.3585891723633 98.14876556396484 313.3585891723633
98.83912658691406 259.80859375 132.51792526245117 259.80859375 132.51792526245117 312.7324104309082 98.83912658691406 312.7324104309082
97.56927490234375 260.76812744140625 131.73340606689453 260.76812744140625 131.73340606689453 314.4546089172363 97.56927490234375 314.4546089172363
95.33161926269531 261.13934326171875 129.91800689697266 261.13934326171875 129.91800689697266 315.48937225341797 95.33161926269531 315.48937225341797
97.34651184082031 262.08184814453125 129.36395645141602 262.08184814453125 129.36395645141602 312.45419692993164 97.34651184082031 312.45419692993164
98.20083618164062 268.3862609863281 127.52519607543945 268.3862609863281 127.52519607543945 314.0142288208008 98.20083618164062 314.0142288208008
97.43505096435547 266.3954162597656 127.64388275146484 266.3954162597656 127.64388275146484 313.4173469543457 97.43505096435547 313.4173469543457
98.07555389404297 264.8826904296875 128.59101486206055 264.8826904296875 128.59101486206055 312.4746742248535 98.07555389404297 312.4746742248535
94.20304107666016 260.83880615234375 128.66129302978516 260.83880615234375 128.66129302978516 314.9874687194824 94.20304107666016 314.9874687194824
95.89772033691406 264.9258117675781 128.49169921875 264.9258117675781 128.49169921875 316.23291778564453 95.89772033691406 316.23291778564453
95.40776824951172 265.7291564941406 128.23643112182617 265.7291564941406 128.23643112182617 317.04650115966797 95.40776824951172 317.04650115966797
95.75300598144531 263.423583984375 129.68010330200195 263.423583984375 129.68010330200195 316.7375602722168 95.75300598144531 316.7375602722168
97.8917236328125 268.6077575683594 126.89821243286133 268.6077575683594 126.89821243286133 315.3554573059082 97.8917236328125 315.3554573059082
97.97735595703125 269.28375244140625 127.2758731842041 269.28375244140625 127.2758731842041 316.37215423583984 97.97735595703125 316.37215423583984
98.95933532714844 272.73516845703125 125.72188377380371 272.73516845703125 125.72188377380371 315.5789566040039 98.95933532714844 315.5789566040039
96.1539535522461 265.61602783203125 129.76972579956055 265.61602783203125 129.76972579956055 318.4407653808594 96.1539535522461 318.4407653808594
98.1823501586914 272.5704040527344 126.32978630065918 272.5704040527344 126.32978630065918 316.22161865234375 98.1823501586914 316.22161865234375
100.18275451660156 275.057861328125 127.04851722717285 275.057861328125 127.04851722717285 317.0875129699707 100.18275451660156 317.0875129699707
97.5398178100586 272.18035888671875 127.49092864990234 272.18035888671875 127.49092864990234 319.5562858581543 97.5398178100586 319.5562858581543
98.35027313232422 274.0101318359375 126.54927825927734 274.0101318359375 126.54927825927734 319.3324775695801 98.35027313232422 319.3324775695801
98.97383117675781 273.55291748046875 127.12042808532715 273.55291748046875 127.12042808532715 319.1423225402832 98.97383117675781 319.1423225402832
98.8033447265625 271.5575256347656 127.9355354309082 271.5575256347656 127.9355354309082 318.4534225463867 98.8033447265625 318.4534225463867
99.44426727294922 273.2880554199219 127.01420974731445 273.2880554199219 127.01420974731445 318.42221450805664 99.44426727294922 318.42221450805664
103.0612564086914 279.3616638183594 127.55788993835449 279.3616638183594 127.55788993835449 320.70397186279297 103.0612564086914 320.70397186279297
103.56813049316406 276.1907958984375 128.12141036987305 276.1907958984375 128.12141036987305 316.8736877441406 103.56813049316406 316.8736877441406
103.6830825805664 274.2452087402344 128.08744430541992 274.2452087402344 128.08744430541992 314.71337890625 103.6830825805664 314.71337890625
104.6927261352539 275.20654296875 128.37908554077148 275.20654296875 128.37908554077148 314.9990653991699 104.6927261352539 314.9990653991699
104.64986419677734 278.35247802734375 128.51832008361816 278.35247802734375 128.51832008361816 317.31082916259766 104.64986419677734 317.31082916259766
103.1767349243164 274.55023193359375 131.1345100402832 274.55023193359375 131.1345100402832 318.4796600341797 103.1767349243164 318.4796600341797
106.26387023925781 279.69427490234375 130.12807846069336 279.69427490234375 130.12807846069336 318.3913040161133 106.26387023925781 318.3913040161133
105.73542785644531 278.6259765625 130.4469871520996 278.6259765625 130.4469871520996 316.7414855957031 105.73542785644531 316.7414855957031
106.69669342041016 277.218017578125 131.83908081054688 277.218017578125 131.83908081054688 315.8752136230469 106.69669342041016 315.8752136230469
107.61094665527344 277.50384521484375 133.34482765197754 277.50384521484375 133.34482765197754 317.1955337524414 107.61094665527344 317.1955337524414
104.9213638305664 272.7291564941406 134.47821426391602 272.7291564941406 134.47821426391602 319.01342010498047 104.9213638305664 319.01342010498047
107.6567153930664 280.5643005371094 133.74828720092773 280.5643005371094 133.74828720092773 318.5888557434082 107.6567153930664 318.5888557434082
109.7735595703125 278.53033447265625 134.67505264282227 278.53033447265625 134.67505264282227 315.88989639282227 109.7735595703125 315.88989639282227
107.841064453125 272.5804138183594 136.65634155273438 272.5804138183594 136.65634155273438 317.3556022644043 107.841064453125 317.3556022644043
108.11309814453125 274.75201416015625 135.06129837036133 274.75201416015625 135.06129837036133 317.0278854370117 108.11309814453125 317.0278854370117
108.63311767578125 279.27508544921875 135.22803688049316 279.27508544921875 135.22803688049316 319.98084259033203 108.63311767578125 319.98084259033203
106.99076080322266 275.7181701660156 135.19098091125488 275.7181701660156 135.19098091125488 318.67189025878906 106.99076080322266 318.67189025878906
108.71903991699219 280.5523376464844 133.4608097076416 280.5523376464844 133.4608097076416 317.412410736084 108.71903991699219 317.412410736084
109.38594055175781 274.4727478027344 136.1993064880371 274.4727478027344 136.1993064880371 315.88890075683594 109.38594055175781 315.88890075683594
109.1720962524414 273.3182067871094 137.53586196899414 273.3182067871094 137.53586196899414 317.6350898742676 109.1720962524414 317.6350898742676
107.88771057128906 270.1754150390625 137.5378074645996 270.1754150390625 137.5378074645996 316.76838302612305 107.88771057128906 316.76838302612305
110.60367584228516 277.08697509765625 136.69819259643555 277.08697509765625 136.69819259643555 316.7050971984863 110.60367584228516 316.7050971984863
109.62947845458984 275.8628234863281 136.83268928527832 275.8628234863281 136.83268928527832 318.3426170349121 109.62947845458984 318.3426170349121
111.26313781738281 279.5007019042969 136.59640884399414 279.5007019042969 136.59640884399414 319.0492172241211 111.26313781738281 319.0492172241211
109.42115783691406 272.82232666015625 139.32729721069336 272.82232666015625 139.32729721069336 319.8176498413086 109.42115783691406 319.8176498413086
109.5271987915039 272.1936950683594 139.60315132141113 272.1936950683594 139.60315132141113 319.455867767334 109.5271987915039 319.455867767334
110.5936279296875 281.14398193359375 135.5467758178711 281.14398193359375 135.5467758178711 319.39734268188477 110.5936279296875 319.39734268188477
107.1322250366211 275.0497131347656 137.20645332336426 275.0497131347656 137.20645332336426 322.3091735839844 107.1322250366211 322.3091735839844
106.9197998046875 274.35870361328125 136.1168975830078 274.35870361328125 136.1168975830078 319.99684143066406 106.9197998046875 319.99684143066406
104.54969787597656 279.4296875 131.45605087280273 279.4296875 131.45605087280273 319.6414604187012 104.54969787597656 319.6414604187012
103.65220642089844 278.0955505371094 132.8218288421631 278.0955505371094 132.8218288421631 323.2769889831543 103.65220642089844 323.2769889831543
105.3582534790039 279.93719482421875 133.11059188842773 279.93719482421875 133.11059188842773 322.3358840942383 105.3582534790039 322.3358840942383
105.24583435058594 279.1916809082031 133.38555335998535 279.1916809082031 133.38555335998535 321.6292839050293 105.24583435058594 321.6292839050293
105.42381286621094 280.8748474121094 130.7544765472412 280.8748474121094 130.7544765472412 319.41965103149414 105.42381286621094 319.41965103149414
105.33348083496094 277.000244140625 133.4741268157959 277.000244140625 133.4741268157959 320.6197700500488 105.33348083496094 320.6197700500488
105.42179870605469 277.67523193359375 132.3567352294922 277.67523193359375 132.3567352294922 319.6306610107422 105.42179870605469 319.6306610107422
106.0162124633789 279.96881103515625 132.51688766479492 279.96881103515625 132.51688766479492 321.1067008972168 106.0162124633789 321.1067008972168
105.54029846191406 276.5648498535156 133.1925106048584 276.5648498535156 133.1925106048584 319.9063186645508 105.54029846191406 319.9063186645508
105.00529479980469 278.5535888671875 132.9679298400879 278.5535888671875 132.9679298400879 322.11692810058594 105.00529479980469 322.11692810058594
105.36857604980469 275.1620178222656 134.6266746520996 275.1620178222656 134.6266746520996 321.1390075683594 105.36857604980469 321.1390075683594
107.427001953125 283.50372314453125 132.32199478149414 283.50372314453125 132.32199478149414 320.8751449584961 107.427001953125 320.8751449584961
103.6874771118164 276.22113037109375 133.40636444091797 276.22113037109375 133.40636444091797 322.9222221374512 103.6874771118164 322.9222221374512
105.0019760131836 278.51055908203125 133.512113571167 278.51055908203125 133.512113571167 322.8256645202637 105.0019760131836 322.8256645202637
105.39503479003906 277.71527099609375 135.29809188842773 277.71527099609375 135.29809188842773 324.7057762145996 105.39503479003906 324.7057762145996
105.3073501586914 275.49560546875 135.04146194458008 275.49560546875 135.04146194458008 322.2206230163574 105.3073501586914 322.2206230163574
105.50418853759766 278.4268493652344 133.80934524536133 278.4268493652344 133.80934524536133 322.21309661865234 105.50418853759766 322.21309661865234
104.83680725097656 277.75518798828125 134.39642333984375 277.75518798828125 134.39642333984375 324.205997467041 104.83680725097656 324.205997467041
108.30192565917969 286.53466796875 132.85493850708008 286.53466796875 132.85493850708008 322.3586654663086 108.30192565917969 322.3586654663086
104.1728286743164 281.5938415527344 132.29224395751953 281.5938415527344 132.29224395751953 324.6288833618164 104.1728286743164 324.6288833618164
107.52020263671875 285.10137939453125 133.88666343688965 285.10137939453125 133.88666343688965 322.38470458984375 107.52020263671875 322.38470458984375
107.80206298828125 284.5213317871094 133.5431423187256 284.5213317871094 133.5431423187256 323.0385208129883 107.80206298828125 323.0385208129883
107.02952575683594 280.21051025390625 134.9329891204834 280.21051025390625 134.9329891204834 322.7077445983887 107.02952575683594 322.7077445983887
107.8097152709961 277.86810302734375 136.67715072631836 277.86810302734375 136.67715072631836 322.17549896240234 107.8097152709961 322.17549896240234
109.67928314208984 280.55914306640625 135.96774673461914 280.55914306640625 135.96774673461914 320.8721504211426 109.67928314208984 320.8721504211426
110.68528747558594 282.7905578613281 135.71630859375 282.7905578613281 135.71630859375 320.99079513549805 110.68528747558594 320.99079513549805
108.09288024902344 282.5042419433594 135.00798416137695 282.5042419433594 135.00798416137695 323.09284591674805 108.09288024902344 323.09284591674805
108.74752044677734 278.05560302734375 136.80365753173828 278.05560302734375 136.80365753173828 322.1824722290039 108.74752044677734 322.1824722290039
106.9675064086914 275.0694885253906 138.16938400268555 275.0694885253906 138.16938400268555 324.101016998291 106.9675064086914 324.101016998291
107.93087005615234 279.0503845214844 136.66081428527832 279.0503845214844 136.66081428527832 323.5539741516113 107.93087005615234 323.5539741516113
108.74163818359375 276.84442138671875 138.66683387756348 276.84442138671875 138.66683387756348 323.43156814575195 108.74163818359375 323.43156814575195
109.3904037475586 280.0798645019531 136.50323867797852 280.0798645019531 136.50323867797852 321.04456329345703 109.3904037475586 321.04456329345703
110.529541015625 282.8427429199219 135.86088371276855 282.8427429199219 135.86088371276855 320.6371536254883 110.529541015625 320.6371536254883
110.8541030883789 282.84063720703125 136.72777938842773 282.84063720703125 136.72777938842773 322.0654754638672 110.8541030883789 322.0654754638672
112.80267333984375 283.55938720703125 137.04393005371094 283.55938720703125 137.04393005371094 321.37905502319336 112.80267333984375 321.37905502319336
110.92881774902344 282.7984313964844 136.5487880706787 282.7984313964844 136.5487880706787 321.8569755554199 110.92881774902344 321.8569755554199
111.22148132324219 284.6768798828125 135.89831352233887 284.6768798828125 135.89831352233887 321.6104316711426 111.22148132324219 321.6104316711426
110.6001968383789 285.71612548828125 136.0435848236084 285.71612548828125 136.0435848236084 322.6862983703613 110.6001968383789 322.6862983703613
109.81068420410156 283.89459228515625 135.80275344848633 283.89459228515625 135.80275344848633 321.88283920288086 109.81068420410156 321.88283920288086
110.61070251464844 284.6842041015625 136.0657730102539 284.6842041015625 136.0657730102539 322.5731315612793 110.61070251464844 322.5731315612793
112.1379623413086 285.00531005859375 137.14107513427734 285.00531005859375 137.14107513427734 322.79751205444336 112.1379623413086 322.79751205444336
110.148193359375 287.69635009765625 135.2162208557129 287.69635009765625 135.2162208557129 323.82766342163086 110.148193359375 323.82766342163086
110.07884216308594 286.5608825683594 135.91926956176758 286.5608825683594 135.91926956176758 323.3489875793457 110.07884216308594 323.3489875793457
109.5521469116211 285.41510009765625 135.53578567504883 285.41510009765625 135.53578567504883 323.0059394836426 109.5521469116211 323.0059394836426
110.63560485839844 286.28631591796875 135.56492233276367 286.28631591796875 135.56492233276367 323.6834182739258 110.63560485839844 323.6834182739258
106.9391860961914 286.21820068359375 133.12082290649414 286.21820068359375 133.12082290649414 322.85459899902344 106.9391860961914 322.85459899902344
104.87394714355469 286.557373046875 131.36613082885742 286.557373046875 131.36613082885742 323.0392837524414 104.87394714355469 323.0392837524414
104.9205551147461 285.6683654785156 131.06995010375977 285.6683654785156 131.06995010375977 322.76195526123047 104.9205551147461 322.76195526123047
109.146240234375 282.15887451171875 135.0316982269287 282.15887451171875 135.0316982269287 322.36576080322266 109.146240234375 322.36576080322266
107.87458801269531 281.13946533203125 135.11820030212402 281.13946533203125 135.11820030212402 322.2830924987793 107.87458801269531 322.2830924987793
105.1209716796875 277.9212951660156 134.7854347229004 277.9212951660156 134.7854347229004 323.45186614990234 105.1209716796875 323.45186614990234
107.29630279541016 283.17974853515625 133.48064422607422 283.17974853515625 133.48064422607422 321.88689041137695 107.29630279541016 321.88689041137695
108.39949035644531 283.0056457519531 133.8912582397461 283.0056457519531 133.8912582397461 322.595272064209 108.39949035644531 322.595272064209
106.9844970703125 284.5347595214844 132.74468612670898 284.5347595214844 132.74468612670898 321.6121635437012 106.9844970703125 321.6121635437012
108.1624755859375 284.9370422363281 133.7522201538086 284.9370422363281 133.7522201538086 321.72453689575195 108.1624755859375 321.72453689575195
106.01248931884766 283.00714111328125 132.7571029663086 283.00714111328125 132.7571029663086 322.77421951293945 106.01248931884766 322.77421951293945
103.05950927734375 281.05133056640625 131.46905136108398 281.05133056640625 131.46905136108398 324.92631912231445 103.05950927734375 324.92631912231445
105.86962890625 287.7508239746094 131.48036193847656 287.7508239746094 131.48036193847656 323.71085357666016 105.86962890625 323.71085357666016
106.64453125 287.0971374511719 132.1904354095459 287.0971374511719 132.1904354095459 323.09016036987305 106.64453125 323.09016036987305
105.64058685302734 285.8460388183594 130.8893928527832 285.8460388183594 130.8893928527832 323.17598724365234 105.64058685302734 323.17598724365234
104.96614074707031 285.6710510253906 131.1574001312256 285.6710510253906 131.1574001312256 323.40941619873047 104.96614074707031 323.40941619873047
105.21333312988281 286.2967224121094 131.20729064941406 286.2967224121094 131.20729064941406 323.02698516845703 105.21333312988281 323.02698516845703
104.29960632324219 283.9070739746094 132.0160617828369 283.9070739746094 132.0160617828369 324.3014678955078 104.29960632324219 324.3014678955078
104.71529388427734 284.03228759765625 132.09579277038574 284.03228759765625 132.09579277038574 324.46301651000977 104.71529388427734 324.46301651000977
104.94877624511719 281.9020080566406 133.05848121643066 281.9020080566406 133.05848121643066 323.8923110961914 104.94877624511719 323.8923110961914
105.43260192871094 285.53961181640625 131.30242347717285 285.53961181640625 131.30242347717285 323.5473518371582 105.43260192871094 323.5473518371582
104.77911376953125 284.6830139160156 130.52431106567383 284.6830139160156 130.52431106567383 321.107177734375 104.77911376953125 321.107177734375
105.60603332519531 286.8937072753906 131.60934448242188 286.8937072753906 131.60934448242188 323.39026260375977 105.60603332519531 323.39026260375977
106.37641906738281 284.7850646972656 131.11679649353027 284.7850646972656 131.11679649353027 321.2938117980957 106.37641906738281 321.2938117980957
106.5499038696289 285.02105712890625 131.44545364379883 285.02105712890625 131.44545364379883 321.5378837585449 106.5499038696289 321.5378837585449
106.61833190917969 284.5521240234375 131.6308994293213 284.5521240234375 131.6308994293213 321.03955078125 106.61833190917969 321.03955078125
105.68204498291016 284.6650390625 130.95348739624023 284.6650390625 130.95348739624023 321.4450912475586 105.68204498291016 321.4450912475586
106.40510559082031 284.39801025390625 131.1040439605713 284.39801025390625 131.1040439605713 321.46796798706055 106.40510559082031 321.46796798706055
107.20672607421875 285.6250915527344 131.53631591796875 285.6250915527344 131.53631591796875 322.3531379699707 107.20672607421875 322.3531379699707
105.89823913574219 284.9886474609375 130.1729030609131 284.9886474609375 130.1729030609131 320.53719329833984 105.89823913574219 320.53719329833984
106.41621398925781 285.70587158203125 130.84470176696777 285.70587158203125 130.84470176696777 321.2269058227539 106.41621398925781 321.2269058227539
106.3994369506836 286.42730712890625 130.20814323425293 286.42730712890625 130.20814323425293 321.1352348327637 106.3994369506836 321.1352348327637
105.79515075683594 284.9622497558594 129.757568359375 284.9622497558594 129.757568359375 320.6341094970703 105.79515075683594 320.6341094970703
106.91280364990234 285.6242980957031 130.91576766967773 285.6242980957031 130.91576766967773 321.46448135375977 106.91280364990234 321.46448135375977
105.806640625 286.7068176269531 129.1685905456543 286.7068176269531 129.1685905456543 321.3917427062988 105.806640625 321.3917427062988
106.8449478149414 286.2361755371094 130.31809616088867 286.2361755371094 130.31809616088867 320.1924362182617 106.8449478149414 320.1924362182617
106.04359436035156 285.5894470214844 130.26312828063965 285.5894470214844 130.26312828063965 320.5234375 106.04359436035156 320.5234375
106.2149429321289 286.9998779296875 129.71490287780762 286.9998779296875 129.71490287780762 322.05511474609375 106.2149429321289 322.05511474609375
108.05057525634766 286.7822265625 131.04961395263672 286.7822265625 131.04961395263672 321.85303497314453 108.05057525634766 321.85303497314453
105.8342514038086 285.1446838378906 129.9298973083496 285.1446838378906 129.9298973083496 320.8073844909668 105.8342514038086 320.8073844909668
106.30406188964844 287.200927734375 131.04948043823242 287.200927734375 131.04948043823242 322.0087547302246 106.30406188964844 322.0087547302246
106.14836120605469 284.33441162109375 130.93397521972656 284.33441162109375 130.93397521972656 320.5283012390137 106.14836120605469 320.5283012390137
105.27961730957031 286.188720703125 130.76599502563477 286.188720703125 130.76599502563477 322.83861541748047 105.27961730957031 322.83861541748047
105.44032287597656 286.20428466796875 131.09527015686035 286.20428466796875 131.09527015686035 322.63207626342773 105.44032287597656 322.63207626342773
106.4677505493164 286.96197509765625 131.36756134033203 286.96197509765625 131.36756134033203 322.54834747314453 106.4677505493164 322.54834747314453
105.7932357788086 285.42755126953125 131.44517707824707 285.42755126953125 131.44517707824707 322.8132781982422 105.7932357788086 322.8132781982422
106.02239990234375 284.7619323730469 131.54951667785645 284.7619323730469 131.54951667785645 322.81834411621094 106.02239990234375 322.81834411621094
108.18709564208984 285.44207763671875 132.93744659423828 285.44207763671875 132.93744659423828 322.8734817504883 108.18709564208984 322.8734817504883
106.00152587890625 284.99102783203125 131.97727584838867 284.99102783203125 131.97727584838867 323.5326919555664 106.00152587890625 323.5326919555664
105.25428771972656 279.78546142578125 134.4163475036621 279.78546142578125 134.4163475036621 325.1090660095215 105.25428771972656 325.1090660095215
107.6268539428711 287.7251281738281 133.4686393737793 287.7251281738281 133.4686393737793 323.95465087890625 107.6268539428711 323.95465087890625
105.5678482055664 287.7142028808594 131.43768501281738 287.7142028808594 131.43768501281738 324.92343521118164 105.5678482055664 324.92343521118164
104.96578216552734 288.2380676269531 131.11238479614258 288.2380676269531 131.11238479614258 325.04361724853516 104.96578216552734 325.04361724853516
106.50811767578125 288.29925537109375 132.92989540100098 288.29925537109375 132.92989540100098 324.4399948120117 106.50811767578125 324.4399948120117
106.77244567871094 287.16876220703125 133.74317359924316 287.16876220703125 133.74317359924316 322.8764343261719 106.77244567871094 322.8764343261719
110.40811920166016 287.2147521972656 136.4870891571045 287.2147521972656 136.4870891571045 322.7144241333008 110.40811920166016 322.7144241333008
113.78034973144531 282.63763427734375 140.8973274230957 282.63763427734375 140.8973274230957 323.8222427368164 113.78034973144531 323.8222427368164
112.01029205322266 278.7306823730469 142.62630081176758 278.7306823730469 142.62630081176758 326.8415412902832 112.01029205322266 326.8415412902832
112.31295013427734 279.12115478515625 143.05460357666016 279.12115478515625 143.05460357666016 327.4294548034668 112.31295013427734 327.4294548034668
120.02188873291016 281.42242431640625 149.49406242370605 281.42242431640625 149.49406242370605 326.92520904541016 120.02188873291016 326.92520904541016
123.49920654296875 285.9306945800781 150.78408432006836 285.9306945800781 150.78408432006836 325.55643463134766 123.49920654296875 325.55643463134766
126.6228256225586 289.23046875 151.58186721801758 289.23046875 151.58186721801758 323.8342475891113 126.6228256225586 323.8342475891113
127.56745910644531 288.75384521484375 153.1145305633545 288.75384521484375 153.1145305633545 325.32820892333984 127.56745910644531 325.32820892333984
127.9606704711914 289.130859375 153.19879150390625 289.130859375 153.19879150390625 323.8064765930176 127.9606704711914 323.8064765930176
130.37948608398438 289.3900451660156 155.47695541381836 289.3900451660156 155.47695541381836 323.9330520629883 130.37948608398438 323.9330520629883
130.0310516357422 290.7347717285156 155.15186309814453 290.7347717285156 155.15186309814453 325.27331161499023 130.0310516357422 325.27331161499023
128.8687286376953 291.9229431152344 153.23628044128418 291.9229431152344 153.23628044128418 326.4553871154785 128.8687286376953 326.4553871154785
132.6581268310547 290.92669677734375 156.8313217163086 290.92669677734375 156.8313217163086 325.75109481811523 132.6581268310547 325.75109481811523
134.0194549560547 291.3012390136719 157.99081802368164 291.3012390136719 157.99081802368164 324.89328384399414 134.0194549560547 324.89328384399414
138.58212280273438 291.5774841308594 162.93898963928223 291.5774841308594 162.93898963928223 324.50268936157227 138.58212280273438 324.50268936157227
141.0707550048828 291.0543212890625 165.4413185119629 291.0543212890625 165.4413185119629 323.5581169128418 141.0707550048828 323.5581169128418
143.23162841796875 291.86334228515625 166.8140869140625 291.86334228515625 166.8140869140625 324.7090072631836 143.23162841796875 324.7090072631836
145.13766479492188 291.6377258300781 169.5037326812744 291.6377258300781 169.5037326812744 324.4962387084961 145.13766479492188 324.4962387084961
150.11585998535156 292.4412841796875 175.70574188232422 292.4412841796875 175.70574188232422 325.5429458618164 150.11585998535156 325.5429458618164
156.1121063232422 294.511962890625 180.7080783843994 294.511962890625 180.7080783843994 328.0787658691406 156.1121063232422 328.0787658691406
158.5035400390625 294.9314880371094 182.5865478515625 294.9314880371094 182.5865478515625 330.35980224609375 158.5035400390625 330.35980224609375
157.097412109375 293.11212158203125 183.73128128051758 293.11212158203125 183.73128128051758 328.7150688171387 157.097412109375 328.7150688171387
161.43174743652344 294.17230224609375 187.50506019592285 294.17230224609375 187.50506019592285 332.18306732177734 161.43174743652344 332.18306732177734
160.68206787109375 293.73681640625 187.14564895629883 293.73681640625 187.14564895629883 331.8581352233887 160.68206787109375 331.8581352233887
161.74923706054688 296.4543151855469 188.29763221740723 296.4543151855469 188.29763221740723 335.14886474609375 161.74923706054688 335.14886474609375
163.38485717773438 295.097412109375 191.30701637268066 295.097412109375 191.30701637268066 335.1596374511719 163.38485717773438 335.1596374511719
168.8117218017578 296.86541748046875 195.5655059814453 296.86541748046875 195.5655059814453 338.29703521728516 168.8117218017578 338.29703521728516
170.24710083007812 297.8143005371094 196.41798400878906 297.8143005371094 196.41798400878906 338.4070358276367 170.24710083007812 338.4070358276367
172.38040161132812 300.5125427246094 200.2502956390381 300.5125427246094 200.2502956390381 343.718448638916 172.38040161132812 343.718448638916
175.89974975585938 300.8880310058594 203.17809104919434 300.8880310058594 203.17809104919434 342.18981170654297 175.89974975585938 342.18981170654297
178.1725616455078 304.55029296875 206.64595985412598 304.55029296875 206.64595985412598 348.29548263549805 178.1725616455078 348.29548263549805
183.574462890625 301.5616760253906 210.85745811462402 301.5616760253906 210.85745811462402 345.92154693603516 183.574462890625 345.92154693603516
183.87322998046875 303.4743347167969 211.41164779663086 303.4743347167969 211.41164779663086 346.3786735534668 183.87322998046875 346.3786735534668
186.61512756347656 303.72381591796875 215.5871982574463 303.72381591796875 215.5871982574463 347.4078254699707 186.61512756347656 347.4078254699707
191.2462615966797 306.26446533203125 219.62210655212402 306.26446533203125 219.62210655212402 350.6591453552246 191.2462615966797 350.6591453552246
193.1382598876953 306.1983947753906 221.34928512573242 306.1983947753906 221.34928512573242 349.185604095459 193.1382598876953 349.185604095459
195.1240234375 306.2403564453125 224.06987953186035 306.2403564453125 224.06987953186035 350.7512741088867 195.1240234375 350.7512741088867
200.29653930664062 309.16204833984375 227.96546936035156 309.16204833984375 227.96546936035156 352.01730728149414 200.29653930664062 352.01730728149414
202.28604125976562 311.55291748046875 230.7369441986084 311.55291748046875 230.7369441986084 356.50655364990234 202.28604125976562 356.50655364990234
203.444580078125 309.9327697753906 232.5345573425293 309.9327697753906 232.5345573425293 355.54967498779297 203.444580078125 355.54967498779297
207.06967163085938 311.3402404785156 237.47002029418945 311.3402404785156 237.47002029418945 357.04175186157227 207.06967163085938 357.04175186157227
212.6930694580078 314.088623046875 242.5634822845459 314.088623046875 242.5634822845459 360.0967102050781 212.6930694580078 360.0967102050781
215.1058807373047 311.89044189453125 244.81401443481445 311.89044189453125 244.81401443481445 359.87805557250977 215.1058807373047 359.87805557250977
216.71237182617188 311.8123779296875 247.22318649291992 311.8123779296875 247.22318649291992 362.140567779541 216.71237182617188 362.140567779541
220.7675323486328 315.903076171875 251.88898277282715 315.903076171875 251.88898277282715 364.7013511657715 220.7675323486328 364.7013511657715
225.2482452392578 315.7632751464844 257.52393341064453 315.7632751464844 257.52393341064453 365.7676658630371 225.2482452392578 365.7676658630371
228.0976104736328 316.42474365234375 259.90302085876465 316.42474365234375 259.90302085876465 367.3818893432617 228.0976104736328 367.3818893432617
231.9811553955078 318.126953125 265.2029495239258 318.126953125 265.2029495239258 369.01954650878906 231.9811553955078 369.01954650878906
237.05337524414062 318.4647521972656 270.39311599731445 318.4647521972656 270.39311599731445 370.1354789733887 237.05337524414062 370.1354789733887
237.8159942626953 314.98431396484375 272.99282455444336 314.98431396484375 272.99282455444336 367.49530029296875 237.8159942626953 367.49530029296875
243.40554809570312 319.36431884765625 279.0819625854492 319.36431884765625 279.0819625854492 374.2514762878418 243.40554809570312 374.2514762878418
245.86044311523438 322.1847229003906 281.0143356323242 322.1847229003906 281.0143356323242 375.15826416015625 245.86044311523438 375.15826416015625
251.38558959960938 319.853271484375 288.25487518310547 319.853271484375 288.25487518310547 374.6548652648926 251.38558959960938 374.6548652648926
256.56488037109375 319.8668518066406 293.27392959594727 319.8668518066406 293.27392959594727 377.0950012207031 256.56488037109375 377.0950012207031
260.3238220214844 320.6297302246094 296.38297271728516 320.6297302246094 296.38297271728516 379.0542182922363 260.3238220214844 379.0542182922363
265.3525390625 321.00860595703125 303.57177352905273 321.00860595703125 303.57177352905273 379.3202209472656 265.3525390625 379.3202209472656
271.17529296875 322.51971435546875 307.7656478881836 322.51971435546875 307.7656478881836 379.29322052001953 271.17529296875 379.29322052001953
270.18756103515625 318.2381286621094 310.78172302246094 318.2381286621094 310.78172302246094 382.5468292236328 270.18756103515625 382.5468292236328
271.0033874511719 315.29998779296875 316.0995292663574 315.29998779296875 316.0995292663574 386.6605987548828 271.0033874511719 386.6605987548828
276.1709899902344 313.3837890625 321.1942825317383 313.3837890625 321.1942825317383 384.17105865478516 276.1709899902344 384.17105865478516
291.72491455078125 322.3699951171875 332.5814628601074 322.3699951171875 332.5814628601074 387.44105529785156 291.72491455078125 387.44105529785156
289.0705871582031 318.59381103515625 336.44501876831055 318.59381103515625 336.44501876831055 393.0393371582031 289.0705871582031 393.0393371582031
296.03790283203125 320.72882080078125 341.99697494506836 320.72882080078125 341.99697494506836 392.66690826416016 296.03790283203125 392.66690826416016
301.91778564453125 322.7264709472656 345.90340423583984 322.7264709472656 345.90340423583984 391.47743225097656 301.91778564453125 391.47743225097656
312.1209411621094 330.99322509765625 349.89898681640625 330.99322509765625 349.89898681640625 390.7021713256836 312.1209411621094 390.7021713256836
314.48541259765625 326.1094665527344 355.0011520385742 326.1094665527344 355.0011520385742 386.9859733581543 314.48541259765625 386.9859733581543
319.011474609375 332.1382751464844 357.8677101135254 332.1382751464844 357.8677101135254 393.5550422668457 319.011474609375 393.5550422668457
326.394775390625 331.2095642089844 365.4624900817871 331.2095642089844 365.4624900817871 393.51212310791016 326.394775390625 393.51212310791016
331.65130615234375 335.03338623046875 369.06526947021484 335.03338623046875 369.06526947021484 397.5885543823242 331.65130615234375 397.5885543823242
337.57366943359375 335.30889892578125 373.89678955078125 335.30889892578125 373.89678955078125 397.78243255615234 337.57366943359375 397.78243255615234
343.8348083496094 334.89581298828125 380.6167907714844 334.89581298828125 380.6167907714844 396.51541900634766 343.8348083496094 396.51541900634766
355.10333251953125 333.52020263671875 392.1005630493164 333.52020263671875 392.1005630493164 396.6850700378418 355.10333251953125 396.6850700378418
363.01324462890625 338.0535583496094 401.46381759643555 338.0535583496094 401.46381759643555 402.3746337890625 363.01324462890625 402.3746337890625
365.0369873046875 336.6240234375 402.02674102783203 336.6240234375 402.02674102783203 401.1619338989258 365.0369873046875 401.1619338989258
370.2815246582031 339.7821350097656 410.46800231933594 339.7821350097656 410.46800231933594 406.4188766479492 370.2815246582031 406.4188766479492
372.3651428222656 342.82177734375 415.4266166687012 342.82177734375 415.4266166687012 411.1343002319336 372.3651428222656 411.1343002319336
374.6602478027344 338.5009765625 418.05355072021484 338.5009765625 418.05355072021484 408.9256286621094 374.6602478027344 408.9256286621094
374.8402099609375 340.73797607421875 423.5011672973633 340.73797607421875 423.5011672973633 417.8569564819336 374.8402099609375 417.8569564819336
394.06842041015625 346.7870178222656 434.54346466064453 346.7870178222656 434.54346466064453 411.8795852661133 394.06842041015625 411.8795852661133
401.459228515625 351.4004821777344 441.0397529602051 351.4004821777344 441.0397529602051 418.18988037109375 401.459228515625 418.18988037109375
408.6076965332031 354.66259765625 449.3569984436035 354.66259765625 449.3569984436035 424.4331588745117 408.6076965332031 424.4331588745117
412.84149169921875 359.1257629394531 454.9615669250488 359.1257629394531 454.9615669250488 426.6438751220703 412.84149169921875 426.6438751220703
416.57373046875 360.3382263183594 460.01998138427734 360.3382263183594 460.01998138427734 428.70249938964844 416.57373046875 428.70249938964844
419.91900634765625 361.8146057128906 463.69671630859375 361.8146057128906 463.69671630859375 432.89064025878906 419.91900634765625 432.89064025878906
428.3670959472656 364.99224853515625 473.3742141723633 364.99224853515625 473.3742141723633 434.9397735595703 428.3670959472656 434.9397735595703
436.87188720703125 364.81610107421875 481.1346664428711 364.81610107421875 481.1346664428711 434.6705551147461 436.87188720703125 434.6705551147461
442.63360595703125 369.0266418457031 487.5459403991699 369.0266418457031 487.5459403991699 438.63301849365234 442.63360595703125 438.63301849365234
446.75408935546875 369.9295349121094 492.1621513366699 369.9295349121094 492.1621513366699 438.70177459716797 446.75408935546875 438.70177459716797
455.4874572753906 371.31793212890625 501.07127380371094 371.31793212890625 501.07127380371094 441.0381088256836 455.4874572753906 441.0381088256836
461.89208984375 375.01824951171875 509.26122283935547 375.01824951171875 509.26122283935547 445.94435119628906 461.89208984375 445.94435119628906
470.43878173828125 379.80322265625 518.6310119628906 379.80322265625 518.6310119628906 450.2485122680664 470.43878173828125 450.2485122680664
480.8128967285156 379.4937744140625 528.284969329834 379.4937744140625 528.284969329834 452.1833953857422 480.8128967285156 452.1833953857422
483.63214111328125 377.7948303222656 532.0664291381836 377.7948303222656 532.0664291381836 451.18017578125 483.63214111328125 451.18017578125
493.87353515625 378.688232421875 544.216796875 378.688232421875 544.216796875 453.4602584838867 493.87353515625 453.4602584838867
504.5283203125 380.9912109375 552.2601356506348 380.9912109375 552.2601356506348 454.33638763427734 504.5283203125 454.33638763427734
509.3771057128906 379.5621643066406 556.7450485229492 379.5621643066406 556.7450485229492 452.6509094238281 509.3771057128906 452.6509094238281
513.9373779296875 385.242919921875 560.8595771789551 385.242919921875 560.8595771789551 454.91253662109375 513.9373779296875 454.91253662109375
526.7582397460938 384.2824401855469 572.4850082397461 384.2824401855469 572.4850082397461 453.87650299072266 526.7582397460938 453.87650299072266
538.4845581054688 383.96759033203125 586.561939239502 383.96759033203125 586.561939239502 453.59447479248047 538.4845581054688 453.59447479248047
549.1766967773438 383.4632263183594 594.8242378234863 383.4632263183594 594.8242378234863 452.80870819091797 549.1766967773438 452.80870819091797
556.6041870117188 382.80755615234375 600.997184753418 382.80755615234375 600.997184753418 451.85414123535156 556.6041870117188 451.85414123535156
564.7166748046875 384.6368103027344 608.9682426452637 384.6368103027344 608.9682426452637 452.00853729248047 564.7166748046875 452.00853729248047
574.2196044921875 386.5761413574219 618.8141059875488 386.5761413574219 618.8141059875488 453.8960647583008 574.2196044921875 453.8960647583008
582.2506713867188 388.91180419921875 625.1066703796387 388.91180419921875 625.1066703796387 453.66287994384766 582.2506713867188 453.66287994384766
