578.0 29.0 606.0 29.0 606.0 59.0 578.0 59.0
576.4113159179688 26.881244659423828 603.3357200622559 26.881244659423828 603.3357200622559 56.002201080322266 576.4113159179688 56.002201080322266
575.9373779296875 25.624149322509766 604.0119819641113 25.624149322509766 604.0119819641113 55.70408058166504 575.9373779296875 55.70408058166504
576.4989013671875 27.3559627532959 603.8578224182129 27.3559627532959 603.8578224182129 56.89329147338867 576.4989013671875 56.89329147338867
574.7505493164062 27.520435333251953 601.6320495605469 27.520435333251953 601.6320495605469 58.204917907714844 574.7505493164062 58.204917907714844
573.6072998046875 33.420433044433594 601.1604404449463 33.420433044433594 601.1604404449463 62.17603874206543 573.6072998046875 62.17603874206543
573.7957763671875 34.803245544433594 600.94873046875 34.803245544433594 600.94873046875 64.48751640319824 573.7957763671875 64.48751640319824
575.0241088867188 40.02048873901367 603.3959140777588 40.02048873901367 603.3959140777588 70.02333641052246 575.0241088867188 70.02333641052246
574.4301147460938 43.817222595214844 604.3029289245605 43.817222595214844 604.3029289245605 73.19578170776367 574.4301147460938 73.19578170776367
577.4463500976562 46.997947692871094 607.3240299224854 46.997947692871094 607.3240299224854 77.67288017272949 577.4463500976562 77.67288017272949
579.8157958984375 51.819236755371094 610.0652866363525 51.819236755371094 610.0652866363525 81.81064987182617 579.8157958984375 81.81064987182617
582.7622680664062 52.390357971191406 612.9340019226074 52.390357971191406 612.9340019226074 83.25884628295898 582.7622680664062 83.25884628295898
585.5247802734375 51.66032791137695 615.4240760803223 51.66032791137695 615.4240760803223 82.69210243225098 585.5247802734375 82.69210243225098
585.4627685546875 49.796531677246094 614.9999885559082 49.796531677246094 614.9999885559082 81.44354438781738 585.4627685546875 81.44354438781738
586.169189453125 49.71870040893555 615.0000057220459 49.71870040893555 615.0000057220459 80.60885620117188 586.169189453125 80.60885620117188
586.9470825195312 47.72468185424805 615.0000267028809 47.72468185424805 615.0000267028809 77.78140449523926 586.9470825195312 77.78140449523926
587.2548217773438 46.77815628051758 615.0 46.77815628051758 615.0 76.505126953125 587.2548217773438 76.505126953125
587.995361328125 47.47758102416992 615.0000152587891 47.47758102416992 615.0000152587891 76.41112899780273 587.995361328125 76.41112899780273
588.0123901367188 48.51619338989258 614.9999446868896 48.51619338989258 614.9999446868896 77.43142127990723 588.0123901367188 77.43142127990723
587.9949951171875 54.63104248046875 614.9999847412109 54.63104248046875 614.9999847412109 83.56495094299316 587.9949951171875 83.56495094299316
588.30322265625 56.427734375 615.0000305175781 56.427734375 615.0000305175781 85.03144454956055 588.30322265625 85.03144454956055
587.05322265625 60.454063415527344 614.6331539154053 60.454063415527344 614.6331539154053 89.54685592651367 587.05322265625 89.54685592651367
581.6657104492188 64.76017761230469 609.0039405822754 64.76017761230469 609.0039405822754 94.05112075805664 581.6657104492188 94.05112075805664
577.5861206054688 65.17899322509766 605.350341796875 65.17899322509766 605.350341796875 94.92635345458984 577.5861206054688 94.92635345458984
574.4744262695312 66.40516662597656 602.0391044616699 66.40516662597656 602.0391044616699 95.9387321472168 574.4744262695312 95.9387321472168
569.7050170898438 66.87747192382812 597.9030342102051 66.87747192382812 597.9030342102051 97.0896110534668 569.7050170898438 97.0896110534668
566.5264892578125 64.89740753173828 595.7134609222412 64.89740753173828 595.7134609222412 96.16913986206055 566.5264892578125 96.16913986206055
562.5562744140625 63.10554122924805 592.5490455627441 63.10554122924805 592.5490455627441 95.24063110351562 562.5562744140625 95.24063110351562
560.9937744140625 62.9940071105957 591.7687129974365 62.9940071105957 591.7687129974365 95.96712875366211 560.9937744140625 95.96712875366211
560.2395629882812 63.59315872192383 591.2321224212646 63.59315872192383 591.2321224212646 96.94460678100586 560.2395629882812 96.94460678100586
558.8953857421875 64.40303039550781 590.6673183441162 64.40303039550781 590.6673183441162 99.38422775268555 558.8953857421875 99.38422775268555
558.2191162109375 67.44630432128906 588.4976921081543 67.44630432128906 588.4976921081543 102.80946350097656 558.2191162109375 102.80946350097656
558.6303100585938 71.10655212402344 587.8716011047363 71.10655212402344 587.8716011047363 105.5669174194336 558.6303100585938 105.5669174194336
558.5487060546875 77.2432632446289 588.7106742858887 77.2432632446289 588.7106742858887 109.90007019042969 558.5487060546875 109.90007019042969
559.2537231445312 79.85269165039062 590.3319969177246 79.85269165039062 590.3319969177246 113.54847717285156 559.2537231445312 113.54847717285156
561.2811279296875 83.13468170166016 593.7531547546387 83.13468170166016 593.7531547546387 117.36021423339844 561.2811279296875 117.36021423339844
562.5802001953125 83.314208984375 595.6778144836426 83.314208984375 595.6778144836426 118.7759017944336 562.5802001953125 118.7759017944336
563.80029296875 82.9029769897461 597.701488494873 82.9029769897461 597.701488494873 119.22564697265625 563.80029296875 119.22564697265625
565.7277221679688 82.49946594238281 599.8177299499512 82.49946594238281 599.8177299499512 119.0244369506836 565.7277221679688 119.0244369506836
566.0682373046875 80.00789642333984 600.6475563049316 80.00789642333984 600.6475563049316 117.05713272094727 566.0682373046875 117.05713272094727
564.9947509765625 79.75901794433594 599.808032989502 79.75901794433594 599.808032989502 117.05892944335938 564.9947509765625 117.05892944335938
562.4622802734375 78.85382080078125 597.3596000671387 78.85382080078125 597.3596000671387 116.2437744140625 562.4622802734375 116.2437744140625
561.5834350585938 80.12320709228516 596.6874198913574 80.12320709228516 596.6874198913574 117.73458862304688 561.5834350585938 117.73458862304688
560.6509399414062 81.51290130615234 594.4908905029297 81.51290130615234 594.4908905029297 118.80134201049805 560.6509399414062 118.80134201049805
557.9588623046875 87.63639068603516 590.7927627563477 87.63639068603516 590.7927627563477 123.88599395751953 557.9588623046875 123.88599395751953
557.3801879882812 92.0907211303711 589.7756729125977 92.0907211303711 589.7756729125977 126.51499938964844 557.3801879882812 126.51499938964844
553.3230590820312 98.85765838623047 586.4497604370117 98.85765838623047 586.4497604370117 131.71124267578125 553.3230590820312 131.71124267578125
548.4611206054688 102.94618225097656 581.536003112793 102.94618225097656 581.536003112793 137.3416519165039 548.4611206054688 137.3416519165039
543.9129028320312 105.66151428222656 578.6183967590332 105.66151428222656 578.6183967590332 138.5760841369629 543.9129028320312 138.5760841369629
539.5409545898438 105.92579650878906 574.9600143432617 105.92579650878906 574.9600143432617 140.15138626098633 539.5409545898438 140.15138626098633
533.0777587890625 106.4078598022461 569.2442626953125 106.4078598022461 569.2442626953125 139.8348388671875 533.0777587890625 139.8348388671875
531.6497192382812 105.63057708740234 566.5205841064453 105.63057708740234 566.5205841064453 139.43775939941406 531.6497192382812 139.43775939941406
527.2815551757812 105.45433044433594 563.5323944091797 105.45433044433594 563.5323944091797 141.39915466308594 527.2815551757812 141.39915466308594
524.8038330078125 105.3443832397461 560.6290626525879 105.3443832397461 560.6290626525879 141.07494354248047 524.8038330078125 141.07494354248047
524.6444091796875 106.1490478515625 558.1876754760742 106.1490478515625 558.1876754760742 141.5828971862793 524.6444091796875 141.5828971862793
521.9579467773438 108.67720794677734 555.4657173156738 108.67720794677734 555.4657173156738 144.00283813476562 521.9579467773438 144.00283813476562
519.5462646484375 115.00677490234375 552.0094718933105 115.00677490234375 552.0094718933105 151.21041870117188 519.5462646484375 151.21041870117188
518.6144409179688 117.31266784667969 551.466178894043 117.31266784667969 551.466178894043 154.0299949645996 518.6144409179688 154.0299949645996
517.0159301757812 122.30841064453125 551.5443534851074 122.30841064453125 551.5443534851074 159.30313873291016 517.0159301757812 159.30313873291016
515.4920043945312 126.01383972167969 550.306941986084 126.01383972167969 550.306941986084 163.31554412841797 515.4920043945312 163.31554412841797
516.991943359375 127.192138671875 552.0666046142578 127.192138671875 552.0666046142578 164.7721176147461 516.991943359375 164.7721176147461
516.5780639648438 128.71688842773438 552.1327095031738 128.71688842773438 552.1327095031738 166.8111343383789 516.5780639648438 166.8111343383789
516.739013671875 128.67825317382812 552.8381729125977 128.67825317382812 552.8381729125977 167.35590362548828 516.739013671875 167.35590362548828
516.5050659179688 129.3554229736328 552.8949813842773 129.3554229736328 552.8949813842773 168.34459686279297 516.5050659179688 168.34459686279297
513.5645751953125 127.381591796875 551.1184921264648 127.381591796875 551.1184921264648 167.61791229248047 513.5645751953125 167.61791229248047
512.9729614257812 129.31869506835938 549.7970924377441 129.31869506835938 549.7970924377441 168.77310180664062 512.9729614257812 168.77310180664062
511.7980041503906 131.74462890625 549.0742607116699 131.74462890625 549.0742607116699 171.6834602355957 511.7980041503906 171.6834602355957
510.78759765625 140.8420867919922 546.7523307800293 140.8420867919922 546.7523307800293 178.88151168823242 510.78759765625 178.88151168823242
510.1714782714844 145.27902221679688 545.1935653686523 145.27902221679688 545.1935653686523 182.46586990356445 510.1714782714844 182.46586990356445
508.7640686035156 149.32608032226562 544.2456932067871 149.32608032226562 544.2456932067871 189.2656478881836 508.7640686035156 189.2656478881836
506.045166015625 152.9972381591797 542.3152198791504 152.9972381591797 542.3152198791504 192.66009902954102 506.045166015625 192.66009902954102
503.76336669921875 155.25094604492188 540.2377243041992 155.25094604492188 540.2377243041992 193.44838333129883 503.76336669921875 193.44838333129883
501.55670166015625 155.062744140625 538.2311897277832 155.062744140625 538.2311897277832 194.35680389404297 501.55670166015625 194.35680389404297
497.25408935546875 155.09979248046875 534.4015121459961 155.09979248046875 534.4015121459961 194.90057373046875 497.25408935546875 194.90057373046875
497.2223205566406 155.86175537109375 534.9684219360352 155.86175537109375 534.9684219360352 196.30398178100586 497.2223205566406 196.30398178100586
495.43206787109375 156.775146484375 533.3901176452637 156.775146484375 533.3901176452637 197.4444580078125 495.43206787109375 197.4444580078125
495.0301818847656 160.69277954101562 533.1100158691406 160.69277954101562 533.1100158691406 201.4925765991211 495.0301818847656 201.4925765991211
495.28826904296875 162.3370361328125 532.7996139526367 162.3370361328125 532.7996139526367 202.5277442932129 495.28826904296875 202.5277442932129
497.0071716308594 167.65512084960938 533.265796661377 167.65512084960938 533.265796661377 206.5036277770996 497.0071716308594 206.5036277770996
495.35748291015625 176.37644958496094 531.4534912109375 176.37644958496094 531.4534912109375 214.4689712524414 495.35748291015625 214.4689712524414
496.8665466308594 182.1383514404297 533.040828704834 182.1383514404297 533.040828704834 217.8188934326172 496.8665466308594 217.8188934326172
497.10595703125 186.971923828125 534.886646270752 186.971923828125 534.886646270752 223.62353515625 497.10595703125 223.62353515625
500.750732421875 191.80442810058594 539.1384315490723 191.80442810058594 539.1384315490723 228.0441665649414 500.750732421875 228.0441665649414
503.26141357421875 193.9620819091797 540.7883071899414 193.9620819091797 540.7883071899414 231.5593032836914 503.26141357421875 231.5593032836914
505.4110412597656 192.21463012695312 543.1416931152344 192.21463012695312 543.1416931152344 232.64030075073242 505.4110412597656 232.64030075073242
508.1607360839844 189.9140167236328 546.0253715515137 189.9140167236328 546.0253715515137 230.48323822021484 508.1607360839844 230.48323822021484
509.22607421875 190.03395080566406 546.6337623596191 190.03395080566406 546.6337623596191 231.8035011291504 509.22607421875 231.8035011291504
509.4280700683594 189.09426879882812 545.7738265991211 189.09426879882812 545.7738265991211 231.50593185424805 509.4280700683594 231.50593185424805
510.42803955078125 188.0792236328125 544.0564765930176 188.0792236328125 544.0564765930176 232.7198600769043 510.42803955078125 232.7198600769043
509.05950927734375 189.19290161132812 540.4567165374756 189.19290161132812 540.4567165374756 234.51334381103516 509.05950927734375 234.51334381103516
506.3636169433594 196.21128845214844 536.2806358337402 196.21128845214844 536.2806358337402 237.32134246826172 506.3636169433594 237.32134246826172
501.22454833984375 204.93359375 531.7455654144287 204.93359375 531.7455654144287 243.7355728149414 501.22454833984375 243.7355728149414
494.726318359375 206.58108520507812 533.0566787719727 206.58108520507812 533.0566787719727 247.64928436279297 494.726318359375 247.64928436279297
491.91680908203125 215.3131866455078 523.8071022033691 215.3131866455078 523.8071022033691 253.70287322998047 491.91680908203125 253.70287322998047
486.83709716796875 222.2275848388672 516.644344329834 222.2275848388672 516.644344329834 256.5305633544922 486.83709716796875 256.5305633544922
481.99163818359375 226.80331420898438 512.6527709960938 226.80331420898438 512.6527709960938 262.20127868652344 481.99163818359375 262.20127868652344
475.42425537109375 231.86392211914062 507.7900581359863 231.86392211914062 507.7900581359863 271.32801055908203 475.42425537109375 271.32801055908203
470.9219665527344 234.6008758544922 505.7419776916504 234.6008758544922 505.7419776916504 273.086727142334 470.9219665527344 273.086727142334
464.61297607421875 240.5291290283203 502.7103843688965 240.5291290283203 502.7103843688965 278.10303497314453 464.61297607421875 278.10303497314453
466.0912170410156 241.2053680419922 504.34635162353516 241.2053680419922 504.34635162353516 282.1929702758789 466.0912170410156 282.1929702758789
463.83544921875 246.6324005126953 501.93334579467773 246.6324005126953 501.93334579467773 287.45153045654297 463.83544921875 287.45153045654297
460.568603515625 254.8052215576172 500.5276794433594 254.8052215576172 500.5276794433594 295.2293930053711 460.568603515625 295.2293930053711
459.03143310546875 261.11236572265625 500.2464790344238 261.11236572265625 500.2464790344238 300.18603134155273 459.03143310546875 300.18603134155273
459.715576171875 270.6514587402344 500.8960304260254 270.6514587402344 500.8960304260254 308.3184280395508 459.715576171875 308.3184280395508
461.73358154296875 280.13153076171875 502.5157051086426 280.13153076171875 502.5157051086426 317.25086212158203 461.73358154296875 317.25086212158203
461.68707275390625 286.91131591796875 503.5754165649414 286.91131591796875 503.5754165649414 323.16653060913086 461.68707275390625 323.16653060913086
464.09661865234375 291.1662292480469 506.61787033081055 291.1662292480469 506.61787033081055 331.29108810424805 464.09661865234375 331.29108810424805
463.21661376953125 298.85400390625 509.0404739379883 298.85400390625 509.0404739379883 336.46436309814453 463.21661376953125 336.46436309814453
465.1936950683594 306.01055908203125 509.2529830932617 306.01055908203125 509.2529830932617 345.8795280456543 465.1936950683594 345.8795280456543
468.7320251464844 304.9028625488281 510.13975524902344 304.9028625488281 510.13975524902344 349.26822662353516 468.7320251464844 349.26822662353516
467.54364013671875 307.23431396484375 509.54468536376953 307.23431396484375 509.54468536376953 352.2353744506836 467.54364013671875 352.2353744506836
465.15948486328125 309.78009033203125 507.4092254638672 309.78009033203125 507.4092254638672 355.04761123657227 465.15948486328125 355.04761123657227
463.09002685546875 312.55609130859375 505.48657608032227 312.55609130859375 505.48657608032227 357.8057746887207 463.09002685546875 357.8057746887207
459.54443359375 321.53668212890625 500.5700569152832 321.53668212890625 500.5700569152832 362.1858825683594 459.54443359375 362.1858825683594
456.7189025878906 329.0106506347656 496.2186088562012 329.0106506347656 496.2186088562012 369.607421875 456.7189025878906 369.607421875
453.24591064453125 336.8049011230469 493.2077865600586 336.8049011230469 493.2077865600586 375.6046676635742 453.24591064453125 375.6046676635742
449.44439697265625 346.6482238769531 489.46436309814453 346.6482238769531 489.46436309814453 385.0157775878906 449.44439697265625 385.0157775878906
445.2760314941406 356.127197265625 483.0165481567383 356.127197265625 483.0165481567383 392.00735092163086 445.2760314941406 392.00735092163086
440.83746337890625 359.9739074707031 479.06303787231445 359.9739074707031 479.06303787231445 396.84838104248047 440.83746337890625 396.84838104248047
435.9219665527344 366.9527893066406 475.32502365112305 366.9527893066406 475.32502365112305 406.19470977783203 435.9219665527344 406.19470977783203
431.1687927246094 372.602783203125 469.8771743774414 372.602783203125 469.8771743774414 413.38260650634766 431.1687927246094 413.38260650634766
428.392333984375 376.24224853515625 467.80672454833984 376.24224853515625 467.80672454833984 417.97351837158203 428.392333984375 417.97351837158203
426.39764404296875 377.9530029296875 468.13639068603516 377.9530029296875 468.13639068603516 422.18590545654297 426.39764404296875 422.18590545654297
424.76861572265625 384.8072814941406 466.45568084716797 384.8072814941406 466.45568084716797 427.23795318603516 424.76861572265625 427.23795318603516
425.61572265625 390.314697265625 465.85025787353516 390.314697265625 465.85025787353516 431.63675689697266 425.61572265625 431.63675689697266
423.86895751953125 399.885009765625 465.2018356323242 399.885009765625 465.2018356323242 440.28820037841797 423.86895751953125 440.28820037841797
424.16094970703125 411.6869201660156 467.9673957824707 411.6869201660156 467.9673957824707 450.2962875366211 424.16094970703125 450.2962875366211
431.818603515625 412.84649658203125 470.3126525878906 412.84649658203125 470.3126525878906 448.00919342041016 431.818603515625 448.00919342041016
