199.0 114.0 226.0 114.0 226.0 187.0 199.0 187.0
199.63511657714844 115.8261947631836 226.2999382019043 115.8261947631836 226.2999382019043 186.98572540283203 199.63511657714844 186.98572540283203
199.88134765625 114.4915542602539 226.11548233032227 114.4915542602539 226.11548233032227 187.11571502685547 199.88134765625 187.11571502685547
199.69752502441406 117.18220520019531 226.20820999145508 117.18220520019531 226.20820999145508 187.57354736328125 199.69752502441406 187.57354736328125
200.22146606445312 115.1097183227539 226.54884910583496 115.1097183227539 226.54884910583496 187.99236297607422 200.22146606445312 187.99236297607422
200.11581420898438 114.65837097167969 226.87172889709473 114.65837097167969 226.87172889709473 188.58856964111328 200.11581420898438 188.58856964111328
200.50244140625 113.37739562988281 226.8401985168457 113.37739562988281 226.8401985168457 190.5345916748047 200.50244140625 190.5345916748047
200.77894592285156 113.6460952758789 227.17876052856445 113.6460952758789 227.17876052856445 191.61748504638672 200.77894592285156 191.61748504638672
200.1103973388672 113.9444580078125 227.80717086791992 113.9444580078125 227.80717086791992 190.2564239501953 200.1103973388672 190.2564239501953
199.3062286376953 113.7591552734375 227.81809425354004 113.7591552734375 227.81809425354004 190.84679412841797 199.3062286376953 190.84679412841797
200.4705810546875 113.21146392822266 228.47354125976562 113.21146392822266 228.47354125976562 191.64871978759766 200.4705810546875 191.64871978759766
200.72500610351562 111.9074935913086 229.39850234985352 111.9074935913086 229.39850234985352 190.03707122802734 200.72500610351562 190.03707122802734
201.2360076904297 112.1669921875 230.34106826782227 112.1669921875 230.34106826782227 191.9551239013672 201.2360076904297 191.9551239013672
200.1634521484375 114.31697082519531 230.80966567993164 114.31697082519531 230.80966567993164 191.31167602539062 200.1634521484375 191.31167602539062
201.5108642578125 113.22517395019531 232.50506591796875 113.22517395019531 232.50506591796875 192.02456665039062 201.5108642578125 192.02456665039062
201.6669158935547 111.99992370605469 232.7397861480713 111.99992370605469 232.7397861480713 191.83328247070312 201.6669158935547 191.83328247070312
203.71351623535156 109.91712951660156 234.1640567779541 109.91712951660156 234.1640567779541 192.24637603759766 203.71351623535156 192.24637603759766
207.0662078857422 108.9381332397461 238.23281860351562 108.9381332397461 238.23281860351562 193.20342254638672 207.0662078857422 193.20342254638672
207.14419555664062 113.8343276977539 239.51951599121094 113.8343276977539 239.51951599121094 194.8106918334961 207.14419555664062 194.8106918334961
207.10806274414062 113.26884460449219 240.0168571472168 113.26884460449219 240.0168571472168 192.76588439941406 207.10806274414062 192.76588439941406
209.90499877929688 111.18333435058594 241.22258949279785 111.18333435058594 241.22258949279785 195.85682678222656 209.90499877929688 195.85682678222656
210.595458984375 113.58720397949219 241.7721290588379 113.58720397949219 241.7721290588379 197.8796844482422 210.595458984375 197.8796844482422
212.37588500976562 114.31884765625 243.12423706054688 114.31884765625 243.12423706054688 197.4532928466797 212.37588500976562 197.4532928466797
210.55435180664062 110.70259094238281 241.89796829223633 110.70259094238281 241.89796829223633 195.44644927978516 210.55435180664062 195.44644927978516
210.88766479492188 114.6628646850586 242.11730575561523 114.6628646850586 242.11730575561523 196.90399932861328 210.88766479492188 196.90399932861328
212.18222045898438 113.6544418334961 243.07037734985352 113.6544418334961 243.07037734985352 197.16687774658203 212.18222045898438 197.16687774658203
213.1922149658203 112.47422790527344 244.6909694671631 112.47422790527344 244.6909694671631 194.7620849609375 213.1922149658203 194.7620849609375
212.099609375 116.54280090332031 243.8156032562256 116.54280090332031 243.8156032562256 195.95294189453125 212.099609375 195.95294189453125
214.3907012939453 113.44105529785156 244.7484188079834 113.44105529785156 244.7484188079834 195.51934814453125 214.3907012939453 195.51934814453125
216.31735229492188 112.48960876464844 246.31267738342285 112.48960876464844 246.31267738342285 193.58810424804688 216.31735229492188 193.58810424804688
216.041259765625 114.47562408447266 245.7641658782959 114.47562408447266 245.7641658782959 194.83757781982422 216.041259765625 194.83757781982422
216.8403778076172 112.15748596191406 246.79812240600586 112.15748596191406 246.79812240600586 193.15438079833984 216.8403778076172 193.15438079833984
218.22152709960938 114.26167297363281 248.56199264526367 114.26167297363281 248.56199264526367 195.59747314453125 218.22152709960938 195.59747314453125
217.6105194091797 115.5416488647461 247.52258682250977 115.5416488647461 247.52258682250977 196.41504669189453 217.6105194091797 196.41504669189453
219.82003784179688 115.12540435791016 249.57818603515625 115.12540435791016 249.57818603515625 195.58265686035156 219.82003784179688 195.58265686035156
221.3627166748047 112.95174407958984 251.2072353363037 112.95174407958984 251.2072353363037 193.64251708984375 221.3627166748047 193.64251708984375
222.80508422851562 112.21134948730469 252.89108276367188 112.21134948730469 252.89108276367188 193.55502319335938 222.80508422851562 193.55502319335938
223.11746215820312 111.9496841430664 253.36053466796875 111.9496841430664 253.36053466796875 193.7180404663086 223.11746215820312 193.7180404663086
224.25918579101562 111.57711029052734 254.99145126342773 111.57711029052734 254.99145126342773 194.66809844970703 224.25918579101562 194.66809844970703
224.34402465820312 112.2830581665039 255.49380493164062 112.2830581665039 255.49380493164062 196.50287628173828 224.34402465820312 196.50287628173828
226.9871063232422 111.1908187866211 257.7827854156494 111.1908187866211 257.7827854156494 194.45325469970703 226.9871063232422 194.45325469970703
228.0421600341797 110.33729553222656 259.73056983947754 110.33729553222656 259.73056983947754 196.0134048461914 228.0421600341797 196.0134048461914
231.98855590820312 115.55245208740234 263.63508224487305 115.55245208740234 263.63508224487305 198.75828552246094 231.98855590820312 198.75828552246094
232.8009033203125 111.72761535644531 264.21466636657715 111.72761535644531 264.21466636657715 198.21607971191406 232.8009033203125 198.21607971191406
233.94998168945312 113.77410888671875 263.91497802734375 113.77410888671875 263.91497802734375 199.8373794555664 233.94998168945312 199.8373794555664
234.8263702392578 112.50555419921875 265.3722839355469 112.50555419921875 265.3722839355469 197.8634490966797 234.8263702392578 197.8634490966797
235.9574432373047 115.10371398925781 265.657506942749 115.10371398925781 265.657506942749 197.0640640258789 235.9574432373047 197.0640640258789
237.0935821533203 114.64170837402344 265.91041564941406 114.64170837402344 265.91041564941406 195.61803436279297 237.0935821533203 195.61803436279297
237.0341339111328 114.78797912597656 266.0843925476074 114.78797912597656 266.0843925476074 195.62689208984375 237.0341339111328 195.62689208984375
237.70169067382812 114.71441650390625 266.6055564880371 114.71441650390625 266.6055564880371 196.40830993652344 237.70169067382812 196.40830993652344
238.037841796875 121.54255676269531 267.46692276000977 121.54255676269531 267.46692276000977 197.4567108154297 238.037841796875 197.4567108154297
238.10818481445312 119.42520904541016 268.18645668029785 119.42520904541016 268.18645668029785 196.08698272705078 238.10818481445312 196.08698272705078
238.5491943359375 117.77286529541016 269.7073631286621 117.77286529541016 269.7073631286621 196.79743194580078 238.5491943359375 196.79743194580078
238.80038452148438 121.0148696899414 269.98794174194336 121.0148696899414 269.98794174194336 199.86622619628906 238.80038452148438 199.86622619628906
240.328125 113.1401138305664 271.29114151000977 113.1401138305664 271.29114151000977 196.85498809814453 240.328125 196.85498809814453
239.59957885742188 112.27488708496094 271.2410488128662 112.27488708496094 271.2410488128662 197.82410430908203 239.59957885742188 197.82410430908203
241.1656036376953 112.98143005371094 272.9734992980957 112.98143005371094 272.9734992980957 198.9806137084961 241.1656036376953 198.9806137084961
241.0796356201172 109.93709564208984 273.075870513916 109.93709564208984 273.075870513916 196.44549560546875 241.0796356201172 196.44549560546875
242.7391357421875 108.6137466430664 274.8416557312012 108.6137466430664 274.8416557312012 195.4095230102539 242.7391357421875 195.4095230102539
244.2134552001953 110.63897705078125 276.31582260131836 110.63897705078125 276.31582260131836 197.43434143066406 244.2134552001953 197.43434143066406
247.5181884765625 111.76008605957031 279.2867069244385 111.76008605957031 279.2867069244385 197.6528091430664 247.5181884765625 197.6528091430664
253.52719116210938 114.30186462402344 285.044397354126 114.30186462402344 285.044397354126 196.68844604492188 253.52719116210938 196.68844604492188
257.12841796875 114.77214050292969 289.1846694946289 114.77214050292969 289.1846694946289 196.34835052490234 257.12841796875 196.34835052490234
256.7762451171875 119.18475341796875 289.92510986328125 119.18475341796875 289.92510986328125 199.27544403076172 256.7762451171875 199.27544403076172
258.2108459472656 117.60416412353516 291.0591011047363 117.60416412353516 291.0591011047363 200.6541290283203 258.2108459472656 200.6541290283203
259.11962890625 116.51351165771484 292.6513023376465 116.51351165771484 292.6513023376465 201.2340545654297 259.11962890625 201.2340545654297
260.3605041503906 115.37745666503906 292.44860076904297 115.37745666503906 292.44860076904297 200.65975189208984 260.3605041503906 200.65975189208984
262.031494140625 111.9925537109375 294.0327262878418 111.9925537109375 294.0327262878418 197.3402328491211 262.031494140625 197.3402328491211
266.5574645996094 104.23420715332031 299.0449905395508 104.23420715332031 299.0449905395508 192.07090759277344 266.5574645996094 192.07090759277344
268.154296875 112.13226318359375 299.7271213531494 112.13226318359375 299.7271213531494 197.49588012695312 268.154296875 197.49588012695312
268.23388671875 112.85847473144531 299.37074851989746 112.85847473144531 299.37074851989746 197.04337310791016 268.23388671875 197.04337310791016
270.2376403808594 111.23067474365234 301.560338973999 111.23067474365234 301.560338973999 195.91802215576172 270.2376403808594 195.91802215576172
269.7947082519531 112.3001480102539 300.744909286499 112.3001480102539 300.744909286499 195.9803695678711 269.7947082519531 195.9803695678711
272.16412353515625 109.22074890136719 303.0279788970947 109.22074890136719 303.0279788970947 192.66751098632812 272.16412353515625 192.66751098632812
270.88507080078125 111.9703140258789 301.1605796813965 111.9703140258789 301.1605796813965 193.6531219482422 270.88507080078125 193.6531219482422
272.6247253417969 111.00077056884766 302.7159671783447 111.00077056884766 302.7159671783447 192.35861206054688 272.6247253417969 192.35861206054688
275.2837219238281 109.48519134521484 304.3397159576416 109.48519134521484 304.3397159576416 189.2841339111328 275.2837219238281 189.2841339111328
277.4413757324219 113.21952819824219 305.7610721588135 113.21952819824219 305.7610721588135 189.0983123779297 277.4413757324219 189.0983123779297
276.82366943359375 114.11164855957031 305.0594177246094 114.11164855957031 305.0594177246094 190.4527816772461 276.82366943359375 190.4527816772461
278.58343505859375 120.726806640625 306.19892501831055 120.726806640625 306.19892501831055 194.73056030273438 278.58343505859375 194.73056030273438
279.43511962890625 119.06197357177734 306.4880886077881 119.06197357177734 306.4880886077881 191.70645904541016 279.43511962890625 191.70645904541016
279.796142578125 118.70755767822266 306.8851070404053 118.70755767822266 306.8851070404053 189.049072265625 279.796142578125 189.049072265625
279.85821533203125 121.25511169433594 306.8379669189453 121.25511169433594 306.8379669189453 190.71383666992188 279.85821533203125 190.71383666992188
279.94757080078125 118.61993408203125 306.9347801208496 118.61993408203125 306.9347801208496 189.97614288330078 279.94757080078125 189.97614288330078
280.190673828125 120.14530944824219 307.51328468322754 120.14530944824219 307.51328468322754 190.29584503173828 280.190673828125 190.29584503173828
280.1243896484375 123.0462875366211 308.1399326324463 123.0462875366211 308.1399326324463 192.21411895751953 280.1243896484375 192.21411895751953
279.9277648925781 119.925048828125 307.3279514312744 119.925048828125 307.3279514312744 191.85186767578125 279.9277648925781 191.85186767578125
280.11273193359375 120.19770812988281 307.3503837585449 120.19770812988281 307.3503837585449 190.37877655029297 280.11273193359375 190.37877655029297
280.847412109375 121.4365005493164 308.5621452331543 121.4365005493164 308.5621452331543 191.00330352783203 280.847412109375 191.00330352783203
280.12896728515625 118.92863464355469 307.9680938720703 118.92863464355469 307.9680938720703 187.46481323242188 280.12896728515625 187.46481323242188
280.3507995605469 119.87931823730469 308.4923095703125 119.87931823730469 308.4923095703125 190.2467041015625 280.3507995605469 190.2467041015625
280.72906494140625 115.3000259399414 308.7742118835449 115.3000259399414 308.7742118835449 187.52523040771484 280.72906494140625 187.52523040771484
280.7086181640625 116.90403747558594 308.4931583404541 116.90403747558594 308.4931583404541 187.33334350585938 280.7086181640625 187.33334350585938
280.46673583984375 120.56170654296875 308.4672050476074 120.56170654296875 308.4672050476074 190.1843719482422 280.46673583984375 190.1843719482422
280.7915344238281 119.10784912109375 308.6258029937744 119.10784912109375 308.6258029937744 190.24725341796875 280.7915344238281 190.24725341796875
281.0643005371094 119.40863037109375 309.2347831726074 119.40863037109375 309.2347831726074 190.3039321899414 281.0643005371094 190.3039321899414
281.54571533203125 113.5632095336914 309.3896541595459 113.5632095336914 309.3896541595459 187.12913513183594 281.54571533203125 187.12913513183594
280.67974853515625 117.81538391113281 308.9309482574463 117.81538391113281 308.9309482574463 188.50045776367188 280.67974853515625 188.50045776367188
280.8167419433594 113.98817443847656 308.7629737854004 113.98817443847656 308.7629737854004 188.33751678466797 280.8167419433594 188.33751678466797
280.8767395019531 111.7635269165039 309.25886154174805 111.7635269165039 309.25886154174805 187.01555633544922 280.8767395019531 187.01555633544922
281.8638000488281 114.4313735961914 310.6459083557129 114.4313735961914 310.6459083557129 190.11223602294922 281.8638000488281 190.11223602294922
282.50128173828125 108.91937255859375 311.3981075286865 108.91937255859375 311.3981075286865 187.04785919189453 282.50128173828125 187.04785919189453
282.56085205078125 111.0081558227539 311.5695743560791 111.0081558227539 311.5695743560791 189.43917083740234 282.56085205078125 189.43917083740234
282.6217956542969 107.54559326171875 312.15600967407227 107.54559326171875 312.15600967407227 187.3973846435547 282.6217956542969 187.3973846435547
282.6758117675781 106.9095458984375 312.7330684661865 106.9095458984375 312.7330684661865 188.1754913330078 282.6758117675781 188.1754913330078
282.7940979003906 110.1740951538086 313.3800754547119 110.1740951538086 313.3800754547119 192.86954498291016 282.7940979003906 192.86954498291016
284.7972412109375 106.75592041015625 315.2086067199707 106.75592041015625 315.2086067199707 188.9792709350586 284.7972412109375 188.9792709350586
284.63201904296875 109.24848937988281 314.90325927734375 109.24848937988281 314.90325927734375 191.09298706054688 284.63201904296875 191.09298706054688
285.7094421386719 109.68824768066406 315.5518493652344 109.68824768066406 315.5518493652344 190.37330627441406 285.7094421386719 190.37330627441406
286.62152099609375 109.01155090332031 316.6719512939453 109.01155090332031 316.6719512939453 190.25904846191406 286.62152099609375 190.25904846191406
287.865966796875 110.2337417602539 318.3977108001709 110.2337417602539 318.3977108001709 192.7825698852539 287.865966796875 192.7825698852539
288.3354187011719 109.13592529296875 318.774621963501 109.13592529296875 318.774621963501 191.4345474243164 288.3354187011719 191.4345474243164
288.2363586425781 108.40348815917969 319.2875156402588 108.40348815917969 319.2875156402588 192.35665130615234 288.2363586425781 192.35665130615234
287.0992736816406 107.26773834228516 318.29582595825195 107.26773834228516 318.29582595825195 191.61400604248047 287.0992736816406 191.61400604248047
288.6563720703125 104.7518310546875 320.483606338501 104.7518310546875 320.483606338501 190.8032684326172 288.6563720703125 190.8032684326172
287.22442626953125 104.1119613647461 318.9140510559082 104.1119613647461 318.9140510559082 189.79132843017578 287.22442626953125 189.79132843017578
288.41107177734375 108.50837707519531 320.3128776550293 108.50837707519531 320.3128776550293 194.76142120361328 288.41107177734375 194.76142120361328
286.5802307128906 107.92388916015625 318.0761909484863 107.92388916015625 318.0761909484863 193.07964324951172 286.5802307128906 193.07964324951172
287.7460632324219 108.2823715209961 318.9210662841797 108.2823715209961 318.9210662841797 192.5703582763672 287.7460632324219 192.5703582763672
288.1005859375 110.02542877197266 319.38733863830566 110.02542877197266 319.38733863830566 194.61556243896484 288.1005859375 194.61556243896484
284.6978454589844 106.3382797241211 315.9448890686035 106.3382797241211 315.9448890686035 190.82105255126953 284.6978454589844 190.82105255126953
285.4507751464844 110.15107727050781 316.5326385498047 110.15107727050781 316.5326385498047 194.187255859375 285.4507751464844 194.187255859375
285.9882507324219 108.34761047363281 317.1861000061035 108.34761047363281 317.1861000061035 192.6973876953125 285.9882507324219 192.6973876953125
283.81390380859375 108.81135559082031 315.2202854156494 108.81135559082031 315.2202854156494 193.72494506835938 283.81390380859375 193.72494506835938
283.661865234375 107.4797134399414 315.37266540527344 107.4797134399414 315.37266540527344 193.21636199951172 283.661865234375 193.21636199951172
284.5103454589844 110.12166595458984 315.9146308898926 110.12166595458984 315.9146308898926 192.1056137084961 284.5103454589844 192.1056137084961
285.5579528808594 111.59410095214844 316.32605361938477 111.59410095214844 316.32605361938477 194.78196716308594 285.5579528808594 194.78196716308594
285.0785217285156 109.04393005371094 315.96039962768555 109.04393005371094 315.96039962768555 192.53941345214844 285.0785217285156 192.53941345214844
285.1328125 110.5041275024414 316.5137138366699 110.5041275024414 316.5137138366699 195.34882354736328 285.1328125 195.34882354736328
284.51934814453125 109.7470932006836 316.1324882507324 109.7470932006836 316.1324882507324 195.21969604492188 284.51934814453125 195.21969604492188
284.11395263671875 108.70316314697266 316.06210708618164 108.70316314697266 316.06210708618164 195.08154296875 284.11395263671875 195.08154296875
283.83056640625 109.12882995605469 316.94234466552734 109.12882995605469 316.94234466552734 195.509033203125 283.83056640625 195.509033203125
283.8584899902344 104.82426452636719 316.46123123168945 104.82426452636719 316.46123123168945 192.97245025634766 283.8584899902344 192.97245025634766
283.3547668457031 108.4432601928711 316.6340141296387 108.4432601928711 316.6340141296387 194.46214294433594 283.3547668457031 194.46214294433594
285.897705078125 109.0523681640625 318.2462577819824 109.0523681640625 318.2462577819824 196.5133056640625 285.897705078125 196.5133056640625
284.99072265625 107.1014633178711 317.3321228027344 107.1014633178711 317.3321228027344 194.54306030273438 284.99072265625 194.54306030273438
286.08917236328125 111.49190521240234 318.98162841796875 111.49190521240234 318.98162841796875 196.38170623779297 286.08917236328125 196.38170623779297
286.1523742675781 108.52058410644531 318.79272079467773 108.52058410644531 318.79272079467773 196.77044677734375 286.1523742675781 196.77044677734375
287.3462219238281 107.02806091308594 320.3249206542969 107.02806091308594 320.3249206542969 196.19273376464844 287.3462219238281 196.19273376464844
285.8313903808594 115.08906555175781 320.321533203125 115.08906555175781 320.321533203125 193.70138549804688 285.8313903808594 193.70138549804688
287.62591552734375 112.5307846069336 321.59751892089844 112.5307846069336 321.59751892089844 191.49798583984375 287.62591552734375 191.49798583984375
289.99072265625 109.95721435546875 322.14256286621094 109.95721435546875 322.14256286621094 192.21495056152344 289.99072265625 192.21495056152344
289.89849853515625 114.36778259277344 323.0537567138672 114.36778259277344 323.0537567138672 189.9625244140625 289.89849853515625 189.9625244140625
291.2893371582031 110.92765045166016 323.7668876647949 110.92765045166016 323.7668876647949 193.66667938232422 291.2893371582031 193.66667938232422
291.20098876953125 114.7961654663086 324.08978271484375 114.7961654663086 324.08978271484375 192.0523223876953 291.20098876953125 192.0523223876953
290.98040771484375 112.5211410522461 324.21736907958984 112.5211410522461 324.21736907958984 193.4986114501953 290.98040771484375 193.4986114501953
292.543212890625 114.17364501953125 325.3443489074707 114.17364501953125 325.3443489074707 190.7945098876953 292.543212890625 190.7945098876953
295.128662109375 108.68400573730469 326.0529537200928 108.68400573730469 326.0529537200928 192.29415130615234 295.128662109375 192.29415130615234
296.2485046386719 109.3432388305664 327.2732906341553 109.3432388305664 327.2732906341553 190.53838348388672 296.2485046386719 190.53838348388672
301.92852783203125 106.323974609375 331.8958930969238 106.323974609375 331.8958930969238 187.34687042236328 301.92852783203125 187.34687042236328
301.92901611328125 107.02485656738281 331.6548309326172 107.02485656738281 331.6548309326172 187.39466857910156 301.92901611328125 187.39466857910156
302.9873962402344 111.7837905883789 332.34535789489746 111.7837905883789 332.34535789489746 187.93602752685547 302.9873962402344 187.93602752685547
302.6921691894531 113.46040344238281 333.0983638763428 113.46040344238281 333.0983638763428 184.7442855834961 302.6921691894531 184.7442855834961
304.74267578125 109.68572998046875 334.083288192749 109.68572998046875 334.083288192749 184.29588317871094 304.74267578125 184.29588317871094
305.4725646972656 110.11793518066406 334.5887870788574 110.11793518066406 334.5887870788574 184.8531036376953 305.4725646972656 184.8531036376953
306.271484375 108.49102783203125 335.4861183166504 108.49102783203125 335.4861183166504 184.70530700683594 306.271484375 184.70530700683594
306.3486328125 110.0956039428711 336.22673416137695 110.0956039428711 336.22673416137695 186.2568130493164 306.3486328125 186.2568130493164
309.6505126953125 109.4261474609375 338.8013114929199 109.4261474609375 338.8013114929199 188.2413101196289 309.6505126953125 188.2413101196289
310.0709228515625 107.29716491699219 339.2954044342041 107.29716491699219 339.2954044342041 186.31155395507812 310.0709228515625 186.31155395507812
310.4013977050781 108.59297943115234 339.53749656677246 108.59297943115234 339.53749656677246 187.368408203125 310.4013977050781 187.368408203125
311.5511169433594 109.6713638305664 340.9405326843262 109.6713638305664 340.9405326843262 189.13168334960938 311.5511169433594 189.13168334960938
312.2098083496094 108.56480407714844 341.584659576416 108.56480407714844 341.584659576416 187.9857406616211 312.2098083496094 187.9857406616211
313.88079833984375 108.57474517822266 343.0607109069824 108.57474517822266 343.0607109069824 187.4686279296875 313.88079833984375 187.4686279296875
313.308837890625 108.2631607055664 342.20335388183594 108.2631607055664 342.20335388183594 185.33302307128906 313.308837890625 185.33302307128906
314.7437744140625 109.64152526855469 343.9453544616699 109.64152526855469 343.9453544616699 185.4933853149414 314.7437744140625 185.4933853149414
314.02777099609375 108.95286560058594 342.31017684936523 108.95286560058594 342.31017684936523 185.420166015625 314.02777099609375 185.420166015625
315.5142822265625 110.76458740234375 343.920467376709 110.76458740234375 343.920467376709 186.4687042236328 315.5142822265625 186.4687042236328
315.7113037109375 110.91325378417969 344.08862686157227 110.91325378417969 344.08862686157227 185.43341064453125 315.7113037109375 185.43341064453125
316.37200927734375 112.59037780761719 344.6359214782715 112.59037780761719 344.6359214782715 184.2320556640625 316.37200927734375 184.2320556640625
316.42340087890625 111.64412689208984 343.976526260376 111.64412689208984 343.976526260376 184.84024810791016 316.42340087890625 184.84024810791016
316.90997314453125 109.98260498046875 345.37062072753906 109.98260498046875 345.37062072753906 183.8765411376953 316.90997314453125 183.8765411376953
316.39190673828125 110.69927978515625 344.9651737213135 110.69927978515625 344.9651737213135 185.2416000366211 316.39190673828125 185.2416000366211
316.7201232910156 109.90275573730469 345.1083679199219 109.90275573730469 345.1083679199219 183.74017333984375 316.7201232910156 183.74017333984375
317.02880859375 110.4662094116211 344.39372634887695 110.4662094116211 344.39372634887695 184.45288848876953 317.02880859375 184.45288848876953
317.9669494628906 110.95645904541016 346.3127021789551 110.95645904541016 346.3127021789551 180.48119354248047 317.9669494628906 180.48119354248047
318.2197265625 110.84803771972656 346.60712242126465 110.84803771972656 346.60712242126465 181.71468353271484 318.2197265625 181.71468353271484
318.8354187011719 112.3161849975586 346.7769317626953 112.3161849975586 346.7769317626953 185.47161102294922 318.8354187011719 185.47161102294922
319.77117919921875 114.64208984375 348.3530921936035 114.64208984375 348.3530921936035 183.3476333618164 319.77117919921875 183.3476333618164
321.15069580078125 114.77811431884766 349.5962772369385 114.77811431884766 349.5962772369385 182.45252990722656 321.15069580078125 182.45252990722656
321.5724792480469 112.2918472290039 349.8398895263672 112.2918472290039 349.8398895263672 181.61412811279297 321.5724792480469 181.61412811279297
322.4832458496094 112.77088928222656 350.7575798034668 112.77088928222656 350.7575798034668 179.71176147460938 322.4832458496094 179.71176147460938
322.14068603515625 112.0063247680664 350.19554138183594 112.0063247680664 350.19554138183594 182.40740203857422 322.14068603515625 182.40740203857422
324.5847473144531 110.37606048583984 351.8083248138428 110.37606048583984 351.8083248138428 183.98058319091797 324.5847473144531 183.98058319091797
324.9283752441406 110.53346252441406 352.1439151763916 110.53346252441406 352.1439151763916 184.11626434326172 324.9283752441406 184.11626434326172
326.01568603515625 110.13432312011719 353.0119209289551 110.13432312011719 353.0119209289551 183.1241912841797 326.01568603515625 183.1241912841797
325.95306396484375 111.85475158691406 352.83710289001465 111.85475158691406 352.83710289001465 184.5412826538086 325.95306396484375 184.5412826538086
326.53741455078125 109.27079772949219 353.56604957580566 109.27079772949219 353.56604957580566 182.34827423095703 326.53741455078125 182.34827423095703
326.90020751953125 107.5030746459961 353.74742698669434 107.5030746459961 353.74742698669434 180.09005737304688 326.90020751953125 180.09005737304688
327.10748291015625 110.44142150878906 353.92605209350586 110.44142150878906 353.92605209350586 182.9509506225586 327.10748291015625 182.9509506225586
326.73663330078125 108.6803970336914 353.78106117248535 108.6803970336914 353.78106117248535 181.8005828857422 326.73663330078125 181.8005828857422
327.8505859375 110.9517593383789 354.9492301940918 110.9517593383789 354.9492301940918 184.21854400634766 327.8505859375 184.21854400634766
328.7231750488281 109.76799011230469 356.075963973999 109.76799011230469 356.075963973999 183.72190856933594 328.7231750488281 183.72190856933594
327.56805419921875 107.9066390991211 355.22028160095215 107.9066390991211 355.22028160095215 182.6701431274414 327.56805419921875 182.6701431274414
328.450927734375 109.77730560302734 356.245325088501 109.77730560302734 356.245325088501 184.9251937866211 328.450927734375 184.9251937866211
328.55157470703125 108.8399887084961 356.39540672302246 108.8399887084961 356.39540672302246 184.12152862548828 328.55157470703125 184.12152862548828
329.75994873046875 108.68550872802734 357.7923889160156 108.68550872802734 357.7923889160156 184.47698974609375 329.75994873046875 184.47698974609375
330.2939758300781 111.3336181640625 358.5124168395996 111.3336181640625 358.5124168395996 187.62799835205078 330.2939758300781 187.62799835205078
329.962158203125 110.7232437133789 358.0738277435303 110.7232437133789 358.0738277435303 186.72894287109375 329.962158203125 186.72894287109375
329.18377685546875 111.0521469116211 357.656530380249 111.0521469116211 357.656530380249 188.03411865234375 329.18377685546875 188.03411865234375
335.85906982421875 111.0909194946289 363.8696098327637 111.0909194946289 363.8696098327637 186.82320404052734 335.85906982421875 186.82320404052734
336.2577209472656 111.76717376708984 364.11554527282715 111.76717376708984 364.11554527282715 187.08655548095703 336.2577209472656 187.08655548095703
337.5937805175781 110.3868637084961 365.8329734802246 110.3868637084961 365.8329734802246 186.73735809326172 337.5937805175781 186.73735809326172
339.08026123046875 112.00894927978516 366.7511901855469 112.00894927978516 366.7511901855469 186.8230209350586 339.08026123046875 186.8230209350586
338.56463623046875 110.50140380859375 366.5958766937256 110.50140380859375 366.5958766937256 186.2896499633789 338.56463623046875 186.2896499633789
337.7428283691406 110.3742904663086 366.0058898925781 110.3742904663086 366.0058898925781 186.78931427001953 337.7428283691406 186.78931427001953
339.48199462890625 111.48075103759766 367.69964599609375 111.48075103759766 367.69964599609375 187.7729949951172 339.48199462890625 187.7729949951172
342.590576171875 111.51936340332031 370.8710289001465 111.51936340332031 370.8710289001465 187.98141479492188 342.590576171875 187.98141479492188
341.5191650390625 111.89506530761719 369.57447814941406 111.89506530761719 369.57447814941406 187.74839782714844 341.5191650390625 187.74839782714844
345.117919921875 110.48728942871094 373.2283744812012 110.48728942871094 373.2283744812012 186.48970794677734 345.117919921875 186.48970794677734
344.3862609863281 111.1084976196289 372.4436740875244 111.1084976196289 372.4436740875244 186.96751403808594 344.3862609863281 186.96751403808594
346.84710693359375 109.54435729980469 375.22433853149414 109.54435729980469 375.22433853149414 186.26806640625 346.84710693359375 186.26806640625
347.0730895996094 111.0421142578125 375.9118537902832 111.0421142578125 375.9118537902832 185.42760467529297 347.0730895996094 185.42760467529297
348.50823974609375 109.94270324707031 376.50476455688477 109.94270324707031 376.50476455688477 185.63710021972656 348.50823974609375 185.63710021972656
350.0719909667969 110.5987548828125 378.2825679779053 110.5987548828125 378.2825679779053 186.87188720703125 350.0719909667969 186.87188720703125
350.7998962402344 106.80824279785156 378.95400619506836 106.80824279785156 378.95400619506836 182.9287109375 350.7998962402344 182.9287109375
351.29400634765625 111.68907165527344 379.0010414123535 111.68907165527344 379.0010414123535 186.60077667236328 351.29400634765625 186.60077667236328
354.1502990722656 109.0501708984375 381.9654426574707 109.0501708984375 381.9654426574707 184.25416564941406 354.1502990722656 184.25416564941406
355.34539794921875 110.7585220336914 383.27747535705566 110.7585220336914 383.27747535705566 186.27867889404297 355.34539794921875 186.27867889404297
357.74810791015625 112.93028259277344 385.5210933685303 112.93028259277344 385.5210933685303 188.02029418945312 357.74810791015625 188.02029418945312
357.33477783203125 112.55721282958984 385.52588272094727 112.55721282958984 385.52588272094727 186.9413070678711 357.33477783203125 186.9413070678711
358.46380615234375 113.84748840332031 386.9596824645996 113.84748840332031 386.9596824645996 188.93311309814453 358.46380615234375 188.93311309814453
358.8876953125 111.46600341796875 386.65513038635254 111.46600341796875 386.65513038635254 186.54100036621094 358.8876953125 186.54100036621094
359.80072021484375 112.97703552246094 387.24403953552246 112.97703552246094 387.24403953552246 187.17572021484375 359.80072021484375 187.17572021484375
361.51702880859375 118.8203353881836 389.77672958374023 118.8203353881836 389.77672958374023 187.1483383178711 361.51702880859375 187.1483383178711
362.709228515625 118.78263854980469 391.13564682006836 118.78263854980469 391.13564682006836 186.20004272460938 362.709228515625 186.20004272460938
365.86541748046875 122.60505676269531 394.91083335876465 122.60505676269531 394.91083335876465 190.41881561279297 365.86541748046875 190.41881561279297
365.5662536621094 120.9610595703125 395.2584800720215 120.9610595703125 395.2584800720215 188.4767608642578 365.5662536621094 188.4767608642578
365.972900390625 122.7120361328125 395.64223861694336 122.7120361328125 395.64223861694336 190.5902557373047 365.972900390625 190.5902557373047
365.55389404296875 120.35787200927734 395.82008361816406 120.35787200927734 395.82008361816406 190.19803619384766 365.55389404296875 190.19803619384766
366.1351623535156 118.5677261352539 395.7986087799072 118.5677261352539 395.7986087799072 187.16136932373047 366.1351623535156 187.16136932373047
365.58270263671875 117.88066101074219 396.7348518371582 117.88066101074219 396.7348518371582 189.39678955078125 365.58270263671875 189.39678955078125
368.2218322753906 114.90869140625 397.0226936340332 114.90869140625 397.0226936340332 190.03228759765625 368.2218322753906 190.03228759765625
369.196044921875 111.9379653930664 397.9491939544678 111.9379653930664 397.9491939544678 189.67803955078125 369.196044921875 189.67803955078125
373.2640075683594 111.6323471069336 402.62335777282715 111.6323471069336 402.62335777282715 191.01140594482422 373.2640075683594 191.01140594482422
374.23199462890625 110.5540771484375 403.6171016693115 110.5540771484375 403.6171016693115 190.00277709960938 374.23199462890625 190.00277709960938
375.68499755859375 112.0308837890625 405.0759468078613 112.0308837890625 405.0759468078613 191.49537658691406 375.68499755859375 191.49537658691406
378.02764892578125 113.11549377441406 407.8206329345703 113.11549377441406 407.8206329345703 193.66697692871094 378.02764892578125 193.66697692871094
380.3153076171875 113.39234924316406 410.2549018859863 113.39234924316406 410.2549018859863 194.34022521972656 380.3153076171875 194.34022521972656
379.85443115234375 113.11961364746094 410.30840492248535 113.11961364746094 410.30840492248535 195.45822143554688 379.85443115234375 195.45822143554688
382.0948181152344 113.39500427246094 412.2437381744385 113.39500427246094 412.2437381744385 194.9088363647461 382.0948181152344 194.9088363647461
383.87237548828125 112.59574127197266 414.3747310638428 112.59574127197266 414.3747310638428 195.06515502929688 383.87237548828125 195.06515502929688
388.12933349609375 112.176513671875 418.3854160308838 112.176513671875 418.3854160308838 194.40035247802734 388.12933349609375 194.40035247802734
388.05621337890625 114.2681655883789 417.37338638305664 114.2681655883789 417.37338638305664 197.02642059326172 388.05621337890625 197.02642059326172
390.3429260253906 115.87474060058594 418.7483882904053 115.87474060058594 418.7483882904053 199.68728637695312 390.3429260253906 199.68728637695312
391.08648681640625 111.90461730957031 420.5600643157959 111.90461730957031 420.5600643157959 191.8640899658203 391.08648681640625 191.8640899658203
390.8896484375 112.52896881103516 420.2026557922363 112.52896881103516 420.2026557922363 192.32095336914062 390.8896484375 192.32095336914062
392.5733947753906 111.95158386230469 422.0952262878418 111.95158386230469 422.0952262878418 191.17278289794922 392.5733947753906 191.17278289794922
394.60528564453125 112.6482162475586 423.886926651001 112.6482162475586 423.886926651001 191.8171615600586 394.60528564453125 191.8171615600586
396.39471435546875 112.23945617675781 425.550012588501 112.23945617675781 425.550012588501 191.06680297851562 396.39471435546875 191.06680297851562
396.70697021484375 110.96333312988281 426.3588809967041 110.96333312988281 426.3588809967041 191.13336944580078 396.70697021484375 191.13336944580078
396.94818115234375 109.7599105834961 426.74790954589844 109.7599105834961 426.74790954589844 190.32960510253906 396.94818115234375 190.32960510253906
396.23297119140625 109.52851867675781 426.78399085998535 109.52851867675781 426.78399085998535 192.12947845458984 396.23297119140625 192.12947845458984
396.411865234375 111.57269287109375 426.9562339782715 111.57269287109375 426.9562339782715 194.15567779541016 396.411865234375 194.15567779541016
396.93658447265625 110.5023193359375 427.1054744720459 110.5023193359375 427.1054744720459 192.0701141357422 396.93658447265625 192.0701141357422
397.15673828125 111.06413269042969 426.8091793060303 111.06413269042969 426.8091793060303 191.235595703125 397.15673828125 191.235595703125
398.6920166015625 109.81124114990234 428.3059597015381 109.81124114990234 428.3059597015381 189.8786163330078 398.6920166015625 189.8786163330078
397.6355895996094 109.23860168457031 427.4571475982666 109.23860168457031 427.4571475982666 189.8673095703125 397.6355895996094 189.8673095703125
397.3350524902344 111.25994873046875 427.18365478515625 111.25994873046875 427.18365478515625 191.96177673339844 397.3350524902344 191.96177673339844
398.94451904296875 107.62742614746094 428.4787483215332 107.62742614746094 428.4787483215332 187.47927856445312 398.94451904296875 187.47927856445312
399.9072570800781 109.29600524902344 428.62872314453125 109.29600524902344 428.62872314453125 189.11428833007812 399.9072570800781 189.11428833007812
400.1427917480469 108.44356536865234 428.9716491699219 108.44356536865234 428.9716491699219 186.86224365234375 400.1427917480469 186.86224365234375
400.3133544921875 108.97172546386719 428.87402725219727 108.97172546386719 428.87402725219727 188.65066528320312 400.3133544921875 188.65066528320312
400.4405517578125 107.13716888427734 428.9138984680176 107.13716888427734 428.9138984680176 186.43537139892578 400.4405517578125 186.43537139892578
397.8313903808594 107.8694839477539 426.9967861175537 107.8694839477539 426.9967861175537 186.72412109375 397.8313903808594 186.72412109375
400.2193908691406 107.5986099243164 428.4215450286865 107.5986099243164 428.4215450286865 185.6173095703125 400.2193908691406 185.6173095703125
401.6955261230469 106.5989990234375 429.2856960296631 106.5989990234375 429.2856960296631 185.51100158691406 401.6955261230469 185.51100158691406
