351.0 41.0 380.0 41.0 380.0 67.0 351.0 67.0
351.3197937011719 41.90365982055664 379.7386074066162 41.90365982055664 379.7386074066162 66.71591186523438 351.3197937011719 66.71591186523438
351.7545471191406 41.83740234375 379.80258560180664 41.83740234375 379.80258560180664 67.48594665527344 351.7545471191406 67.48594665527344
351.8455810546875 42.278648376464844 379.6765251159668 42.278648376464844 379.6765251159668 67.56277084350586 351.8455810546875 67.56277084350586
352.11541748046875 42.6389274597168 380.9367618560791 42.6389274597168 380.9367618560791 67.71006965637207 352.11541748046875 67.71006965637207
352.24334716796875 42.851112365722656 380.53639793395996 42.851112365722656 380.53639793395996 67.89652252197266 352.24334716796875 67.89652252197266
352.62554931640625 42.09332275390625 381.02904891967773 42.09332275390625 381.02904891967773 67.45502853393555 352.62554931640625 67.45502853393555
353.4424133300781 42.65281677246094 381.10565757751465 42.65281677246094 381.10565757751465 68.14663505554199 353.4424133300781 68.14663505554199
352.9703674316406 42.337501525878906 380.6240348815918 42.337501525878906 380.6240348815918 68.20529365539551 352.9703674316406 68.20529365539551
354.71624755859375 42.78299331665039 381.44708824157715 42.78299331665039 381.44708824157715 68.11731147766113 354.71624755859375 68.11731147766113
354.83856201171875 42.789939880371094 380.7751579284668 42.789939880371094 380.7751579284668 68.95723152160645 354.83856201171875 68.95723152160645
354.50762939453125 43.02977752685547 381.7267608642578 43.02977752685547 381.7267608642578 69.41987419128418 354.50762939453125 69.41987419128418
354.26751708984375 43.00840377807617 381.2221622467041 43.00840377807617 381.2221622467041 69.55688667297363 354.26751708984375 69.55688667297363
354.5450134277344 42.65890884399414 381.30286026000977 42.65890884399414 381.30286026000977 69.83151054382324 354.5450134277344 69.83151054382324
355.04107666015625 43.85178756713867 381.79869651794434 43.85178756713867 381.79869651794434 69.50634384155273 355.04107666015625 69.50634384155273
355.2100524902344 43.421993255615234 381.5735893249512 43.421993255615234 381.5735893249512 70.19772911071777 355.2100524902344 70.19772911071777
355.75872802734375 44.73540496826172 381.8841438293457 44.73540496826172 381.8841438293457 71.02983283996582 355.75872802734375 71.02983283996582
356.3724670410156 44.95573806762695 381.80858039855957 44.95573806762695 381.80858039855957 69.79638671875 356.3724670410156 69.79638671875
357.1981201171875 44.993743896484375 382.23494720458984 44.993743896484375 382.23494720458984 69.57761764526367 357.1981201171875 69.57761764526367
357.6681823730469 43.484764099121094 382.67637062072754 43.484764099121094 382.67637062072754 69.82135391235352 357.6681823730469 69.82135391235352
357.0104675292969 44.15515899658203 382.0944576263428 44.15515899658203 382.0944576263428 70.75535202026367 357.0104675292969 70.75535202026367
357.3464660644531 44.869441986083984 382.62375831604004 44.869441986083984 382.62375831604004 70.32420349121094 357.3464660644531 70.32420349121094
357.8957824707031 45.26947784423828 383.1854248046875 45.26947784423828 383.1854248046875 70.85439491271973 357.8957824707031 70.85439491271973
358.37396240234375 46.30290985107422 383.2526035308838 46.30290985107422 383.2526035308838 70.93715286254883 358.37396240234375 70.93715286254883
357.9842224121094 45.46751022338867 383.2758598327637 45.46751022338867 383.2758598327637 71.03707504272461 357.9842224121094 71.03707504272461
358.33038330078125 45.81458282470703 383.205997467041 45.81458282470703 383.205997467041 71.18069267272949 358.33038330078125 71.18069267272949
358.8448181152344 45.77660369873047 384.05485343933105 45.77660369873047 384.05485343933105 71.45746231079102 358.8448181152344 71.45746231079102
359.5801086425781 45.21493148803711 384.29882431030273 45.21493148803711 384.29882431030273 71.58311653137207 359.5801086425781 71.58311653137207
359.00054931640625 45.370906829833984 384.3299674987793 45.370906829833984 384.3299674987793 72.09359359741211 359.00054931640625 72.09359359741211
358.830078125 46.44702911376953 384.827880859375 46.44702911376953 384.827880859375 72.55836868286133 358.830078125 72.55836868286133
359.22906494140625 46.101409912109375 385.37706565856934 46.101409912109375 385.37706565856934 72.18593788146973 359.22906494140625 72.18593788146973
359.56878662109375 45.7547721862793 385.57361221313477 45.7547721862793 385.57361221313477 72.37957000732422 359.56878662109375 72.37957000732422
359.6477355957031 46.419273376464844 385.58796310424805 46.419273376464844 385.58796310424805 72.64004898071289 359.6477355957031 72.64004898071289
360.7257995605469 46.37367630004883 387.0005588531494 46.37367630004883 387.0005588531494 72.63357543945312 360.7257995605469 72.63357543945312
359.8004455566406 47.37091064453125 386.7419738769531 47.37091064453125 386.7419738769531 73.32150268554688 359.8004455566406 73.32150268554688
360.36187744140625 47.45836639404297 385.82098388671875 47.45836639404297 385.82098388671875 74.37918472290039 360.36187744140625 74.37918472290039
360.2771911621094 47.324462890625 386.51301193237305 47.324462890625 386.51301193237305 73.9445858001709 360.2771911621094 73.9445858001709
360.75848388671875 46.490867614746094 387.3585090637207 46.490867614746094 387.3585090637207 73.4892692565918 360.75848388671875 73.4892692565918
360.2869567871094 47.23408889770508 387.7770938873291 47.23408889770508 387.7770938873291 74.0420970916748 360.2869567871094 74.0420970916748
361.33489990234375 47.33708572387695 387.49445152282715 47.33708572387695 387.49445152282715 74.50249099731445 361.33489990234375 74.50249099731445
361.95849609375 47.78316116333008 388.31207275390625 47.78316116333008 388.31207275390625 74.43745231628418 361.95849609375 74.43745231628418
361.2435607910156 47.5080451965332 387.4683475494385 47.5080451965332 387.4683475494385 74.59736061096191 361.2435607910156 74.59736061096191
361.7232360839844 47.9566535949707 388.4845790863037 47.9566535949707 388.4845790863037 74.76725006103516 361.7232360839844 74.76725006103516
362.4014587402344 47.180213928222656 389.1205253601074 47.180213928222656 389.1205253601074 74.88136100769043 362.4014587402344 74.88136100769043
362.0226745605469 47.89670944213867 389.6781578063965 47.89670944213867 389.6781578063965 74.93730354309082 362.0226745605469 74.93730354309082
362.8484191894531 47.880088806152344 390.61595726013184 47.880088806152344 390.61595726013184 75.04760551452637 362.8484191894531 75.04760551452637
363.00543212890625 47.8338508605957 390.8557777404785 47.8338508605957 390.8557777404785 75.56559753417969 363.00543212890625 75.56559753417969
364.1584777832031 48.52933883666992 391.4004764556885 48.52933883666992 391.4004764556885 76.07537078857422 364.1584777832031 76.07537078857422
363.8433837890625 48.81135559082031 391.3222846984863 48.81135559082031 391.3222846984863 75.90993881225586 363.8433837890625 75.90993881225586
363.99578857421875 48.3679313659668 391.6116428375244 48.3679313659668 391.6116428375244 75.9998950958252 363.99578857421875 75.9998950958252
363.95452880859375 48.902793884277344 391.93586349487305 48.902793884277344 391.93586349487305 76.63095474243164 363.95452880859375 76.63095474243164
364.321533203125 50.0060920715332 392.1582088470459 50.0060920715332 392.1582088470459 77.22219657897949 364.321533203125 77.22219657897949
365.35162353515625 49.120758056640625 392.1053047180176 49.120758056640625 392.1053047180176 77.38135147094727 365.35162353515625 77.38135147094727
365.277099609375 49.93585968017578 392.3489990234375 49.93585968017578 392.3489990234375 77.83810043334961 365.277099609375 77.83810043334961
365.30877685546875 49.80064010620117 392.7548637390137 49.80064010620117 392.7548637390137 77.1966667175293 365.30877685546875 77.1966667175293
365.54888916015625 49.847251892089844 393.878698348999 49.847251892089844 393.878698348999 77.18927383422852 365.54888916015625 77.18927383422852
367.5011901855469 49.59303665161133 393.8371391296387 49.59303665161133 393.8371391296387 77.78311538696289 367.5011901855469 77.78311538696289
367.051513671875 51.12158966064453 394.4541015625 51.12158966064453 394.4541015625 78.43608474731445 367.051513671875 78.43608474731445
367.56390380859375 51.14547348022461 394.8680782318115 51.14547348022461 394.8680782318115 78.61503601074219 367.56390380859375 78.61503601074219
367.00994873046875 50.48594665527344 394.9068965911865 50.48594665527344 394.9068965911865 79.13747787475586 367.00994873046875 79.13747787475586
367.1225891113281 50.180973052978516 394.9528045654297 50.180973052978516 394.9528045654297 79.20477104187012 367.1225891113281 79.20477104187012
366.8387756347656 50.4666748046875 395.2822513580322 50.4666748046875 395.2822513580322 78.86909484863281 366.8387756347656 78.86909484863281
368.2416076660156 51.258888244628906 396.3617248535156 51.258888244628906 396.3617248535156 79.20987701416016 368.2416076660156 79.20987701416016
368.5128173828125 52.24638748168945 396.64642906188965 52.24638748168945 396.64642906188965 80.03534698486328 368.5128173828125 80.03534698486328
369.26153564453125 51.666831970214844 397.3700866699219 51.666831970214844 397.3700866699219 80.24699211120605 369.26153564453125 80.24699211120605
369.17401123046875 51.96034622192383 396.8868522644043 51.96034622192383 396.8868522644043 80.15166664123535 369.17401123046875 80.15166664123535
370.2803955078125 51.29349899291992 397.6197166442871 51.29349899291992 397.6197166442871 80.76802825927734 370.2803955078125 80.76802825927734
370.09136962890625 51.483299255371094 397.86609268188477 51.483299255371094 397.86609268188477 81.34167861938477 370.09136962890625 81.34167861938477
370.80902099609375 51.203857421875 398.8874855041504 51.203857421875 398.8874855041504 80.56588172912598 370.80902099609375 80.56588172912598
371.56964111328125 51.987335205078125 398.54998207092285 51.987335205078125 398.54998207092285 81.49951171875 371.56964111328125 81.49951171875
372.4532165527344 52.548301696777344 398.93918800354004 52.548301696777344 398.93918800354004 81.16596603393555 372.4532165527344 81.16596603393555
372.50689697265625 53.45842742919922 399.60609436035156 53.45842742919922 399.60609436035156 82.65242195129395 372.50689697265625 82.65242195129395
373.56427001953125 52.53688430786133 400.4742240905762 52.53688430786133 400.4742240905762 81.49503898620605 373.56427001953125 81.49503898620605
373.67742919921875 52.94757843017578 400.67770767211914 52.94757843017578 400.67770767211914 82.15707015991211 373.67742919921875 82.15707015991211
374.08306884765625 54.168601989746094 400.94236755371094 54.168601989746094 400.94236755371094 82.47555351257324 374.08306884765625 82.47555351257324
374.42547607421875 54.790130615234375 401.6051902770996 54.790130615234375 401.6051902770996 83.10754013061523 374.42547607421875 83.10754013061523
374.0335388183594 54.688026428222656 401.286828994751 54.688026428222656 401.286828994751 83.91809463500977 374.0335388183594 83.91809463500977
374.7947998046875 55.24433517456055 402.69642639160156 55.24433517456055 402.69642639160156 83.5049819946289 374.7947998046875 83.5049819946289
375.0523681640625 54.20359420776367 403.0971221923828 54.20359420776367 403.0971221923828 83.78252792358398 375.0523681640625 83.78252792358398
375.5544128417969 54.836509704589844 403.45607566833496 54.836509704589844 403.45607566833496 83.89969062805176 375.5544128417969 83.89969062805176
375.76202392578125 54.88237762451172 403.4727840423584 54.88237762451172 403.4727840423584 84.53851127624512 375.76202392578125 84.53851127624512
376.24908447265625 55.03788375854492 404.12767028808594 55.03788375854492 404.12767028808594 86.16118049621582 376.24908447265625 86.16118049621582
376.37237548828125 56.5333251953125 404.8077850341797 56.5333251953125 404.8077850341797 86.21947288513184 376.37237548828125 86.21947288513184
376.5103454589844 56.152244567871094 405.0036277770996 56.152244567871094 405.0036277770996 85.88632583618164 376.5103454589844 85.88632583618164
377.4753112792969 55.86128616333008 405.5986633300781 55.86128616333008 405.5986633300781 86.0073184967041 377.4753112792969 86.0073184967041
378.2178955078125 56.27136993408203 406.49077796936035 56.27136993408203 406.49077796936035 86.25628471374512 378.2178955078125 86.25628471374512
377.1149597167969 55.97346115112305 406.86408042907715 55.97346115112305 406.86408042907715 86.86650848388672 377.1149597167969 86.86650848388672
378.1607360839844 56.17424774169922 407.8219509124756 56.17424774169922 407.8219509124756 86.87561416625977 378.1607360839844 86.87561416625977
378.1937561035156 56.705238342285156 408.3931999206543 56.705238342285156 408.3931999206543 87.01065826416016 378.1937561035156 87.01065826416016
378.50189208984375 56.3663330078125 409.02649879455566 56.3663330078125 409.02649879455566 87.2114143371582 378.50189208984375 87.2114143371582
379.33380126953125 56.76103973388672 409.05919456481934 56.76103973388672 409.05919456481934 87.92146110534668 379.33380126953125 87.92146110534668
379.004638671875 57.4510612487793 410.01958656311035 57.4510612487793 410.01958656311035 88.3111686706543 379.004638671875 88.3111686706543
377.4867248535156 58.12128829956055 409.54170989990234 58.12128829956055 409.54170989990234 88.15303611755371 377.4867248535156 88.15303611755371
379.6204528808594 58.4054069519043 410.384708404541 58.4054069519043 410.384708404541 89.00432968139648 379.6204528808594 89.00432968139648
379.2940368652344 58.51128387451172 411.0065155029297 58.51128387451172 411.0065155029297 88.90105819702148 379.2940368652344 88.90105819702148
380.0948791503906 58.2340202331543 412.3030586242676 58.2340202331543 412.3030586242676 89.57149505615234 380.0948791503906 89.57149505615234
380.413330078125 58.97332763671875 412.0559730529785 58.97332763671875 412.0559730529785 90.04868507385254 380.413330078125 90.04868507385254
381.1427307128906 58.83048629760742 412.3502311706543 58.83048629760742 412.3502311706543 90.59697532653809 381.1427307128906 90.59697532653809
382.55035400390625 59.75896072387695 413.1199760437012 59.75896072387695 413.1199760437012 90.24598121643066 382.55035400390625 90.24598121643066
382.99237060546875 59.54389190673828 412.9791717529297 59.54389190673828 412.9791717529297 90.42317962646484 382.99237060546875 90.42317962646484
383.03192138671875 59.925010681152344 413.8433322906494 59.925010681152344 413.8433322906494 91.70452117919922 383.03192138671875 91.70452117919922
382.9951171875 60.13715744018555 414.35808753967285 60.13715744018555 414.35808753967285 91.57699775695801 382.9951171875 91.57699775695801
383.17584228515625 60.563453674316406 415.2530746459961 60.563453674316406 415.2530746459961 91.74203872680664 383.17584228515625 91.74203872680664
383.3019104003906 60.77974319458008 416.75699615478516 60.77974319458008 416.75699615478516 92.3758487701416 383.3019104003906 92.3758487701416
384.4009704589844 60.73003387451172 416.4094772338867 60.73003387451172 416.4094772338867 93.3359375 384.4009704589844 93.3359375
385.02587890625 60.32087326049805 416.37291526794434 60.32087326049805 416.37291526794434 94.12137222290039 385.02587890625 94.12137222290039
385.4253845214844 61.066932678222656 417.05060386657715 61.066932678222656 417.05060386657715 95.14686584472656 385.4253845214844 95.14686584472656
386.0876770019531 60.03857421875 417.5503349304199 60.03857421875 417.5503349304199 94.39281845092773 386.0876770019531 94.39281845092773
386.82745361328125 61.285369873046875 418.6213188171387 61.285369873046875 418.6213188171387 95.55488586425781 386.82745361328125 95.55488586425781
385.13372802734375 62.19895553588867 419.0824737548828 62.19895553588867 419.0824737548828 96.02605056762695 385.13372802734375 96.02605056762695
385.6511535644531 63.155799865722656 420.10819244384766 63.155799865722656 420.10819244384766 96.34259414672852 385.6511535644531 96.34259414672852
388.8040771484375 63.034019470214844 420.064977645874 63.034019470214844 420.064977645874 96.74785614013672 388.8040771484375 96.74785614013672
388.5423889160156 62.72808074951172 420.1145877838135 62.72808074951172 420.1145877838135 96.78202819824219 388.5423889160156 96.78202819824219
388.6236267089844 62.555145263671875 420.94485092163086 62.555145263671875 420.94485092163086 97.16061401367188 388.6236267089844 97.16061401367188
390.10430908203125 63.31868362426758 421.66582679748535 63.31868362426758 421.66582679748535 97.04037475585938 390.10430908203125 97.04037475585938
389.42462158203125 64.2779312133789 421.75495529174805 64.2779312133789 421.75495529174805 98.79480361938477 389.42462158203125 98.79480361938477
391.09564208984375 64.84526824951172 422.2497673034668 64.84526824951172 422.2497673034668 98.79419708251953 391.09564208984375 98.79419708251953
392.38116455078125 63.98504638671875 423.49285888671875 63.98504638671875 423.49285888671875 98.82257843017578 392.38116455078125 98.82257843017578
390.69952392578125 63.88739013671875 424.30806732177734 63.88739013671875 424.30806732177734 98.79716873168945 390.69952392578125 98.79716873168945
391.7637634277344 65.39501953125 423.90855407714844 65.39501953125 423.90855407714844 100.47383880615234 391.7637634277344 100.47383880615234
392.63665771484375 64.95745086669922 424.23620986938477 64.95745086669922 424.23620986938477 100.52725219726562 392.63665771484375 100.52725219726562
392.5041809082031 65.98204803466797 425.0097885131836 65.98204803466797 425.0097885131836 101.01388931274414 392.5041809082031 101.01388931274414
391.78369140625 66.51263427734375 426.0327339172363 66.51263427734375 426.0327339172363 102.15270233154297 391.78369140625 102.15270233154297
393.7314758300781 67.59700012207031 426.5936508178711 67.59700012207031 426.5936508178711 101.65242385864258 393.7314758300781 101.65242385864258
393.3387756347656 68.55426788330078 426.26880645751953 68.55426788330078 426.26880645751953 102.35321044921875 393.3387756347656 102.35321044921875
394.29345703125 68.61869812011719 426.92153549194336 68.61869812011719 426.92153549194336 102.02701568603516 394.29345703125 102.02701568603516
394.47784423828125 69.41302490234375 427.6914596557617 69.41302490234375 427.6914596557617 104.07197952270508 394.47784423828125 104.07197952270508
395.94793701171875 69.51921081542969 427.7143039703369 69.51921081542969 427.7143039703369 104.48974990844727 395.94793701171875 104.48974990844727
395.3719482421875 69.04142761230469 429.01505279541016 69.04142761230469 429.01505279541016 104.77582168579102 395.3719482421875 104.77582168579102
396.42474365234375 71.18720245361328 428.5924377441406 71.18720245361328 428.5924377441406 105.2743911743164 396.42474365234375 105.2743911743164
397.17822265625 72.24996185302734 428.6742000579834 72.24996185302734 428.6742000579834 106.82147216796875 397.17822265625 106.82147216796875
397.17340087890625 72.02388763427734 429.9529342651367 72.02388763427734 429.9529342651367 106.21747970581055 397.17340087890625 106.21747970581055
397.3870849609375 72.81669616699219 430.3202438354492 72.81669616699219 430.3202438354492 107.39941787719727 397.3870849609375 107.39941787719727
398.3146057128906 72.69792938232422 429.79514503479004 72.69792938232422 429.79514503479004 107.93777847290039 398.3146057128906 107.93777847290039
397.57501220703125 74.03883361816406 431.126033782959 74.03883361816406 431.126033782959 109.2492446899414 397.57501220703125 109.2492446899414
397.7667541503906 74.22452545166016 431.607120513916 74.22452545166016 431.607120513916 109.18792724609375 397.7667541503906 109.18792724609375
397.716552734375 74.74800109863281 432.6465759277344 74.74800109863281 432.6465759277344 110.20288848876953 397.716552734375 110.20288848876953
398.5395812988281 75.09638214111328 432.9338493347168 75.09638214111328 432.9338493347168 110.17606353759766 398.5395812988281 110.17606353759766
399.0986328125 74.79075622558594 433.29372787475586 74.79075622558594 433.29372787475586 109.2843132019043 399.0986328125 109.2843132019043
398.7710266113281 75.9051284790039 433.2599182128906 75.9051284790039 433.2599182128906 111.54170989990234 398.7710266113281 111.54170989990234
398.85723876953125 76.88553619384766 434.02942657470703 76.88553619384766 434.02942657470703 111.4539680480957 398.85723876953125 111.4539680480957
397.8943786621094 78.75606536865234 433.84212493896484 78.75606536865234 433.84212493896484 112.21731948852539 397.8943786621094 112.21731948852539
400.47772216796875 78.7919921875 432.6531066894531 78.7919921875 432.6531066894531 112.80559539794922 400.47772216796875 112.80559539794922
399.50921630859375 78.8284683227539 434.43660736083984 78.8284683227539 434.43660736083984 113.5741081237793 399.50921630859375 113.5741081237793
399.5902404785156 80.12666320800781 432.8913993835449 80.12666320800781 432.8913993835449 114.81078338623047 399.5902404785156 114.81078338623047
400.3134765625 80.5229263305664 434.0419387817383 80.5229263305664 434.0419387817383 114.04299926757812 400.3134765625 114.04299926757812
400.51190185546875 82.0669174194336 434.4341239929199 82.0669174194336 434.4341239929199 116.39892578125 400.51190185546875 116.39892578125
400.94134521484375 82.90369415283203 433.7831001281738 82.90369415283203 433.7831001281738 117.48796463012695 400.94134521484375 117.48796463012695
400.19561767578125 84.0114974975586 433.6796875 84.0114974975586 433.6796875 117.66293716430664 400.19561767578125 117.66293716430664
401.6524963378906 84.55684661865234 434.64139556884766 84.55684661865234 434.64139556884766 118.1642074584961 401.6524963378906 118.1642074584961
401.1012268066406 85.7828598022461 433.79076385498047 85.7828598022461 433.79076385498047 119.19176483154297 401.1012268066406 119.19176483154297
402.6675109863281 85.58357238769531 434.82059478759766 85.58357238769531 434.82059478759766 118.86565399169922 402.6675109863281 118.86565399169922
400.3990783691406 90.74745178222656 434.7702102661133 90.74745178222656 434.7702102661133 125.03794479370117 400.3990783691406 125.03794479370117
401.2149658203125 92.20622253417969 434.5789566040039 92.20622253417969 434.5789566040039 125.27234649658203 401.2149658203125 125.27234649658203
401.45782470703125 94.52743530273438 433.884090423584 94.52743530273438 433.884090423584 127.21561431884766 401.45782470703125 127.21561431884766
400.0963439941406 95.44647979736328 433.2402229309082 95.44647979736328 433.2402229309082 130.63766479492188 400.0963439941406 130.63766479492188
400.04840087890625 95.60359191894531 433.33814239501953 95.60359191894531 433.33814239501953 130.1325569152832 400.04840087890625 130.1325569152832
400.1300964355469 95.29048156738281 434.3579788208008 95.29048156738281 434.3579788208008 130.50079727172852 400.1300964355469 130.50079727172852
399.2100524902344 96.20834350585938 432.8957214355469 96.20834350585938 432.8957214355469 132.85663604736328 399.2100524902344 132.85663604736328
400.3148498535156 96.92484283447266 433.0648612976074 96.92484283447266 433.0648612976074 132.71283340454102 400.3148498535156 132.71283340454102
399.45672607421875 96.9009017944336 434.25128173828125 96.9009017944336 434.25128173828125 132.64822387695312 399.45672607421875 132.64822387695312
399.0071716308594 99.2068099975586 434.3519477844238 99.2068099975586 434.3519477844238 135.00315856933594 399.0071716308594 135.00315856933594
397.8504943847656 99.21144104003906 434.9012222290039 99.21144104003906 434.9012222290039 135.64305877685547 397.8504943847656 135.64305877685547
398.1260681152344 99.72496795654297 433.2971382141113 99.72496795654297 433.2971382141113 135.86480331420898 398.1260681152344 135.86480331420898
398.11224365234375 99.4902572631836 433.58289337158203 99.4902572631836 433.58289337158203 136.4452247619629 398.11224365234375 136.4452247619629
397.9410400390625 102.86226654052734 432.73592376708984 102.86226654052734 432.73592376708984 139.94911575317383 397.9410400390625 139.94911575317383
398.4084777832031 102.31246948242188 432.08470153808594 102.31246948242188 432.08470153808594 140.13600540161133 398.4084777832031 140.13600540161133
398.00433349609375 102.16341400146484 433.69702911376953 102.16341400146484 433.69702911376953 139.07024383544922 398.00433349609375 139.07024383544922
396.9923095703125 103.69462585449219 432.4958724975586 103.69462585449219 432.4958724975586 142.46522521972656 396.9923095703125 142.46522521972656
395.83355712890625 104.25257873535156 432.26115798950195 104.25257873535156 432.26115798950195 143.3707389831543 395.83355712890625 143.3707389831543
394.8240051269531 104.86968994140625 431.87337493896484 104.86968994140625 431.87337493896484 144.89765167236328 394.8240051269531 144.89765167236328
395.25030517578125 105.56993103027344 432.5760726928711 105.56993103027344 432.5760726928711 146.03590393066406 395.25030517578125 146.03590393066406
395.13726806640625 106.73262023925781 432.5777130126953 106.73262023925781 432.5777130126953 147.22612762451172 395.13726806640625 147.22612762451172
394.09466552734375 107.31709289550781 431.08259201049805 107.31709289550781 431.08259201049805 148.34099578857422 394.09466552734375 148.34099578857422
394.0364685058594 107.06241607666016 431.7471733093262 107.06241607666016 431.7471733093262 148.4457244873047 394.0364685058594 148.4457244873047
393.38970947265625 108.06098937988281 431.13170623779297 108.06098937988281 431.13170623779297 148.86888122558594 393.38970947265625 148.86888122558594
394.6888122558594 109.2039794921875 430.91595458984375 109.2039794921875 430.91595458984375 150.10460662841797 394.6888122558594 150.10460662841797
393.8851623535156 109.73541259765625 431.67002868652344 109.73541259765625 431.67002868652344 150.94089889526367 393.8851623535156 150.94089889526367
393.4715881347656 110.8823471069336 430.65531158447266 110.8823471069336 430.65531158447266 152.08124160766602 393.4715881347656 152.08124160766602
393.5486145019531 111.85884094238281 430.80611419677734 111.85884094238281 430.80611419677734 152.2836685180664 393.5486145019531 152.2836685180664
392.21588134765625 112.01871490478516 431.6881217956543 112.01871490478516 431.6881217956543 153.91345977783203 392.21588134765625 153.91345977783203
392.28045654296875 113.64420318603516 430.9462242126465 113.64420318603516 430.9462242126465 155.0343780517578 392.28045654296875 155.0343780517578
391.96759033203125 113.59844970703125 430.52270126342773 113.59844970703125 430.52270126342773 155.25370407104492 391.96759033203125 155.25370407104492
390.5808410644531 114.6759262084961 430.4289360046387 114.6759262084961 430.4289360046387 156.80240631103516 390.5808410644531 156.80240631103516
391.277587890625 114.78611755371094 430.82132720947266 114.78611755371094 430.82132720947266 157.02800750732422 391.277587890625 157.02800750732422
390.89794921875 116.81695556640625 430.20433044433594 116.81695556640625 430.20433044433594 157.92046356201172 390.89794921875 157.92046356201172
389.68402099609375 117.8858642578125 429.4115562438965 117.8858642578125 429.4115562438965 159.24447631835938 389.68402099609375 159.24447631835938
389.0942077636719 118.2854232788086 429.22960662841797 118.2854232788086 429.22960662841797 158.7742691040039 389.0942077636719 158.7742691040039
389.8229675292969 120.50616455078125 428.2103042602539 120.50616455078125 428.2103042602539 160.46990966796875 389.8229675292969 160.46990966796875
389.69354248046875 121.40794372558594 428.6417922973633 121.40794372558594 428.6417922973633 161.6551742553711 389.69354248046875 161.6551742553711
389.2363586425781 122.63936614990234 427.79907608032227 122.63936614990234 427.79907608032227 162.32221603393555 389.2363586425781 162.32221603393555
388.8063049316406 122.26847839355469 428.09499740600586 122.26847839355469 428.09499740600586 163.5722427368164 388.8063049316406 163.5722427368164
387.62786865234375 123.75785827636719 427.97528076171875 123.75785827636719 427.97528076171875 165.58480072021484 387.62786865234375 165.58480072021484
388.47650146484375 124.00875091552734 428.84615325927734 124.00875091552734 428.84615325927734 164.88833618164062 388.47650146484375 164.88833618164062
387.28759765625 123.22404479980469 427.9396324157715 123.22404479980469 427.9396324157715 166.16497039794922 387.28759765625 166.16497039794922
386.9999694824219 124.72819519042969 427.6760482788086 124.72819519042969 427.6760482788086 167.32786560058594 386.9999694824219 167.32786560058594
387.12811279296875 125.35383605957031 427.6062545776367 125.35383605957031 427.6062545776367 168.19614028930664 387.12811279296875 168.19614028930664
387.4244689941406 127.2933120727539 427.9199523925781 127.2933120727539 427.9199523925781 169.62108612060547 387.4244689941406 169.62108612060547
386.28216552734375 127.82633209228516 427.19836807250977 127.82633209228516 427.19836807250977 170.6287727355957 386.28216552734375 170.6287727355957
386.93157958984375 128.12393188476562 427.3552017211914 128.12393188476562 427.3552017211914 172.39984130859375 386.93157958984375 172.39984130859375
386.4713439941406 129.833740234375 427.8517189025879 129.833740234375 427.8517189025879 172.56544876098633 386.4713439941406 172.56544876098633
387.390869140625 131.69949340820312 427.5923538208008 131.69949340820312 427.5923538208008 174.6403579711914 387.390869140625 174.6403579711914
385.4001770019531 133.81338500976562 426.9933166503906 133.81338500976562 426.9933166503906 176.7760124206543 385.4001770019531 176.7760124206543
384.9275207519531 135.64456176757812 426.95817947387695 135.64456176757812 426.95817947387695 177.84296417236328 384.9275207519531 177.84296417236328
384.6781311035156 134.41204833984375 426.54405975341797 134.41204833984375 426.54405975341797 178.12999725341797 384.6781311035156 178.12999725341797
385.79827880859375 135.20205688476562 427.8286247253418 135.20205688476562 427.8286247253418 178.27546310424805 385.79827880859375 178.27546310424805
384.6829528808594 138.56094360351562 425.72698974609375 138.56094360351562 425.72698974609375 181.34444046020508 384.6829528808594 181.34444046020508
383.8298034667969 139.55148315429688 425.3446578979492 139.55148315429688 425.3446578979492 182.15737533569336 383.8298034667969 182.15737533569336
383.58941650390625 141.1666717529297 425.9090042114258 141.1666717529297 425.9090042114258 184.91722106933594 383.58941650390625 184.91722106933594
382.1966552734375 141.44378662109375 425.21875762939453 141.44378662109375 425.21875762939453 186.2474365234375 382.1966552734375 186.2474365234375
381.94256591796875 141.752197265625 426.3236198425293 141.752197265625 426.3236198425293 186.654541015625 381.94256591796875 186.654541015625
380.0072937011719 143.15899658203125 425.14037322998047 143.15899658203125 425.14037322998047 188.7159652709961 380.0072937011719 188.7159652709961
382.07476806640625 143.06787109375 425.88637924194336 143.06787109375 425.88637924194336 190.07927322387695 382.07476806640625 190.07927322387695
381.45623779296875 143.7635498046875 427.3058090209961 143.7635498046875 427.3058090209961 190.50584411621094 381.45623779296875 190.50584411621094
380.5695495605469 146.4380340576172 426.1019821166992 146.4380340576172 426.1019821166992 192.7758560180664 380.5695495605469 192.7758560180664
380.1207580566406 149.1358642578125 422.8058738708496 149.1358642578125 422.8058738708496 195.69331741333008 380.1207580566406 195.69331741333008
380.0064697265625 148.78433227539062 423.7585258483887 148.78433227539062 423.7585258483887 196.1083221435547 380.0064697265625 196.1083221435547
380.509765625 148.83163452148438 426.3297920227051 148.83163452148438 426.3297920227051 196.8004379272461 380.509765625 196.8004379272461
379.3499755859375 151.0694122314453 424.7360496520996 151.0694122314453 424.7360496520996 198.13787078857422 379.3499755859375 198.13787078857422
379.55462646484375 154.79739379882812 423.980167388916 154.79739379882812 423.980167388916 201.792236328125 379.55462646484375 201.792236328125
379.6562194824219 154.1528778076172 423.9193572998047 154.1528778076172 423.9193572998047 201.17695999145508 379.6562194824219 201.17695999145508
380.41180419921875 155.6593017578125 423.09928131103516 155.6593017578125 423.09928131103516 202.56842041015625 380.41180419921875 202.56842041015625
378.7984924316406 157.9884796142578 423.0246047973633 157.9884796142578 423.0246047973633 206.08269500732422 378.7984924316406 206.08269500732422
380.0487060546875 156.92337036132812 424.49481201171875 156.92337036132812 424.49481201171875 204.63105392456055 380.0487060546875 204.63105392456055
379.457763671875 158.47415161132812 423.9696960449219 158.47415161132812 423.9696960449219 206.4328384399414 379.457763671875 206.4328384399414
379.80084228515625 159.32302856445312 423.83939361572266 159.32302856445312 423.83939361572266 208.0916633605957 379.80084228515625 208.0916633605957
379.34442138671875 162.03610229492188 423.7919235229492 162.03610229492188 423.7919235229492 210.06661224365234 379.34442138671875 210.06661224365234
378.0306091308594 164.07077026367188 423.2251205444336 164.07077026367188 423.2251205444336 213.0055160522461 378.0306091308594 213.0055160522461
378.4493713378906 163.32701110839844 423.4830131530762 163.32701110839844 423.4830131530762 213.06895065307617 378.4493713378906 213.06895065307617
378.3052673339844 165.5946044921875 424.4058952331543 165.5946044921875 424.4058952331543 215.5687484741211 378.3052673339844 215.5687484741211
378.1208801269531 169.07473754882812 422.7257614135742 169.07473754882812 422.7257614135742 217.55326080322266 378.1208801269531 217.55326080322266
378.6561279296875 167.00576782226562 424.4267158508301 167.00576782226562 424.4267158508301 217.23678970336914 378.6561279296875 217.23678970336914
375.1698913574219 171.29379272460938 422.3905372619629 171.29379272460938 422.3905372619629 222.00848007202148 375.1698913574219 222.00848007202148
375.55242919921875 170.55618286132812 423.4085884094238 170.55618286132812 423.4085884094238 224.02310943603516 375.55242919921875 224.02310943603516
375.786376953125 170.77291870117188 423.8068504333496 170.77291870117188 423.8068504333496 225.0600471496582 375.786376953125 225.0600471496582
375.7930603027344 172.4325408935547 423.1115303039551 172.4325408935547 423.1115303039551 226.21353912353516 375.7930603027344 226.21353912353516
373.94976806640625 173.43093872070312 422.8877754211426 173.43093872070312 422.8877754211426 228.41644287109375 373.94976806640625 228.41644287109375
372.82513427734375 175.38047790527344 421.9214859008789 175.38047790527344 421.9214859008789 230.61663436889648 372.82513427734375 230.61663436889648
373.4563903808594 176.57620239257812 422.27039337158203 176.57620239257812 422.27039337158203 230.85953903198242 373.4563903808594 230.85953903198242
372.7635803222656 176.63101196289062 423.3561019897461 176.63101196289062 423.3561019897461 232.71901321411133 372.7635803222656 232.71901321411133
371.76226806640625 178.48019409179688 421.57380294799805 178.48019409179688 421.57380294799805 234.09921264648438 371.76226806640625 234.09921264648438
369.6898498535156 181.3524169921875 420.2247428894043 181.3524169921875 420.2247428894043 237.53585815429688 369.6898498535156 237.53585815429688
369.1973571777344 183.9315185546875 418.31761169433594 183.9315185546875 418.31761169433594 239.19412994384766 369.1973571777344 239.19412994384766
367.4036865234375 184.38287353515625 417.93276596069336 184.38287353515625 417.93276596069336 240.40531539916992 367.4036865234375 240.40531539916992
366.3359069824219 187.48751831054688 416.82001876831055 187.48751831054688 416.82001876831055 243.58720016479492 366.3359069824219 243.58720016479492
365.09521484375 188.23385620117188 417.31500244140625 188.23385620117188 417.31500244140625 243.77589797973633 365.09521484375 243.77589797973633
363.883056640625 188.0715789794922 417.09844970703125 188.0715789794922 417.09844970703125 244.9037628173828 363.883056640625 244.9037628173828
362.1961975097656 191.7410430908203 415.01000213623047 191.7410430908203 415.01000213623047 247.9784927368164 362.1961975097656 247.9784927368164
360.72650146484375 192.2578887939453 413.9966125488281 192.2578887939453 413.9966125488281 250.3213768005371 360.72650146484375 250.3213768005371
357.5710754394531 196.13681030273438 410.8378677368164 196.13681030273438 410.8378677368164 253.75531768798828 357.5710754394531 253.75531768798828
357.0369567871094 196.5819091796875 409.79243087768555 196.5819091796875 409.79243087768555 255.02499389648438 357.0369567871094 255.02499389648438
354.1903381347656 201.5183868408203 407.5664482116699 201.5183868408203 407.5664482116699 257.83717346191406 354.1903381347656 257.83717346191406
353.4832763671875 201.52029418945312 407.6012649536133 201.52029418945312 407.6012649536133 258.6594772338867 353.4832763671875 258.6594772338867
350.3415832519531 202.7160186767578 404.8243827819824 202.7160186767578 404.8243827819824 261.1784019470215 350.3415832519531 261.1784019470215
347.3543395996094 204.71640014648438 402.5634574890137 204.71640014648438 402.5634574890137 263.3913459777832 347.3543395996094 263.3913459777832
344.4052734375 205.7386016845703 399.76171112060547 205.7386016845703 399.76171112060547 266.6435775756836 344.4052734375 266.6435775756836
342.11932373046875 208.0260467529297 398.9166679382324 208.0260467529297 398.9166679382324 267.97658920288086 342.11932373046875 267.97658920288086
343.72503662109375 209.07723999023438 399.54484939575195 209.07723999023438 399.54484939575195 268.53703689575195 343.72503662109375 268.53703689575195
337.38275146484375 212.5433349609375 395.3663215637207 212.5433349609375 395.3663215637207 272.9873847961426 337.38275146484375 272.9873847961426
334.9457092285156 214.4505615234375 393.24678802490234 214.4505615234375 393.24678802490234 274.5699882507324 334.9457092285156 274.5699882507324
333.8103942871094 215.33114624023438 391.45442962646484 215.33114624023438 391.45442962646484 275.93853759765625 333.8103942871094 275.93853759765625
324.92138671875 218.48080444335938 387.3942756652832 218.48080444335938 387.3942756652832 281.5065116882324 324.92138671875 281.5065116882324
324.19171142578125 220.0027618408203 385.8368148803711 220.0027618408203 385.8368148803711 282.59096908569336 324.19171142578125 282.59096908569336
323.3611755371094 223.2852783203125 383.5435981750488 223.2852783203125 383.5435981750488 285.18924713134766 323.3611755371094 285.18924713134766
317.1609802246094 226.3233642578125 378.7497863769531 226.3233642578125 378.7497863769531 288.6157646179199 317.1609802246094 288.6157646179199
310.9990539550781 229.3214111328125 375.39656829833984 229.3214111328125 375.39656829833984 292.9993667602539 310.9990539550781 292.9993667602539
311.009765625 229.08377075195312 373.9466361999512 229.08377075195312 373.9466361999512 292.2508010864258 311.009765625 292.2508010864258
305.8867492675781 232.103515625 369.43450927734375 232.103515625 369.43450927734375 297.19525146484375 305.8867492675781 297.19525146484375
302.890380859375 235.5397491455078 366.9323501586914 235.5397491455078 366.9323501586914 298.32287979125977 302.890380859375 298.32287979125977
301.6048583984375 236.9932861328125 364.9798774719238 236.9932861328125 364.9798774719238 300.58878326416016 301.6048583984375 300.58878326416016
297.40667724609375 239.44686889648438 360.9588737487793 239.44686889648438 360.9588737487793 303.7359313964844 297.40667724609375 303.7359313964844
291.24761962890625 241.24362182617188 356.7207717895508 241.24362182617188 356.7207717895508 307.14688873291016 291.24761962890625 307.14688873291016
287.58636474609375 242.09866333007812 355.75624084472656 242.09866333007812 355.75624084472656 307.9727249145508 287.58636474609375 307.9727249145508
284.6057434082031 243.7976531982422 353.04491424560547 243.7976531982422 353.04491424560547 310.94922637939453 284.6057434082031 310.94922637939453
275.114013671875 246.4703369140625 347.63575744628906 246.4703369140625 347.63575744628906 316.39454650878906 275.114013671875 316.39454650878906
270.2822570800781 251.4950714111328 341.6429138183594 251.4950714111328 341.6429138183594 320.71935272216797 270.2822570800781 320.71935272216797
265.06903076171875 255.2581024169922 336.3967590332031 255.2581024169922 336.3967590332031 324.11212158203125 265.06903076171875 324.11212158203125
262.56842041015625 255.3917999267578 334.4590835571289 255.3917999267578 334.4590835571289 325.02012634277344 262.56842041015625 325.02012634277344
261.044189453125 257.4378356933594 332.6390609741211 257.4378356933594 332.6390609741211 326.4074478149414 261.044189453125 326.4074478149414
253.5461883544922 261.9923400878906 323.5943298339844 261.9923400878906 323.5943298339844 330.73802185058594 253.5461883544922 330.73802185058594
246.4623260498047 263.42767333984375 319.18711853027344 263.42767333984375 319.18711853027344 333.3135757446289 246.4623260498047 333.3135757446289
241.4950714111328 270.371337890625 313.64642333984375 270.371337890625 313.64642333984375 338.8109588623047 241.4950714111328 338.8109588623047
235.2533416748047 269.7750244140625 310.66807556152344 269.7750244140625 310.66807556152344 340.6931915283203 235.2533416748047 340.6931915283203
232.8776092529297 273.94854736328125 306.9601745605469 273.94854736328125 306.9601745605469 344.1432342529297 232.8776092529297 344.1432342529297
225.44580078125 276.89080810546875 300.79402923583984 276.89080810546875 300.79402923583984 347.05271911621094 225.44580078125 347.05271911621094
219.0742645263672 278.52099609375 296.3890380859375 278.52099609375 296.3890380859375 351.5249710083008 219.0742645263672 351.5249710083008
216.08200073242188 281.97198486328125 291.4103546142578 281.97198486328125 291.4103546142578 355.5037078857422 216.08200073242188 355.5037078857422
207.9485321044922 290.20745849609375 283.0651092529297 290.20745849609375 283.0651092529297 361.4488525390625 207.9485321044922 361.4488525390625
200.8377685546875 291.65289306640625 276.8584442138672 291.65289306640625 276.8584442138672 364.70772552490234 200.8377685546875 364.70772552490234
195.55389404296875 295.1951599121094 272.9022445678711 295.1951599121094 272.9022445678711 367.4434356689453 195.55389404296875 367.4434356689453
190.24325561523438 294.05267333984375 271.6327819824219 294.05267333984375 271.6327819824219 369.41793060302734 190.24325561523438 369.41793060302734
181.438720703125 300.30572509765625 263.93988037109375 300.30572509765625 263.93988037109375 375.2235870361328 181.438720703125 375.2235870361328
174.614013671875 303.39422607421875 255.9620132446289 303.39422607421875 255.9620132446289 379.5802536010742 174.614013671875 379.5802536010742
165.60052490234375 308.06951904296875 248.1737518310547 308.06951904296875 248.1737518310547 384.0207061767578 165.60052490234375 384.0207061767578
163.4187469482422 308.92742919921875 247.99994659423828 308.92742919921875 247.99994659423828 386.79932403564453 163.4187469482422 386.79932403564453
156.02139282226562 312.11187744140625 239.44933319091797 312.11187744140625 239.44933319091797 390.6364517211914 156.02139282226562 390.6364517211914
146.9218292236328 318.0331115722656 234.58682250976562 318.0331115722656 234.58682250976562 396.62931060791016 146.9218292236328 396.62931060791016
136.9212646484375 321.11126708984375 224.6461181640625 321.11126708984375 224.6461181640625 399.7611389160156 136.9212646484375 399.7611389160156
133.0957489013672 323.78448486328125 221.35791015625 323.78448486328125 221.35791015625 404.7717742919922 133.0957489013672 404.7717742919922
124.355224609375 325.7919006347656 213.73992919921875 325.7919006347656 213.73992919921875 409.7702331542969 124.355224609375 409.7702331542969
113.0338134765625 333.81292724609375 203.5905990600586 333.81292724609375 203.5905990600586 416.2800064086914 113.0338134765625 416.2800064086914
109.51982116699219 334.385498046875 201.71417999267578 334.385498046875 201.71417999267578 418.10748291015625 109.51982116699219 418.10748291015625
89.18165588378906 345.4065856933594 178.68656158447266 345.4065856933594 178.68656158447266 428.1980895996094 89.18165588378906 428.1980895996094
81.437255859375 347.41156005859375 171.7012481689453 347.41156005859375 171.7012481689453 431.82371520996094 81.437255859375 431.82371520996094
75.99142456054688 352.78997802734375 168.0170440673828 352.78997802734375 168.0170440673828 437.2899932861328 75.99142456054688 437.2899932861328
71.78800201416016 356.95819091796875 162.61040496826172 356.95819091796875 162.61040496826172 438.98455810546875 71.78800201416016 438.98455810546875
52.927581787109375 366.38104248046875 138.04039001464844 366.38104248046875 138.04039001464844 450.9743194580078 52.927581787109375 450.9743194580078
51.044761657714844 368.0802001953125 134.57137298583984 368.0802001953125 134.57137298583984 450.0518112182617 51.044761657714844 450.0518112182617
47.502967834472656 367.435302734375 128.82571411132812 367.435302734375 128.82571411132812 449.61888122558594 47.502967834472656 449.61888122558594
43.12523651123047 371.87615966796875 121.456787109375 371.87615966796875 121.456787109375 453.5494842529297 43.12523651123047 453.5494842529297
37.87993621826172 376.54058837890625 111.0082778930664 376.54058837890625 111.0082778930664 453.3511657714844 37.87993621826172 453.3511657714844
28.422504425048828 377.57391357421875 102.18558120727539 377.57391357421875 102.18558120727539 453.499267578125 28.422504425048828 453.499267578125
26.922473907470703 369.35784912109375 100.86774063110352 369.35784912109375 100.86774063110352 442.63499450683594 26.922473907470703 442.63499450683594
29.558673858642578 356.166748046875 108.10351943969727 356.166748046875 108.10351943969727 428.0348129272461 29.558673858642578 428.0348129272461
41.34585189819336 338.6307373046875 121.38351058959961 338.6307373046875 121.38351058959961 408.91429138183594 41.34585189819336 408.91429138183594
28.931909561157227 345.81219482421875 105.97870826721191 345.81219482421875 105.97870826721191 413.43843841552734 28.931909561157227 413.43843841552734
20.269420623779297 350.33428955078125 101.14461898803711 350.33428955078125 101.14461898803711 422.8430938720703 20.269420623779297 422.8430938720703
10.28559684753418 361.4831237792969 83.20808219909668 361.4831237792969 83.20808219909668 426.2003631591797 10.28559684753418 426.2003631591797
1.2940963506698608 366.471923828125 72.88532102108002 366.471923828125 72.88532102108002 431.1502227783203 1.2940963506698608 431.1502227783203
0.3590126037597656 365.21307373046875 73.28871536254883 365.21307373046875 73.28871536254883 430.26304626464844 0.3590126037597656 430.26304626464844
0.469024658203125 369.11566162109375 72.47053527832031 369.11566162109375 72.47053527832031 430.30500411987305 0.469024658203125 430.30500411987305
0.0 365.6053161621094 75.29363250732422 365.6053161621094 75.29363250732422 428.1598091125488 0.0 428.1598091125488
0.0 362.5097961425781 77.13707733154297 362.5097961425781 77.13707733154297 431.6671829223633 0.0 431.6671829223633
0.0 361.9937438964844 81.22132873535156 361.9937438964844 81.22132873535156 425.3982467651367 0.0 425.3982467651367
0.040264129638671875 367.811767578125 75.7779655456543 367.811767578125 75.7779655456543 435.7145233154297 0.040264129638671875 435.7145233154297
0.0 372.1255187988281 73.67478942871094 372.1255187988281 73.67478942871094 438.17877197265625 0.0 438.17877197265625
0.0 379.4541015625 72.37921905517578 379.4541015625 72.37921905517578 444.34580993652344 0.0 444.34580993652344
0.0 383.43011474609375 71.21778869628906 383.43011474609375 71.21778869628906 447.2805404663086 0.0 447.2805404663086
0.0 388.0833740234375 67.94547271728516 388.0833740234375 67.94547271728516 448.99999237060547 0.0 448.99999237060547
0.0 382.0799865722656 66.31373596191406 382.0799865722656 66.31373596191406 441.5336685180664 0.0 441.5336685180664
5.216709136962891 378.94873046875 70.01283645629883 378.94873046875 70.01283645629883 437.04179763793945 5.216709136962891 437.04179763793945
3.860964298248291 383.706787109375 68.1045708656311 383.706787109375 68.1045708656311 441.30449295043945 3.860964298248291 441.30449295043945
13.6531400680542 391.23663330078125 78.08154582977295 391.23663330078125 78.08154582977295 449.0000190734863 13.6531400680542 449.0000190734863
77.23052978515625 391.89752197265625 140.92179107666016 391.89752197265625 140.92179107666016 449.0000190734863 77.23052978515625 449.0000190734863
130.75350952148438 393.04229736328125 193.16789627075195 393.04229736328125 193.16789627075195 449.0000114440918 130.75350952148438 449.0000114440918
116.84269714355469 393.42230224609375 178.82482528686523 393.42230224609375 178.82482528686523 448.99248123168945 116.84269714355469 448.99248123168945
109.66740417480469 392.95233154296875 172.08575057983398 392.95233154296875 172.08575057983398 448.9136047363281 109.66740417480469 448.9136047363281
117.21427917480469 377.4670104980469 179.00037002563477 377.4670104980469 179.00037002563477 432.8614311218262 117.21427917480469 432.8614311218262
102.73338317871094 385.38525390625 164.5699234008789 385.38525390625 164.5699234008789 440.8249092102051 102.73338317871094 440.8249092102051
98.06072235107422 385.8382263183594 159.35465621948242 385.8382263183594 159.35465621948242 440.7914009094238 98.06072235107422 440.7914009094238
99.17050170898438 386.5816955566406 160.36246871948242 386.5816955566406 160.36246871948242 441.4434509277344 99.17050170898438 441.4434509277344
86.76239776611328 391.6291198730469 149.7932891845703 391.6291198730469 149.7932891845703 448.13956451416016 86.76239776611328 448.13956451416016
72.72883605957031 393.12738037109375 135.0483055114746 393.12738037109375 135.0483055114746 448.99999237060547 72.72883605957031 448.99999237060547
107.88584899902344 394.0194091796875 169.21035385131836 394.0194091796875 169.21035385131836 448.9999885559082 107.88584899902344 448.9999885559082
98.01277160644531 392.6426696777344 160.87285995483398 392.6426696777344 160.87285995483398 448.9999771118164 98.01277160644531 448.9999771118164
