495.0 188.0 537.0 188.0 537.0 305.0 495.0 305.0
493.4956970214844 186.23451232910156 534.2947998046875 186.23451232910156 534.2947998046875 304.6189880371094 493.4956970214844 304.6189880371094
490.54278564453125 185.8651885986328 531.3833770751953 185.8651885986328 531.3833770751953 303.62721252441406 490.54278564453125 303.62721252441406
488.0287170410156 185.49830627441406 530.3540153503418 185.49830627441406 530.3540153503418 303.4293746948242 488.0287170410156 303.4293746948242
483.0326232910156 186.42564392089844 524.7926902770996 186.42564392089844 524.7926902770996 302.9453430175781 483.0326232910156 302.9453430175781
480.21514892578125 187.19223022460938 522.1143569946289 187.19223022460938 522.1143569946289 302.15040588378906 480.21514892578125 302.15040588378906
476.6233825683594 187.44033813476562 517.1317863464355 187.44033813476562 517.1317863464355 301.9925842285156 476.6233825683594 301.9925842285156
474.3155212402344 185.3499298095703 515.750560760498 185.3499298095703 515.750560760498 301.43756103515625 474.3155212402344 301.43756103515625
471.56390380859375 184.2396240234375 512.1723442077637 184.2396240234375 512.1723442077637 302.18992614746094 471.56390380859375 302.18992614746094
467.2344665527344 183.07528686523438 508.8698043823242 183.07528686523438 508.8698043823242 300.5803527832031 467.2344665527344 300.5803527832031
464.31121826171875 183.10423278808594 505.0812683105469 183.10423278808594 505.0812683105469 297.65853118896484 464.31121826171875 297.65853118896484
461.71990966796875 178.36544799804688 500.54156494140625 178.36544799804688 500.54156494140625 301.2091522216797 461.71990966796875 301.2091522216797
458.1307067871094 178.53555297851562 497.95075607299805 178.53555297851562 497.95075607299805 301.9188919067383 458.1307067871094 301.9188919067383
453.6656188964844 183.79391479492188 493.2503128051758 183.79391479492188 493.2503128051758 299.7239303588867 453.6656188964844 299.7239303588867
450.22021484375 181.98458862304688 489.6388244628906 181.98458862304688 489.6388244628906 301.59729766845703 450.22021484375 301.59729766845703
445.9769592285156 179.79042053222656 484.63134002685547 179.79042053222656 484.63134002685547 297.5940704345703 445.9769592285156 297.5940704345703
442.924560546875 180.65599060058594 482.48313903808594 180.65599060058594 482.48313903808594 294.9109573364258 442.924560546875 294.9109573364258
440.701416015625 180.06619262695312 480.02197647094727 180.06619262695312 480.02197647094727 293.52819061279297 440.701416015625 293.52819061279297
438.48626708984375 176.1138458251953 477.0810203552246 176.1138458251953 477.0810203552246 295.0033493041992 438.48626708984375 295.0033493041992
436.11163330078125 175.0848388671875 476.4808540344238 175.0848388671875 476.4808540344238 291.9710693359375 436.11163330078125 291.9710693359375
432.4419860839844 177.36453247070312 472.5035171508789 177.36453247070312 472.5035171508789 294.04602813720703 432.4419860839844 294.04602813720703
430.1067810058594 177.75473022460938 469.4224967956543 177.75473022460938 469.4224967956543 294.4954376220703 430.1067810058594 294.4954376220703
426.88916015625 178.49514770507812 466.65352630615234 178.49514770507812 466.65352630615234 291.6468963623047 426.88916015625 291.6468963623047
423.87603759765625 178.7444610595703 463.4756088256836 178.7444610595703 463.4756088256836 293.07118225097656 423.87603759765625 293.07118225097656
420.98223876953125 176.41604614257812 460.1256637573242 176.41604614257812 460.1256637573242 290.15370178222656 420.98223876953125 290.15370178222656
417.34539794921875 176.56546020507812 455.70496368408203 176.56546020507812 455.70496368408203 287.04785919189453 417.34539794921875 287.04785919189453
414.8448791503906 171.9800567626953 452.36213302612305 171.9800567626953 452.36213302612305 286.7284851074219 414.8448791503906 286.7284851074219
409.49285888671875 171.05714416503906 448.4145622253418 171.05714416503906 448.4145622253418 288.1602325439453 409.49285888671875 288.1602325439453
405.1531677246094 172.1500701904297 442.59955978393555 172.1500701904297 442.59955978393555 286.8429260253906 405.1531677246094 286.8429260253906
401.5653076171875 170.54556274414062 440.4449768066406 170.54556274414062 440.4449768066406 286.1078186035156 401.5653076171875 286.1078186035156
398.3040466308594 170.3563232421875 436.55611419677734 170.3563232421875 436.55611419677734 283.98172760009766 398.3040466308594 283.98172760009766
394.2992248535156 168.25271606445312 432.52397537231445 168.25271606445312 432.52397537231445 281.7070846557617 394.2992248535156 281.7070846557617
391.89471435546875 165.2997589111328 429.4858932495117 165.2997589111328 429.4858932495117 282.98976135253906 391.89471435546875 282.98976135253906
390.4271240234375 165.0821533203125 429.3162040710449 165.0821533203125 429.3162040710449 281.4509735107422 390.4271240234375 281.4509735107422
387.7435302734375 165.15296936035156 425.61365127563477 165.15296936035156 425.61365127563477 282.34952545166016 387.7435302734375 282.34952545166016
386.0065612792969 166.0338134765625 422.49106216430664 166.0338134765625 422.49106216430664 281.34840393066406 386.0065612792969 281.34840393066406
383.37261962890625 168.4500274658203 420.90625 168.4500274658203 420.90625 281.1578063964844 383.37261962890625 281.1578063964844
379.58184814453125 166.31521606445312 418.0302314758301 166.31521606445312 418.0302314758301 281.0294723510742 379.58184814453125 281.0294723510742
378.00982666015625 167.69619750976562 415.69982528686523 167.69619750976562 415.69982528686523 279.2786407470703 378.00982666015625 279.2786407470703
376.24871826171875 166.24879455566406 414.2501640319824 166.24879455566406 414.2501640319824 277.77088928222656 376.24871826171875 277.77088928222656
373.0126953125 164.73257446289062 410.32166290283203 164.73257446289062 410.32166290283203 275.5509338378906 373.0126953125 275.5509338378906
370.0673522949219 161.4073486328125 407.2401428222656 161.4073486328125 407.2401428222656 276.79541015625 370.0673522949219 276.79541015625
366.24566650390625 161.49429321289062 403.1187057495117 161.49429321289062 403.1187057495117 276.91468048095703 366.24566650390625 276.91468048095703
363.29083251953125 163.918212890625 398.3637275695801 163.918212890625 398.3637275695801 276.2065200805664 363.29083251953125 276.2065200805664
360.13629150390625 161.62619018554688 396.291316986084 161.62619018554688 396.291316986084 276.4439163208008 360.13629150390625 276.4439163208008
357.44268798828125 161.4619903564453 392.9114456176758 161.4619903564453 392.9114456176758 275.5321807861328 357.44268798828125 275.5321807861328
353.84161376953125 159.78369140625 389.57080841064453 159.78369140625 389.57080841064453 273.2593536376953 353.84161376953125 273.2593536376953
345.04412841796875 158.88430786132812 382.6284370422363 158.88430786132812 382.6284370422363 273.2335968017578 345.04412841796875 273.2335968017578
336.00115966796875 158.9115753173828 373.28193283081055 158.9115753173828 373.28193283081055 271.09642791748047 336.00115966796875 271.09642791748047
327.7497863769531 157.58938598632812 365.54695892333984 157.58938598632812 365.54695892333984 270.14684295654297 327.7497863769531 270.14684295654297
323.3877868652344 150.88128662109375 363.8800277709961 150.88128662109375 363.8800277709961 270.01055908203125 323.3877868652344 270.01055908203125
320.153564453125 150.24026489257812 361.20041275024414 150.24026489257812 361.20041275024414 268.0254211425781 320.153564453125 268.0254211425781
313.0453796386719 150.59329223632812 353.1406784057617 150.59329223632812 353.1406784057617 272.8883819580078 313.0453796386719 272.8883819580078
306.7096862792969 151.9990234375 346.70389556884766 151.9990234375 346.70389556884766 267.9695053100586 306.7096862792969 267.9695053100586
299.5524597167969 154.23892211914062 338.5457954406738 154.23892211914062 338.5457954406738 267.2623748779297 299.5524597167969 267.2623748779297
296.29736328125 152.7220458984375 332.60147857666016 152.7220458984375 332.60147857666016 263.2860870361328 296.29736328125 263.2860870361328
292.3507385253906 151.99905395507812 329.3345413208008 151.99905395507812 329.3345413208008 262.1498260498047 292.3507385253906 262.1498260498047
290.9917907714844 152.86679077148438 327.8996353149414 152.86679077148438 327.8996353149414 260.2683868408203 290.9917907714844 260.2683868408203
288.46295166015625 151.44638061523438 324.79907989501953 151.44638061523438 324.79907989501953 258.91456604003906 288.46295166015625 258.91456604003906
284.7041320800781 151.52748107910156 320.9539566040039 151.52748107910156 320.9539566040039 256.20118713378906 284.7041320800781 256.20118713378906
281.50726318359375 154.08323669433594 317.5882377624512 154.08323669433594 317.5882377624512 252.94869232177734 281.50726318359375 252.94869232177734
277.9199523925781 151.90550231933594 314.67324447631836 151.90550231933594 314.67324447631836 253.71053314208984 277.9199523925781 253.71053314208984
272.33709716796875 151.39170837402344 309.63268280029297 151.39170837402344 309.63268280029297 252.47776794433594 272.33709716796875 252.47776794433594
271.96734619140625 148.70254516601562 308.98442459106445 148.70254516601562 308.98442459106445 250.69837188720703 271.96734619140625 250.69837188720703
269.9277038574219 150.125 307.98176193237305 150.125 307.98176193237305 255.25526428222656 269.9277038574219 255.25526428222656
264.74224853515625 148.4556884765625 303.5495948791504 148.4556884765625 303.5495948791504 254.9196548461914 264.74224853515625 254.9196548461914
259.78924560546875 147.17990112304688 298.9078254699707 147.17990112304688 298.9078254699707 251.58168029785156 259.78924560546875 251.58168029785156
254.58010864257812 148.8463134765625 293.5107192993164 148.8463134765625 293.5107192993164 255.7600555419922 254.58010864257812 255.7600555419922
252.8424072265625 149.6901092529297 291.4655075073242 149.6901092529297 291.4655075073242 257.28302001953125 252.8424072265625 257.28302001953125
252.30386352539062 148.2157745361328 291.13662338256836 148.2157745361328 291.13662338256836 256.39273834228516 252.30386352539062 256.39273834228516
248.76220703125 146.85733032226562 288.35289001464844 146.85733032226562 288.35289001464844 257.1456604003906 248.76220703125 257.1456604003906
244.5279083251953 144.60247802734375 284.06446838378906 144.60247802734375 284.06446838378906 254.7400360107422 244.5279083251953 254.7400360107422
238.830078125 143.9523162841797 278.43566131591797 143.9523162841797 278.43566131591797 254.2821502685547 238.830078125 254.2821502685547
235.634033203125 141.4180908203125 275.7289047241211 141.4180908203125 275.7289047241211 250.16080474853516 235.634033203125 250.16080474853516
230.9664764404297 140.56039428710938 270.82654571533203 140.56039428710938 270.82654571533203 247.08820343017578 230.9664764404297 247.08820343017578
226.6423797607422 137.83229064941406 265.96985626220703 137.83229064941406 265.96985626220703 240.76637268066406 226.6423797607422 240.76637268066406
226.0401153564453 137.21725463867188 264.33364486694336 137.21725463867188 264.33364486694336 243.89210510253906 226.0401153564453 243.89210510253906
220.1067352294922 138.9704132080078 258.764949798584 138.9704132080078 258.764949798584 241.73430633544922 220.1067352294922 241.73430633544922
217.66824340820312 143.5832061767578 255.2632064819336 143.5832061767578 255.2632064819336 248.31206512451172 217.66824340820312 248.31206512451172
214.97683715820312 144.77694702148438 252.233642578125 144.77694702148438 252.233642578125 248.56378936767578 214.97683715820312 248.56378936767578
214.27627563476562 145.85916137695312 251.4148826599121 145.85916137695312 251.4148826599121 249.31674194335938 214.27627563476562 249.31674194335938
210.2974395751953 145.33682250976562 247.41341400146484 145.33682250976562 247.41341400146484 248.73133850097656 210.2974395751953 248.73133850097656
206.4775390625 140.26437377929688 243.80419540405273 140.26437377929688 243.80419540405273 244.24578094482422 206.4775390625 244.24578094482422
199.72335815429688 140.1837158203125 237.31810760498047 140.1837158203125 237.31810760498047 244.9119644165039 199.72335815429688 244.9119644165039
195.09642028808594 142.36111450195312 232.52728652954102 142.36111450195312 232.52728652954102 246.63282775878906 195.09642028808594 246.63282775878906
192.01388549804688 145.04086303710938 229.4123764038086 145.04086303710938 229.4123764038086 249.22239685058594 192.01388549804688 249.22239685058594
192.11279296875 146.1168212890625 229.63384246826172 146.1168212890625 229.63384246826172 250.6397705078125 192.11279296875 250.6397705078125
188.15853881835938 139.56503295898438 225.31678009033203 139.56503295898438 225.31678009033203 244.85742950439453 188.15853881835938 244.85742950439453
184.7521514892578 139.84219360351562 221.33562850952148 139.84219360351562 221.33562850952148 243.03795623779297 184.7521514892578 243.03795623779297
179.7330322265625 141.6818084716797 215.9545555114746 141.6818084716797 215.9545555114746 244.48188018798828 179.7330322265625 244.48188018798828
178.3300323486328 140.32835388183594 215.2402572631836 140.32835388183594 215.2402572631836 243.20005798339844 178.3300323486328 243.20005798339844
172.4552764892578 141.14891052246094 209.32808685302734 141.14891052246094 209.32808685302734 244.83090209960938 172.4552764892578 244.83090209960938
169.58941650390625 139.56961059570312 207.21918106079102 139.56961059570312 207.21918106079102 244.73167419433594 169.58941650390625 244.73167419433594
167.9799041748047 135.61697387695312 204.46117401123047 135.61697387695312 204.46117401123047 239.26791381835938 167.9799041748047 239.26791381835938
166.02651977539062 135.29586791992188 202.83048248291016 135.29586791992188 202.83048248291016 239.09497833251953 166.02651977539062 239.09497833251953
165.9237823486328 135.42257690429688 202.9067153930664 135.42257690429688 202.9067153930664 238.4464874267578 165.9237823486328 238.4464874267578
163.97528076171875 137.34413146972656 201.61249923706055 137.34413146972656 201.61249923706055 243.8189468383789 163.97528076171875 243.8189468383789
158.84156799316406 135.32334899902344 196.33065032958984 135.32334899902344 196.33065032958984 239.7572250366211 158.84156799316406 239.7572250366211
159.24510192871094 138.49954223632812 197.04075241088867 138.49954223632812 197.04075241088867 243.7874298095703 159.24510192871094 243.7874298095703
154.32347106933594 137.15902709960938 192.11312103271484 137.15902709960938 192.11312103271484 242.43019104003906 154.32347106933594 242.43019104003906
151.75186157226562 134.7312774658203 189.48904037475586 134.7312774658203 189.48904037475586 239.85626220703125 151.75186157226562 239.85626220703125
149.92901611328125 135.21380615234375 187.84577560424805 135.21380615234375 187.84577560424805 240.83905029296875 149.92901611328125 240.83905029296875
147.18589782714844 133.94784545898438 185.10971450805664 133.94784545898438 185.10971450805664 239.59275817871094 147.18589782714844 239.59275817871094
136.3074493408203 133.1526641845703 174.19749450683594 133.1526641845703 174.19749450683594 238.7034912109375 136.3074493408203 238.7034912109375
131.7831573486328 132.84608459472656 170.21849822998047 132.84608459472656 170.21849822998047 239.91595458984375 131.7831573486328 239.91595458984375
130.49044799804688 132.31045532226562 169.34674072265625 132.31045532226562 169.34674072265625 235.41144561767578 130.49044799804688 235.41144561767578
128.5836181640625 129.77891540527344 167.46938705444336 129.77891540527344 167.46938705444336 235.62947845458984 128.5836181640625 235.62947845458984
124.7325668334961 132.6047821044922 164.4030876159668 132.6047821044922 164.4030876159668 232.21027374267578 124.7325668334961 232.21027374267578
125.64863586425781 128.57989501953125 162.79730987548828 128.57989501953125 162.79730987548828 232.0655059814453 125.64863586425781 232.0655059814453
120.27774810791016 129.1819305419922 158.55435180664062 129.1819305419922 158.55435180664062 230.28392028808594 120.27774810791016 230.28392028808594
118.75984954833984 129.0788116455078 157.08106231689453 129.0788116455078 157.08106231689453 232.98892974853516 118.75984954833984 232.98892974853516
115.66788482666016 130.27734375 155.71519470214844 130.27734375 155.71519470214844 229.3623046875 115.66788482666016 229.3623046875
114.85652160644531 130.72633361816406 153.36418914794922 130.72633361816406 153.36418914794922 232.83880615234375 114.85652160644531 232.83880615234375
112.6772689819336 126.451904296875 150.21637344360352 126.451904296875 150.21637344360352 231.0251235961914 112.6772689819336 231.0251235961914
110.26353454589844 128.08676147460938 147.68952560424805 128.08676147460938 147.68952560424805 231.03309631347656 110.26353454589844 231.03309631347656
111.4479751586914 130.57040405273438 148.89141464233398 130.57040405273438 148.89141464233398 234.87714385986328 111.4479751586914 234.87714385986328
108.59310150146484 128.38307189941406 146.20807266235352 128.38307189941406 146.20807266235352 233.16765594482422 108.59310150146484 233.16765594482422
108.569091796875 127.56201171875 146.37332153320312 127.56201171875 146.37332153320312 232.87381744384766 108.569091796875 232.87381744384766
104.0313720703125 129.00408935546875 141.88899993896484 129.00408935546875 141.88899993896484 234.4646453857422 104.0313720703125 234.4646453857422
98.92900085449219 129.2509307861328 136.75661849975586 129.2509307861328 136.75661849975586 233.8929443359375 98.92900085449219 233.8929443359375
95.95997619628906 128.9604034423828 133.66530990600586 128.9604034423828 133.66530990600586 233.9967041015625 95.95997619628906 233.9967041015625
93.52874755859375 126.8472900390625 131.2858123779297 126.8472900390625 131.2858123779297 232.65220642089844 93.52874755859375 232.65220642089844
95.66846466064453 124.69590759277344 134.5938377380371 124.69590759277344 134.5938377380371 233.1308822631836 95.66846466064453 233.1308822631836
92.80553436279297 125.96585845947266 130.3836898803711 125.96585845947266 130.3836898803711 233.4641342163086 92.80553436279297 233.4641342163086
92.54869842529297 124.8489761352539 130.17792129516602 124.8489761352539 130.17792129516602 231.14449310302734 92.54869842529297 231.14449310302734
90.51656341552734 127.29273986816406 127.04677200317383 127.29273986816406 127.04677200317383 233.88525390625 90.51656341552734 233.88525390625
89.67476654052734 126.0904541015625 126.50082778930664 126.0904541015625 126.50082778930664 230.30560302734375 89.67476654052734 230.30560302734375
88.04996490478516 123.3700180053711 125.41707229614258 123.3700180053711 125.41707229614258 227.464111328125 88.04996490478516 227.464111328125
86.70298767089844 123.62979888916016 124.01241683959961 123.62979888916016 124.01241683959961 227.56322479248047 86.70298767089844 227.56322479248047
86.3399887084961 121.85347747802734 123.43601989746094 121.85347747802734 123.43601989746094 225.19244384765625 86.3399887084961 225.19244384765625
85.4667739868164 124.86878967285156 122.17949295043945 124.86878967285156 122.17949295043945 227.13996124267578 85.4667739868164 227.13996124267578
84.8853530883789 120.58750915527344 121.76832580566406 120.58750915527344 121.76832580566406 223.33295440673828 84.8853530883789 223.33295440673828
85.84268951416016 122.24958801269531 122.29145812988281 122.24958801269531 122.29145812988281 223.78546905517578 85.84268951416016 223.78546905517578
84.6451416015625 119.61346435546875 121.04744720458984 119.61346435546875 121.04744720458984 221.01991271972656 84.6451416015625 221.01991271972656
83.90232849121094 121.18397521972656 119.43606185913086 121.18397521972656 119.43606185913086 220.17083740234375 83.90232849121094 220.17083740234375
82.94906616210938 122.4412841796875 118.3270263671875 122.4412841796875 118.3270263671875 220.9942169189453 82.94906616210938 220.9942169189453
83.19483947753906 117.2611312866211 118.62235260009766 117.2611312866211 118.62235260009766 215.95211029052734 83.19483947753906 215.95211029052734
78.96222686767578 118.252685546875 114.3157844543457 118.252685546875 114.3157844543457 216.7376480102539 78.96222686767578 216.7376480102539
78.89602661132812 115.446533203125 114.80663299560547 115.446533203125 114.80663299560547 215.4832763671875 78.89602661132812 215.4832763671875
78.50404357910156 114.4510726928711 114.506591796875 114.4510726928711 114.506591796875 214.7439422607422 78.50404357910156 214.7439422607422
79.2716064453125 117.76029968261719 114.7774658203125 117.76029968261719 114.7774658203125 216.66952514648438 79.2716064453125 216.66952514648438
76.32232666015625 116.03702545166016 112.53472518920898 116.03702545166016 112.53472518920898 216.91445922851562 76.32232666015625 216.91445922851562
75.71797180175781 114.10050201416016 111.79375457763672 114.10050201416016 111.79375457763672 214.59737396240234 75.71797180175781 214.59737396240234
75.49497985839844 115.965576171875 111.0407943725586 115.965576171875 111.0407943725586 214.9861068725586 75.49497985839844 214.9861068725586
76.60025787353516 115.23405456542969 112.8055534362793 115.23405456542969 112.8055534362793 216.09170532226562 76.60025787353516 216.09170532226562
72.79269409179688 113.34928894042969 109.15618896484375 113.34928894042969 109.15618896484375 214.64764404296875 72.79269409179688 214.64764404296875
70.58763122558594 115.46434020996094 107.15753936767578 115.46434020996094 107.15753936767578 217.33770751953125 70.58763122558594 217.33770751953125
69.70133972167969 110.91795349121094 106.64542388916016 110.91795349121094 106.64542388916016 213.8336639404297 69.70133972167969 213.8336639404297
68.54280090332031 111.7011489868164 105.90508270263672 111.7011489868164 105.90508270263672 215.78182220458984 68.54280090332031 215.78182220458984
66.17695617675781 112.74267578125 103.56579971313477 112.74267578125 103.56579971313477 216.89735412597656 66.17695617675781 216.89735412597656
65.78646087646484 110.67716979980469 103.81609344482422 110.67716979980469 103.81609344482422 217.34432983398438 65.78646087646484 217.34432983398438
64.53816986083984 108.87469482421875 102.70109558105469 108.87469482421875 102.70109558105469 216.7557373046875 64.53816986083984 216.7557373046875
62.8190803527832 106.54012298583984 100.76623153686523 106.54012298583984 100.76623153686523 215.45467376708984 62.8190803527832 215.45467376708984
61.64936447143555 107.12818908691406 99.80825805664062 107.12818908691406 99.80825805664062 213.42799377441406 61.64936447143555 213.42799377441406
