343.0 249.0 401.0 249.0 401.0 392.0 343.0 392.0
344.0688171386719 249.59182739257812 401.3082466125488 249.59182739257812 401.3082466125488 391.52183532714844 344.0688171386719 391.52183532714844
344.474609375 246.92306518554688 402.4078674316406 246.92306518554688 402.4078674316406 389.7599334716797 344.474609375 389.7599334716797
342.6984558105469 248.4493865966797 401.01298904418945 248.4493865966797 401.01298904418945 389.22222900390625 342.6984558105469 389.22222900390625
341.7138671875 247.92709350585938 400.6922302246094 247.92709350585938 400.6922302246094 389.5220947265625 341.7138671875 389.5220947265625
341.7612609863281 248.2329559326172 400.2752380371094 248.2329559326172 400.2752380371094 387.0365447998047 341.7612609863281 387.0365447998047
341.631103515625 249.1086883544922 400.2625503540039 249.1086883544922 400.2625503540039 387.4464569091797 341.631103515625 387.4464569091797
341.6316833496094 247.2606201171875 399.9457206726074 247.2606201171875 399.9457206726074 386.72412109375 341.6316833496094 386.72412109375
341.33740234375 248.16259765625 399.3789253234863 248.16259765625 399.3789253234863 385.93955993652344 341.33740234375 385.93955993652344
341.067626953125 247.31051635742188 399.5225410461426 247.31051635742188 399.5225410461426 387.2903289794922 341.067626953125 387.2903289794922
341.43170166015625 247.5282745361328 399.0432357788086 247.5282745361328 399.0432357788086 386.65672302246094 341.43170166015625 386.65672302246094
341.7250061035156 246.59384155273438 398.8623733520508 246.59384155273438 398.8623733520508 387.2173156738281 341.7250061035156 387.2173156738281
341.6929626464844 246.6087188720703 399.0693359375 246.6087188720703 399.0693359375 386.2976531982422 341.6929626464844 386.2976531982422
342.36077880859375 245.7145538330078 399.7292671203613 245.7145538330078 399.7292671203613 386.08094787597656 342.36077880859375 386.08094787597656
342.8541564941406 245.70132446289062 399.6792297363281 245.70132446289062 399.6792297363281 386.53515625 342.8541564941406 386.53515625
341.8050842285156 245.0495147705078 400.1023750305176 245.0495147705078 400.1023750305176 384.92030334472656 341.8050842285156 384.92030334472656
342.81402587890625 243.5126190185547 400.9496879577637 243.5126190185547 400.9496879577637 386.7144775390625 342.81402587890625 386.7144775390625
342.7804870605469 243.2455596923828 400.4466972351074 243.2455596923828 400.4466972351074 384.5648651123047 342.7804870605469 384.5648651123047
342.9265441894531 243.6431121826172 400.8138961791992 243.6431121826172 400.8138961791992 383.4195098876953 342.9265441894531 383.4195098876953
343.5413513183594 242.91751098632812 400.4893379211426 242.91751098632812 400.4893379211426 382.24098205566406 343.5413513183594 382.24098205566406
343.7127685546875 243.0362548828125 400.24454498291016 243.0362548828125 400.24454498291016 381.3177032470703 343.7127685546875 381.3177032470703
343.7073669433594 242.9169158935547 400.1128120422363 242.9169158935547 400.1128120422363 382.1007843017578 343.7073669433594 382.1007843017578
343.21527099609375 242.548583984375 399.0240173339844 242.548583984375 399.0240173339844 379.6820068359375 343.21527099609375 379.6820068359375
342.492919921875 242.73275756835938 398.6289253234863 242.73275756835938 398.6289253234863 381.11830139160156 342.492919921875 381.11830139160156
341.3534851074219 242.19473266601562 397.4957809448242 242.19473266601562 397.4957809448242 379.3036193847656 341.3534851074219 379.3036193847656
344.30682373046875 240.7723388671875 399.7660903930664 240.7723388671875 399.7660903930664 376.4291076660156 344.30682373046875 376.4291076660156
343.0826110839844 240.7197723388672 398.9421501159668 240.7197723388672 398.9421501159668 378.0658416748047 343.0826110839844 378.0658416748047
343.08636474609375 220.18911743164062 399.2277641296387 220.18911743164062 399.2277641296387 361.9113311767578 343.08636474609375 361.9113311767578
342.36395263671875 202.32916259765625 398.1202201843262 202.32916259765625 398.1202201843262 347.9076843261719 342.36395263671875 347.9076843261719
342.67327880859375 191.98158264160156 398.83135986328125 191.98158264160156 398.83135986328125 333.2067413330078 342.67327880859375 333.2067413330078
342.9549865722656 192.97738647460938 399.7646713256836 192.97738647460938 399.7646713256836 333.8039093017578 342.9549865722656 333.8039093017578
343.5198669433594 194.65196228027344 400.78430938720703 194.65196228027344 400.78430938720703 334.6551208496094 343.5198669433594 334.6551208496094
343.50335693359375 193.94789123535156 401.40233612060547 193.94789123535156 401.40233612060547 334.88356018066406 343.50335693359375 334.88356018066406
344.20806884765625 193.62460327148438 401.5780715942383 193.62460327148438 401.5780715942383 334.14581298828125 344.20806884765625 334.14581298828125
344.34283447265625 192.29676818847656 401.5292282104492 192.29676818847656 401.5292282104492 336.62168884277344 344.34283447265625 336.62168884277344
344.1600646972656 191.16673278808594 401.4360580444336 191.16673278808594 401.4360580444336 336.9845275878906 344.1600646972656 336.9845275878906
344.34088134765625 193.28662109375 401.28633880615234 193.28662109375 401.28633880615234 336.58375549316406 344.34088134765625 336.58375549316406
345.3453369140625 169.40933227539062 399.6895332336426 169.40933227539062 399.6895332336426 322.7926330566406 345.3453369140625 322.7926330566406
343.4392395019531 156.7238006591797 399.5585632324219 156.7238006591797 399.5585632324219 306.95484924316406 343.4392395019531 306.95484924316406
342.5462341308594 143.0557861328125 398.8050346374512 143.0557861328125 398.8050346374512 291.75416564941406 342.5462341308594 291.75416564941406
342.4288024902344 146.7862548828125 398.76744842529297 146.7862548828125 398.76744842529297 292.2663879394531 342.4288024902344 292.2663879394531
342.9690856933594 147.1365509033203 399.76818084716797 147.1365509033203 399.76818084716797 291.5124969482422 342.9690856933594 291.5124969482422
342.41375732421875 147.4567108154297 399.93257904052734 147.4567108154297 399.93257904052734 291.87623596191406 342.41375732421875 291.87623596191406
342.86676025390625 147.37673950195312 399.23808670043945 147.37673950195312 399.23808670043945 290.88787841796875 342.86676025390625 290.88787841796875
342.1453552246094 146.01722717285156 399.7087707519531 146.01722717285156 399.7087707519531 292.2737731933594 342.1453552246094 292.2737731933594
341.70843505859375 145.68148803710938 399.1515693664551 145.68148803710938 399.1515693664551 291.26771545410156 341.70843505859375 291.26771545410156
342.37158203125 147.6131591796875 399.6307373046875 147.6131591796875 399.6307373046875 291.3679504394531 342.37158203125 291.3679504394531
343.4174499511719 137.17428588867188 401.0621032714844 137.17428588867188 401.0621032714844 283.6991424560547 343.4174499511719 283.6991424560547
340.66705322265625 125.23933410644531 397.9663200378418 125.23933410644531 397.9663200378418 272.187744140625 340.66705322265625 272.187744140625
342.11993408203125 112.41880798339844 397.99475860595703 112.41880798339844 397.99475860595703 259.3738708496094 342.11993408203125 259.3738708496094
342.281005859375 113.880615234375 399.3589782714844 113.880615234375 399.3589782714844 256.9067687988281 342.281005859375 256.9067687988281
342.5328063964844 112.78755187988281 400.3117980957031 112.78755187988281 400.3117980957031 258.7677307128906 342.5328063964844 258.7677307128906
342.07501220703125 115.5062255859375 399.9151382446289 115.5062255859375 399.9151382446289 258.75482177734375 342.07501220703125 258.75482177734375
342.3068542480469 114.8208999633789 399.93453216552734 114.8208999633789 399.93453216552734 259.80416107177734 342.3068542480469 259.80416107177734
342.2786560058594 115.60758209228516 400.4273796081543 115.60758209228516 400.4273796081543 259.1353225708008 342.2786560058594 259.1353225708008
341.98687744140625 114.7380599975586 400.6579704284668 114.7380599975586 400.6579704284668 259.27864837646484 341.98687744140625 259.27864837646484
343.5661315917969 114.7471923828125 401.03479766845703 114.7471923828125 401.03479766845703 260.064208984375 343.5661315917969 260.064208984375
343.67108154296875 115.173583984375 401.2113571166992 115.173583984375 401.2113571166992 259.8743591308594 343.67108154296875 259.8743591308594
343.719482421875 115.683349609375 401.6939277648926 115.683349609375 401.6939277648926 259.7234649658203 343.719482421875 259.7234649658203
344.6991271972656 115.73027038574219 400.96956634521484 115.73027038574219 400.96956634521484 261.2660675048828 344.6991271972656 261.2660675048828
343.864501953125 116.79704284667969 401.38558197021484 116.79704284667969 401.38558197021484 259.9122009277344 343.864501953125 259.9122009277344
343.6337585449219 116.34127044677734 401.29312896728516 116.34127044677734 401.29312896728516 259.8170700073242 343.6337585449219 259.8170700073242
344.22991943359375 116.83238220214844 401.23492431640625 116.83238220214844 401.23492431640625 259.85479736328125 344.22991943359375 259.85479736328125
345.0868835449219 115.8371353149414 400.80131912231445 115.8371353149414 400.80131912231445 260.3740768432617 345.0868835449219 260.3740768432617
344.21356201171875 116.20301818847656 401.0366630554199 116.20301818847656 401.0366630554199 259.00279235839844 344.21356201171875 259.00279235839844
344.44329833984375 116.4739990234375 401.3797187805176 116.4739990234375 401.3797187805176 259.8726348876953 344.44329833984375 259.8726348876953
344.5684509277344 114.41864013671875 401.6449890136719 114.41864013671875 401.6449890136719 256.8171081542969 344.5684509277344 256.8171081542969
345.3335876464844 116.06022644042969 401.56790924072266 116.06022644042969 401.56790924072266 259.37330627441406 345.3335876464844 259.37330627441406
344.2624816894531 115.93595886230469 400.67292404174805 115.93595886230469 400.67292404174805 259.32362365722656 344.2624816894531 259.32362365722656
345.1859436035156 116.98858642578125 401.52559661865234 116.98858642578125 401.52559661865234 260.6047058105469 345.1859436035156 260.6047058105469
342.9427185058594 114.82649993896484 400.8818473815918 114.82649993896484 400.8818473815918 258.3162612915039 342.9427185058594 258.3162612915039
344.356689453125 116.659912109375 401.12287521362305 116.659912109375 401.12287521362305 260.0699005126953 344.356689453125 260.0699005126953
344.1683044433594 115.62469482421875 401.1150932312012 115.62469482421875 401.1150932312012 259.0725860595703 344.1683044433594 259.0725860595703
344.78558349609375 114.57167053222656 401.9041213989258 114.57167053222656 401.9041213989258 255.58192443847656 344.78558349609375 255.58192443847656
343.8924255371094 114.85794830322266 400.10733795166016 114.85794830322266 400.10733795166016 256.9367446899414 343.8924255371094 256.9367446899414
344.34637451171875 133.80880737304688 402.0181770324707 133.80880737304688 402.0181770324707 275.9996643066406 344.34637451171875 275.9996643066406
342.4322509765625 149.93362426757812 400.2159652709961 149.93362426757812 400.2159652709961 292.4004211425781 342.4322509765625 292.4004211425781
345.1402587890625 176.34902954101562 401.1598129272461 176.34902954101562 401.1598129272461 319.40435791015625 345.1402587890625 319.40435791015625
343.5743713378906 195.08935546875 400.98755645751953 195.08935546875 400.98755645751953 336.6426086425781 343.5743713378906 336.6426086425781
343.83160400390625 225.15078735351562 400.7456359863281 225.15078735351562 400.7456359863281 365.47337341308594 343.83160400390625 365.47337341308594
344.905029296875 238.15731811523438 402.21366119384766 238.15731811523438 402.21366119384766 379.4527893066406 344.905029296875 379.4527893066406
346.121826171875 252.32431030273438 403.44892501831055 252.32431030273438 403.44892501831055 393.6653137207031 346.121826171875 393.6653137207031
344.79559326171875 283.0595397949219 400.9548149108887 283.0595397949219 400.9548149108887 421.5211181640625 344.79559326171875 421.5211181640625
345.87469482421875 297.7265319824219 401.58199310302734 297.7265319824219 401.58199310302734 435.0738830566406 345.87469482421875 435.0738830566406
347.38189697265625 314.49322509765625 403.6729965209961 314.49322509765625 403.6729965209961 455.25860595703125 347.38189697265625 455.25860595703125
347.454833984375 312.27655029296875 403.8777542114258 312.27655029296875 403.8777542114258 452.76849365234375 347.454833984375 452.76849365234375
346.19134521484375 312.4399108886719 403.23140716552734 312.4399108886719 403.23140716552734 454.26454162597656 346.19134521484375 454.26454162597656
346.45458984375 315.08154296875 404.01419830322266 315.08154296875 404.01419830322266 457.1413116455078 346.45458984375 457.1413116455078
344.8217468261719 313.4117126464844 402.94762420654297 313.4117126464844 402.94762420654297 456.39422607421875 344.8217468261719 456.39422607421875
344.94781494140625 311.3454284667969 402.31061935424805 311.3454284667969 402.31061935424805 451.9395751953125 344.94781494140625 451.9395751953125
344.52001953125 312.35833740234375 403.03227615356445 312.35833740234375 403.03227615356445 454.33949279785156 344.52001953125 454.33949279785156
343.23291015625 312.53948974609375 402.2473449707031 312.53948974609375 402.2473449707031 457.23353576660156 343.23291015625 457.23353576660156
342.97711181640625 313.5520935058594 401.6072311401367 313.5520935058594 401.6072311401367 455.14154052734375 342.97711181640625 455.14154052734375
342.63787841796875 313.89752197265625 401.6153755187988 313.89752197265625 401.6153755187988 455.7452392578125 342.63787841796875 455.7452392578125
340.873046875 312.61932373046875 399.3043518066406 312.61932373046875 399.3043518066406 452.7062683105469 340.873046875 452.7062683105469
339.9842529296875 311.39190673828125 398.56201934814453 311.39190673828125 398.56201934814453 451.3069152832031 339.9842529296875 451.3069152832031
338.35223388671875 311.45465087890625 396.7242965698242 311.45465087890625 396.7242965698242 450.1952209472656 338.35223388671875 450.1952209472656
337.17340087890625 312.0426330566406 396.3283462524414 312.0426330566406 396.3283462524414 449.96543884277344 337.17340087890625 449.96543884277344
335.701416015625 311.6695251464844 393.9163627624512 311.6695251464844 393.9163627624512 449.72406005859375 335.701416015625 449.72406005859375
333.46026611328125 314.529541015625 391.4447822570801 314.529541015625 391.4447822570801 450.4198913574219 333.46026611328125 450.4198913574219
332.430908203125 314.05462646484375 390.1666450500488 314.05462646484375 390.1666450500488 450.4847717285156 332.430908203125 450.4847717285156
347.4294128417969 307.130126953125 406.86458587646484 307.130126953125 406.86458587646484 449.0481414794922 347.4294128417969 449.0481414794922
356.83135986328125 309.06732177734375 418.2131462097168 309.06732177734375 418.2131462097168 447.1396026611328 356.83135986328125 447.1396026611328
378.5344543457031 307.88702392578125 438.8230667114258 307.88702392578125 438.8230667114258 456.52964782714844 378.5344543457031 456.52964782714844
388.3622131347656 315.99169921875 451.2262878417969 315.99169921875 451.2262878417969 451.5846862792969 388.3622131347656 451.5846862792969
409.26141357421875 314.9677734375 471.8993453979492 314.9677734375 471.8993453979492 450.1384582519531 409.26141357421875 450.1384582519531
405.6357421875 316.01678466796875 466.4572067260742 316.01678466796875 466.4572067260742 449.56260681152344 405.6357421875 449.56260681152344
406.0545654296875 315.4888916015625 464.6175956726074 315.4888916015625 464.6175956726074 448.6948699951172 406.0545654296875 448.6948699951172
406.0820617675781 316.1012268066406 463.81681060791016 316.1012268066406 463.81681060791016 448.0913848876953 406.0820617675781 448.0913848876953
404.4852600097656 317.30328369140625 463.2832336425781 317.30328369140625 463.2832336425781 449.54542541503906 404.4852600097656 449.54542541503906
403.87774658203125 316.55816650390625 460.9694633483887 316.55816650390625 460.9694633483887 446.40318298339844 403.87774658203125 446.40318298339844
402.04620361328125 311.00408935546875 459.56523513793945 311.00408935546875 459.56523513793945 446.8826141357422 402.04620361328125 446.8826141357422
402.36688232421875 314.6653137207031 458.40289306640625 314.6653137207031 458.40289306640625 445.698486328125 402.36688232421875 445.698486328125
399.07000732421875 315.2868347167969 457.4425735473633 315.2868347167969 457.4425735473633 444.7073974609375 399.07000732421875 444.7073974609375
397.2657165527344 313.17236328125 453.0675468444824 313.17236328125 453.0675468444824 444.9585266113281 397.2657165527344 444.9585266113281
400.0437927246094 304.6720886230469 457.7258987426758 304.6720886230469 457.7258987426758 438.373779296875 400.0437927246094 438.373779296875
418.7740173339844 305.705078125 477.7548637390137 305.705078125 477.7548637390137 443.4169616699219 418.7740173339844 443.4169616699219
430.27215576171875 306.98321533203125 489.5088577270508 306.98321533203125 489.5088577270508 442.3207092285156 430.27215576171875 442.3207092285156
442.3821716308594 315.26654052734375 501.41976165771484 315.26654052734375 501.41976165771484 442.92472076416016 442.3821716308594 442.92472076416016
439.58660888671875 316.86041259765625 497.3694038391113 316.86041259765625 497.3694038391113 448.08042907714844 439.58660888671875 448.08042907714844
440.2603454589844 317.9378356933594 498.5905342102051 317.9378356933594 498.5905342102051 443.1332321166992 440.2603454589844 443.1332321166992
435.99249267578125 319.49468994140625 493.55705642700195 319.49468994140625 493.55705642700195 444.0535125732422 435.99249267578125 444.0535125732422
434.7854919433594 319.4194641113281 488.85539627075195 319.4194641113281 488.85539627075195 444.4011993408203 434.7854919433594 444.4011993408203
431.581787109375 309.29815673828125 484.25101470947266 309.29815673828125 484.25101470947266 439.15513610839844 431.581787109375 439.15513610839844
429.8335876464844 315.0016174316406 482.1143913269043 315.0016174316406 482.1143913269043 441.6091003417969 429.8335876464844 441.6091003417969
427.3406677246094 314.19573974609375 479.44412994384766 314.19573974609375 479.44412994384766 439.79842376708984 427.3406677246094 439.79842376708984
425.000732421875 318.9190368652344 476.95279693603516 318.9190368652344 476.95279693603516 442.5864562988281 425.000732421875 442.5864562988281
421.5419006347656 319.903564453125 474.6814956665039 319.903564453125 474.6814956665039 444.23448181152344 421.5419006347656 444.23448181152344
418.26611328125 320.85333251953125 472.0703659057617 320.85333251953125 472.0703659057617 444.47637939453125 418.26611328125 444.47637939453125
425.40618896484375 306.5906066894531 478.34159088134766 306.5906066894531 478.34159088134766 437.1037902832031 425.40618896484375 437.1037902832031
434.9537048339844 313.4793701171875 487.9126281738281 313.4793701171875 487.9126281738281 437.7677993774414 434.9537048339844 437.7677993774414
452.03741455078125 311.1606140136719 504.4973449707031 311.1606140136719 504.4973449707031 437.29933166503906 452.03741455078125 437.29933166503906
447.7735290527344 312.6529235839844 500.4184265136719 312.6529235839844 500.4184265136719 438.7991485595703 447.7735290527344 438.7991485595703
449.1148986816406 311.31109619140625 501.0474624633789 311.31109619140625 501.0474624633789 436.87088775634766 449.1148986816406 436.87088775634766
445.56256103515625 315.1615905761719 497.4514694213867 315.1615905761719 497.4514694213867 438.40160369873047 445.56256103515625 438.40160369873047
444.59222412109375 316.99188232421875 495.4921073913574 316.99188232421875 495.4921073913574 438.81529235839844 444.59222412109375 438.81529235839844
441.7320251464844 312.73870849609375 492.2665023803711 312.73870849609375 492.2665023803711 436.43255615234375 441.7320251464844 436.43255615234375
438.05255126953125 311.3441467285156 488.7854232788086 311.3441467285156 488.7854232788086 434.9125442504883 438.05255126953125 434.9125442504883
438.7471618652344 314.0521545410156 488.3443298339844 314.0521545410156 488.3443298339844 435.36290740966797 438.7471618652344 435.36290740966797
434.07305908203125 313.5921325683594 485.1058654785156 313.5921325683594 485.1058654785156 436.7642135620117 434.07305908203125 436.7642135620117
432.400390625 315.27923583984375 481.8890380859375 315.27923583984375 481.8890380859375 437.39898681640625 432.400390625 437.39898681640625
428.4215393066406 312.9561767578125 477.3877182006836 312.9561767578125 477.3877182006836 432.91261291503906 428.4215393066406 432.91261291503906
428.808349609375 318.5943603515625 477.376895904541 318.5943603515625 477.376895904541 437.1660385131836 428.808349609375 437.1660385131836
424.90045166015625 316.2128601074219 473.55210876464844 316.2128601074219 473.55210876464844 434.1173400878906 424.90045166015625 434.1173400878906
422.2469787597656 318.79351806640625 470.89795303344727 318.79351806640625 470.89795303344727 436.9826202392578 422.2469787597656 436.9826202392578
418.983154296875 313.7735290527344 467.06844329833984 313.7735290527344 467.06844329833984 433.30162811279297 418.983154296875 433.30162811279297
416.2210388183594 296.2842102050781 463.7739944458008 296.2842102050781 463.7739944458008 416.7832717895508 416.2210388183594 416.7832717895508
411.88885498046875 273.4247131347656 460.97007751464844 273.4247131347656 460.97007751464844 397.2052307128906 411.88885498046875 397.2052307128906
411.51568603515625 255.9540557861328 460.09090423583984 255.9540557861328 460.09090423583984 378.83827209472656 411.51568603515625 378.83827209472656
406.3470153808594 239.0033721923828 455.56200790405273 239.0033721923828 455.56200790405273 361.2985610961914 406.3470153808594 361.2985610961914
403.6007385253906 209.8928985595703 451.5811882019043 209.8928985595703 451.5811882019043 335.906982421875 403.6007385253906 335.906982421875
400.9027404785156 196.31973266601562 449.65520095825195 196.31973266601562 449.65520095825195 323.04307556152344 400.9027404785156 323.04307556152344
398.0908508300781 173.7764129638672 447.15389251708984 173.7764129638672 447.15389251708984 297.83349609375 398.0908508300781 297.83349609375
392.5697326660156 147.58413696289062 443.1612129211426 147.58413696289062 443.1612129211426 274.46458435058594 392.5697326660156 274.46458435058594
393.1468505859375 133.38568115234375 444.02242279052734 133.38568115234375 444.02242279052734 259.40960693359375 393.1468505859375 259.40960693359375
390.4661560058594 103.9919204711914 440.62141036987305 103.9919204711914 440.62141036987305 231.9011001586914 390.4661560058594 231.9011001586914
389.5135803222656 106.32106018066406 438.6748504638672 106.32106018066406 438.6748504638672 231.06597900390625 389.5135803222656 231.06597900390625
389.2094421386719 108.27262878417969 439.6245880126953 108.27262878417969 439.6245880126953 231.3426971435547 389.2094421386719 231.3426971435547
386.76287841796875 110.73002624511719 435.9622573852539 110.73002624511719 435.9622573852539 232.61346435546875 386.76287841796875 232.61346435546875
383.93475341796875 109.87788391113281 433.87851333618164 109.87788391113281 433.87851333618164 230.88381958007812 383.93475341796875 230.88381958007812
385.521484375 111.2479476928711 434.72057342529297 111.2479476928711 434.72057342529297 233.23954010009766 385.521484375 233.23954010009766
381.1344299316406 112.7820053100586 430.90389251708984 112.7820053100586 430.90389251708984 234.91243743896484 381.1344299316406 234.91243743896484
379.99346923828125 111.62232971191406 430.58837127685547 111.62232971191406 430.58837127685547 235.77434539794922 379.99346923828125 235.77434539794922
379.52642822265625 112.524658203125 428.53844833374023 112.524658203125 428.53844833374023 237.5228500366211 379.52642822265625 237.5228500366211
377.31170654296875 113.5578842163086 425.6556396484375 113.5578842163086 425.6556396484375 239.78265380859375 377.31170654296875 239.78265380859375
376.68939208984375 112.80290222167969 424.62342071533203 112.80290222167969 424.62342071533203 238.71918487548828 376.68939208984375 238.71918487548828
377.0883483886719 114.23828125 424.0083465576172 114.23828125 424.0083465576172 240.0932846069336 377.0883483886719 240.0932846069336
375.08184814453125 113.11051177978516 422.3086738586426 113.11051177978516 422.3086738586426 239.947021484375 375.08184814453125 239.947021484375
373.78656005859375 111.98527526855469 421.6903076171875 111.98527526855469 421.6903076171875 239.99365234375 373.78656005859375 239.99365234375
372.8941650390625 112.7525863647461 420.59217071533203 112.7525863647461 420.59217071533203 240.7476577758789 372.8941650390625 240.7476577758789
372.66131591796875 115.3656997680664 418.97000885009766 115.3656997680664 418.97000885009766 244.10053253173828 372.66131591796875 244.10053253173828
370.5828857421875 112.6443099975586 417.45556640625 112.6443099975586 417.45556640625 241.5855941772461 370.5828857421875 241.5855941772461
368.9753723144531 113.72110748291016 415.81708908081055 113.72110748291016 415.81708908081055 242.68912506103516 368.9753723144531 242.68912506103516
368.4790344238281 113.6800308227539 414.6603317260742 113.6800308227539 414.6603317260742 242.58570098876953 368.4790344238281 242.58570098876953
368.6254577636719 113.57575988769531 414.63257217407227 113.57575988769531 414.63257217407227 242.41122436523438 368.6254577636719 242.41122436523438
363.3611145019531 85.66807556152344 412.7375679016113 85.66807556152344 412.7375679016113 216.18739318847656 363.3611145019531 216.18739318847656
363.326904296875 68.10771179199219 413.1580390930176 68.10771179199219 413.1580390930176 201.66929626464844 363.326904296875 201.66929626464844
363.50408935546875 46.03456497192383 411.7456283569336 46.03456497192383 411.7456283569336 182.85976028442383 363.50408935546875 182.85976028442383
356.9064636230469 27.82638931274414 407.5418128967285 27.82638931274414 407.5418128967285 159.24213027954102 356.9064636230469 159.24213027954102
357.8003845214844 22.526155471801758 408.0326499938965 22.526155471801758 408.0326499938965 158.22842597961426 357.8003845214844 158.22842597961426
361.75006103515625 27.541406631469727 410.65713119506836 27.541406631469727 410.65713119506836 160.68548011779785 361.75006103515625 160.68548011779785
358.94268798828125 25.36496925354004 409.1998405456543 25.36496925354004 409.1998405456543 157.53086280822754 358.94268798828125 157.53086280822754
359.72216796875 22.99803352355957 409.9758644104004 22.99803352355957 409.9758644104004 156.90420722961426 359.72216796875 156.90420722961426
358.19488525390625 26.513269424438477 409.2979850769043 26.513269424438477 409.2979850769043 159.2650089263916 358.19488525390625 159.2650089263916
355.8023376464844 30.915172576904297 408.8569869995117 30.915172576904297 408.8569869995117 164.05253219604492 355.8023376464844 164.05253219604492
355.45404052734375 28.734630584716797 408.7721366882324 28.734630584716797 408.7721366882324 163.15249252319336 355.45404052734375 163.15249252319336
353.864990234375 28.976551055908203 408.34195709228516 28.976551055908203 408.34195709228516 166.45380020141602 353.864990234375 166.45380020141602
352.4052734375 28.328582763671875 408.4732437133789 28.328582763671875 408.4732437133789 166.56524658203125 352.4052734375 166.56524658203125
350.05718994140625 26.806411743164062 407.0578918457031 26.806411743164062 407.0578918457031 167.34274291992188 350.05718994140625 167.34274291992188
354.5378112792969 27.790674209594727 409.5889701843262 27.790674209594727 409.5889701843262 169.69094276428223 354.5378112792969 169.69094276428223
350.3985900878906 29.14019203186035 408.01446533203125 29.14019203186035 408.01446533203125 171.19324684143066 350.3985900878906 171.19324684143066
351.1564025878906 25.413524627685547 407.5498733520508 25.413524627685547 407.5498733520508 169.88816452026367 351.1564025878906 169.88816452026367
349.8011169433594 27.606456756591797 408.7652397155762 27.606456756591797 408.7652397155762 172.98362350463867 349.8011169433594 172.98362350463867
348.43951416015625 25.5346622467041 405.91349029541016 25.5346622467041 405.91349029541016 174.3414707183838 348.43951416015625 174.3414707183838
346.82257080078125 23.11434555053711 404.5004653930664 23.11434555053711 404.5004653930664 173.35107040405273 346.82257080078125 173.35107040405273
348.794921875 26.212909698486328 405.8429145812988 26.212909698486328 405.8429145812988 175.06821060180664 348.794921875 175.06821060180664
348.84283447265625 28.323665618896484 406.22432708740234 28.323665618896484 406.22432708740234 178.5077781677246 348.84283447265625 178.5077781677246
349.6318359375 29.50350570678711 406.8019218444824 29.50350570678711 406.8019218444824 176.86771774291992 349.6318359375 176.86771774291992
348.820556640625 29.774932861328125 406.4379081726074 29.774932861328125 406.4379081726074 176.84422302246094 348.820556640625 176.84422302246094
349.53204345703125 29.281570434570312 407.29450607299805 29.281570434570312 407.29450607299805 179.4004364013672 349.53204345703125 179.4004364013672
351.3779296875 33.0081672668457 409.20511627197266 33.0081672668457 409.20511627197266 179.61793899536133 351.3779296875 179.61793899536133
351.99627685546875 32.84708786010742 409.1192398071289 32.84708786010742 409.1192398071289 179.4683952331543 351.99627685546875 179.4683952331543
351.83203125 33.64573287963867 410.0641670227051 33.64573287963867 410.0641670227051 181.9364128112793 351.83203125 181.9364128112793
351.84967041015625 32.364349365234375 410.9366683959961 32.364349365234375 410.9366683959961 181.79798889160156 351.84967041015625 181.79798889160156
351.83660888671875 34.533729553222656 410.17736053466797 34.533729553222656 410.17736053466797 181.43289947509766 351.83660888671875 181.43289947509766
352.3446350097656 36.86604309082031 412.77722930908203 36.86604309082031 412.77722930908203 182.69287109375 352.3446350097656 182.69287109375
356.9024353027344 34.426597595214844 415.5432815551758 34.426597595214844 415.5432815551758 178.92598724365234 356.9024353027344 178.92598724365234
358.1109313964844 35.10968780517578 417.1512031555176 35.10968780517578 417.1512031555176 181.45665740966797 358.1109313964844 181.45665740966797
358.4648742675781 36.547889709472656 415.8933296203613 36.547889709472656 415.8933296203613 180.13753509521484 358.4648742675781 180.13753509521484
361.8880615234375 40.07749557495117 419.78911209106445 40.07749557495117 419.78911209106445 182.49229049682617 361.8880615234375 182.49229049682617
362.1393127441406 38.29997253417969 420.35570526123047 38.29997253417969 420.35570526123047 181.1544189453125 362.1393127441406 181.1544189453125
362.28253173828125 36.57903289794922 420.8309555053711 36.57903289794922 420.8309555053711 181.74825286865234 362.28253173828125 181.74825286865234
364.36505126953125 38.014854431152344 423.4398078918457 38.014854431152344 423.4398078918457 184.25444793701172 364.36505126953125 184.25444793701172
365.896728515625 37.470008850097656 424.5837173461914 37.470008850097656 424.5837173461914 182.61583709716797 365.896728515625 182.61583709716797
364.85748291015625 38.6107177734375 424.8071098327637 38.6107177734375 424.8071098327637 184.9189910888672 364.85748291015625 184.9189910888672
366.57489013671875 39.729331970214844 425.6183166503906 39.729331970214844 425.6183166503906 185.26961517333984 366.57489013671875 185.26961517333984
366.1683654785156 42.96654510498047 426.1883964538574 42.96654510498047 426.1883964538574 185.80004119873047 366.1683654785156 185.80004119873047
368.8875732421875 45.94440460205078 426.24498748779297 45.94440460205078 426.24498748779297 184.5259780883789 368.8875732421875 184.5259780883789
370.08453369140625 48.18584060668945 428.2745132446289 48.18584060668945 428.2745132446289 186.40593338012695 370.08453369140625 186.40593338012695
371.47607421875 48.0407829284668 428.0445747375488 48.0407829284668 428.0445747375488 187.32500839233398 371.47607421875 187.32500839233398
372.65093994140625 50.59187698364258 429.3832778930664 50.59187698364258 429.3832778930664 188.2689552307129 372.65093994140625 188.2689552307129
373.055908203125 50.315406799316406 429.7040786743164 50.315406799316406 429.7040786743164 190.70455169677734 373.055908203125 190.70455169677734
374.66949462890625 52.365875244140625 430.32906341552734 52.365875244140625 430.32906341552734 191.5615234375 374.66949462890625 191.5615234375
375.1673583984375 51.08171463012695 432.2697639465332 51.08171463012695 432.2697639465332 191.88934707641602 375.1673583984375 191.88934707641602
376.22052001953125 50.85231399536133 433.5472717285156 50.85231399536133 433.5472717285156 191.25627517700195 376.22052001953125 191.25627517700195
377.24053955078125 51.491111755371094 434.5687446594238 51.491111755371094 434.5687446594238 194.04711151123047 377.24053955078125 194.04711151123047
379.07861328125 52.334930419921875 436.9688034057617 52.334930419921875 436.9688034057617 192.2105712890625 379.07861328125 192.2105712890625
380.75457763671875 51.05119705200195 437.4414863586426 51.05119705200195 437.4414863586426 192.91131973266602 380.75457763671875 192.91131973266602
381.48748779296875 51.7225456237793 438.33792877197266 51.7225456237793 438.33792877197266 193.37705612182617 381.48748779296875 193.37705612182617
381.8801574707031 52.93778610229492 439.06395721435547 52.93778610229492 439.06395721435547 192.7868309020996 381.8801574707031 192.7868309020996
381.92724609375 51.3028450012207 438.25665283203125 51.3028450012207 438.25665283203125 193.30128860473633 381.92724609375 193.30128860473633
382.230712890625 48.429962158203125 438.28572845458984 48.429962158203125 438.28572845458984 192.45501708984375 382.230712890625 192.45501708984375
382.9542236328125 54.63111114501953 439.74564361572266 54.63111114501953 439.74564361572266 194.0387954711914 382.9542236328125 194.0387954711914
382.7337951660156 53.14686965942383 439.62357330322266 53.14686965942383 439.62357330322266 196.74908828735352 382.7337951660156 196.74908828735352
383.96923828125 51.8393440246582 442.38207244873047 51.8393440246582 442.38207244873047 194.8586311340332 383.96923828125 194.8586311340332
384.47064208984375 49.14259338378906 442.46833419799805 49.14259338378906 442.46833419799805 192.3607635498047 384.47064208984375 192.3607635498047
384.55511474609375 50.75836944580078 441.54425048828125 50.75836944580078 441.54425048828125 192.9973373413086 384.55511474609375 192.9973373413086
385.8050231933594 50.0828742980957 442.77616119384766 50.0828742980957 442.77616119384766 192.55900955200195 385.8050231933594 192.55900955200195
387.31817626953125 51.55231857299805 445.2132034301758 51.55231857299805 445.2132034301758 194.82995223999023 387.31817626953125 194.82995223999023
387.9925842285156 52.23261260986328 446.65438079833984 52.23261260986328 446.65438079833984 196.09412384033203 387.9925842285156 196.09412384033203
389.4737548828125 50.744773864746094 447.95097732543945 50.744773864746094 447.95097732543945 194.36278533935547 389.4737548828125 194.36278533935547
391.4950256347656 53.575096130371094 452.04437255859375 53.575096130371094 452.04437255859375 194.25084686279297 391.4950256347656 194.25084686279297
394.246337890625 52.152915954589844 454.42741775512695 52.152915954589844 454.42741775512695 192.06974029541016 394.246337890625 192.06974029541016
396.82525634765625 53.904151916503906 457.0669479370117 53.904151916503906 457.0669479370117 194.4091567993164 396.82525634765625 194.4091567993164
400.3385314941406 55.33989334106445 460.7088813781738 55.33989334106445 460.7088813781738 196.41127395629883 400.3385314941406 196.41127395629883
401.8937072753906 55.18413162231445 461.3124771118164 55.18413162231445 461.3124771118164 193.27124404907227 401.8937072753906 193.27124404907227
403.04193115234375 58.676849365234375 463.3652572631836 58.676849365234375 463.3652572631836 197.92076110839844 403.04193115234375 197.92076110839844
403.4939880371094 60.886138916015625 463.78649139404297 60.886138916015625 463.78649139404297 200.72665405273438 403.4939880371094 200.72665405273438
405.53863525390625 58.50898361206055 465.1772346496582 58.50898361206055 465.1772346496582 199.45438766479492 405.53863525390625 199.45438766479492
406.9751281738281 61.31157302856445 466.58890533447266 61.31157302856445 466.58890533447266 202.80127334594727 406.9751281738281 202.80127334594727
410.2945251464844 61.9953727722168 471.0714416503906 61.9953727722168 471.0714416503906 204.03495407104492 410.2945251464844 204.03495407104492
409.91131591796875 61.23103713989258 469.46126556396484 61.23103713989258 469.46126556396484 205.9006233215332 409.91131591796875 205.9006233215332
412.0357360839844 61.67998504638672 471.7738037109375 61.67998504638672 471.7738037109375 205.08699798583984 412.0357360839844 205.08699798583984
413.25396728515625 63.04591751098633 473.7805404663086 63.04591751098633 473.7805404663086 207.4539680480957 413.25396728515625 207.4539680480957
414.10101318359375 62.96601486206055 474.78479766845703 62.96601486206055 474.78479766845703 207.86225509643555 414.10101318359375 207.86225509643555
416.54632568359375 65.02332305908203 477.52845001220703 65.02332305908203 477.52845001220703 208.53633880615234 416.54632568359375 208.53633880615234
417.2149963378906 64.87229919433594 478.4865493774414 64.87229919433594 478.4865493774414 207.11880493164062 417.2149963378906 207.11880493164062
419.01458740234375 63.441505432128906 478.9898681640625 63.441505432128906 478.9898681640625 207.74750518798828 419.01458740234375 207.74750518798828
420.3766174316406 65.16783142089844 481.1582565307617 65.16783142089844 481.1582565307617 206.4596710205078 420.3766174316406 206.4596710205078
420.2601013183594 65.73969268798828 480.541015625 65.73969268798828 480.541015625 209.91876983642578 420.2601013183594 209.91876983642578
421.2537536621094 65.29312133789062 482.72498321533203 65.29312133789062 482.72498321533203 209.5772705078125 421.2537536621094 209.5772705078125
421.21600341796875 66.00443267822266 482.8424072265625 66.00443267822266 482.8424072265625 210.93289947509766 421.21600341796875 210.93289947509766
421.95611572265625 67.02284240722656 484.8869743347168 67.02284240722656 484.8869743347168 211.2833251953125 421.95611572265625 211.2833251953125
422.56488037109375 64.70623779296875 484.0251235961914 64.70623779296875 484.0251235961914 211.29144287109375 422.56488037109375 211.29144287109375
423.1837463378906 67.09664154052734 486.0385932922363 67.09664154052734 486.0385932922363 210.7284927368164 423.1837463378906 210.7284927368164
423.17724609375 66.89198303222656 486.2551078796387 66.89198303222656 486.2551078796387 214.40243530273438 423.17724609375 214.40243530273438
424.70880126953125 64.48245239257812 487.2147445678711 64.48245239257812 487.2147445678711 213.1100616455078 424.70880126953125 213.1100616455078
424.41522216796875 64.25916290283203 488.43582916259766 64.25916290283203 488.43582916259766 213.57862091064453 424.41522216796875 213.57862091064453
424.904296875 67.89683532714844 488.4230651855469 67.89683532714844 488.4230651855469 216.361572265625 424.904296875 216.361572265625
426.1858825683594 66.43003845214844 488.14476776123047 66.43003845214844 488.14476776123047 214.4092254638672 426.1858825683594 214.4092254638672
426.7040100097656 63.68918991088867 489.6951675415039 63.68918991088867 489.6951675415039 212.25349044799805 426.7040100097656 212.25349044799805
428.1575622558594 69.23745727539062 490.95800018310547 69.23745727539062 490.95800018310547 213.04147338867188 428.1575622558594 213.04147338867188
429.5520935058594 70.78581237792969 493.0198440551758 70.78581237792969 493.0198440551758 212.7782745361328 429.5520935058594 212.7782745361328
431.5033264160156 67.94822692871094 493.6488342285156 67.94822692871094 493.6488342285156 211.18914794921875 431.5033264160156 211.18914794921875
432.41845703125 71.01676940917969 495.4469909667969 71.01676940917969 495.4469909667969 212.14662170410156 432.41845703125 212.14662170410156
433.4322814941406 71.85350036621094 494.8137626647949 71.85350036621094 494.8137626647949 214.7641143798828 433.4322814941406 214.7641143798828
434.4773864746094 68.39337158203125 497.5035400390625 68.39337158203125 497.5035400390625 212.69818115234375 434.4773864746094 212.69818115234375
436.9293518066406 69.30233001708984 499.4678649902344 69.30233001708984 499.4678649902344 214.56731414794922 436.9293518066406 214.56731414794922
437.6771545410156 68.60077667236328 499.7174301147461 68.60077667236328 499.7174301147461 213.4269790649414 437.6771545410156 213.4269790649414
437.6321716308594 67.44557189941406 498.0769729614258 67.44557189941406 498.0769729614258 212.72764587402344 437.6321716308594 212.72764587402344
439.429443359375 69.14775848388672 500.80052947998047 69.14775848388672 500.80052947998047 214.93109893798828 439.429443359375 214.93109893798828
440.54803466796875 70.40315246582031 501.19975662231445 70.40315246582031 501.19975662231445 217.86544799804688 440.54803466796875 217.86544799804688
440.68804931640625 68.64848327636719 502.0577812194824 68.64848327636719 502.0577812194824 215.62554931640625 440.68804931640625 215.62554931640625
441.4630432128906 69.74134826660156 502.3197326660156 69.74134826660156 502.3197326660156 215.56785583496094 441.4630432128906 215.56785583496094
442.2610778808594 71.01451873779297 502.2779655456543 71.01451873779297 502.2779655456543 217.10912322998047 442.2610778808594 217.10912322998047
441.90863037109375 73.0703353881836 502.3369026184082 73.0703353881836 502.3369026184082 219.65373992919922 441.90863037109375 219.65373992919922
442.798828125 69.97901153564453 503.9788017272949 69.97901153564453 503.9788017272949 218.6784439086914 442.798828125 218.6784439086914
442.75341796875 70.5702896118164 504.58667755126953 70.5702896118164 504.58667755126953 219.1944351196289 442.75341796875 219.1944351196289
441.1968688964844 70.41090393066406 501.0844841003418 70.41090393066406 501.0844841003418 219.06875610351562 441.1968688964844 219.06875610351562
442.449951171875 72.03003692626953 503.26505279541016 72.03003692626953 503.26505279541016 218.79619598388672 442.449951171875 218.79619598388672
442.2408752441406 72.33382415771484 503.1102485656738 72.33382415771484 503.1102485656738 219.98575592041016 442.2408752441406 219.98575592041016
442.787109375 73.6199951171875 503.1746940612793 73.6199951171875 503.1746940612793 220.13259887695312 442.787109375 220.13259887695312
442.25567626953125 72.90499877929688 502.3083267211914 72.90499877929688 502.3083267211914 218.49212646484375 442.25567626953125 218.49212646484375
441.7466735839844 71.48860168457031 501.0850715637207 71.48860168457031 501.0850715637207 218.6216278076172 441.7466735839844 218.6216278076172
441.8409118652344 74.77250671386719 500.7195510864258 74.77250671386719 500.7195510864258 221.1854248046875 441.8409118652344 221.1854248046875
441.27410888671875 74.65382385253906 500.12712478637695 74.65382385253906 500.12712478637695 220.29933166503906 441.27410888671875 220.29933166503906
440.46612548828125 74.95284271240234 499.48596954345703 74.95284271240234 499.48596954345703 221.4084243774414 440.46612548828125 221.4084243774414
441.76275634765625 73.60762786865234 501.1439514160156 73.60762786865234 501.1439514160156 218.67198944091797 441.76275634765625 218.67198944091797
441.17724609375 75.02931213378906 500.6914596557617 75.02931213378906 500.6914596557617 220.13441467285156 441.17724609375 220.13441467285156
440.458251953125 90.91783142089844 497.63884353637695 90.91783142089844 497.63884353637695 240.7864990234375 440.458251953125 240.7864990234375
442.4140625 96.5374526977539 498.58202362060547 96.5374526977539 498.58202362060547 249.3882064819336 442.4140625 249.3882064819336
443.02978515625 103.02867126464844 500.4469528198242 103.02867126464844 500.4469528198242 246.42491149902344 443.02978515625 246.42491149902344
443.57098388671875 101.45259094238281 502.7677421569824 101.45259094238281 502.7677421569824 245.57554626464844 443.57098388671875 245.57554626464844
443.85467529296875 103.36653900146484 502.7444648742676 103.36653900146484 502.7444648742676 247.07012176513672 443.85467529296875 247.07012176513672
444.9147033691406 100.75144958496094 506.62776947021484 100.75144958496094 506.62776947021484 246.22813415527344 444.9147033691406 246.22813415527344
446.7955017089844 100.96746063232422 506.96099853515625 100.96746063232422 506.96099853515625 244.11316680908203 446.7955017089844 244.11316680908203
447.2814025878906 103.48628234863281 507.7779731750488 103.48628234863281 507.7779731750488 246.4640350341797 447.2814025878906 246.4640350341797
448.74456787109375 103.3885498046875 509.4807014465332 103.3885498046875 509.4807014465332 246.14242553710938 448.74456787109375 246.14242553710938
448.78509521484375 100.62513732910156 510.59749603271484 100.62513732910156 510.59749603271484 247.07078552246094 448.78509521484375 247.07078552246094
454.46673583984375 102.62431335449219 514.340202331543 102.62431335449219 514.340202331543 247.22177124023438 454.46673583984375 247.22177124023438
455.5860290527344 98.29353332519531 515.1587333679199 98.29353332519531 515.1587333679199 245.17108154296875 455.5860290527344 245.17108154296875
457.92474365234375 101.17215728759766 517.8976669311523 101.17215728759766 517.8976669311523 249.03646087646484 457.92474365234375 249.03646087646484
461.19219970703125 97.2533187866211 520.6915168762207 97.2533187866211 520.6915168762207 243.9499282836914 461.19219970703125 243.9499282836914
459.265380859375 102.49029541015625 519.0717887878418 102.49029541015625 519.0717887878418 244.89820861816406 459.265380859375 244.89820861816406
462.9732971191406 102.17870330810547 521.519603729248 102.17870330810547 521.519603729248 246.52564239501953 462.9732971191406 246.52564239501953
463.2421875 105.8639907836914 522.8140144348145 105.8639907836914 522.8140144348145 252.73937225341797 463.2421875 252.73937225341797
466.25054931640625 104.05482482910156 526.1840515136719 104.05482482910156 526.1840515136719 251.82191467285156 466.25054931640625 251.82191467285156
465.040771484375 106.62779235839844 525.9647598266602 106.62779235839844 525.9647598266602 256.3481903076172 465.040771484375 256.3481903076172
466.4947204589844 106.31241607666016 527.5377197265625 106.31241607666016 527.5377197265625 255.19141387939453 466.4947204589844 255.19141387939453
467.44622802734375 104.54014587402344 527.9926376342773 104.54014587402344 527.9926376342773 253.02459716796875 467.44622802734375 253.02459716796875
468.756103515625 109.91398620605469 529.1234550476074 109.91398620605469 529.1234550476074 259.0429229736328 468.756103515625 259.0429229736328
469.242919921875 109.40715026855469 529.3694648742676 109.40715026855469 529.3694648742676 257.6787567138672 469.242919921875 257.6787567138672
471.05047607421875 109.11970520019531 531.8371086120605 109.11970520019531 531.8371086120605 258.28802490234375 471.05047607421875 258.28802490234375
471.72979736328125 111.15936279296875 533.6043014526367 111.15936279296875 533.6043014526367 263.7120056152344 471.72979736328125 263.7120056152344
472.95953369140625 107.2164535522461 535.8984375 107.2164535522461 535.8984375 260.4937973022461 472.95953369140625 260.4937973022461
472.2000427246094 106.93538665771484 535.8684387207031 106.93538665771484 535.8684387207031 262.98047637939453 472.2000427246094 262.98047637939453
472.78082275390625 107.625 537.7089920043945 107.625 537.7089920043945 262.5190124511719 472.78082275390625 262.5190124511719
472.03485107421875 107.49662017822266 536.3369216918945 107.49662017822266 536.3369216918945 262.44446563720703 472.03485107421875 262.44446563720703
471.15216064453125 109.7594985961914 535.7074813842773 109.7594985961914 535.7074813842773 263.65357208251953 471.15216064453125 263.65357208251953
471.497802734375 108.99333190917969 536.2294464111328 108.99333190917969 536.2294464111328 263.71160888671875 471.497802734375 263.71160888671875
472.7942810058594 110.97086334228516 539.009391784668 110.97086334228516 539.009391784668 265.9108657836914 472.7942810058594 265.9108657836914
473.965576171875 110.50166320800781 539.3480072021484 110.50166320800781 539.3480072021484 268.63047790527344 473.965576171875 268.63047790527344
474.01507568359375 113.55778503417969 539.3539047241211 113.55778503417969 539.3539047241211 266.37451171875 474.01507568359375 266.37451171875
473.09124755859375 113.5050048828125 538.1698303222656 113.5050048828125 538.1698303222656 268.9521026611328 473.09124755859375 268.9521026611328
473.567626953125 113.58091735839844 539.3329620361328 113.58091735839844 539.3329620361328 268.34361267089844 473.567626953125 268.34361267089844
472.4784240722656 112.32344055175781 538.6057815551758 112.32344055175781 538.6057815551758 267.68199157714844 472.4784240722656 267.68199157714844
473.3914489746094 114.99900817871094 540.2630615234375 114.99900817871094 540.2630615234375 269.3148956298828 473.3914489746094 269.3148956298828
473.3594665527344 116.50469970703125 541.0398864746094 116.50469970703125 541.0398864746094 269.95001220703125 473.3594665527344 269.95001220703125
474.34942626953125 119.46662902832031 541.8582992553711 119.46662902832031 541.8582992553711 270.3873748779297 474.34942626953125 270.3873748779297
475.757080078125 118.9338607788086 542.6307601928711 118.9338607788086 542.6307601928711 272.2279586791992 475.757080078125 272.2279586791992
476.7456970214844 121.6435317993164 545.0384750366211 121.6435317993164 545.0384750366211 277.56246185302734 476.7456970214844 277.56246185302734
477.36065673828125 121.2839126586914 544.2775650024414 121.2839126586914 544.2775650024414 279.97644805908203 477.36065673828125 279.97644805908203
465.76361083984375 120.01995849609375 536.716552734375 120.01995849609375 536.716552734375 283.1692199707031 465.76361083984375 283.1692199707031
441.33197021484375 126.71905517578125 511.8955535888672 126.71905517578125 511.8955535888672 294.24644470214844 441.33197021484375 294.24644470214844
434.7718200683594 121.2144775390625 502.93882751464844 121.2144775390625 502.93882751464844 289.28135681152344 434.7718200683594 289.28135681152344
436.53564453125 124.59007263183594 505.0112991333008 124.59007263183594 505.0112991333008 286.67372131347656 436.53564453125 286.67372131347656
435.279296875 125.1884536743164 503.4233169555664 125.1884536743164 503.4233169555664 288.7397994995117 435.279296875 288.7397994995117
436.28472900390625 122.85984802246094 503.31756591796875 122.85984802246094 503.31756591796875 286.99810791015625 436.28472900390625 286.99810791015625
437.266357421875 125.13873291015625 504.8917999267578 125.13873291015625 504.8917999267578 290.3369598388672 437.266357421875 290.3369598388672
435.3670349121094 126.2791748046875 502.64774322509766 126.2791748046875 502.64774322509766 293.1162109375 435.3670349121094 293.1162109375
436.06085205078125 126.056884765625 502.4429244995117 126.056884765625 502.4429244995117 296.5201721191406 436.06085205078125 296.5201721191406
434.3929138183594 127.27861022949219 501.2190170288086 127.27861022949219 501.2190170288086 294.3914794921875 434.3929138183594 294.3914794921875
433.36761474609375 128.03451538085938 500.96275329589844 128.03451538085938 500.96275329589844 297.7373504638672 433.36761474609375 297.7373504638672
433.09161376953125 126.48111724853516 499.20875549316406 126.48111724853516 499.20875549316406 293.9502944946289 433.09161376953125 293.9502944946289
431.73870849609375 129.47886657714844 498.72525787353516 129.47886657714844 498.72525787353516 297.8311004638672 431.73870849609375 297.8311004638672
432.5380859375 130.17294311523438 498.38238525390625 130.17294311523438 498.38238525390625 297.2002410888672 432.5380859375 297.2002410888672
433.149169921875 128.0177764892578 497.04205322265625 128.0177764892578 497.04205322265625 298.25531005859375 433.149169921875 298.25531005859375
431.43505859375 132.7777557373047 496.9453125 132.7777557373047 496.9453125 300.60845947265625 431.43505859375 300.60845947265625
431.197998046875 128.96946716308594 497.0254211425781 128.96946716308594 497.0254211425781 299.10035705566406 431.197998046875 299.10035705566406
431.75 131.56448364257812 497.8106994628906 131.56448364257812 497.8106994628906 304.44187927246094 431.75 304.44187927246094
431.90692138671875 132.41322326660156 498.3030014038086 132.41322326660156 498.3030014038086 305.2539367675781 431.90692138671875 305.2539367675781
430.25543212890625 134.4804229736328 498.0020446777344 134.4804229736328 498.0020446777344 309.5801696777344 430.25543212890625 309.5801696777344
427.76513671875 134.1270751953125 496.29319763183594 134.1270751953125 496.29319763183594 311.1524353027344 427.76513671875 311.1524353027344
428.04779052734375 135.59048461914062 496.4326400756836 135.59048461914062 496.4326400756836 311.42742919921875 428.04779052734375 311.42742919921875
427.1607360839844 136.95376586914062 495.9970169067383 136.95376586914062 495.9970169067383 312.19691467285156 427.1607360839844 312.19691467285156
424.21185302734375 135.5500946044922 494.17350006103516 135.5500946044922 494.17350006103516 313.48573303222656 424.21185302734375 313.48573303222656
423.240234375 133.6866455078125 493.55833435058594 133.6866455078125 493.55833435058594 311.89405822753906 423.240234375 311.89405822753906
420.96307373046875 107.05863952636719 492.1416778564453 107.05863952636719 492.1416778564453 287.7622528076172 420.96307373046875 287.7622528076172
419.0201721191406 95.47831726074219 491.5325698852539 95.47831726074219 491.5325698852539 276.75645446777344 419.0201721191406 276.75645446777344
419.2249450683594 92.68280029296875 489.9527893066406 92.68280029296875 489.9527893066406 271.2737731933594 419.2249450683594 271.2737731933594
418.0474548339844 93.44245910644531 487.8760681152344 93.44245910644531 487.8760681152344 270.716064453125 418.0474548339844 270.716064453125
418.35467529296875 96.56478881835938 487.0243682861328 96.56478881835938 487.0243682861328 274.1988983154297 418.35467529296875 274.1988983154297
416.505126953125 93.97392272949219 485.5738525390625 93.97392272949219 485.5738525390625 274.5668029785156 416.505126953125 274.5668029785156
418.0406188964844 99.37370300292969 485.35731506347656 99.37370300292969 485.35731506347656 275.6824188232422 418.0406188964844 275.6824188232422
415.25982666015625 96.90584564208984 484.12198638916016 96.90584564208984 484.12198638916016 273.70735931396484 415.25982666015625 273.70735931396484
414.7747497558594 101.30265808105469 483.3070373535156 101.30265808105469 483.3070373535156 277.0326843261719 414.7747497558594 277.0326843261719
414.422119140625 103.98313903808594 482.9644241333008 103.98313903808594 482.9644241333008 277.50868225097656 414.422119140625 277.50868225097656
412.86090087890625 102.7948989868164 482.3060073852539 102.7948989868164 482.3060073852539 279.9493942260742 412.86090087890625 279.9493942260742
411.69781494140625 104.2774658203125 480.4859848022461 104.2774658203125 480.4859848022461 278.376220703125 411.69781494140625 278.376220703125
412.12335205078125 105.894775390625 480.5653839111328 105.894775390625 480.5653839111328 279.05909729003906 412.12335205078125 279.05909729003906
410.06781005859375 95.46057891845703 480.2006378173828 95.46057891845703 480.2006378173828 279.7609634399414 410.06781005859375 279.7609634399414
408.2105712890625 79.35823059082031 478.99761962890625 79.35823059082031 478.99761962890625 267.50140380859375 408.2105712890625 267.50140380859375
406.9651184082031 49.28386688232422 474.6409454345703 49.28386688232422 474.6409454345703 234.02420806884766 406.9651184082031 234.02420806884766
406.9482116699219 48.0411376953125 476.9756774902344 48.0411376953125 476.9756774902344 228.41250610351562 406.9482116699219 228.41250610351562
405.26715087890625 55.69950485229492 476.535888671875 55.69950485229492 476.535888671875 233.3885612487793 405.26715087890625 233.3885612487793
406.8357849121094 56.75041961669922 475.64746856689453 56.75041961669922 475.64746856689453 233.6648178100586 406.8357849121094 233.6648178100586
404.4140319824219 58.0733642578125 475.21641540527344 58.0733642578125 475.21641540527344 237.3837432861328 404.4140319824219 237.3837432861328
405.01361083984375 61.01475143432617 474.22257232666016 61.01475143432617 474.22257232666016 238.5716667175293 405.01361083984375 238.5716667175293
401.49169921875 66.47351837158203 473.5942611694336 66.47351837158203 473.5942611694336 242.56009674072266 401.49169921875 242.56009674072266
400.81536865234375 54.4510498046875 472.73099517822266 54.4510498046875 472.73099517822266 243.01046752929688 400.81536865234375 243.01046752929688
398.28631591796875 27.096338272094727 469.8160400390625 27.096338272094727 469.8160400390625 216.19138526916504 398.28631591796875 216.19138526916504
396.36907958984375 31.47061538696289 469.76104736328125 31.47061538696289 469.76104736328125 215.17171096801758 396.36907958984375 215.17171096801758
397.73443603515625 32.328224182128906 469.6508102416992 32.328224182128906 469.6508102416992 216.2251968383789 397.73443603515625 216.2251968383789
394.22625732421875 34.54718780517578 466.5564193725586 34.54718780517578 466.5564193725586 218.73126983642578 394.22625732421875 218.73126983642578
394.5611267089844 37.20325469970703 467.28885650634766 37.20325469970703 467.28885650634766 221.06610870361328 394.5611267089844 221.06610870361328
392.6541442871094 40.0536003112793 465.0151138305664 40.0536003112793 465.0151138305664 222.42814254760742 392.6541442871094 222.42814254760742
391.4203186035156 40.01816940307617 464.0408477783203 40.01816940307617 464.0408477783203 222.03676986694336 391.4203186035156 222.03676986694336
390.45379638671875 42.83375930786133 465.33030700683594 42.83375930786133 465.33030700683594 225.9482307434082 390.45379638671875 225.9482307434082
388.4471130371094 43.82527542114258 461.3106231689453 43.82527542114258 461.3106231689453 227.2170295715332 388.4471130371094 227.2170295715332
387.99017333984375 45.634849548339844 463.0702362060547 45.634849548339844 463.0702362060547 231.83757781982422 387.99017333984375 231.83757781982422
386.8906555175781 48.26462936401367 461.80853271484375 48.26462936401367 461.80853271484375 233.3688621520996 386.8906555175781 233.3688621520996
386.957275390625 50.46293258666992 461.23841857910156 50.46293258666992 461.23841857910156 237.45072555541992 386.957275390625 237.45072555541992
385.08160400390625 50.951026916503906 457.80946350097656 50.951026916503906 457.80946350097656 236.65308380126953 385.08160400390625 236.65308380126953
384.9283142089844 52.906517028808594 457.58531188964844 52.906517028808594 457.58531188964844 241.16912078857422 384.9283142089844 241.16912078857422
384.5362548828125 55.94598388671875 456.55213928222656 55.94598388671875 456.55213928222656 243.57391357421875 384.5362548828125 243.57391357421875
384.257568359375 56.13264846801758 456.6886291503906 56.13264846801758 456.6886291503906 243.8480110168457 384.257568359375 243.8480110168457
384.6624755859375 60.91130828857422 456.303466796875 60.91130828857422 456.303466796875 247.37958526611328 384.6624755859375 247.37958526611328
381.2855224609375 62.54528045654297 453.0239715576172 62.54528045654297 453.0239715576172 248.0160140991211 381.2855224609375 248.0160140991211
381.28631591796875 63.72356033325195 453.29065704345703 63.72356033325195 453.29065704345703 250.66818618774414 381.28631591796875 250.66818618774414
381.04718017578125 64.86418914794922 452.4386749267578 64.86418914794922 452.4386749267578 253.59876251220703 381.04718017578125 253.59876251220703
376.86175537109375 70.16241455078125 451.2580032348633 70.16241455078125 451.2580032348633 259.78155517578125 376.86175537109375 259.78155517578125
376.9175109863281 71.24555969238281 451.0352554321289 71.24555969238281 451.0352554321289 264.81390380859375 376.9175109863281 264.81390380859375
373.5414123535156 67.92737579345703 450.14317321777344 67.92737579345703 450.14317321777344 265.25553131103516 373.5414123535156 265.25553131103516
371.27838134765625 59.877403259277344 449.1299362182617 59.877403259277344 449.1299362182617 257.1002731323242 371.27838134765625 257.1002731323242
371.89288330078125 36.100318908691406 448.26182556152344 36.100318908691406 448.26182556152344 237.44815826416016 371.89288330078125 237.44815826416016
368.37786865234375 25.767597198486328 446.74600982666016 25.767597198486328 446.74600982666016 227.25973892211914 368.37786865234375 227.25973892211914
369.2146301269531 19.683116912841797 445.10462188720703 19.683116912841797 445.10462188720703 217.59341049194336 369.2146301269531 217.59341049194336
368.22052001953125 23.07052993774414 443.100830078125 23.07052993774414 443.100830078125 221.54518508911133 368.22052001953125 221.54518508911133
366.232666015625 27.061473846435547 443.0062484741211 27.061473846435547 443.0062484741211 224.58762741088867 366.232666015625 224.58762741088867
365.0294494628906 29.478008270263672 440.6820297241211 29.478008270263672 440.6820297241211 226.12739181518555 365.0294494628906 226.12739181518555
364.9375305175781 28.17718505859375 441.54949951171875 28.17718505859375 441.54949951171875 230.02330017089844 364.9375305175781 230.02330017089844
361.9519348144531 33.69639205932617 439.4497833251953 33.69639205932617 439.4497833251953 235.21259689331055 361.9519348144531 235.21259689331055
360.9953308105469 34.1807975769043 439.88191986083984 34.1807975769043 439.88191986083984 237.5431022644043 360.9953308105469 237.5431022644043
360.5102233886719 39.8200798034668 437.8409881591797 39.8200798034668 437.8409881591797 242.26432418823242 360.5102233886719 242.26432418823242
359.5419921875 41.651702880859375 435.91344451904297 41.651702880859375 435.91344451904297 242.353759765625 359.5419921875 242.353759765625
361.16021728515625 43.47028732299805 438.5863342285156 43.47028732299805 438.5863342285156 244.51423263549805 361.16021728515625 244.51423263549805
359.2046813964844 48.14804458618164 436.02613830566406 48.14804458618164 436.02613830566406 246.14616775512695 359.2046813964844 246.14616775512695
359.2779235839844 53.24798583984375 437.8766174316406 53.24798583984375 437.8766174316406 251.73739624023438 359.2779235839844 251.73739624023438
360.2356872558594 57.22930908203125 439.5038833618164 57.22930908203125 439.5038833618164 255.07069396972656 360.2356872558594 255.07069396972656
359.4137268066406 58.273033142089844 436.71944427490234 58.273033142089844 436.71944427490234 260.69918060302734 359.4137268066406 260.69918060302734
359.5938415527344 62.73979568481445 437.15003967285156 62.73979568481445 437.15003967285156 267.74252700805664 359.5938415527344 267.74252700805664
359.2834167480469 65.47544860839844 438.31067657470703 65.47544860839844 438.31067657470703 268.5258483886719 359.2834167480469 268.5258483886719
358.69244384765625 68.74960327148438 438.5282211303711 68.74960327148438 438.5282211303711 273.47625732421875 358.69244384765625 273.47625732421875
357.41119384765625 70.38378143310547 438.4978485107422 70.38378143310547 438.4978485107422 274.23751068115234 357.41119384765625 274.23751068115234
357.3504943847656 75.91397857666016 440.28282165527344 75.91397857666016 440.28282165527344 280.3849105834961 357.3504943847656 280.3849105834961
357.5986328125 77.32472229003906 440.5565185546875 77.32472229003906 440.5565185546875 283.31968688964844 357.5986328125 283.31968688964844
358.1564025878906 63.6236572265625 441.8014907836914 63.6236572265625 441.8014907836914 269.8519287109375 358.1564025878906 269.8519287109375
355.27972412109375 47.57529830932617 439.00501251220703 47.57529830932617 439.00501251220703 258.2529411315918 355.27972412109375 258.2529411315918
355.48760986328125 31.363006591796875 438.7377624511719 31.363006591796875 438.7377624511719 245.80355834960938 355.48760986328125 245.80355834960938
353.8858642578125 6.5869598388671875 437.2003402709961 6.5869598388671875 437.2003402709961 230.119384765625 353.8858642578125 230.119384765625
353.88275146484375 0.25505369901657104 438.6428985595703 0.25505369901657104 438.6428985595703 222.66179198026657 353.88275146484375 222.66179198026657
351.2289123535156 2.0414702892303467 439.60852813720703 2.0414702892303467 439.60852813720703 228.55973505973816 351.2289123535156 228.55973505973816
350.121337890625 11.311144828796387 435.6013946533203 11.311144828796387 435.6013946533203 236.31502056121826 350.121337890625 236.31502056121826
350.0007019042969 16.827116012573242 435.6967086791992 16.827116012573242 435.6967086791992 240.82935905456543 350.0007019042969 240.82935905456543
349.015625 20.161884307861328 435.1013870239258 20.161884307861328 435.1013870239258 240.51779556274414 349.015625 240.51779556274414
344.6976623535156 25.22418785095215 430.90772247314453 25.22418785095215 430.90772247314453 252.51003074645996 344.6976623535156 252.51003074645996
346.10577392578125 27.463586807250977 430.6459503173828 27.463586807250977 430.6459503173828 251.01343727111816 346.10577392578125 251.01343727111816
343.5658874511719 26.764453887939453 428.63255310058594 26.764453887939453 428.63255310058594 258.9841499328613 343.5658874511719 258.9841499328613
343.8746643066406 35.74884033203125 429.13487243652344 35.74884033203125 429.13487243652344 266.79808044433594 343.8746643066406 266.79808044433594
340.86492919921875 32.40193557739258 426.09149169921875 32.40193557739258 426.09149169921875 269.2708320617676 340.86492919921875 269.2708320617676
340.43084716796875 34.26934051513672 425.0797576904297 34.26934051513672 425.0797576904297 275.1839828491211 340.43084716796875 275.1839828491211
342.0227355957031 45.19098663330078 428.3023223876953 45.19098663330078 428.3023223876953 281.13016510009766 342.0227355957031 281.13016510009766
342.28704833984375 49.3355712890625 430.40958404541016 49.3355712890625 430.40958404541016 284.6217041015625 342.28704833984375 284.6217041015625
340.24676513671875 56.27349090576172 431.2071228027344 56.27349090576172 431.2071228027344 291.12183380126953 340.24676513671875 291.12183380126953
339.51446533203125 58.102333068847656 429.9378204345703 58.102333068847656 429.9378204345703 297.92806243896484 339.51446533203125 297.92806243896484
336.42315673828125 57.55913162231445 430.4340286254883 57.55913162231445 430.4340286254883 289.3443183898926 336.42315673828125 289.3443183898926
318.3648986816406 69.89030456542969 413.62306213378906 69.89030456542969 413.62306213378906 304.7506561279297 318.3648986816406 304.7506561279297
302.31622314453125 72.00578308105469 398.08819580078125 72.00578308105469 398.08819580078125 308.1329345703125 302.31622314453125 308.1329345703125
293.11102294921875 72.9452133178711 388.71624755859375 72.9452133178711 388.71624755859375 307.4640579223633 293.11102294921875 307.4640579223633
281.3564453125 80.30821228027344 376.6624069213867 80.30821228027344 376.6624069213867 314.1894073486328 281.3564453125 314.1894073486328
268.10540771484375 90.38594818115234 363.1834945678711 90.38594818115234 363.1834945678711 323.63326263427734 268.10540771484375 323.63326263427734
258.1822509765625 88.86717224121094 354.18321228027344 88.86717224121094 354.18321228027344 325.7661895751953 258.1822509765625 325.7661895751953
246.736083984375 98.72590637207031 343.921142578125 98.72590637207031 343.921142578125 335.6634521484375 246.736083984375 335.6634521484375
227.83139038085938 105.83882141113281 326.1205291748047 105.83882141113281 326.1205291748047 339.5470733642578 227.83139038085938 339.5470733642578
222.6523895263672 110.61268615722656 319.3908920288086 110.61268615722656 319.3908920288086 346.6773376464844 222.6523895263672 346.6773376464844
211.20620727539062 117.12088775634766 304.70104217529297 117.12088775634766 304.70104217529297 351.34720611572266 211.20620727539062 351.34720611572266
200.81735229492188 126.9292984008789 296.20911407470703 126.9292984008789 296.20911407470703 359.8739242553711 200.81735229492188 359.8739242553711
187.8413543701172 127.206298828125 287.6395568847656 127.206298828125 287.6395568847656 370.5575714111328 187.8413543701172 370.5575714111328
175.31454467773438 134.4414520263672 273.2780227661133 134.4414520263672 273.2780227661133 370.8985290527344 175.31454467773438 370.8985290527344
171.31893920898438 138.9694061279297 265.98109436035156 138.9694061279297 265.98109436035156 372.2472686767578 171.31893920898438 372.2472686767578
172.24996948242188 145.2461700439453 268.86547088623047 145.2461700439453 268.86547088623047 377.3635711669922 172.24996948242188 377.3635711669922
176.4600067138672 153.62442016601562 272.24146270751953 153.62442016601562 272.24146270751953 391.15293884277344 176.4600067138672 391.15293884277344
180.72802734375 149.77267456054688 275.9308395385742 149.77267456054688 275.9308395385742 395.3523406982422 180.72802734375 395.3523406982422
188.4647674560547 158.4942626953125 287.04270935058594 158.4942626953125 287.04270935058594 408.1062316894531 188.4647674560547 408.1062316894531
193.3804168701172 168.84494018554688 296.94226837158203 168.84494018554688 296.94226837158203 423.14056396484375 193.3804168701172 423.14056396484375
198.89718627929688 173.83938598632812 299.43385314941406 173.83938598632812 299.43385314941406 426.2632598876953 198.89718627929688 426.2632598876953
204.1614990234375 178.92184448242188 307.5310516357422 178.92184448242188 307.5310516357422 435.5215148925781 204.1614990234375 435.5215148925781
212.99032592773438 186.32333374023438 318.3886260986328 186.32333374023438 318.3886260986328 447.1965026855469 212.99032592773438 447.1965026855469
215.5199432373047 189.90399169921875 320.6390838623047 189.90399169921875 320.6390838623047 456.72113037109375 215.5199432373047 456.72113037109375
219.89553833007812 179.09339904785156 328.62000274658203 179.09339904785156 328.62000274658203 464.64329528808594 219.89553833007812 464.64329528808594
231.34927368164062 161.76156616210938 338.5019989013672 161.76156616210938 338.5019989013672 450.2983093261719 231.34927368164062 450.2983093261719
234.11477661132812 144.03695678710938 344.21348571777344 144.03695678710938 344.21348571777344 438.85992431640625 234.11477661132812 438.85992431640625
238.49887084960938 124.45646667480469 354.31909942626953 124.45646667480469 354.31909942626953 421.00794982910156 238.49887084960938 421.00794982910156
241.97866821289062 109.8570785522461 353.4814910888672 109.8570785522461 353.4814910888672 410.4282455444336 241.97866821289062 410.4282455444336
248.60745239257812 97.56468200683594 360.0518341064453 97.56468200683594 360.0518341064453 400.2588348388672 248.60745239257812 400.2588348388672
253.8482208251953 79.39930725097656 369.47757720947266 79.39930725097656 369.47757720947266 383.93919372558594 253.8482208251953 383.93919372558594
253.5361328125 69.86744689941406 367.74971771240234 69.86744689941406 367.74971771240234 377.6022186279297 253.5361328125 377.6022186279297
260.293701171875 50.07444381713867 376.2520980834961 50.07444381713867 376.2520980834961 360.43976974487305 260.293701171875 360.43976974487305
262.8958435058594 37.2701530456543 382.6986618041992 37.2701530456543 382.6986618041992 345.0872917175293 262.8958435058594 345.0872917175293
265.6115417480469 19.412872314453125 386.8246383666992 19.412872314453125 386.8246383666992 336.88427734375 265.6115417480469 336.88427734375
268.342041015625 12.066439628601074 388.91766357421875 12.066439628601074 388.91766357421875 323.9682340621948 268.342041015625 323.9682340621948
