529.0 73.0 556.0 73.0 556.0 186.0 529.0 186.0
527.1075439453125 74.45964050292969 554.0826683044434 74.45964050292969 554.0826683044434 187.2864990234375 527.1075439453125 187.2864990234375
525.9618530273438 75.41368103027344 553.0633239746094 75.41368103027344 553.0633239746094 190.0472640991211 525.9618530273438 190.0472640991211
524.4627075195312 76.21665954589844 550.9775123596191 76.21665954589844 550.9775123596191 190.84131622314453 524.4627075195312 190.84131622314453
521.0836181640625 73.02686309814453 547.8007926940918 73.02686309814453 547.8007926940918 189.12305450439453 521.0836181640625 189.12305450439453
518.222900390625 74.45259857177734 545.0791416168213 74.45259857177734 545.0791416168213 190.93280792236328 518.222900390625 190.93280792236328
518.9388427734375 74.259521484375 546.04248046875 74.259521484375 546.04248046875 190.9386749267578 518.9388427734375 190.9386749267578
518.2952880859375 74.0765609741211 544.6851997375488 74.0765609741211 544.6851997375488 191.2000732421875 518.2952880859375 191.2000732421875
516.2113037109375 77.19583129882812 543.1337032318115 77.19583129882812 543.1337032318115 189.8710479736328 516.2113037109375 189.8710479736328
516.3585815429688 77.67992401123047 543.6035766601562 77.67992401123047 543.6035766601562 191.70525360107422 516.3585815429688 191.70525360107422
513.3277587890625 77.07720947265625 540.9478569030762 77.07720947265625 540.9478569030762 192.6724090576172 513.3277587890625 192.6724090576172
511.82147216796875 76.4585189819336 539.6730499267578 76.4585189819336 539.6730499267578 193.0225067138672 511.82147216796875 193.0225067138672
512.5318603515625 77.1634292602539 540.0195255279541 77.1634292602539 540.0195255279541 192.2043685913086 512.5318603515625 192.2043685913086
507.9974670410156 77.54165649414062 535.2889137268066 77.54165649414062 535.2889137268066 192.08206176757812 507.9974670410156 192.08206176757812
507.4361267089844 76.60844421386719 534.3521003723145 76.60844421386719 534.3521003723145 190.49237823486328 507.4361267089844 190.49237823486328
507.02630615234375 77.90562438964844 533.8479862213135 77.90562438964844 533.8479862213135 191.62625122070312 507.02630615234375 191.62625122070312
506.79815673828125 78.10932922363281 534.0156364440918 78.10932922363281 534.0156364440918 192.0194854736328 506.79815673828125 192.0194854736328
502.30511474609375 76.93922424316406 529.4763126373291 76.93922424316406 529.4763126373291 191.19076538085938 502.30511474609375 191.19076538085938
502.22589111328125 75.40528869628906 528.8903503417969 75.40528869628906 528.8903503417969 191.11437225341797 502.22589111328125 191.11437225341797
499.91326904296875 78.00529479980469 526.8606567382812 78.00529479980469 526.8606567382812 194.6211395263672 499.91326904296875 194.6211395263672
499.0228576660156 76.86115264892578 526.0986175537109 76.86115264892578 526.0986175537109 195.38542938232422 499.0228576660156 195.38542938232422
495.54083251953125 75.34770965576172 522.4679145812988 75.34770965576172 522.4679145812988 192.93695831298828 495.54083251953125 192.93695831298828
493.8124084472656 73.99747467041016 520.3528938293457 73.99747467041016 520.3528938293457 192.0490493774414 493.8124084472656 192.0490493774414
491.29632568359375 77.45600128173828 517.7161560058594 77.45600128173828 517.7161560058594 194.12407684326172 491.29632568359375 194.12407684326172
489.6019592285156 74.27831268310547 515.0726509094238 74.27831268310547 515.0726509094238 191.4449234008789 489.6019592285156 191.4449234008789
487.9351501464844 75.87403869628906 515.2318267822266 75.87403869628906 515.2318267822266 196.08121490478516 487.9351501464844 196.08121490478516
486.7308044433594 74.4411849975586 513.9369049072266 74.4411849975586 513.9369049072266 195.82166290283203 486.7308044433594 195.82166290283203
484.81982421875 73.8060302734375 511.5224800109863 73.8060302734375 511.5224800109863 192.97691345214844 484.81982421875 192.97691345214844
483.37542724609375 73.32586669921875 509.94028663635254 73.32586669921875 509.94028663635254 192.43858337402344 483.37542724609375 192.43858337402344
481.6416931152344 75.46205139160156 507.8459529876709 75.46205139160156 507.8459529876709 186.6475372314453 481.6416931152344 186.6475372314453
479.8755798339844 76.3769760131836 507.19768142700195 76.3769760131836 507.19768142700195 187.744384765625 479.8755798339844 187.744384765625
478.21295166015625 77.33053588867188 505.15654945373535 77.33053588867188 505.15654945373535 187.11618041992188 478.21295166015625 187.11618041992188
476.0672302246094 78.42897033691406 503.1270046234131 78.42897033691406 503.1270046234131 189.3899917602539 476.0672302246094 189.3899917602539
474.1644592285156 76.95425415039062 501.5689945220947 76.95425415039062 501.5689945220947 191.8047637939453 474.1644592285156 191.8047637939453
471.9037170410156 77.9892807006836 499.34211349487305 77.9892807006836 499.34211349487305 193.53009033203125 471.9037170410156 193.53009033203125
469.03131103515625 76.11827087402344 497.2151851654053 76.11827087402344 497.2151851654053 195.0825653076172 469.03131103515625 195.0825653076172
466.9498596191406 78.53621673583984 495.28806495666504 78.53621673583984 495.28806495666504 196.05619049072266 466.9498596191406 196.05619049072266
464.60260009765625 76.0509033203125 493.0002632141113 76.0509033203125 493.0002632141113 196.5212631225586 464.60260009765625 196.5212631225586
462.0110778808594 77.84767150878906 489.7131538391113 77.84767150878906 489.7131538391113 199.77894592285156 462.0110778808594 199.77894592285156
459.617919921875 76.55125427246094 486.6144618988037 76.55125427246094 486.6144618988037 198.87632751464844 459.617919921875 198.87632751464844
458.2335510253906 77.27146911621094 485.36732482910156 77.27146911621094 485.36732482910156 196.93030548095703 458.2335510253906 196.93030548095703
455.64239501953125 78.82701110839844 483.6275939941406 78.82701110839844 483.6275939941406 200.5760726928711 455.64239501953125 200.5760726928711
456.8616638183594 79.08470153808594 485.5004577636719 79.08470153808594 485.5004577636719 203.210693359375 456.8616638183594 203.210693359375
456.9012145996094 81.4631118774414 485.37555503845215 81.4631118774414 485.37555503845215 200.63346099853516 456.9012145996094 200.63346099853516
454.3309631347656 79.8567123413086 482.8564109802246 79.8567123413086 482.8564109802246 199.240966796875 454.3309631347656 199.240966796875
454.15625 80.3821792602539 482.5990333557129 80.3821792602539 482.5990333557129 199.42046356201172 454.15625 199.42046356201172
451.44158935546875 79.68748474121094 479.6381950378418 79.68748474121094 479.6381950378418 204.0061492919922 451.44158935546875 204.0061492919922
451.04193115234375 78.8292236328125 478.85741233825684 78.8292236328125 478.85741233825684 202.25575256347656 451.04193115234375 202.25575256347656
448.2720642089844 79.86000061035156 476.42669677734375 79.86000061035156 476.42669677734375 202.15335845947266 448.2720642089844 202.15335845947266
448.000732421875 80.34194946289062 475.9520969390869 80.34194946289062 475.9520969390869 200.72349548339844 448.000732421875 200.72349548339844
446.5262145996094 77.42164611816406 474.4184818267822 77.42164611816406 474.4184818267822 200.5840606689453 446.5262145996094 200.5840606689453
445.8367614746094 79.0367202758789 472.8365173339844 79.0367202758789 472.8365173339844 200.8208770751953 445.8367614746094 200.8208770751953
443.7566833496094 79.67948150634766 470.67889976501465 79.67948150634766 470.67889976501465 200.44673919677734 443.7566833496094 200.44673919677734
442.04974365234375 76.9177474975586 469.90888023376465 76.9177474975586 469.90888023376465 201.12744140625 442.04974365234375 201.12744140625
440.9573669433594 77.78795623779297 468.88679122924805 77.78795623779297 468.88679122924805 200.04298400878906 440.9573669433594 200.04298400878906
439.8829650878906 78.96796417236328 467.4095573425293 78.96796417236328 467.4095573425293 199.9846420288086 439.8829650878906 199.9846420288086
438.05853271484375 78.21776580810547 463.6026782989502 78.21776580810547 463.6026782989502 199.10670471191406 438.05853271484375 199.10670471191406
437.1957092285156 78.57210540771484 464.2757167816162 78.57210540771484 464.2757167816162 200.01068878173828 437.1957092285156 200.01068878173828
435.8377990722656 79.98230743408203 462.3312187194824 79.98230743408203 462.3312187194824 199.34024047851562 435.8377990722656 199.34024047851562
434.8338928222656 79.41376495361328 462.18464279174805 79.41376495361328 462.18464279174805 199.86444854736328 434.8338928222656 199.86444854736328
432.0438537597656 80.25655364990234 458.9936065673828 80.25655364990234 458.9936065673828 200.63944244384766 432.0438537597656 200.63944244384766
430.6817321777344 81.61735534667969 457.50483322143555 81.61735534667969 457.50483322143555 201.47262573242188 430.6817321777344 201.47262573242188
429.3075256347656 81.45662689208984 455.95972061157227 81.45662689208984 455.95972061157227 199.3469009399414 429.3075256347656 199.3469009399414
428.484130859375 80.22151947021484 454.2790584564209 80.22151947021484 454.2790584564209 195.15442657470703 428.484130859375 195.15442657470703
426.7381896972656 83.02400970458984 452.9304904937744 83.02400970458984 452.9304904937744 195.59578704833984 426.7381896972656 195.59578704833984
424.93463134765625 84.88015747070312 451.07988357543945 84.88015747070312 451.07988357543945 194.98709106445312 424.93463134765625 194.98709106445312
423.0147399902344 84.74189758300781 449.6998233795166 84.74189758300781 449.6998233795166 196.0006103515625 423.0147399902344 196.0006103515625
420.86798095703125 84.22398376464844 447.36309242248535 84.22398376464844 447.36309242248535 197.10897827148438 420.86798095703125 197.10897827148438
419.1668395996094 84.13813018798828 445.6278018951416 84.13813018798828 445.6278018951416 200.01492309570312 419.1668395996094 200.01492309570312
417.1773376464844 83.61210632324219 444.92773818969727 83.61210632324219 444.92773818969727 201.41160583496094 417.1773376464844 201.41160583496094
415.357666015625 82.09488677978516 442.9299964904785 82.09488677978516 442.9299964904785 203.7388916015625 415.357666015625 203.7388916015625
412.419921875 84.36328125 440.6516170501709 84.36328125 440.6516170501709 206.1297836303711 412.419921875 206.1297836303711
411.30230712890625 81.69326782226562 438.2330741882324 81.69326782226562 438.2330741882324 207.53018188476562 411.30230712890625 207.53018188476562
409.26995849609375 84.13529205322266 435.3918151855469 84.13529205322266 435.3918151855469 207.9834976196289 409.26995849609375 207.9834976196289
406.41217041015625 83.10172271728516 432.3066463470459 83.10172271728516 432.3066463470459 207.6087417602539 406.41217041015625 207.6087417602539
403.4187316894531 83.64219665527344 429.9587345123291 83.64219665527344 429.9587345123291 205.36978149414062 403.4187316894531 205.36978149414062
403.72711181640625 86.22144317626953 431.85944747924805 86.22144317626953 431.85944747924805 209.60430145263672 403.72711181640625 209.60430145263672
399.63482666015625 83.42918395996094 427.5865020751953 83.42918395996094 427.5865020751953 204.51910400390625 399.63482666015625 204.51910400390625
401.63153076171875 86.82847595214844 430.4070739746094 86.82847595214844 430.4070739746094 210.89488220214844 401.63153076171875 210.89488220214844
399.5899353027344 86.17234802246094 428.0728359222412 86.17234802246094 428.0728359222412 210.32382202148438 399.5899353027344 210.32382202148438
398.8175354003906 87.17652130126953 427.54714584350586 87.17652130126953 427.54714584350586 213.32859802246094 398.8175354003906 213.32859802246094
396.4947814941406 86.41764831542969 424.3339595794678 86.41764831542969 424.3339595794678 212.69808197021484 396.4947814941406 212.69808197021484
395.9461975097656 88.00657653808594 424.0572395324707 88.00657653808594 424.0572395324707 211.82437133789062 395.9461975097656 211.82437133789062
394.0740051269531 87.7258529663086 422.47679710388184 87.7258529663086 422.47679710388184 211.3554458618164 394.0740051269531 211.3554458618164
393.06646728515625 91.60762023925781 423.6597957611084 91.60762023925781 423.6597957611084 215.64578247070312 393.06646728515625 215.64578247070312
391.54071044921875 93.0079116821289 421.05425453186035 93.0079116821289 421.05425453186035 215.8193588256836 391.54071044921875 215.8193588256836
389.8400573730469 92.85262298583984 418.3382987976074 92.85262298583984 418.3382987976074 215.76109313964844 389.8400573730469 215.76109313964844
388.61090087890625 89.68031311035156 416.15032386779785 89.68031311035156 416.15032386779785 212.1945343017578 388.61090087890625 212.1945343017578
386.6488342285156 90.2167739868164 412.2040672302246 90.2167739868164 412.2040672302246 209.6807632446289 386.6488342285156 209.6807632446289
386.2206726074219 92.08531188964844 412.30731773376465 92.08531188964844 412.30731773376465 212.57296752929688 386.2206726074219 212.57296752929688
386.0579833984375 93.79935455322266 411.8026123046875 93.79935455322266 411.8026123046875 214.97179412841797 386.0579833984375 214.97179412841797
385.59759521484375 91.85606384277344 412.35130882263184 91.85606384277344 412.35130882263184 216.37496185302734 385.59759521484375 216.37496185302734
383.3608703613281 91.0012435913086 409.8160972595215 91.0012435913086 409.8160972595215 212.00199127197266 383.3608703613281 212.00199127197266
382.0801696777344 90.57442474365234 408.4524040222168 90.57442474365234 408.4524040222168 212.25938415527344 382.0801696777344 212.25938415527344
381.1107177734375 91.56669616699219 408.4929008483887 91.56669616699219 408.4929008483887 216.71778106689453 381.1107177734375 216.71778106689453
379.33953857421875 90.25965881347656 407.5169372558594 90.25965881347656 407.5169372558594 216.6464385986328 379.33953857421875 216.6464385986328
377.2992858886719 91.66664123535156 405.8006477355957 91.66664123535156 405.8006477355957 219.29580688476562 377.2992858886719 219.29580688476562
376.04559326171875 93.76275634765625 405.14971351623535 93.76275634765625 405.14971351623535 217.498291015625 376.04559326171875 217.498291015625
374.823974609375 92.38471221923828 402.4619598388672 92.38471221923828 402.4619598388672 214.63521575927734 374.823974609375 214.63521575927734
373.53265380859375 92.22247314453125 400.65307998657227 92.22247314453125 400.65307998657227 212.0376434326172 373.53265380859375 212.0376434326172
372.76904296875 93.41929626464844 400.0595302581787 93.41929626464844 400.0595302581787 212.95993041992188 372.76904296875 212.95993041992188
370.6575012207031 95.10912322998047 398.7490425109863 95.10912322998047 398.7490425109863 213.95471954345703 370.6575012207031 213.95471954345703
369.6781005859375 94.383544921875 397.31674575805664 94.383544921875 397.31674575805664 213.68223571777344 369.6781005859375 213.68223571777344
367.84234619140625 95.94061279296875 395.7289276123047 95.94061279296875 395.7289276123047 214.98876953125 367.84234619140625 214.98876953125
365.8089294433594 94.56820678710938 393.64340591430664 94.56820678710938 393.64340591430664 217.5685577392578 365.8089294433594 217.5685577392578
364.64288330078125 95.03264617919922 392.5931205749512 95.03264617919922 392.5931205749512 219.11756134033203 364.64288330078125 219.11756134033203
362.8995666503906 93.31977844238281 390.52444076538086 93.31977844238281 390.52444076538086 219.16647338867188 362.8995666503906 219.16647338867188
360.4559020996094 94.09341430664062 390.10912132263184 94.09341430664062 390.10912132263184 222.03870391845703 360.4559020996094 222.03870391845703
358.8091125488281 93.78734588623047 388.63744735717773 93.78734588623047 388.63744735717773 222.7949447631836 358.8091125488281 222.7949447631836
356.30316162109375 96.2322998046875 386.53786277770996 96.2322998046875 386.53786277770996 225.27809143066406 356.30316162109375 225.27809143066406
356.0531311035156 96.67794036865234 383.70920181274414 96.67794036865234 383.70920181274414 225.9767074584961 356.0531311035156 225.9767074584961
354.1232604980469 98.32081604003906 381.9286136627197 98.32081604003906 381.9286136627197 226.30260467529297 354.1232604980469 226.30260467529297
351.2041320800781 96.71261596679688 378.497594833374 96.71261596679688 378.497594833374 225.6082000732422 351.2041320800781 225.6082000732422
348.59991455078125 97.98448181152344 376.9823455810547 97.98448181152344 376.9823455810547 228.27198791503906 348.59991455078125 228.27198791503906
346.9871826171875 97.99958801269531 375.7124080657959 97.99958801269531 375.7124080657959 228.45614624023438 346.9871826171875 228.45614624023438
344.210693359375 98.29000091552734 373.82363510131836 98.29000091552734 373.82363510131836 232.69731903076172 344.210693359375 232.69731903076172
342.3955993652344 102.46623229980469 371.93919944763184 102.46623229980469 371.93919944763184 231.48715209960938 342.3955993652344 231.48715209960938
340.5634765625 99.46121978759766 369.1259765625 99.46121978759766 369.1259765625 225.78731536865234 340.5634765625 225.78731536865234
339.5630187988281 100.74107360839844 369.5534248352051 100.74107360839844 369.5534248352051 226.40591430664062 339.5630187988281 226.40591430664062
338.107177734375 101.2518539428711 368.3513431549072 101.2518539428711 368.3513431549072 223.7078094482422 338.107177734375 223.7078094482422
336.22662353515625 101.78386688232422 366.4481315612793 101.78386688232422 366.4481315612793 223.85889434814453 336.22662353515625 223.85889434814453
334.9537658691406 101.84001922607422 366.4922847747803 101.84001922607422 366.4922847747803 226.63690948486328 334.9537658691406 226.63690948486328
332.7371826171875 104.9998779296875 365.78600311279297 104.9998779296875 365.78600311279297 230.9404067993164 332.7371826171875 230.9404067993164
331.3529968261719 102.64030456542969 364.1597709655762 102.64030456542969 364.1597709655762 231.4008331298828 331.3529968261719 231.4008331298828
330.80279541015625 101.71981811523438 363.5231056213379 101.71981811523438 363.5231056213379 233.2953338623047 330.80279541015625 233.2953338623047
328.6787109375 103.63948059082031 360.92888259887695 103.63948059082031 360.92888259887695 235.7841796875 328.6787109375 235.7841796875
327.49212646484375 101.66480255126953 359.33864974975586 101.66480255126953 359.33864974975586 233.80338287353516 327.49212646484375 233.80338287353516
325.25201416015625 100.2842025756836 357.71027755737305 100.2842025756836 357.71027755737305 232.47550201416016 325.25201416015625 232.47550201416016
324.5914306640625 101.35188293457031 356.0361213684082 101.35188293457031 356.0361213684082 236.77720642089844 324.5914306640625 236.77720642089844
321.78350830078125 107.09521484375 354.13671493530273 107.09521484375 354.13671493530273 239.71998596191406 321.78350830078125 239.71998596191406
318.33087158203125 111.70008850097656 352.1345100402832 111.70008850097656 352.1345100402832 241.39732360839844 318.33087158203125 241.39732360839844
317.5704040527344 111.84074401855469 350.2035827636719 111.84074401855469 350.2035827636719 242.3854522705078 317.5704040527344 242.3854522705078
316.7804260253906 107.3973388671875 348.0088291168213 107.3973388671875 348.0088291168213 241.36508178710938 316.7804260253906 241.36508178710938
316.048583984375 104.54691314697266 347.87298011779785 104.54691314697266 347.87298011779785 238.02140045166016 316.048583984375 238.02140045166016
313.01385498046875 107.44207763671875 344.92840576171875 107.44207763671875 344.92840576171875 236.20399475097656 313.01385498046875 236.20399475097656
310.4732666015625 104.47026062011719 343.0299758911133 104.47026062011719 343.0299758911133 233.8137664794922 310.4732666015625 233.8137664794922
308.73724365234375 104.24471282958984 341.33746337890625 104.24471282958984 341.33746337890625 230.636474609375 308.73724365234375 230.636474609375
307.06536865234375 103.86090087890625 339.53717041015625 103.86090087890625 339.53717041015625 230.4462127685547 307.06536865234375 230.4462127685547
305.8130187988281 106.14776611328125 337.6504669189453 106.14776611328125 337.6504669189453 236.88128662109375 305.8130187988281 236.88128662109375
304.7870178222656 103.11308288574219 336.7938461303711 103.11308288574219 336.7938461303711 234.63925170898438 304.7870178222656 234.63925170898438
301.57110595703125 103.32640075683594 333.65368270874023 103.32640075683594 333.65368270874023 235.6256103515625 301.57110595703125 235.6256103515625
300.16778564453125 102.62896728515625 332.3830108642578 102.62896728515625 332.3830108642578 234.20704650878906 300.16778564453125 234.20704650878906
299.1519470214844 102.24699401855469 331.4209671020508 102.24699401855469 331.4209671020508 232.79774475097656 299.1519470214844 232.79774475097656
297.31072998046875 100.58975219726562 329.13268089294434 100.58975219726562 329.13268089294434 231.86134338378906 297.31072998046875 231.86134338378906
294.3560791015625 103.22566223144531 325.8042449951172 103.22566223144531 325.8042449951172 235.8952178955078 294.3560791015625 235.8952178955078
292.33294677734375 101.09564208984375 324.5626029968262 101.09564208984375 324.5626029968262 233.87725830078125 292.33294677734375 233.87725830078125
290.0470275878906 98.43290710449219 321.5141716003418 98.43290710449219 321.5141716003418 234.0979766845703 290.0470275878906 234.0979766845703
288.5068054199219 104.21390533447266 319.70201683044434 104.21390533447266 319.70201683044434 236.49034881591797 288.5068054199219 236.49034881591797
286.4723205566406 110.5662841796875 317.43016052246094 110.5662841796875 317.43016052246094 240.13058471679688 286.4723205566406 240.13058471679688
283.3738708496094 113.79608154296875 314.59369468688965 113.79608154296875 314.59369468688965 244.45684814453125 283.3738708496094 244.45684814453125
283.54315185546875 112.4349136352539 315.2593650817871 112.4349136352539 315.2593650817871 244.68897247314453 283.54315185546875 244.68897247314453
281.30889892578125 108.9600601196289 313.5033187866211 108.9600601196289 313.5033187866211 240.89325714111328 281.30889892578125 240.89325714111328
279.66168212890625 101.52562713623047 312.18599700927734 101.52562713623047 312.18599700927734 234.68366241455078 279.66168212890625 234.68366241455078
278.527587890625 102.79063415527344 311.12216567993164 102.79063415527344 311.12216567993164 236.5462188720703 278.527587890625 236.5462188720703
276.3895568847656 104.08431243896484 309.7870101928711 104.08431243896484 309.7870101928711 235.6671371459961 276.3895568847656 235.6671371459961
274.58990478515625 103.93106842041016 307.44168853759766 103.93106842041016 307.44168853759766 238.08501434326172 274.58990478515625 238.08501434326172
273.89178466796875 105.96052551269531 306.209171295166 105.96052551269531 306.209171295166 239.82308959960938 273.89178466796875 239.82308959960938
270.6890869140625 100.5024642944336 303.89294815063477 100.5024642944336 303.89294815063477 237.8363265991211 270.6890869140625 237.8363265991211
270.14752197265625 106.26972961425781 303.1833686828613 106.26972961425781 303.1833686828613 240.04379272460938 270.14752197265625 240.04379272460938
266.96478271484375 100.37406921386719 300.58736419677734 100.37406921386719 300.58736419677734 239.60426330566406 266.96478271484375 239.60426330566406
264.57470703125 104.98870849609375 297.97716522216797 104.98870849609375 297.97716522216797 243.96051025390625 264.57470703125 243.96051025390625
261.41015625 105.5832748413086 294.9085807800293 105.5832748413086 294.9085807800293 245.78038787841797 261.41015625 245.78038787841797
258.82989501953125 103.26072692871094 293.046443939209 103.26072692871094 293.046443939209 245.78314208984375 258.82989501953125 245.78314208984375
257.6727600097656 102.33174133300781 291.9075508117676 102.33174133300781 291.9075508117676 245.61070251464844 257.6727600097656 245.61070251464844
255.2816925048828 105.97700500488281 289.64889907836914 105.97700500488281 289.64889907836914 249.66477966308594 255.2816925048828 249.66477966308594
254.4130401611328 102.80369567871094 289.0545425415039 102.80369567871094 289.0545425415039 246.95240783691406 254.4130401611328 246.95240783691406
251.541015625 105.3100814819336 286.70619201660156 105.3100814819336 286.70619201660156 248.59752655029297 251.541015625 248.59752655029297
250.28457641601562 97.4849624633789 285.24848556518555 97.4849624633789 285.24848556518555 243.8154067993164 250.28457641601562 243.8154067993164
248.2636260986328 103.37357330322266 283.8736915588379 103.37357330322266 283.8736915588379 247.62818145751953 248.2636260986328 247.62818145751953
245.11654663085938 99.95964050292969 279.95146560668945 99.95964050292969 279.95146560668945 240.5615234375 245.11654663085938 240.5615234375
243.030517578125 100.20112609863281 278.47103118896484 100.20112609863281 278.47103118896484 237.2747802734375 243.030517578125 237.2747802734375
241.94570922851562 102.54227447509766 277.3258934020996 102.54227447509766 277.3258934020996 238.0335464477539 241.94570922851562 238.0335464477539
240.0825653076172 100.79171752929688 274.18867111206055 100.79171752929688 274.18867111206055 239.51708984375 240.0825653076172 239.51708984375
237.6852264404297 99.39042663574219 272.55965423583984 99.39042663574219 272.55965423583984 238.84693908691406 237.6852264404297 238.84693908691406
235.46340942382812 100.475341796875 270.67062759399414 100.475341796875 270.67062759399414 239.12913513183594 235.46340942382812 239.12913513183594
233.31716918945312 101.1348876953125 268.56861114501953 101.1348876953125 268.56861114501953 241.71876525878906 233.31716918945312 241.71876525878906
231.42578125 98.67174530029297 266.7672882080078 98.67174530029297 266.7672882080078 243.41399383544922 231.42578125 243.41399383544922
227.39010620117188 97.43900299072266 262.3580551147461 97.43900299072266 262.3580551147461 243.78632354736328 227.39010620117188 243.78632354736328
225.2416229248047 95.8555679321289 260.42830657958984 95.8555679321289 260.42830657958984 242.7506332397461 225.2416229248047 242.7506332397461
222.765869140625 101.32635498046875 258.08956146240234 101.32635498046875 258.08956146240234 246.87814331054688 222.765869140625 246.87814331054688
220.2051239013672 102.61836242675781 254.61835098266602 102.61836242675781 254.61835098266602 244.917724609375 220.2051239013672 244.917724609375
217.3881072998047 110.17103576660156 249.97186660766602 110.17103576660156 249.97186660766602 249.23484802246094 217.3881072998047 249.23484802246094
214.24185180664062 108.25218200683594 247.93352508544922 108.25218200683594 247.93352508544922 245.24827575683594 214.24185180664062 245.24827575683594
213.1978759765625 105.45158386230469 247.0420913696289 105.45158386230469 247.0420913696289 241.92266845703125 213.1978759765625 241.92266845703125
210.767333984375 107.287109375 245.24312591552734 107.287109375 245.24312591552734 243.2483367919922 210.767333984375 243.2483367919922
208.424560546875 107.25823974609375 243.50823974609375 107.25823974609375 243.50823974609375 238.70932006835938 208.424560546875 238.70932006835938
208.39389038085938 100.81671905517578 242.38189315795898 100.81671905517578 242.38189315795898 234.04393768310547 208.39389038085938 234.04393768310547
205.8484344482422 103.2072525024414 239.34798049926758 103.2072525024414 239.34798049926758 233.52063751220703 205.8484344482422 233.52063751220703
204.52996826171875 102.78211975097656 236.57349014282227 102.78211975097656 236.57349014282227 237.90467834472656 204.52996826171875 237.90467834472656
201.89210510253906 100.78801727294922 234.8007583618164 100.78801727294922 234.8007583618164 240.5149154663086 201.89210510253906 240.5149154663086
198.86399841308594 102.22813415527344 233.38105392456055 102.22813415527344 233.38105392456055 243.95407104492188 198.86399841308594 243.95407104492188
196.68687438964844 100.6298828125 231.1044921875 100.6298828125 231.1044921875 244.5670166015625 196.68687438964844 244.5670166015625
193.70191955566406 103.66807556152344 229.3263816833496 103.66807556152344 229.3263816833496 247.45672607421875 193.70191955566406 247.45672607421875
191.74630737304688 100.21935272216797 226.46451568603516 100.21935272216797 226.46451568603516 246.56897735595703 191.74630737304688 246.56897735595703
188.62770080566406 100.29023742675781 224.04036712646484 100.29023742675781 224.04036712646484 247.11679077148438 188.62770080566406 247.11679077148438
185.6341552734375 100.98113250732422 221.64245986938477 100.98113250732422 221.64245986938477 249.4805679321289 185.6341552734375 249.4805679321289
183.6521453857422 101.96089172363281 220.95189666748047 101.96089172363281 220.95189666748047 252.5182342529297 183.6521453857422 252.5182342529297
182.09559631347656 99.2146224975586 218.80340957641602 99.2146224975586 218.80340957641602 252.5563735961914 182.09559631347656 252.5563735961914
178.2283935546875 103.46290588378906 214.3964958190918 103.46290588378906 214.3964958190918 257.72113037109375 178.2283935546875 257.72113037109375
176.5692901611328 104.67889404296875 213.22756958007812 104.67889404296875 213.22756958007812 256.50819396972656 176.5692901611328 256.50819396972656
175.01292419433594 103.5618896484375 211.95255279541016 103.5618896484375 211.95255279541016 250.35235595703125 175.01292419433594 250.35235595703125
172.60479736328125 107.58084869384766 209.48926162719727 107.58084869384766 209.48926162719727 254.09540557861328 172.60479736328125 254.09540557861328
168.989501953125 103.11735534667969 203.32707977294922 103.11735534667969 203.32707977294922 245.04342651367188 168.989501953125 245.04342651367188
167.06253051757812 103.3514633178711 202.35126495361328 103.3514633178711 202.35126495361328 243.03900909423828 167.06253051757812 243.03900909423828
164.89590454101562 101.7047119140625 199.3891830444336 101.7047119140625 199.3891830444336 240.4012451171875 164.89590454101562 240.4012451171875
161.72874450683594 100.22341918945312 196.6302146911621 100.22341918945312 196.6302146911621 243.81216430664062 161.72874450683594 243.81216430664062
159.419189453125 101.10918426513672 194.31392288208008 101.10918426513672 194.31392288208008 242.84090423583984 159.419189453125 242.84090423583984
157.6367950439453 101.98799896240234 192.51348114013672 101.98799896240234 192.51348114013672 242.92691802978516 157.6367950439453 242.92691802978516
154.4311065673828 104.4601821899414 190.67401885986328 104.4601821899414 190.67401885986328 246.02579498291016 154.4311065673828 246.02579498291016
152.26321411132812 100.64002990722656 188.54390716552734 100.64002990722656 188.54390716552734 245.74627685546875 152.26321411132812 245.74627685546875
150.32009887695312 103.2319564819336 187.09000778198242 103.2319564819336 187.09000778198242 250.98467254638672 150.32009887695312 250.98467254638672
147.64120483398438 100.43901062011719 183.43412399291992 100.43901062011719 183.43412399291992 247.69508361816406 147.64120483398438 247.69508361816406
144.9481201171875 104.739501953125 181.3393096923828 104.739501953125 181.3393096923828 252.7576141357422 144.9481201171875 252.7576141357422
142.7881317138672 104.76912689208984 178.79572296142578 104.76912689208984 178.79572296142578 251.90416717529297 142.7881317138672 251.90416717529297
142.0160675048828 106.3355941772461 177.6999282836914 106.3355941772461 177.6999282836914 254.24419403076172 142.0160675048828 254.24419403076172
139.5093231201172 105.59223937988281 175.04923248291016 105.59223937988281 175.04923248291016 252.22032165527344 139.5093231201172 252.22032165527344
137.34979248046875 104.3740234375 173.80782318115234 104.3740234375 173.80782318115234 254.58041381835938 137.34979248046875 254.58041381835938
135.36802673339844 105.13667297363281 172.36832809448242 105.13667297363281 172.36832809448242 254.06236267089844 135.36802673339844 254.06236267089844
131.81591796875 105.9474868774414 168.85775756835938 105.9474868774414 168.85775756835938 254.30030059814453 131.81591796875 254.30030059814453
130.50686645507812 107.17454528808594 167.6254768371582 107.17454528808594 167.6254768371582 254.0923309326172 130.50686645507812 254.0923309326172
129.26235961914062 106.10090637207031 164.93212127685547 106.10090637207031 164.93212127685547 250.6156005859375 129.26235961914062 250.6156005859375
126.24114990234375 103.48580169677734 161.180419921875 103.48580169677734 161.180419921875 249.1017837524414 126.24114990234375 249.1017837524414
124.10939025878906 102.40531158447266 159.89081192016602 102.40531158447266 159.89081192016602 247.10814666748047 124.10939025878906 247.10814666748047
121.62786865234375 101.63217163085938 157.3166732788086 101.63217163085938 157.3166732788086 245.3258514404297 121.62786865234375 245.3258514404297
119.58203125 100.95418548583984 155.80253982543945 100.95418548583984 155.80253982543945 246.56755828857422 119.58203125 246.56755828857422
116.01570129394531 103.4687271118164 154.2537956237793 103.4687271118164 154.2537956237793 251.0142593383789 116.01570129394531 251.0142593383789
112.58073425292969 103.98751068115234 151.4970932006836 103.98751068115234 151.4970932006836 250.14104461669922 112.58073425292969 250.14104461669922
109.71988677978516 102.8983154296875 149.28551864624023 102.8983154296875 149.28551864624023 251.73460388183594 109.71988677978516 251.73460388183594
108.13502502441406 104.36688232421875 146.53476333618164 104.36688232421875 146.53476333618164 252.5171356201172 108.13502502441406 252.5171356201172
105.62138366699219 100.86201477050781 142.9505386352539 100.86201477050781 142.9505386352539 251.94744873046875 105.62138366699219 251.94744873046875
103.42570495605469 102.6478042602539 141.88653945922852 102.6478042602539 141.88653945922852 254.57772064208984 103.42570495605469 254.57772064208984
100.50053405761719 104.91536712646484 138.5260009765625 104.91536712646484 138.5260009765625 257.4747543334961 100.50053405761719 257.4747543334961
98.10966491699219 103.40653228759766 136.35106658935547 103.40653228759766 136.35106658935547 255.33104705810547 98.10966491699219 255.33104705810547
95.76200103759766 106.3863525390625 132.82862854003906 106.3863525390625 132.82862854003906 254.94677734375 95.76200103759766 254.94677734375
95.15046691894531 104.87553405761719 132.2036590576172 104.87553405761719 132.2036590576172 253.18960571289062 95.15046691894531 253.18960571289062
91.18804931640625 109.11881256103516 129.65593338012695 109.11881256103516 129.65593338012695 259.50292205810547 91.18804931640625 259.50292205810547
88.67385864257812 109.48775482177734 126.06759643554688 109.48775482177734 126.06759643554688 255.78350067138672 88.67385864257812 255.78350067138672
88.19749450683594 105.4139633178711 123.60344696044922 105.4139633178711 123.60344696044922 254.91316986083984 88.19749450683594 254.91316986083984
84.3813705444336 105.3165512084961 120.28041076660156 105.3165512084961 120.28041076660156 253.85858917236328 84.3813705444336 253.85858917236328
82.31674194335938 107.70866394042969 117.50408554077148 107.70866394042969 117.50408554077148 250.58241271972656 82.31674194335938 250.58241271972656
79.20661926269531 106.77823638916016 115.27314758300781 106.77823638916016 115.27314758300781 250.2370834350586 79.20661926269531 250.2370834350586
76.63294982910156 107.4431381225586 113.02246475219727 107.4431381225586 113.02246475219727 251.8011703491211 76.63294982910156 251.8011703491211
73.83827209472656 108.57975006103516 109.90602111816406 108.57975006103516 109.90602111816406 250.95088958740234 73.83827209472656 250.95088958740234
70.1796646118164 108.63960266113281 106.93703842163086 108.63960266113281 106.93703842163086 252.3472900390625 70.1796646118164 252.3472900390625
69.2840805053711 108.3572769165039 104.58781814575195 108.3572769165039 104.58781814575195 250.7263412475586 69.2840805053711 250.7263412475586
65.42452239990234 108.59918212890625 101.28712463378906 108.59918212890625 101.28712463378906 252.97695922851562 65.42452239990234 252.97695922851562
63.83549880981445 110.1485366821289 98.26359176635742 110.1485366821289 98.26359176635742 252.92704010009766 63.83549880981445 252.92704010009766
61.81895065307617 110.40901184082031 95.60276794433594 110.40901184082031 95.60276794433594 249.1295623779297 61.81895065307617 249.1295623779297
58.890037536621094 110.60368347167969 93.08561325073242 110.60368347167969 93.08561325073242 249.49423217773438 58.890037536621094 249.49423217773438
56.45752716064453 112.11700439453125 90.92499542236328 112.11700439453125 90.92499542236328 253.35394287109375 56.45752716064453 253.35394287109375
55.91231155395508 113.21583557128906 90.8529052734375 113.21583557128906 90.8529052734375 252.71939086914062 55.91231155395508 252.71939086914062
52.68659210205078 112.92268371582031 88.25336456298828 112.92268371582031 88.25336456298828 251.92092895507812 52.68659210205078 251.92092895507812
50.99677276611328 110.37129211425781 85.24435806274414 110.37129211425781 85.24435806274414 250.3657989501953 50.99677276611328 250.3657989501953
48.842079162597656 109.7208023071289 82.83258438110352 109.7208023071289 82.83258438110352 251.64344024658203 48.842079162597656 251.64344024658203
46.0670280456543 110.36236572265625 80.91786575317383 110.36236572265625 80.91786575317383 248.10208129882812 46.0670280456543 248.10208129882812
43.07978439331055 109.37028503417969 78.55778884887695 109.37028503417969 78.55778884887695 247.03285217285156 43.07978439331055 247.03285217285156
40.44255828857422 110.42912292480469 76.7509880065918 110.42912292480469 76.7509880065918 246.55862426757812 40.44255828857422 246.55862426757812
38.301422119140625 111.23028564453125 74.73664474487305 111.23028564453125 74.73664474487305 246.16903686523438 38.301422119140625 246.16903686523438
35.888816833496094 111.23477935791016 71.8536376953125 111.23477935791016 71.8536376953125 248.13903045654297 35.888816833496094 248.13903045654297
42.26755142211914 108.22514343261719 79.98247146606445 108.22514343261719 79.98247146606445 258.4599304199219 42.26755142211914 258.4599304199219
49.85942840576172 110.88519287109375 87.47377395629883 110.88519287109375 87.47377395629883 257.12635803222656 49.85942840576172 257.12635803222656
60.3985481262207 105.20540618896484 96.61341094970703 105.20540618896484 96.61341094970703 256.7712173461914 60.3985481262207 256.7712173461914
67.06542205810547 103.55855560302734 102.54446411132812 103.55855560302734 102.54446411132812 252.04485321044922 67.06542205810547 252.04485321044922
78.2772445678711 107.132080078125 116.16311645507812 107.132080078125 116.16311645507812 254.4441680908203 78.2772445678711 254.4441680908203
88.4043197631836 101.68926239013672 124.5926628112793 101.68926239013672 124.5926628112793 253.14408111572266 88.4043197631836 253.14408111572266
99.38816833496094 103.73388671875 134.84616470336914 103.73388671875 134.84616470336914 252.13206481933594 99.38816833496094 252.13206481933594
108.6218490600586 99.81126403808594 144.1695327758789 99.81126403808594 144.1695327758789 248.5847930908203 108.6218490600586 248.5847930908203
116.68598937988281 98.30400085449219 152.8580207824707 98.30400085449219 152.8580207824707 249.6905517578125 116.68598937988281 249.6905517578125
127.88972473144531 98.27863311767578 163.30936431884766 98.27863311767578 163.30936431884766 246.51627349853516 127.88972473144531 246.51627349853516
137.87728881835938 96.14057922363281 174.0638542175293 96.14057922363281 174.0638542175293 247.58795166015625 137.87728881835938 247.58795166015625
147.6977996826172 95.25875091552734 183.54203033447266 95.25875091552734 183.54203033447266 245.27338409423828 147.6977996826172 245.27338409423828
156.42031860351562 96.6799545288086 192.24430084228516 96.6799545288086 192.24430084228516 246.6098403930664 156.42031860351562 246.6098403930664
167.6601104736328 94.71876525878906 202.94167709350586 94.71876525878906 202.94167709350586 242.37852478027344 167.6601104736328 242.37852478027344
177.83706665039062 98.52906799316406 213.24138259887695 98.52906799316406 213.24138259887695 246.70254516601562 177.83706665039062 246.70254516601562
188.79055786132812 98.14448547363281 224.49974060058594 98.14448547363281 224.49974060058594 247.59388732910156 188.79055786132812 247.59388732910156
197.61329650878906 99.4836654663086 233.31103897094727 99.4836654663086 233.31103897094727 248.88520050048828 197.61329650878906 248.88520050048828
212.2692413330078 97.2940902709961 247.97415161132812 97.2940902709961 247.97415161132812 246.72562408447266 212.2692413330078 246.72562408447266
218.43704223632812 100.662841796875 254.3639373779297 100.662841796875 254.3639373779297 251.0234375 218.43704223632812 251.0234375
226.91879272460938 99.5637435913086 262.4304504394531 99.5637435913086 262.4304504394531 248.1865005493164 226.91879272460938 248.1865005493164
241.0553741455078 95.03038024902344 276.4982376098633 95.03038024902344 276.4982376098633 243.36521911621094 241.0553741455078 243.36521911621094
247.51806640625 101.06266784667969 283.1556930541992 101.06266784667969 283.1556930541992 250.21263122558594 247.51806640625 250.21263122558594
260.31744384765625 98.20167541503906 296.93448638916016 98.20167541503906 296.93448638916016 251.45066833496094 260.31744384765625 251.45066833496094
269.366943359375 99.53672790527344 306.15247344970703 99.53672790527344 306.15247344970703 253.4908447265625 269.366943359375 253.4908447265625
271.91668701171875 97.41860961914062 308.53955841064453 97.41860961914062 308.53955841064453 250.6919708251953 271.91668701171875 250.6919708251953
276.02618408203125 99.14152526855469 312.7528305053711 99.14152526855469 312.7528305053711 252.8491973876953 276.02618408203125 252.8491973876953
283.6259765625 101.00204467773438 320.3446617126465 101.00204467773438 320.3446617126465 254.6763916015625 283.6259765625 254.6763916015625
291.6026916503906 101.4080810546875 328.9117736816406 101.4080810546875 328.9117736816406 257.55335998535156 291.6026916503906 257.55335998535156
302.41546630859375 97.6660385131836 339.42273712158203 97.6660385131836 339.42273712158203 252.54816436767578 302.41546630859375 252.54816436767578
314.52972412109375 100.86421966552734 351.34329986572266 100.86421966552734 351.34329986572266 254.93572235107422 314.52972412109375 254.93572235107422
326.02606201171875 96.80178833007812 362.4313278198242 96.80178833007812 362.4313278198242 249.16444396972656 326.02606201171875 249.16444396972656
335.67987060546875 97.65580749511719 371.38471603393555 97.65580749511719 371.38471603393555 247.08706665039062 335.67987060546875 247.08706665039062
347.63494873046875 98.43649291992188 383.13958740234375 98.43649291992188 383.13958740234375 247.0298614501953 347.63494873046875 247.0298614501953
359.5724182128906 100.85456848144531 395.08845138549805 100.85456848144531 395.08845138549805 249.4956512451172 359.5724182128906 249.4956512451172
366.0787048339844 102.72554779052734 401.68868255615234 102.72554779052734 401.68868255615234 251.75980377197266 366.0787048339844 251.75980377197266
368.0497131347656 103.0248031616211 403.803897857666 103.0248031616211 403.803897857666 252.66259002685547 368.0497131347656 252.66259002685547
378.02447509765625 90.15754699707031 414.00879669189453 90.15754699707031 414.00879669189453 240.75851440429688 378.02447509765625 240.75851440429688
387.2698669433594 99.00286865234375 422.6100540161133 99.00286865234375 422.6100540161133 246.90802001953125 387.2698669433594 246.90802001953125
397.9549560546875 94.41110229492188 432.5989570617676 94.41110229492188 432.5989570617676 239.402587890625 397.9549560546875 239.402587890625
408.65338134765625 84.41722869873047 443.2199935913086 84.41722869873047 443.2199935913086 229.08484649658203 408.65338134765625 229.08484649658203
416.771728515625 88.71675109863281 450.6588554382324 88.71675109863281 450.6588554382324 230.5406036376953 416.771728515625 230.5406036376953
427.86981201171875 84.55940246582031 462.10167694091797 84.55940246582031 462.10167694091797 227.82603454589844 427.86981201171875 227.82603454589844
436.23486328125 87.99163818359375 471.0669479370117 87.99163818359375 471.0669479370117 233.77029418945312 436.23486328125 233.77029418945312
443.41058349609375 95.45946502685547 478.735294342041 95.45946502685547 478.735294342041 243.29984283447266 443.41058349609375 243.29984283447266
443.1102600097656 95.79535675048828 478.4897880554199 95.79535675048828 478.4897880554199 243.86515045166016 443.1102600097656 243.86515045166016
441.926025390625 96.0159683227539 477.64006423950195 96.0159683227539 477.64006423950195 232.66126251220703 441.926025390625 232.66126251220703
437.66021728515625 95.51968383789062 474.0485649108887 95.51968383789062 474.0485649108887 232.69134521484375 437.66021728515625 232.69134521484375
437.3572692871094 96.80778503417969 473.23441314697266 96.80778503417969 473.23441314697266 234.5763702392578 437.3572692871094 234.5763702392578
434.4227600097656 98.23799133300781 468.73827362060547 98.23799133300781 468.73827362060547 234.9449005126953 434.4227600097656 234.9449005126953
430.6268005371094 100.94945526123047 467.37589263916016 100.94945526123047 467.37589263916016 239.03943634033203 430.6268005371094 239.03943634033203
429.39990234375 100.72343444824219 465.3678169250488 100.72343444824219 465.3678169250488 238.6658935546875 429.39990234375 238.6658935546875
425.985107421875 101.4710464477539 461.0982360839844 101.4710464477539 461.0982360839844 239.98896026611328 425.985107421875 239.98896026611328
425.798828125 102.55064392089844 460.75080490112305 102.55064392089844 460.75080490112305 240.46986389160156 425.798828125 240.46986389160156
423.634521484375 101.58686828613281 456.44792556762695 101.58686828613281 456.44792556762695 238.20494079589844 423.634521484375 238.20494079589844
419.81854248046875 104.739990234375 455.67395782470703 104.739990234375 455.67395782470703 240.7080841064453 419.81854248046875 240.7080841064453
419.20782470703125 102.4644546508789 452.6744842529297 102.4644546508789 452.6744842529297 240.6198501586914 419.20782470703125 240.6198501586914
415.413330078125 103.9944076538086 451.28759002685547 103.9944076538086 451.28759002685547 246.8293228149414 415.413330078125 246.8293228149414
414.37713623046875 102.628662109375 448.45116806030273 102.628662109375 448.45116806030273 243.53555297851562 414.37713623046875 243.53555297851562
413.41748046875 102.6050796508789 447.31298065185547 102.6050796508789 447.31298065185547 238.86798858642578 413.41748046875 238.86798858642578
408.7823791503906 103.84687805175781 443.7288398742676 103.84687805175781 443.7288398742676 241.5448455810547 408.7823791503906 241.5448455810547
407.48724365234375 100.6787109375 440.5486717224121 100.6787109375 440.5486717224121 241.0627899169922 407.48724365234375 241.0627899169922
405.641845703125 100.73481750488281 437.55197525024414 100.73481750488281 437.55197525024414 235.77505493164062 405.641845703125 235.77505493164062
403.3876953125 103.00468444824219 437.77395248413086 103.00468444824219 437.77395248413086 236.20741271972656 403.3876953125 236.20741271972656
401.08148193359375 107.22013854980469 433.6058158874512 107.22013854980469 433.6058158874512 233.53433227539062 401.08148193359375 233.53433227539062
398.1401062011719 102.02827453613281 433.6975440979004 102.02827453613281 433.6975440979004 232.09727478027344 398.1401062011719 232.09727478027344
395.57830810546875 101.68855285644531 430.54085540771484 101.68855285644531 430.54085540771484 231.13427734375 395.57830810546875 231.13427734375
391.50958251953125 98.17737579345703 427.1510696411133 98.17737579345703 427.1510696411133 238.7236099243164 391.50958251953125 238.7236099243164
389.7221984863281 99.87532043457031 424.86280822753906 99.87532043457031 424.86280822753906 239.27745056152344 389.7221984863281 239.27745056152344
386.23382568359375 102.04438018798828 422.3093147277832 102.04438018798828 422.3093147277832 242.4273452758789 386.23382568359375 242.4273452758789
384.2861328125 104.79811096191406 419.2408332824707 104.79811096191406 419.2408332824707 241.15586853027344 384.2861328125 241.15586853027344
382.6900939941406 104.13375091552734 417.58182525634766 104.13375091552734 417.58182525634766 237.66812896728516 382.6900939941406 237.66812896728516
381.31512451171875 103.18263244628906 414.3045768737793 103.18263244628906 414.3045768737793 238.4657745361328 381.31512451171875 238.4657745361328
380.033203125 105.4018783569336 412.93350982666016 105.4018783569336 412.93350982666016 238.9546127319336 380.033203125 238.9546127319336
377.8461608886719 104.6377944946289 410.2399139404297 104.6377944946289 410.2399139404297 238.79267120361328 377.8461608886719 238.79267120361328
375.5224914550781 104.92706298828125 409.1839294433594 104.92706298828125 409.1839294433594 240.1390838623047 375.5224914550781 240.1390838623047
372.968505859375 107.18504333496094 406.7708969116211 107.18504333496094 406.7708969116211 239.71372985839844 372.968505859375 239.71372985839844
370.9261779785156 106.98140716552734 404.90581130981445 106.98140716552734 404.90581130981445 238.0511703491211 370.9261779785156 238.0511703491211
369.48699951171875 103.64323425292969 402.0459632873535 103.64323425292969 402.0459632873535 237.7091522216797 369.48699951171875 237.7091522216797
366.83294677734375 103.4013671875 399.8258285522461 103.4013671875 399.8258285522461 233.9712371826172 366.83294677734375 233.9712371826172
365.3312683105469 105.1923828125 398.1226806640625 105.1923828125 398.1226806640625 231.7621307373047 365.3312683105469 231.7621307373047
362.5538635253906 104.84745788574219 396.79605865478516 104.84745788574219 396.79605865478516 232.482421875 362.5538635253906 232.482421875
360.04925537109375 103.77523040771484 393.5108985900879 103.77523040771484 393.5108985900879 231.74192810058594 360.04925537109375 231.74192810058594
357.7543640136719 105.0654067993164 392.26337814331055 105.0654067993164 392.26337814331055 232.39556121826172 357.7543640136719 232.39556121826172
355.4322509765625 103.9069595336914 389.44765853881836 103.9069595336914 389.44765853881836 233.7767105102539 355.4322509765625 233.7767105102539
353.0315856933594 104.1273193359375 387.5162467956543 104.1273193359375 387.5162467956543 233.9839630126953 353.0315856933594 233.9839630126953
351.55670166015625 104.58097076416016 385.4005661010742 104.58097076416016 385.4005661010742 234.89234161376953 351.55670166015625 234.89234161376953
348.5312194824219 107.51664733886719 382.84024810791016 107.51664733886719 382.84024810791016 240.40908813476562 348.5312194824219 240.40908813476562
346.46502685546875 105.83404541015625 379.6028175354004 105.83404541015625 379.6028175354004 239.90138244628906 346.46502685546875 239.90138244628906
345.40032958984375 106.5009765625 378.7682991027832 106.5009765625 378.7682991027832 241.98500061035156 345.40032958984375 241.98500061035156
342.4817199707031 108.37939453125 375.89194107055664 108.37939453125 375.89194107055664 243.96287536621094 342.4817199707031 243.96287536621094
340.18292236328125 105.63175964355469 373.8246078491211 105.63175964355469 373.8246078491211 242.66944885253906 340.18292236328125 242.66944885253906
338.44158935546875 106.69099426269531 371.0797348022461 106.69099426269531 371.0797348022461 244.4284210205078 338.44158935546875 244.4284210205078
335.7145690917969 102.76020812988281 368.8812065124512 102.76020812988281 368.8812065124512 243.3130645751953 335.7145690917969 243.3130645751953
331.80194091796875 108.26603698730469 366.4674377441406 108.26603698730469 366.4674377441406 245.50860595703125 331.80194091796875 245.50860595703125
331.6221923828125 105.09919738769531 365.7827835083008 105.09919738769531 365.7827835083008 242.11683654785156 331.6221923828125 242.11683654785156
328.92974853515625 102.29228973388672 362.7633476257324 102.29228973388672 362.7633476257324 243.65467071533203 328.92974853515625 243.65467071533203
327.2984924316406 99.6539535522461 359.9491767883301 99.6539535522461 359.9491767883301 240.11737823486328 327.2984924316406 240.11737823486328
324.9020080566406 100.99275970458984 358.4808464050293 100.99275970458984 358.4808464050293 237.67346954345703 324.9020080566406 237.67346954345703
321.71258544921875 105.52107238769531 356.7508201599121 105.52107238769531 356.7508201599121 237.9862060546875 321.71258544921875 237.9862060546875
318.65936279296875 100.95822143554688 353.2077102661133 100.95822143554688 353.2077102661133 234.66253662109375 318.65936279296875 234.66253662109375
315.78179931640625 97.34095001220703 350.81117248535156 97.34095001220703 350.81117248535156 234.6732406616211 315.78179931640625 234.6732406616211
314.2196960449219 98.73975372314453 349.0549125671387 98.73975372314453 349.0549125671387 236.20516204833984 314.2196960449219 236.20516204833984
310.5445861816406 96.7061538696289 345.1764945983887 96.7061538696289 345.1764945983887 238.23735809326172 310.5445861816406 238.23735809326172
308.37200927734375 95.71871948242188 343.8078842163086 95.71871948242188 343.8078842163086 239.33380126953125 308.37200927734375 239.33380126953125
306.11419677734375 96.68400573730469 340.96336364746094 96.68400573730469 340.96336364746094 241.94064331054688 306.11419677734375 241.94064331054688
303.2283935546875 102.54666900634766 337.42676544189453 102.54666900634766 337.42676544189453 243.71358489990234 303.2283935546875 243.71358489990234
301.82464599609375 97.75892639160156 336.5106430053711 97.75892639160156 336.5106430053711 244.086669921875 301.82464599609375 244.086669921875
298.9422302246094 100.9129409790039 333.30818939208984 100.9129409790039 333.30818939208984 246.1093521118164 298.9422302246094 246.1093521118164
298.0118103027344 97.06587219238281 332.48147201538086 97.06587219238281 332.48147201538086 243.46865844726562 298.0118103027344 243.46865844726562
294.85003662109375 100.87319946289062 329.6312675476074 100.87319946289062 329.6312675476074 245.26878356933594 294.85003662109375 245.26878356933594
292.0238342285156 102.7275619506836 328.82875061035156 102.7275619506836 328.82875061035156 246.9819564819336 292.0238342285156 246.9819564819336
289.29833984375 103.29988098144531 326.0972213745117 103.29988098144531 326.0972213745117 252.10043334960938 289.29833984375 252.10043334960938
289.9004821777344 101.09220886230469 324.8063316345215 101.09220886230469 324.8063316345215 244.371337890625 289.9004821777344 244.371337890625
286.94744873046875 103.3441390991211 321.78318786621094 103.3441390991211 321.78318786621094 240.94355010986328 286.94744873046875 240.94355010986328
285.624755859375 101.74725341796875 320.0755424499512 101.74725341796875 320.0755424499512 239.47210693359375 285.624755859375 239.47210693359375
282.5437927246094 104.8878402709961 317.5998115539551 104.8878402709961 317.5998115539551 239.49321746826172 282.5437927246094 239.49321746826172
280.52069091796875 105.35784912109375 314.8322868347168 105.35784912109375 314.8322868347168 240.67306518554688 280.52069091796875 240.67306518554688
277.5362243652344 100.18290710449219 312.5076141357422 100.18290710449219 312.5076141357422 239.26919555664062 277.5362243652344 239.26919555664062
274.4761657714844 98.85646057128906 309.3827438354492 98.85646057128906 309.3827438354492 240.9162139892578 274.4761657714844 240.9162139892578
272.7049255371094 99.78201293945312 307.9759864807129 99.78201293945312 307.9759864807129 243.6695098876953 272.7049255371094 243.6695098876953
268.05572509765625 100.43927001953125 304.23608779907227 100.43927001953125 304.23608779907227 243.47857666015625 268.05572509765625 243.47857666015625
266.4546203613281 102.66996765136719 302.88257598876953 102.66996765136719 302.88257598876953 245.3197021484375 266.4546203613281 245.3197021484375
264.5386657714844 101.04869079589844 300.8586120605469 101.04869079589844 300.8586120605469 244.84205627441406 264.5386657714844 244.84205627441406
262.3322448730469 97.72098541259766 298.48596572875977 97.72098541259766 298.48596572875977 239.59040069580078 262.3322448730469 239.59040069580078
261.6423034667969 102.45943450927734 298.0001754760742 102.45943450927734 298.0001754760742 245.46991729736328 261.6423034667969 245.46991729736328
258.76019287109375 99.67672729492188 295.1433563232422 99.67672729492188 295.1433563232422 240.1328582763672 258.76019287109375 240.1328582763672
255.7605743408203 104.7347183227539 293.2974319458008 104.7347183227539 293.2974319458008 243.49333953857422 255.7605743408203 243.49333953857422
255.4565887451172 102.3571548461914 292.4370307922363 102.3571548461914 292.4370307922363 241.0912857055664 255.4565887451172 241.0912857055664
252.0801544189453 102.1736068725586 288.554012298584 102.1736068725586 288.554012298584 244.4318618774414 252.0801544189453 244.4318618774414
250.52725219726562 101.65248107910156 286.18461990356445 101.65248107910156 286.18461990356445 243.1819305419922 250.52725219726562 243.1819305419922
247.3510284423828 101.1136474609375 283.78210067749023 101.1136474609375 283.78210067749023 238.96597290039062 247.3510284423828 238.96597290039062
245.7694549560547 103.83387756347656 282.83467864990234 103.83387756347656 282.83467864990234 237.76742553710938 245.7694549560547 237.76742553710938
243.4668426513672 102.5693130493164 280.5343704223633 102.5693130493164 280.5343704223633 236.69605255126953 243.4668426513672 236.69605255126953
239.95654296875 107.03739166259766 277.2441520690918 107.03739166259766 277.2441520690918 238.99103546142578 239.95654296875 238.99103546142578
237.1963348388672 103.8822021484375 274.7430839538574 103.8822021484375 274.7430839538574 239.43832397460938 237.1963348388672 239.43832397460938
234.2287139892578 102.84112548828125 272.4290008544922 102.84112548828125 272.4290008544922 239.8943634033203 234.2287139892578 239.8943634033203
232.3257598876953 98.48458099365234 269.86249923706055 98.48458099365234 269.86249923706055 239.30791473388672 232.3257598876953 239.30791473388672
228.68716430664062 102.54244232177734 265.7553596496582 102.54244232177734 265.7553596496582 242.9638442993164 228.68716430664062 242.9638442993164
226.72732543945312 104.83256530761719 263.57060623168945 104.83256530761719 263.57060623168945 244.45602416992188 226.72732543945312 244.45602416992188
224.67190551757812 102.37271118164062 261.3001480102539 102.37271118164062 261.3001480102539 243.34707641601562 224.67190551757812 243.34707641601562
223.0302276611328 102.3517074584961 259.9613952636719 102.3517074584961 259.9613952636719 245.18622589111328 223.0302276611328 245.18622589111328
222.3483123779297 104.7295913696289 259.87549591064453 104.7295913696289 259.87549591064453 248.24559783935547 222.3483123779297 248.24559783935547
220.0654754638672 103.6298599243164 256.6019172668457 103.6298599243164 256.6019172668457 244.79853057861328 220.0654754638672 244.79853057861328
217.4585723876953 102.61966705322266 254.3400421142578 102.61966705322266 254.3400421142578 244.83086395263672 217.4585723876953 244.83086395263672
215.75827026367188 105.40757751464844 254.13814544677734 105.40757751464844 254.13814544677734 248.8755645751953 215.75827026367188 248.8755645751953
213.09024047851562 107.82843017578125 250.52367401123047 107.82843017578125 250.52367401123047 251.32752990722656 213.09024047851562 251.32752990722656
211.8035888671875 103.06950378417969 247.1460723876953 103.06950378417969 247.1460723876953 244.3476104736328 211.8035888671875 244.3476104736328
209.73617553710938 104.48466491699219 244.44804000854492 104.48466491699219 244.44804000854492 239.84487915039062 209.73617553710938 239.84487915039062
208.41848754882812 101.97004699707031 243.4887580871582 101.97004699707031 243.4887580871582 237.85818481445312 208.41848754882812 237.85818481445312
205.7344970703125 100.823974609375 241.4530143737793 100.823974609375 241.4530143737793 237.49957275390625 205.7344970703125 237.49957275390625
202.55738830566406 104.55294036865234 237.99973678588867 104.55294036865234 237.99973678588867 239.32732391357422 202.55738830566406 239.32732391357422
200.12698364257812 103.8759536743164 236.31206512451172 103.8759536743164 236.31206512451172 240.55139923095703 200.12698364257812 240.55139923095703
196.134765625 105.08109283447266 233.32322692871094 105.08109283447266 233.32322692871094 244.16181182861328 196.134765625 244.16181182861328
195.62759399414062 102.04505920410156 231.7348518371582 102.04505920410156 231.7348518371582 242.1719207763672 195.62759399414062 242.1719207763672
193.79763793945312 103.0392074584961 229.55091857910156 103.0392074584961 229.55091857910156 243.81761932373047 193.79763793945312 243.81761932373047
191.31134033203125 100.33554077148438 227.70582580566406 100.33554077148438 227.70582580566406 242.67880249023438 191.31134033203125 242.67880249023438
187.6151123046875 105.47712707519531 224.23221588134766 105.47712707519531 224.23221588134766 242.68955993652344 187.6151123046875 242.68955993652344
185.34786987304688 106.7001953125 222.2206039428711 106.7001953125 222.2206039428711 245.46395874023438 185.34786987304688 245.46395874023438
186.04971313476562 104.91645812988281 222.80128860473633 104.91645812988281 222.80128860473633 246.66575622558594 186.04971313476562 246.66575622558594
183.00534057617188 102.2510986328125 220.00275802612305 102.2510986328125 220.00275802612305 240.79513549804688 183.00534057617188 240.79513549804688
181.63742065429688 103.42679595947266 217.48258209228516 103.42679595947266 217.48258209228516 245.94750213623047 181.63742065429688 245.94750213623047
179.89833068847656 105.95650482177734 215.11526107788086 105.95650482177734 215.11526107788086 246.42076873779297 179.89833068847656 246.42076873779297
179.19894409179688 103.60072326660156 213.90633392333984 103.60072326660156 213.90633392333984 241.96714782714844 179.19894409179688 241.96714782714844
176.681640625 102.134033203125 211.47600555419922 102.134033203125 211.47600555419922 238.8973388671875 176.681640625 238.8973388671875
173.4470977783203 104.17279052734375 209.6127586364746 104.17279052734375 209.6127586364746 237.15916442871094 173.4470977783203 237.15916442871094
172.7721710205078 101.97676086425781 208.48517608642578 101.97676086425781 208.48517608642578 235.3087615966797 172.7721710205078 235.3087615966797
170.17767333984375 101.83720397949219 206.2244529724121 101.83720397949219 206.2244529724121 235.88180541992188 170.17767333984375 235.88180541992188
167.49627685546875 100.7208480834961 203.97898864746094 100.7208480834961 203.97898864746094 235.31841278076172 167.49627685546875 235.31841278076172
165.17947387695312 104.57301330566406 200.1448516845703 104.57301330566406 200.1448516845703 247.3655242919922 165.17947387695312 247.3655242919922
161.59982299804688 101.52044677734375 197.62224960327148 101.52044677734375 197.62224960327148 240.6475372314453 161.59982299804688 240.6475372314453
157.6892547607422 100.21192932128906 193.52169036865234 100.21192932128906 193.52169036865234 243.71688842773438 157.6892547607422 243.71688842773438
156.72982788085938 104.83744812011719 192.2912826538086 104.83744812011719 192.2912826538086 247.89703369140625 156.72982788085938 247.89703369140625
155.77078247070312 105.18925476074219 192.29778671264648 105.18925476074219 192.29778671264648 246.84910583496094 155.77078247070312 246.84910583496094
152.32510375976562 104.03059387207031 189.7729721069336 104.03059387207031 189.7729721069336 245.1515655517578 152.32510375976562 245.1515655517578
150.76608276367188 108.33525085449219 188.32269668579102 108.33525085449219 188.32269668579102 247.57870483398438 150.76608276367188 247.57870483398438
149.4302978515625 104.571533203125 186.7746810913086 104.571533203125 186.7746810913086 247.12742614746094 149.4302978515625 247.12742614746094
148.10531616210938 105.27348327636719 184.84098434448242 105.27348327636719 184.84098434448242 247.99383544921875 148.10531616210938 247.99383544921875
146.1665802001953 108.3797836303711 183.52947616577148 108.3797836303711 183.52947616577148 250.33391571044922 146.1665802001953 250.33391571044922
143.3792724609375 107.49757385253906 181.13457870483398 107.49757385253906 181.13457870483398 247.06944274902344 143.3792724609375 247.06944274902344
142.5062713623047 109.07337951660156 180.26696395874023 109.07337951660156 180.26696395874023 251.14393615722656 142.5062713623047 251.14393615722656
139.81674194335938 105.51851654052734 176.25592803955078 105.51851654052734 176.25592803955078 245.26456451416016 139.81674194335938 245.26456451416016
139.81784057617188 102.9936294555664 173.6920051574707 102.9936294555664 173.6920051574707 241.82625579833984 139.81784057617188 241.82625579833984
138.0460205078125 102.9870834350586 172.353515625 102.9870834350586 172.353515625 237.0584487915039 138.0460205078125 237.0584487915039
135.06381225585938 101.67033386230469 169.78309631347656 101.67033386230469 169.78309631347656 235.5287322998047 135.06381225585938 235.5287322998047
132.42013549804688 103.74212646484375 168.29320907592773 103.74212646484375 168.29320907592773 238.01734924316406 132.42013549804688 238.01734924316406
129.65432739257812 104.24544525146484 165.78742218017578 104.24544525146484 165.78742218017578 240.13665008544922 129.65432739257812 240.13665008544922
127.21659851074219 106.0055160522461 164.28527450561523 106.0055160522461 164.28527450561523 242.31604766845703 127.21659851074219 242.31604766845703
124.05306243896484 107.274169921875 161.73228454589844 107.274169921875 161.73228454589844 243.6260986328125 124.05306243896484 243.6260986328125
122.4697036743164 105.62786865234375 159.40018463134766 105.62786865234375 159.40018463134766 243.39627075195312 122.4697036743164 243.39627075195312
121.53558349609375 106.4500732421875 158.27898406982422 106.4500732421875 158.27898406982422 246.3648223876953 121.53558349609375 246.3648223876953
119.18522644042969 105.04457092285156 155.3797264099121 105.04457092285156 155.3797264099121 241.46449279785156 119.18522644042969 241.46449279785156
117.00965881347656 105.24998474121094 153.71088409423828 105.24998474121094 153.71088409423828 241.67701721191406 117.00965881347656 241.67701721191406
114.9232406616211 106.8846206665039 152.32398986816406 106.8846206665039 152.32398986816406 245.40680694580078 114.9232406616211 245.40680694580078
113.41380310058594 107.70545959472656 150.90739822387695 107.70545959472656 150.90739822387695 246.20042419433594 113.41380310058594 246.20042419433594
110.62156677246094 107.6518325805664 148.9600486755371 107.6518325805664 148.9600486755371 243.9226303100586 110.62156677246094 243.9226303100586
114.99714660644531 98.1973648071289 151.88693618774414 98.1973648071289 151.88693618774414 252.5879898071289 114.99714660644531 252.5879898071289
125.0499496459961 103.77976989746094 163.48068237304688 103.77976989746094 163.48068237304688 247.17523193359375 125.0499496459961 247.17523193359375
133.1351318359375 99.25528717041016 170.1330795288086 99.25528717041016 170.1330795288086 254.0986099243164 133.1351318359375 254.0986099243164
143.62754821777344 100.74201965332031 182.4692039489746 100.74201965332031 182.4692039489746 240.1103515625 143.62754821777344 240.1103515625
157.75851440429688 96.98106384277344 195.4951057434082 96.98106384277344 195.4951057434082 254.91575622558594 157.75851440429688 254.91575622558594
160.999755859375 101.3293685913086 203.25208282470703 101.3293685913086 203.25208282470703 239.6622543334961 160.999755859375 239.6622543334961
173.76541137695312 89.86175537109375 211.4059295654297 89.86175537109375 211.4059295654297 247.39434814453125 173.76541137695312 247.39434814453125
184.3974609375 96.5527572631836 221.21050643920898 96.5527572631836 221.21050643920898 250.62223052978516 184.3974609375 250.62223052978516
191.21923828125 95.68985748291016 228.0354347229004 95.68985748291016 228.0354347229004 249.77252960205078 191.21923828125 249.77252960205078
204.88064575195312 95.37247467041016 241.54769134521484 95.37247467041016 241.54769134521484 248.83094024658203 204.88064575195312 248.83094024658203
208.6391143798828 95.72498321533203 246.47406387329102 95.72498321533203 246.47406387329102 246.62374114990234 208.6391143798828 246.62374114990234
221.10400390625 88.52716064453125 258.6592102050781 88.52716064453125 258.6592102050781 245.70274353027344 221.10400390625 245.70274353027344
227.4868621826172 93.91175079345703 264.86280059814453 93.91175079345703 264.86280059814453 250.33707427978516 227.4868621826172 250.33707427978516
240.7052764892578 93.75056457519531 278.19810485839844 93.75056457519531 278.19810485839844 250.6650848388672 240.7052764892578 250.6650848388672
247.7208251953125 94.43605041503906 285.56803131103516 94.43605041503906 285.56803131103516 252.8336944580078 247.7208251953125 252.8336944580078
256.57379150390625 92.0001449584961 294.92194747924805 92.0001449584961 294.92194747924805 252.4943618774414 256.57379150390625 252.4943618774414
270.2051086425781 90.34153747558594 309.04166412353516 90.34153747558594 309.04166412353516 252.87979125976562 270.2051086425781 252.87979125976562
275.67266845703125 101.86569213867188 317.5087356567383 101.86569213867188 317.5087356567383 245.38348388671875 275.67266845703125 245.38348388671875
276.3313293457031 100.7508316040039 317.54688262939453 100.7508316040039 317.54688262939453 248.35767364501953 276.3313293457031 248.35767364501953
276.21820068359375 102.29554748535156 314.4425735473633 102.29554748535156 314.4425735473633 247.4556884765625 276.21820068359375 247.4556884765625
273.0304260253906 102.57861328125 312.3804016113281 102.57861328125 312.3804016113281 245.2216033935547 273.0304260253906 245.2216033935547
274.3007507324219 102.62843322753906 309.3462600708008 102.62843322753906 309.3462600708008 238.21432495117188 274.3007507324219 238.21432495117188
271.40423583984375 103.22846984863281 306.2378120422363 103.22846984863281 306.2378120422363 233.54661560058594 271.40423583984375 233.54661560058594
269.45587158203125 100.12645721435547 305.51700592041016 100.12645721435547 305.51700592041016 234.9822006225586 269.45587158203125 234.9822006225586
267.22296142578125 101.6805191040039 301.70018768310547 101.6805191040039 301.70018768310547 232.12671661376953 267.22296142578125 232.12671661376953
263.4373779296875 98.63185119628906 300.0348205566406 98.63185119628906 300.0348205566406 234.37667846679688 263.4373779296875 234.37667846679688
263.20721435546875 100.34181213378906 299.8120574951172 100.34181213378906 299.8120574951172 235.09454345703125 263.20721435546875 235.09454345703125
260.6861267089844 102.75946044921875 297.5226516723633 102.75946044921875 297.5226516723633 240.11483764648438 260.6861267089844 240.11483764648438
259.2574157714844 101.14554595947266 297.2107391357422 101.14554595947266 297.2107391357422 240.7196273803711 259.2574157714844 240.7196273803711
257.58319091796875 102.49625396728516 293.66262435913086 102.49625396728516 293.66262435913086 240.86859893798828 257.58319091796875 240.86859893798828
254.3288116455078 102.36724090576172 292.1881217956543 102.36724090576172 292.1881217956543 241.6987075805664 254.3288116455078 241.6987075805664
254.1388702392578 102.82518005371094 291.8201103210449 102.82518005371094 291.8201103210449 240.19007873535156 254.1388702392578 240.19007873535156
250.8184814453125 103.46220397949219 288.41092681884766 103.46220397949219 288.41092681884766 241.39794921875 250.8184814453125 241.39794921875
248.5392303466797 103.2870864868164 287.5904998779297 103.2870864868164 287.5904998779297 239.58740997314453 248.5392303466797 239.58740997314453
245.79794311523438 102.55500793457031 284.3105278015137 102.55500793457031 284.3105278015137 242.1361846923828 245.79794311523438 242.1361846923828
244.8653106689453 97.43926239013672 281.2965774536133 97.43926239013672 281.2965774536133 235.14534759521484 244.8653106689453 235.14534759521484
239.895263671875 96.66228485107422 278.7782745361328 96.66228485107422 278.7782745361328 235.96260833740234 239.895263671875 235.96260833740234
240.2017059326172 98.41763305664062 276.69652557373047 98.41763305664062 276.69652557373047 236.67147827148438 240.2017059326172 236.67147827148438
232.8195343017578 98.7255859375 275.16772842407227 98.7255859375 275.16772842407227 237.00340270996094 232.8195343017578 237.00340270996094
229.39553833007812 95.5151596069336 271.30638885498047 95.5151596069336 271.30638885498047 236.16883087158203 229.39553833007812 236.16883087158203
222.53347778320312 80.29570770263672 261.19428634643555 80.29570770263672 261.19428634643555 234.20232391357422 222.53347778320312 234.20232391357422
219.8916778564453 105.1960678100586 261.8847770690918 105.1960678100586 261.8847770690918 238.4362564086914 219.8916778564453 238.4362564086914
222.4727325439453 93.11231231689453 259.62938690185547 93.11231231689453 259.62938690185547 248.61991119384766 222.4727325439453 248.61991119384766
223.93026733398438 88.6540298461914 261.28784942626953 88.6540298461914 261.28784942626953 245.0025405883789 223.93026733398438 245.0025405883789
222.6927032470703 91.89875793457031 260.79473876953125 91.89875793457031 260.79473876953125 245.27857971191406 222.6927032470703 245.27857971191406
221.0729217529297 96.62017059326172 261.0562057495117 96.62017059326172 261.0562057495117 241.84810638427734 221.0729217529297 241.84810638427734
220.562744140625 98.9289321899414 259.9887580871582 98.9289321899414 259.9887580871582 239.5267105102539 220.562744140625 239.5267105102539
218.9640655517578 101.5511703491211 257.89488983154297 101.5511703491211 257.89488983154297 240.87165069580078 218.9640655517578 240.87165069580078
218.00244140625 99.35892486572266 256.4747848510742 99.35892486572266 256.4747848510742 243.6652603149414 218.00244140625 243.6652603149414
218.0838165283203 99.73109436035156 255.04058456420898 99.73109436035156 255.04058456420898 241.5704803466797 218.0838165283203 241.5704803466797
217.23348999023438 98.82225036621094 252.59307479858398 98.82225036621094 252.59307479858398 238.65379333496094 217.23348999023438 238.65379333496094
215.25991821289062 99.81580352783203 251.35996627807617 99.81580352783203 251.35996627807617 239.74100494384766 215.25991821289062 239.74100494384766
213.7363739013672 100.23262023925781 249.3515281677246 100.23262023925781 249.3515281677246 240.39842224121094 213.7363739013672 240.39842224121094
212.51461791992188 103.14064025878906 247.57109832763672 103.14064025878906 247.57109832763672 241.4424285888672 212.51461791992188 241.4424285888672
211.2043914794922 101.03047180175781 245.27397537231445 101.03047180175781 245.27397537231445 234.31394958496094 211.2043914794922 234.31394958496094
209.8054656982422 104.8990478515625 242.92040252685547 104.8990478515625 242.92040252685547 235.5138702392578 209.8054656982422 235.5138702392578
208.98129272460938 100.49459075927734 241.99410247802734 100.49459075927734 241.99410247802734 234.37699127197266 208.98129272460938 234.37699127197266
206.548583984375 100.09386444091797 241.48467254638672 100.09386444091797 241.48467254638672 233.6979751586914 206.548583984375 233.6979751586914
204.36119079589844 102.7702865600586 238.3455352783203 102.7702865600586 238.3455352783203 235.45858001708984 204.36119079589844 235.45858001708984
202.10523986816406 102.07440185546875 237.55801010131836 102.07440185546875 237.55801010131836 237.07901000976562 202.10523986816406 237.07901000976562
200.48123168945312 96.37007904052734 237.09050750732422 96.37007904052734 237.09050750732422 235.14165496826172 200.48123168945312 235.14165496826172
198.7760772705078 100.52267456054688 235.70125579833984 100.52267456054688 235.70125579833984 239.2976531982422 198.7760772705078 239.2976531982422
196.3578338623047 99.99885559082031 232.61286544799805 99.99885559082031 232.61286544799805 237.69163513183594 196.3578338623047 237.69163513183594
195.2464141845703 99.72068786621094 230.83556747436523 99.72068786621094 230.83556747436523 237.55564880371094 195.2464141845703 237.55564880371094
193.54640197753906 101.49205017089844 229.5176773071289 101.49205017089844 229.5176773071289 237.7791748046875 193.54640197753906 237.7791748046875
192.2584686279297 100.2636947631836 227.29143905639648 100.2636947631836 227.29143905639648 234.96949005126953 192.2584686279297 234.96949005126953
190.9733428955078 101.88743591308594 226.43606185913086 101.88743591308594 226.43606185913086 234.2896270751953 190.9733428955078 234.2896270751953
187.86268615722656 99.7820816040039 222.52332305908203 99.7820816040039 222.52332305908203 230.2353286743164 187.86268615722656 230.2353286743164
186.8973846435547 96.96046447753906 219.57414627075195 96.96046447753906 219.57414627075195 230.4233856201172 186.8973846435547 230.4233856201172
185.02450561523438 94.64225769042969 219.06875610351562 94.64225769042969 219.06875610351562 226.67945861816406 185.02450561523438 226.67945861816406
183.40670776367188 94.79450988769531 217.27478408813477 94.79450988769531 217.27478408813477 223.49998474121094 183.40670776367188 223.49998474121094
180.96951293945312 95.45063781738281 215.85563278198242 95.45063781738281 215.85563278198242 222.9571075439453 180.96951293945312 222.9571075439453
177.86337280273438 95.6352767944336 214.5407485961914 95.6352767944336 214.5407485961914 224.67887115478516 177.86337280273438 224.67887115478516
176.63148498535156 96.40641784667969 212.87174224853516 96.40641784667969 212.87174224853516 224.78761291503906 176.63148498535156 224.78761291503906
173.8968048095703 95.55106353759766 209.7558135986328 95.55106353759766 209.7558135986328 227.32300567626953 173.8968048095703 227.32300567626953
172.78501892089844 94.9330825805664 208.1926040649414 94.9330825805664 208.1926040649414 226.83057403564453 172.78501892089844 226.83057403564453
170.22103881835938 97.07500457763672 206.1037254333496 97.07500457763672 206.1037254333496 230.92894744873047 170.22103881835938 230.92894744873047
169.8690185546875 98.5417251586914 204.53316497802734 98.5417251586914 204.53316497802734 231.7439193725586 169.8690185546875 231.7439193725586
167.83697509765625 95.90431213378906 203.1290168762207 95.90431213378906 203.1290168762207 232.78256225585938 167.83697509765625 232.78256225585938
167.05104064941406 96.16646575927734 201.90546417236328 96.16646575927734 201.90546417236328 233.15241241455078 167.05104064941406 233.15241241455078
165.2508544921875 100.63951110839844 199.52908325195312 100.63951110839844 199.52908325195312 235.3760223388672 165.2508544921875 235.3760223388672
163.92185974121094 99.50502014160156 198.94767379760742 99.50502014160156 198.94767379760742 235.43206787109375 163.92185974121094 235.43206787109375
163.099365234375 98.08170318603516 198.45924377441406 98.08170318603516 198.45924377441406 234.75843048095703 163.099365234375 234.75843048095703
161.10536193847656 99.27307891845703 198.13991928100586 99.27307891845703 198.13991928100586 237.3422622680664 161.10536193847656 237.3422622680664
158.4488525390625 99.41399383544922 195.37366485595703 99.41399383544922 195.37366485595703 238.91753387451172 158.4488525390625 238.91753387451172
157.9916229248047 100.23052215576172 194.06124114990234 100.23052215576172 194.06124114990234 235.7987289428711 157.9916229248047 235.7987289428711
157.07894897460938 104.4585952758789 192.98914337158203 104.4585952758789 192.98914337158203 234.77503204345703 157.07894897460938 234.77503204345703
155.78025817871094 104.56317138671875 189.55507278442383 104.56317138671875 189.55507278442383 231.4733428955078 155.78025817871094 231.4733428955078
154.40032958984375 100.8263931274414 187.60404586791992 100.8263931274414 187.60404586791992 230.96477508544922 154.40032958984375 230.96477508544922
152.32589721679688 101.0423583984375 186.4466781616211 101.0423583984375 186.4466781616211 231.4148712158203 152.32589721679688 231.4148712158203
151.01498413085938 99.5346450805664 185.57035446166992 99.5346450805664 185.57035446166992 230.45970916748047 151.01498413085938 230.45970916748047
150.56956481933594 99.02722930908203 185.28411483764648 99.02722930908203 185.28411483764648 227.7146987915039 150.56956481933594 227.7146987915039
149.2928009033203 100.79536437988281 183.6161766052246 100.79536437988281 183.6161766052246 232.36473083496094 149.2928009033203 232.36473083496094
147.40541076660156 97.6668472290039 182.8668098449707 97.6668472290039 182.8668098449707 232.17681121826172 147.40541076660156 232.17681121826172
145.4470672607422 92.65885925292969 180.4518814086914 92.65885925292969 180.4518814086914 228.9060821533203 145.4470672607422 228.9060821533203
143.825927734375 95.03910827636719 179.19533157348633 95.03910827636719 179.19533157348633 228.7035675048828 143.825927734375 228.7035675048828
141.9072723388672 92.64253234863281 177.2220916748047 92.64253234863281 177.2220916748047 227.70628356933594 141.9072723388672 227.70628356933594
139.5369873046875 92.38874053955078 176.25859832763672 92.38874053955078 176.25859832763672 228.2048110961914 139.5369873046875 228.2048110961914
