541.0 336.0 577.0 336.0 577.0 404.0 541.0 404.0
540.2990112304688 334.0997619628906 576.2149314880371 334.0997619628906 576.2149314880371 402.9306869506836 540.2990112304688 402.9306869506836
537.9998779296875 329.8051452636719 572.3815536499023 329.8051452636719 572.3815536499023 400.4677963256836 537.9998779296875 400.4677963256836
536.8981323242188 326.06121826171875 571.4396133422852 326.06121826171875 571.4396133422852 398.36277770996094 536.8981323242188 398.36277770996094
534.4854736328125 324.0216979980469 569.0103149414062 324.0216979980469 569.0103149414062 397.43163299560547 534.4854736328125 397.43163299560547
531.6056518554688 318.87982177734375 565.5993270874023 318.87982177734375 565.5993270874023 391.29212951660156 531.6056518554688 391.29212951660156
530.2996826171875 316.1484680175781 563.016487121582 316.1484680175781 563.016487121582 393.2707290649414 530.2996826171875 393.2707290649414
526.53271484375 315.0882873535156 562.5512924194336 315.0882873535156 562.5512924194336 386.37659454345703 526.53271484375 386.37659454345703
525.9559326171875 313.49603271484375 562.9391098022461 313.49603271484375 562.9391098022461 383.3531188964844 525.9559326171875 383.3531188964844
522.7390747070312 306.03302001953125 557.3457183837891 306.03302001953125 557.3457183837891 380.0995330810547 522.7390747070312 380.0995330810547
520.384765625 303.09490966796875 555.4144592285156 303.09490966796875 555.4144592285156 377.48780822753906 520.384765625 377.48780822753906
518.4132080078125 301.6438903808594 554.2136459350586 301.6438903808594 554.2136459350586 374.4378204345703 518.4132080078125 374.4378204345703
516.947021484375 299.03863525390625 553.3905067443848 299.03863525390625 553.3905067443848 371.0291442871094 516.947021484375 371.0291442871094
513.6072387695312 293.8616638183594 549.3824768066406 293.8616638183594 549.3824768066406 366.88685607910156 513.6072387695312 366.88685607910156
512.7574462890625 290.74798583984375 549.3740921020508 290.74798583984375 549.3740921020508 363.76192474365234 512.7574462890625 363.76192474365234
512.0741577148438 288.64776611328125 549.2964134216309 288.64776611328125 549.2964134216309 358.9564514160156 512.0741577148438 358.9564514160156
509.7054138183594 281.28399658203125 545.6064720153809 281.28399658203125 545.6064720153809 352.22064208984375 509.7054138183594 352.22064208984375
506.58056640625 280.45611572265625 542.9235458374023 280.45611572265625 542.9235458374023 349.1039505004883 506.58056640625 349.1039505004883
504.51947021484375 274.25494384765625 536.6905136108398 274.25494384765625 536.6905136108398 346.73999786376953 504.51947021484375 346.73999786376953
502.9346618652344 273.0146789550781 536.3807907104492 273.0146789550781 536.3807907104492 344.98020935058594 502.9346618652344 344.98020935058594
500.81182861328125 271.01666259765625 533.8568649291992 271.01666259765625 533.8568649291992 340.9273223876953 500.81182861328125 340.9273223876953
499.1742248535156 266.29522705078125 531.3170547485352 266.29522705078125 531.3170547485352 338.67706298828125 499.1742248535156 338.67706298828125
495.31158447265625 263.5023498535156 531.193733215332 263.5023498535156 531.193733215332 333.7633285522461 495.31158447265625 333.7633285522461
494.23785400390625 262.83502197265625 529.964469909668 262.83502197265625 529.964469909668 330.31861877441406 494.23785400390625 330.31861877441406
492.0967712402344 259.5144958496094 526.3589706420898 259.5144958496094 526.3589706420898 327.4389343261719 492.0967712402344 327.4389343261719
488.3207092285156 254.43051147460938 523.9896125793457 254.43051147460938 523.9896125793457 321.8050994873047 488.3207092285156 321.8050994873047
487.2953186035156 250.73779296875 523.1117095947266 250.73779296875 523.1117095947266 318.3909606933594 487.2953186035156 318.3909606933594
484.592529296875 249.0061492919922 520.1834030151367 249.0061492919922 520.1834030151367 316.23333740234375 484.592529296875 316.23333740234375
483.25732421875 245.8174591064453 519.2297744750977 245.8174591064453 519.2297744750977 313.76539611816406 483.25732421875 313.76539611816406
481.91656494140625 243.03164672851562 517.6513366699219 243.03164672851562 517.6513366699219 310.53063201904297 481.91656494140625 310.53063201904297
481.3897399902344 236.9827117919922 515.1027717590332 236.9827117919922 515.1027717590332 309.4462127685547 481.3897399902344 309.4462127685547
476.7705993652344 235.46212768554688 513.4832229614258 235.46212768554688 513.4832229614258 304.8081588745117 476.7705993652344 304.8081588745117
475.5859375 228.9338836669922 510.53204345703125 228.9338836669922 510.53204345703125 301.1855773925781 475.5859375 301.1855773925781
473.15191650390625 226.22817993164062 510.61592864990234 226.22817993164062 510.61592864990234 296.99351501464844 473.15191650390625 296.99351501464844
473.33624267578125 223.02816772460938 510.61874771118164 223.02816772460938 510.61874771118164 293.4506530761719 473.33624267578125 293.4506530761719
471.230712890625 218.6403045654297 508.08312225341797 218.6403045654297 508.08312225341797 288.25038146972656 471.230712890625 288.25038146972656
467.0828552246094 212.65249633789062 504.3833236694336 212.65249633789062 504.3833236694336 283.10890197753906 467.0828552246094 283.10890197753906
467.4501037597656 207.10299682617188 500.7330856323242 207.10299682617188 500.7330856323242 284.3268585205078 467.4501037597656 284.3268585205078
466.0498962402344 204.82974243164062 498.65210723876953 204.82974243164062 498.65210723876953 280.84893798828125 466.0498962402344 280.84893798828125
461.187255859375 202.60691833496094 495.73619079589844 202.60691833496094 495.73619079589844 276.85538482666016 461.187255859375 276.85538482666016
459.1477966308594 198.48753356933594 493.13695526123047 198.48753356933594 493.13695526123047 273.53680419921875 459.1477966308594 273.53680419921875
456.5370178222656 194.9410858154297 491.7848701477051 194.9410858154297 491.7848701477051 268.80433654785156 456.5370178222656 268.80433654785156
454.11334228515625 190.98455810546875 489.5453414916992 190.98455810546875 489.5453414916992 266.99071502685547 454.11334228515625 266.99071502685547
452.2454528808594 187.119873046875 487.91320419311523 187.119873046875 487.91320419311523 265.15992736816406 452.2454528808594 265.15992736816406
448.4991149902344 182.40719604492188 484.6784362792969 182.40719604492188 484.6784362792969 259.33797454833984 448.4991149902344 259.33797454833984
446.6573791503906 180.0050506591797 484.2740058898926 180.0050506591797 484.2740058898926 253.764892578125 446.6573791503906 253.764892578125
447.9029846191406 180.55148315429688 483.27350997924805 180.55148315429688 483.27350997924805 256.1809310913086 447.9029846191406 256.1809310913086
443.79168701171875 186.6736602783203 481.2686576843262 186.6736602783203 481.2686576843262 257.46343994140625 443.79168701171875 257.46343994140625
444.13470458984375 184.98226928710938 479.4457130432129 184.98226928710938 479.4457130432129 256.7694320678711 444.13470458984375 256.7694320678711
441.9183044433594 188.093994140625 478.8474426269531 188.093994140625 478.8474426269531 257.8489761352539 441.9183044433594 257.8489761352539
439.22991943359375 187.86924743652344 475.59091567993164 187.86924743652344 475.59091567993164 256.5510711669922 439.22991943359375 256.5510711669922
437.989013671875 188.53158569335938 474.4237365722656 188.53158569335938 474.4237365722656 257.35266876220703 437.989013671875 257.35266876220703
436.15118408203125 189.65496826171875 472.2018737792969 189.65496826171875 472.2018737792969 257.7506561279297 436.15118408203125 257.7506561279297
432.69769287109375 186.94479370117188 468.68529891967773 186.94479370117188 468.68529891967773 254.92132568359375 432.69769287109375 254.92132568359375
430.5221252441406 190.2799530029297 466.4329147338867 190.2799530029297 466.4329147338867 258.11138916015625 430.5221252441406 258.11138916015625
427.4688415527344 186.3689422607422 463.3072280883789 186.3689422607422 463.3072280883789 254.0636215209961 427.4688415527344 254.0636215209961
427.82159423828125 186.550537109375 463.90675354003906 186.550537109375 463.90675354003906 254.71134185791016 427.82159423828125 254.71134185791016
423.4586486816406 185.62779235839844 458.76219940185547 185.62779235839844 458.76219940185547 254.91259002685547 423.4586486816406 254.91259002685547
422.3163146972656 187.9817657470703 458.1143684387207 187.9817657470703 458.1143684387207 255.89144897460938 422.3163146972656 255.89144897460938
421.52825927734375 187.12156677246094 457.0002670288086 187.12156677246094 457.0002670288086 254.12420654296875 421.52825927734375 254.12420654296875
417.1148376464844 187.7318115234375 453.0627212524414 187.7318115234375 453.0627212524414 255.6333236694336 417.1148376464844 255.6333236694336
415.8199157714844 189.5265350341797 451.6806831359863 189.5265350341797 451.6806831359863 257.26348876953125 415.8199157714844 257.26348876953125
414.91961669921875 190.3514404296875 450.7520637512207 190.3514404296875 450.7520637512207 258.03489685058594 414.91961669921875 258.03489685058594
411.01708984375 189.3445281982422 447.5752639770508 189.3445281982422 447.5752639770508 258.3988037109375 411.01708984375 258.3988037109375
409.40899658203125 189.5111846923828 446.0734176635742 189.5111846923828 446.0734176635742 258.7661437988281 409.40899658203125 258.7661437988281
406.6535339355469 190.19888305664062 443.6022033691406 190.19888305664062 443.6022033691406 259.9907531738281 406.6535339355469 259.9907531738281
405.1331481933594 188.88616943359375 441.99166107177734 188.88616943359375 441.99166107177734 258.50775146484375 405.1331481933594 258.50775146484375
405.0418395996094 191.5667724609375 441.44871520996094 191.5667724609375 441.44871520996094 260.3352508544922 405.0418395996094 260.3352508544922
403.3232727050781 191.5088653564453 439.00011444091797 191.5088653564453 439.00011444091797 258.8983917236328 403.3232727050781 258.8983917236328
401.03228759765625 191.78475952148438 436.50365829467773 191.78475952148438 436.50365829467773 258.7861785888672 401.03228759765625 258.7861785888672
399.885498046875 185.31552124023438 435.63591384887695 185.31552124023438 435.63591384887695 252.84402465820312 399.885498046875 252.84402465820312
397.30865478515625 183.9417266845703 433.0946350097656 183.9417266845703 433.0946350097656 251.5373992919922 397.30865478515625 251.5373992919922
394.80633544921875 177.1908721923828 430.8829574584961 177.1908721923828 430.8829574584961 245.33553314208984 394.80633544921875 245.33553314208984
393.29730224609375 171.7327117919922 429.33691024780273 171.7327117919922 429.33691024780273 239.80746459960938 393.29730224609375 239.80746459960938
392.57269287109375 167.2397918701172 428.33208084106445 167.2397918701172 428.33208084106445 234.7852325439453 392.57269287109375 234.7852325439453
387.9925537109375 164.4653778076172 423.6874313354492 164.4653778076172 423.6874313354492 231.88897705078125 387.9925537109375 231.88897705078125
406.3388671875 165.6671600341797 441.95750427246094 165.6671600341797 441.95750427246094 232.94674682617188 406.3388671875 232.94674682617188
382.6836853027344 164.44232177734375 418.38648223876953 164.44232177734375 418.38648223876953 231.8808822631836 382.6836853027344 231.8808822631836
383.47796630859375 163.51736450195312 419.39620208740234 163.51736450195312 419.39620208740234 231.36286163330078 383.47796630859375 231.36286163330078
383.27288818359375 163.53970336914062 419.18601989746094 163.53970336914062 419.18601989746094 231.37555694580078 383.27288818359375 231.37555694580078
378.75579833984375 163.76821899414062 414.2695121765137 163.76821899414062 414.2695121765137 230.84961700439453 378.75579833984375 230.84961700439453
378.43487548828125 164.03160095214844 414.4059066772461 164.03160095214844 414.4059066772461 231.97682189941406 378.43487548828125 231.97682189941406
375.5908508300781 164.6232147216797 411.9256820678711 164.6232147216797 411.9256820678711 233.255615234375 375.5908508300781 233.255615234375
375.850830078125 165.05191040039062 411.9777412414551 165.05191040039062 411.9777412414551 233.29157257080078 375.850830078125 233.29157257080078
375.34112548828125 163.31768798828125 411.7865524291992 163.31768798828125 411.7865524291992 232.15899658203125 375.34112548828125 232.15899658203125
376.8995666503906 163.03433227539062 413.2017288208008 163.03433227539062 413.2017288208008 231.6050262451172 376.8995666503906 231.6050262451172
381.6614074707031 162.57327270507812 417.3625030517578 162.57327270507812 417.3625030517578 230.00861358642578 381.6614074707031 230.00861358642578
394.4512634277344 166.76470947265625 429.92574310302734 166.76470947265625 429.92574310302734 233.77200317382812 394.4512634277344 233.77200317382812
370.35748291015625 163.50694274902344 406.1006774902344 163.50694274902344 406.1006774902344 231.02181243896484 370.35748291015625 231.02181243896484
374.63726806640625 163.4512176513672 411.17993927001953 163.4512176513672 411.17993927001953 232.4762191772461 374.63726806640625 232.4762191772461
354.885498046875 162.5448455810547 391.8366165161133 162.5448455810547 391.8366165161133 232.34136199951172 354.885498046875 232.34136199951172
363.5906982421875 161.45924377441406 400.3439712524414 161.45924377441406 400.3439712524414 230.88204956054688 363.5906982421875 230.88204956054688
367.3524475097656 159.9503936767578 404.6382141113281 159.9503936767578 404.6382141113281 230.37902069091797 367.3524475097656 230.37902069091797
366.51971435546875 160.61656188964844 404.03440856933594 160.61656188964844 404.03440856933594 231.47760772705078 366.51971435546875 231.47760772705078
361.1346130371094 160.5383758544922 398.52397537231445 160.5383758544922 398.52397537231445 231.16268157958984 361.1346130371094 231.16268157958984
350.32476806640625 162.6008758544922 387.3590087890625 162.6008758544922 387.3590087890625 232.5543975830078 350.32476806640625 232.5543975830078
346.8707580566406 160.66116333007812 383.74238204956055 160.66116333007812 383.74238204956055 230.30752563476562 346.8707580566406 230.30752563476562
333.96624755859375 162.35470581054688 370.7917251586914 162.35470581054688 370.7917251586914 231.91390228271484 333.96624755859375 231.91390228271484
328.67144775390625 158.79554748535156 366.03092193603516 158.79554748535156 366.03092193603516 229.36339569091797 328.67144775390625 229.36339569091797
323.0881042480469 160.6500701904297 360.8252983093262 160.6500701904297 360.8252983093262 231.931396484375 323.0881042480469 231.931396484375
309.9525451660156 160.73544311523438 347.9187469482422 160.73544311523438 347.9187469482422 232.4493408203125 309.9525451660156 232.4493408203125
308.9749450683594 159.35260009765625 347.32569122314453 159.35260009765625 347.32569122314453 231.79286193847656 308.9749450683594 231.79286193847656
296.9273376464844 158.7373809814453 335.2501029968262 158.7373809814453 335.2501029968262 231.12479400634766 296.9273376464844 231.12479400634766
290.1210021972656 161.78204345703125 328.9637565612793 161.78204345703125 328.9637565612793 235.1516571044922 290.1210021972656 235.1516571044922
289.90362548828125 160.5991668701172 328.90991973876953 160.5991668701172 328.90991973876953 234.2776870727539 289.90362548828125 234.2776870727539
289.7409973144531 160.44581604003906 328.6496887207031 160.44581604003906 328.6496887207031 233.93997955322266 289.7409973144531 233.93997955322266
288.81707763671875 160.64300537109375 327.4607162475586 160.64300537109375 327.4607162475586 233.63650512695312 288.81707763671875 233.63650512695312
290.2176818847656 161.0548095703125 328.5450973510742 161.0548095703125 328.5450973510742 233.4510040283203 290.2176818847656 233.4510040283203
289.40191650390625 162.7300567626953 327.707088470459 162.7300567626953 327.707088470459 235.08424377441406 289.40191650390625 235.08424377441406
291.8841552734375 161.29408264160156 329.9457473754883 161.29408264160156 329.9457473754883 233.18817901611328 291.8841552734375 233.18817901611328
291.83343505859375 163.2821502685547 329.9184036254883 163.2821502685547 329.9184036254883 235.22039794921875 291.83343505859375 235.22039794921875
290.70867919921875 162.09222412109375 328.69983673095703 162.09222412109375 328.69983673095703 233.853271484375 290.70867919921875 233.853271484375
292.99945068359375 161.19107055664062 330.79008865356445 161.19107055664062 330.79008865356445 232.57335662841797 292.99945068359375 232.57335662841797
291.8877868652344 162.4113311767578 329.61071014404297 162.4113311767578 329.61071014404297 233.66571044921875 291.8877868652344 233.66571044921875
291.74017333984375 162.4903564453125 329.48941802978516 162.4903564453125 329.48941802978516 233.79444885253906 291.74017333984375 233.79444885253906
291.5698547363281 160.00442504882812 329.75171661376953 160.00442504882812 329.75171661376953 232.1256866455078 291.5698547363281 232.1256866455078
289.94024658203125 161.032470703125 328.28299713134766 161.032470703125 328.28299713134766 233.45763397216797 289.94024658203125 233.45763397216797
290.4985656738281 161.20445251464844 329.20287322998047 161.20445251464844 329.20287322998047 234.31255340576172 290.4985656738281 234.31255340576172
291.1106872558594 160.32534790039062 329.3402786254883 160.32534790039062 329.3402786254883 232.5367660522461 291.1106872558594 232.5367660522461
291.170654296875 160.92189025878906 329.8947868347168 160.92189025878906 329.8947868347168 234.06744384765625 291.170654296875 234.06744384765625
291.6519775390625 159.74473571777344 329.9937171936035 159.74473571777344 329.9937171936035 232.1679916381836 291.6519775390625 232.1679916381836
290.36981201171875 161.66555786132812 328.94290924072266 161.66555786132812 328.94290924072266 234.52582550048828 290.36981201171875 234.52582550048828
291.91131591796875 162.44387817382812 329.61083221435547 162.44387817382812 329.61083221435547 233.65404510498047 291.91131591796875 233.65404510498047
290.60406494140625 162.08963012695312 329.11865615844727 162.08963012695312 329.11865615844727 234.83938598632812 290.60406494140625 234.83938598632812
291.26348876953125 161.8385009765625 329.8963813781738 161.8385009765625 329.8963813781738 234.81171417236328 291.26348876953125 234.81171417236328
290.96044921875 159.9776153564453 330.5136909484863 159.9776153564453 330.5136909484863 234.68926239013672 290.96044921875 234.68926239013672
290.65570068359375 160.04537963867188 330.1060028076172 160.04537963867188 330.1060028076172 234.56258392333984 290.65570068359375 234.56258392333984
290.12518310546875 159.62338256835938 329.6342353820801 159.62338256835938 329.6342353820801 234.25157165527344 290.12518310546875 234.25157165527344
291.27471923828125 159.90354919433594 330.43818283081055 159.90354919433594 330.43818283081055 233.87896728515625 291.27471923828125 233.87896728515625
291.82635498046875 160.6338348388672 330.6503028869629 160.6338348388672 330.6503028869629 233.96795654296875 291.82635498046875 233.96795654296875
289.98455810546875 162.26695251464844 328.3921775817871 162.26695251464844 328.3921775817871 234.81466674804688 289.98455810546875 234.81466674804688
291.444580078125 161.5540771484375 329.4392204284668 161.5540771484375 329.4392204284668 233.32170867919922 291.444580078125 233.32170867919922
291.29266357421875 160.25393676757812 329.8034896850586 160.25393676757812 329.8034896850586 232.99658966064453 291.29266357421875 232.99658966064453
290.19683837890625 161.47235107421875 328.36217498779297 161.47235107421875 328.36217498779297 233.56241607666016 290.19683837890625 233.56241607666016
290.5511474609375 162.1208038330078 329.0075035095215 162.1208038330078 329.0075035095215 234.76056671142578 290.5511474609375 234.76056671142578
290.601318359375 161.7264404296875 329.26143646240234 161.7264404296875 329.26143646240234 234.75108337402344 290.601318359375 234.75108337402344
290.78900146484375 162.28990173339844 328.5063171386719 162.28990173339844 328.5063171386719 233.53369140625 290.78900146484375 233.53369140625
290.683837890625 160.17770385742188 328.79332733154297 160.17770385742188 328.79332733154297 232.16226959228516 290.683837890625 232.16226959228516
290.82470703125 162.24371337890625 329.359561920166 162.24371337890625 329.359561920166 235.03175354003906 290.82470703125 235.03175354003906
289.89947509765625 160.7493438720703 327.96858978271484 160.7493438720703 327.96858978271484 232.65765380859375 289.89947509765625 232.65765380859375
289.9947204589844 160.53097534179688 328.6485061645508 160.53097534179688 328.6485061645508 233.54366302490234 289.9947204589844 233.54366302490234
290.3710021972656 161.29629516601562 329.0958442687988 161.29629516601562 329.0958442687988 234.44319915771484 290.3710021972656 234.44319915771484
291.87152099609375 159.13027954101562 331.17664337158203 159.13027954101562 331.17664337158203 233.37327575683594 291.87152099609375 233.37327575683594
290.73974609375 159.3289337158203 329.5951728820801 159.3289337158203 329.5951728820801 232.72250366210938 290.73974609375 232.72250366210938
290.8970031738281 160.82919311523438 330.20615005493164 160.82919311523438 330.20615005493164 235.0797882080078 290.8970031738281 235.0797882080078
291.69586181640625 160.6759796142578 331.44437408447266 160.6759796142578 331.44437408447266 235.75647735595703 291.69586181640625 235.75647735595703
290.2237548828125 161.58474731445312 329.1707992553711 161.58474731445312 329.1707992553711 235.15135955810547 290.2237548828125 235.15135955810547
290.8056335449219 159.88363647460938 329.6536102294922 159.88363647460938 329.6536102294922 233.26311492919922 290.8056335449219 233.26311492919922
291.1841735839844 159.656982421875 329.7555160522461 159.656982421875 329.7555160522461 232.51393127441406 291.1841735839844 232.51393127441406
292.32269287109375 160.41729736328125 330.9820442199707 160.41729736328125 330.9820442199707 233.44049072265625 292.32269287109375 233.44049072265625
290.6658935546875 160.96798706054688 329.3292922973633 160.96798706054688 329.3292922973633 233.9988250732422 290.6658935546875 233.9988250732422
290.708251953125 161.11441040039062 329.1666069030762 161.11441040039062 329.1666069030762 233.75794219970703 290.708251953125 233.75794219970703
291.0798034667969 162.6697998046875 328.86634826660156 162.6697998046875 328.86634826660156 234.0443572998047 291.0798034667969 234.0443572998047
290.3094787597656 161.9307861328125 328.1834182739258 161.9307861328125 328.1834182739258 233.47042083740234 290.3094787597656 233.47042083740234
292.18890380859375 162.29635620117188 329.999568939209 162.29635620117188 329.999568939209 233.7164764404297 292.18890380859375 233.7164764404297
293.6640319824219 161.0462646484375 332.046142578125 161.0462646484375 332.046142578125 233.5457763671875 293.6640319824219 233.5457763671875
297.73297119140625 160.05813598632812 336.3877487182617 160.05813598632812 336.3877487182617 233.0726776123047 297.73297119140625 233.0726776123047
307.1127014160156 160.6385955810547 345.711238861084 160.6385955810547 345.711238861084 233.54690551757812 307.1127014160156 233.54690551757812
312.69085693359375 159.14767456054688 352.33288192749023 159.14767456054688 352.33288192749023 234.02701568603516 312.69085693359375 234.02701568603516
319.95892333984375 159.1146240234375 360.3528137207031 159.1146240234375 360.3528137207031 235.41415405273438 319.95892333984375 235.41415405273438
328.628173828125 155.90664672851562 368.9362258911133 155.90664672851562 368.9362258911133 232.04403686523438 328.628173828125 232.04403686523438
335.02545166015625 155.28756713867188 375.9846420288086 155.28756713867188 375.9846420288086 232.65489196777344 335.02545166015625 232.65489196777344
341.22125244140625 157.46890258789062 382.4568405151367 157.46890258789062 382.4568405151367 235.35830688476562 341.22125244140625 235.35830688476562
346.16827392578125 155.53770446777344 387.3513412475586 155.53770446777344 387.3513412475586 233.3279037475586 346.16827392578125 233.3279037475586
349.638916015625 156.51373291015625 390.9891052246094 156.51373291015625 390.9891052246094 234.61961364746094 349.638916015625 234.61961364746094
357.7705993652344 157.13101196289062 398.5715141296387 157.13101196289062 398.5715141296387 234.19937896728516 357.7705993652344 234.19937896728516
363.13128662109375 157.38458251953125 403.67578887939453 157.38458251953125 403.67578887939453 233.96861267089844 363.13128662109375 233.96861267089844
373.48046875 156.70553588867188 413.93754959106445 156.70553588867188 413.93754959106445 233.1244354248047 373.48046875 233.1244354248047
376.0797424316406 155.978515625 416.7268600463867 155.978515625 416.7268600463867 232.7563705444336 376.0797424316406 232.7563705444336
379.90008544921875 157.2246856689453 420.4834213256836 157.2246856689453 420.4834213256836 233.8820571899414 379.90008544921875 233.8820571899414
390.5867614746094 157.93081665039062 430.8604965209961 157.93081665039062 430.8604965209961 234.00338745117188 390.5867614746094 234.00338745117188
394.01226806640625 157.29800415039062 434.66081619262695 157.29800415039062 434.66081619262695 234.07855987548828 394.01226806640625 234.07855987548828
398.3155822753906 156.29263305664062 438.3277130126953 156.29263305664062 438.3277130126953 231.87106323242188 398.3155822753906 231.87106323242188
407.4349670410156 157.35670471191406 447.4502296447754 157.35670471191406 447.4502296447754 232.9410400390625 407.4349670410156 232.9410400390625
410.6355895996094 158.13177490234375 450.7372016906738 158.13177490234375 450.7372016906738 233.87921905517578 410.6355895996094 233.87921905517578
417.27215576171875 158.85830688476562 456.8760414123535 158.85830688476562 456.8760414123535 233.6656036376953 417.27215576171875 233.6656036376953
425.0950622558594 157.90428161621094 464.87703704833984 157.90428161621094 464.87703704833984 233.0479736328125 425.0950622558594 233.0479736328125
431.09503173828125 157.46728515625 470.8961181640625 157.46728515625 470.8961181640625 232.64707946777344 431.09503173828125 232.64707946777344
432.4100646972656 157.8411865234375 472.2886543273926 157.8411865234375 472.2886543273926 233.16737365722656 432.4100646972656 233.16737365722656
443.079833984375 157.61428833007812 482.18070220947266 157.61428833007812 482.18070220947266 231.471435546875 443.079833984375 231.471435546875
446.99395751953125 158.5272979736328 486.0625343322754 158.5272979736328 486.0625343322754 232.32344818115234 446.99395751953125 232.32344818115234
457.7518005371094 158.66233825683594 496.7352600097656 158.66233825683594 496.7352600097656 232.29771423339844 457.7518005371094 232.29771423339844
460.84149169921875 158.50234985351562 499.5783462524414 158.50234985351562 499.5783462524414 231.6719207763672 460.84149169921875 231.6719207763672
467.5035095214844 157.9718780517578 506.92209243774414 157.9718780517578 506.92209243774414 232.4291534423828 467.5035095214844 232.4291534423828
474.19171142578125 158.67523193359375 512.7746620178223 158.67523193359375 512.7746620178223 231.55409240722656 474.19171142578125 231.55409240722656
471.0777282714844 158.0034942626953 509.85289764404297 158.0034942626953 509.85289764404297 231.2454376220703 471.0777282714844 231.2454376220703
470.4856872558594 158.8487548828125 509.974365234375 158.8487548828125 509.974365234375 233.4384307861328 470.4856872558594 233.4384307861328
472.3578186035156 159.62062072753906 511.6687202453613 159.62062072753906 511.6687202453613 233.87448120117188 472.3578186035156 233.87448120117188
471.76947021484375 158.99200439453125 511.01163482666016 158.99200439453125 511.01163482666016 233.1160125732422 471.76947021484375 233.1160125732422
472.02239990234375 158.940673828125 511.15946197509766 158.940673828125 511.15946197509766 232.8661651611328 472.02239990234375 232.8661651611328
470.703125 158.0452423095703 509.7183609008789 158.0452423095703 509.7183609008789 231.74063110351562 470.703125 231.74063110351562
472.7830505371094 156.91893005371094 511.63229751586914 156.91893005371094 511.63229751586914 230.30078125 472.7830505371094 230.30078125
473.8921813964844 160.2536163330078 511.7183151245117 160.2536163330078 511.7183151245117 231.70291137695312 473.8921813964844 231.70291137695312
472.8179626464844 159.89450073242188 510.53467178344727 159.89450073242188 510.53467178344727 231.13710021972656 472.8179626464844 231.13710021972656
471.7669982910156 159.6145782470703 509.5936279296875 159.6145782470703 509.5936279296875 231.0647964477539 471.7669982910156 231.0647964477539
478.1797790527344 160.6652374267578 515.8091430664062 160.6652374267578 515.8091430664062 231.74283599853516 478.1797790527344 231.74283599853516
484.8338928222656 157.98126220703125 522.9238624572754 157.98126220703125 522.9238624572754 229.9288787841797 484.8338928222656 229.9288787841797
490.09619140625 159.19557189941406 528.3587875366211 159.19557189941406 528.3587875366211 231.4692611694336 490.09619140625 231.4692611694336
495.7099609375 160.5499267578125 533.4101104736328 160.5499267578125 533.4101104736328 231.76121520996094 495.7099609375 231.76121520996094
503.55126953125 159.29385375976562 542.1791648864746 159.29385375976562 542.1791648864746 232.2575454711914 503.55126953125 232.2575454711914
509.50604248046875 158.3827667236328 548.1378860473633 158.3827667236328 548.1378860473633 231.35391998291016 509.50604248046875 231.35391998291016
515.2484130859375 158.43983459472656 553.7628746032715 158.43983459472656 553.7628746032715 231.18926239013672 515.2484130859375 231.18926239013672
518.3648681640625 157.64920043945312 556.8048629760742 157.64920043945312 556.8048629760742 230.25797271728516 518.3648681640625 230.25797271728516
526.7640380859375 158.1279754638672 565.6576843261719 158.1279754638672 565.6576843261719 231.59363555908203 526.7640380859375 231.59363555908203
529.4517211914062 159.79812622070312 568.4792442321777 159.79812622070312 568.4792442321777 233.51667022705078 529.4517211914062 233.51667022705078
530.7183227539062 159.06344604492188 569.7465629577637 159.06344604492188 569.7465629577637 232.78334045410156 530.7183227539062 232.78334045410156
531.6447143554688 158.26708984375 570.6010932922363 158.26708984375 570.6010932922363 231.8512420654297 531.6447143554688 231.8512420654297
530.0875854492188 157.57452392578125 568.8747634887695 157.57452392578125 568.8747634887695 230.83908081054688 530.0875854492188 230.83908081054688
531.2678833007812 158.0081329345703 570.5604209899902 158.0081329345703 570.5604209899902 232.22725677490234 531.2678833007812 232.22725677490234
531.9449462890625 156.90782165527344 571.2530097961426 156.90782165527344 571.2530097961426 231.1562728881836 531.9449462890625 231.1562728881836
531.3599853515625 157.09146118164062 571.1448020935059 157.09146118164062 571.1448020935059 232.24044036865234 531.3599853515625 232.24044036865234
536.7037353515625 156.4796600341797 577.2506332397461 156.4796600341797 577.2506332397461 233.06812286376953 536.7037353515625 233.06812286376953
542.7173461914062 156.81423950195312 584.1667518615723 156.81423950195312 584.1667518615723 235.10743713378906 542.7173461914062 235.10743713378906
548.9732055664062 152.8795928955078 591.1773834228516 152.8795928955078 591.1773834228516 232.5984649658203 548.9732055664062 232.5984649658203
553.6722412109375 154.32220458984375 596.0461502075195 154.32220458984375 596.0461502075195 234.36167907714844 553.6722412109375 234.36167907714844
561.8516235351562 153.0862274169922 603.7885093688965 153.0862274169922 603.7885093688965 232.30020904541016 561.8516235351562 232.30020904541016
566.5252685546875 155.22970581054688 608.4174957275391 155.22970581054688 608.4174957275391 234.3593292236328 566.5252685546875 234.3593292236328
575.02197265625 156.9573516845703 616.6063537597656 156.9573516845703 616.6063537597656 235.50548553466797 575.02197265625 235.50548553466797
579.9470825195312 153.78616333007812 621.9167594909668 153.78616333007812 621.9167594909668 233.06208038330078 579.9470825195312 233.06208038330078
586.9769897460938 152.97691345214844 629.0000190734863 152.97691345214844 629.0000190734863 232.35359954833984 586.9769897460938 232.35359954833984
588.3917236328125 156.15306091308594 629.0000228881836 156.15306091308594 629.0000228881836 232.85748291015625 588.3917236328125 232.85748291015625
589.7784423828125 158.98097229003906 628.9999847412109 158.98097229003906 628.9999847412109 233.06597137451172 589.7784423828125 233.06597137451172
591.2174682617188 159.00222778320312 628.9999580383301 159.00222778320312 628.9999580383301 230.3690185546875 591.2174682617188 230.3690185546875
591.6453247070312 158.89453125 629.0000495910645 158.89453125 629.0000495910645 229.45331573486328 591.6453247070312 229.45331573486328
591.5279541015625 158.06967163085938 629.0000457763672 158.06967163085938 629.0000457763672 228.8501434326172 591.5279541015625 228.8501434326172
591.9810791015625 159.41421508789062 628.9999313354492 159.41421508789062 628.9999313354492 229.3385772705078 591.9810791015625 229.3385772705078
592.1944580078125 159.8586883544922 629.0000381469727 159.8586883544922 629.0000381469727 229.38021087646484 592.1944580078125 229.38021087646484
592.4229736328125 160.07833862304688 628.9999809265137 160.07833862304688 628.9999809265137 229.16810607910156 592.4229736328125 229.16810607910156
591.9361572265625 160.08364868164062 629.0000038146973 160.08364868164062 629.0000038146973 230.0929946899414 591.9361572265625 230.0929946899414
591.6131591796875 160.55877685546875 629.0000076293945 160.55877685546875 629.0000076293945 231.17823791503906 591.6131591796875 231.17823791503906
590.953857421875 160.2427215576172 629.0 160.2427215576172 629.0 232.10751342773438 590.953857421875 232.10751342773438
590.3924560546875 158.8118133544922 628.9999389648438 158.8118133544922 628.9999389648438 231.73690795898438 590.3924560546875 231.73690795898438
589.8775024414062 160.2524871826172 628.9999580383301 160.2524871826172 628.9999580383301 234.1503143310547 589.8775024414062 234.1503143310547
590.1979370117188 160.230712890625 628.9999313354492 160.230712890625 628.9999313354492 233.52323150634766 590.1979370117188 233.52323150634766
573.8132934570312 173.42941284179688 612.2713050842285 173.42941284179688 612.2713050842285 246.0721893310547 573.8132934570312 246.0721893310547
588.8470458984375 255.7316131591797 627.4090194702148 255.7316131591797 627.4090194702148 328.57076263427734 588.8470458984375 328.57076263427734
590.1715087890625 264.9342346191406 628.9999694824219 264.9342346191406 628.9999694824219 338.27674865722656 590.1715087890625 338.27674865722656
590.2106323242188 264.8298645019531 629.0000267028809 264.8298645019531 629.0000267028809 338.0985870361328 590.2106323242188 338.0985870361328
590.344482421875 265.1265563964844 628.9999923706055 265.1265563964844 628.9999923706055 338.1423873901367 590.344482421875 338.1423873901367
589.4998168945312 266.5116271972656 629.0000228881836 266.5116271972656 629.0000228881836 341.1229934692383 589.4998168945312 341.1229934692383
589.6353759765625 264.65264892578125 629.0000686645508 264.65264892578125 629.0000686645508 339.00804138183594 589.6353759765625 339.00804138183594
589.4312744140625 265.2956848144531 629.0000114440918 265.2956848144531 629.0000114440918 340.03649139404297 589.4312744140625 340.03649139404297
588.7551879882812 264.3911437988281 629.0000228881836 264.3911437988281 629.0000228881836 340.4090270996094 588.7551879882812 340.4090270996094
588.6693115234375 264.99285888671875 628.9999771118164 264.99285888671875 628.9999771118164 341.17286682128906 588.6693115234375 341.17286682128906
588.6519165039062 266.51898193359375 628.9999847412109 266.51898193359375 628.9999847412109 342.7318572998047 588.6519165039062 342.7318572998047
588.8306884765625 262.4213562011719 628.9999694824219 262.4213562011719 628.9999694824219 338.29652404785156 588.8306884765625 338.29652404785156
587.9451293945312 263.40704345703125 629.0000228881836 263.40704345703125 629.0000228881836 340.9550323486328 587.9451293945312 340.9550323486328
587.7620849609375 266.3091735839844 628.9275436401367 266.3091735839844 628.9275436401367 344.0660095214844 587.7620849609375 344.0660095214844
587.0911865234375 263.0123596191406 628.9999580383301 263.0123596191406 628.9999580383301 342.17323303222656 587.0911865234375 342.17323303222656
586.3489379882812 259.4414367675781 628.9999885559082 259.4414367675781 628.9999885559082 340.00437927246094 586.3489379882812 340.00437927246094
584.77197265625 262.23089599609375 628.8326416015625 262.23089599609375 628.8326416015625 345.45643615722656 584.77197265625 345.45643615722656
584.7066040039062 258.5715637207031 629.0000076293945 258.5715637207031 629.0000076293945 342.23670959472656 584.7066040039062 342.23670959472656
583.8125 260.2879333496094 629.0000076293945 260.2879333496094 629.0000076293945 345.6419448852539 583.8125 345.6419448852539
583.36962890625 257.64483642578125 629.0000190734863 257.64483642578125 629.0000190734863 343.8354034423828 583.36962890625 343.8354034423828
583.2686157226562 256.8607177734375 628.9999885559082 256.8607177734375 628.9999885559082 343.24202728271484 583.2686157226562 343.24202728271484
581.8363037109375 254.82095336914062 629.0000343322754 254.82095336914062 629.0000343322754 343.90782165527344 581.8363037109375 343.90782165527344
582.3133544921875 254.5737762451172 628.9999504089355 254.5737762451172 628.9999504089355 342.75938415527344 582.3133544921875 342.75938415527344
581.8501586914062 254.8843994140625 629.0000190734863 254.8843994140625 629.0000190734863 343.94506072998047 581.8501586914062 343.94506072998047
581.9072265625 255.7306671142578 629.0000228881836 255.7306671142578 629.0000228881836 344.68353271484375 581.9072265625 344.68353271484375
582.5691528320312 255.1488800048828 629.0000228881836 255.1488800048828 629.0000228881836 342.8514404296875 582.5691528320312 342.8514404296875
582.7673950195312 256.4579162597656 629.0000228881836 256.4579162597656 629.0000228881836 343.78601837158203 582.7673950195312 343.78601837158203
581.8988037109375 254.4021453857422 629.0000228881836 254.4021453857422 629.0000228881836 343.37091064453125 581.8988037109375 343.37091064453125
581.8145751953125 254.7770538330078 629.0000610351562 254.7770538330078 629.0000610351562 343.9049835205078 581.8145751953125 343.9049835205078
582.1129150390625 254.65451049804688 629.0000038146973 254.65451049804688 629.0000038146973 343.2188034057617 582.1129150390625 343.2188034057617
582.1898193359375 255.2900390625 629.0000190734863 255.2900390625 629.0000190734863 343.70909118652344 582.1898193359375 343.70909118652344
582.4610595703125 256.79986572265625 629.0000686645508 256.79986572265625 629.0000686645508 344.7066650390625 582.4610595703125 344.7066650390625
582.0150146484375 254.45394897460938 628.9999923706055 254.45394897460938 628.9999923706055 343.20313262939453 582.0150146484375 343.20313262939453
582.0179443359375 254.95370483398438 628.9999618530273 254.95370483398438 628.9999618530273 343.6972961425781 582.0179443359375 343.6972961425781
582.1229248046875 254.89736938476562 629.0000076293945 254.89736938476562 629.0000076293945 343.4427490234375 582.1229248046875 343.4427490234375
582.38720703125 254.8183135986328 628.9999847412109 254.8183135986328 628.9999847412109 342.8644561767578 582.38720703125 342.8644561767578
581.5642700195312 254.8252716064453 628.9743461608887 254.8252716064453 628.9743461608887 344.37742614746094 581.5642700195312 344.37742614746094
580.7802734375 254.0348358154297 628.7643928527832 254.0348358154297 628.7643928527832 344.6712951660156 580.7802734375 344.6712951660156
580.8890380859375 254.52877807617188 629.0000457763672 254.52877807617188 629.0000457763672 345.40491485595703 580.8890380859375 345.40491485595703
581.35400390625 254.75234985351562 628.9999923706055 254.75234985351562 628.9999923706055 344.75012969970703 581.35400390625 344.75012969970703
581.9681396484375 254.80593872070312 628.9999694824219 254.80593872070312 628.9999694824219 343.6436538696289 581.9681396484375 343.6436538696289
581.9773559570312 254.6073760986328 629.0000114440918 254.6073760986328 629.0000114440918 343.4277648925781 581.9773559570312 343.4277648925781
581.4984130859375 254.5819854736328 628.9999885559082 254.5819854736328 628.9999885559082 344.3070068359375 581.4984130859375 344.3070068359375
581.2989501953125 254.60507202148438 628.9999847412109 254.60507202148438 628.9999847412109 344.70684814453125 581.2989501953125 344.70684814453125
581.5401000976562 254.2707977294922 629.0000076293945 254.2707977294922 629.0000076293945 343.9171142578125 581.5401000976562 343.9171142578125
581.5789794921875 254.54605102539062 628.9602851867676 254.54605102539062 628.9602851867676 344.0438919067383 581.5789794921875 344.0438919067383
581.2241821289062 254.06771850585938 628.9999923706055 254.06771850585938 628.9999923706055 344.31072998046875 581.2241821289062 344.31072998046875
581.5145263671875 255.16455078125 628.999927520752 255.16455078125 628.999927520752 344.85900115966797 581.5145263671875 344.85900115966797
581.3179931640625 254.5283966064453 629.000072479248 254.5283966064453 629.000072479248 344.59435272216797 581.3179931640625 344.59435272216797
581.3270263671875 253.85671997070312 628.9999923706055 253.85671997070312 628.9999923706055 343.9054641723633 581.3270263671875 343.9054641723633
581.595703125 254.15640258789062 629.0000114440918 254.15640258789062 629.0000114440918 343.6976776123047 581.595703125 343.6976776123047
581.5611572265625 254.5128631591797 629.0000839233398 254.5128631591797 629.0000839233398 344.1195297241211 581.5611572265625 344.1195297241211
581.5349731445312 254.5515594482422 629.0000152587891 254.5515594482422 629.0000152587891 344.2075500488281 581.5349731445312 344.2075500488281
582.4496459960938 255.24234008789062 629.0000076293945 255.24234008789062 629.0000076293945 343.1706085205078 582.4496459960938 343.1706085205078
582.6978759765625 254.99496459960938 629.0000343322754 254.99496459960938 629.0000343322754 342.4543991088867 582.6978759765625 342.4543991088867
581.7386474609375 254.7132110595703 628.9999923706055 254.7132110595703 628.9999923706055 343.9844436645508 581.7386474609375 343.9844436645508
581.7361450195312 254.2512969970703 629.0000534057617 254.2512969970703 629.0000534057617 343.5273742675781 581.7361450195312 343.5273742675781
581.19677734375 253.53353881835938 628.9547119140625 253.53353881835938 628.9547119140625 343.7427749633789 581.19677734375 343.7427749633789
581.1685791015625 254.0578155517578 629.0000076293945 254.0578155517578 629.0000076293945 344.40587615966797 581.1685791015625 344.40587615966797
581.4139404296875 254.54061889648438 628.942985534668 254.54061889648438 628.942985534668 344.31751251220703 581.4139404296875 344.31751251220703
581.3948974609375 254.3192901611328 628.9999732971191 254.3192901611328 628.9999732971191 344.2397994995117 581.3948974609375 344.2397994995117
581.45068359375 254.31668090820312 629.0000686645508 254.31668090820312 629.0000686645508 344.13199615478516 581.45068359375 344.13199615478516
581.9005126953125 254.38931274414062 628.9999885559082 254.38931274414062 628.9999885559082 343.3547897338867 581.9005126953125 343.3547897338867
581.8143310546875 253.9404296875 629.0000228881836 253.9404296875 629.0000228881836 343.06876373291016 581.8143310546875 343.06876373291016
581.3811645507812 254.3650360107422 629.0000686645508 254.3650360107422 629.0000686645508 344.31165313720703 581.3811645507812 344.31165313720703
581.9132080078125 255.0108184814453 629.0000381469727 255.0108184814453 629.0000381469727 343.95240783691406 581.9132080078125 343.95240783691406
581.6968994140625 254.9245147705078 628.8652496337891 254.9245147705078 628.8652496337891 344.0200881958008 581.6968994140625 344.0200881958008
582.5172119140625 254.9861297607422 628.9999809265137 254.9861297607422 628.9999809265137 342.7867126464844 582.5172119140625 342.7867126464844
582.5615234375 254.6908416748047 629.0000419616699 254.6908416748047 629.0000419616699 342.40784454345703 582.5615234375 342.40784454345703
581.8570556640625 254.6207733154297 629.0000610351562 254.6207733154297 629.0000610351562 343.66847229003906 581.8570556640625 343.66847229003906
581.6127319335938 254.2718963623047 629.0 254.2718963623047 629.0 343.7809829711914 581.6127319335938 343.7809829711914
582.33447265625 255.0243682861328 628.9999885559082 255.0243682861328 628.9999885559082 343.17015075683594 582.33447265625 343.17015075683594
582.3640747070312 254.9666290283203 629.0000343322754 254.9666290283203 629.0000343322754 343.0565872192383 582.3640747070312 343.0565872192383
582.044921875 254.922607421875 629.0000305175781 254.922607421875 629.0000305175781 343.6154098510742 582.044921875 343.6154098510742
581.8030395507812 254.10116577148438 629.0000457763672 254.10116577148438 629.0000457763672 343.25089263916016 581.8030395507812 343.25089263916016
581.4679565429688 253.92919921875 628.9999465942383 253.92919921875 628.9999465942383 343.71166229248047 581.4679565429688 343.71166229248047
581.6533203125 254.58493041992188 628.9999732971191 254.58493041992188 628.9999732971191 344.0173110961914 581.6533203125 344.0173110961914
581.7387084960938 255.0069122314453 628.9999809265137 255.0069122314453 628.9999809265137 344.2780303955078 581.7387084960938 344.2780303955078
581.865234375 255.2218780517578 628.9171028137207 255.2218780517578 628.9171028137207 344.0974426269531 581.865234375 344.0974426269531
581.9044799804688 255.15213012695312 629.0000076293945 255.15213012695312 629.0000076293945 344.1101608276367 581.9044799804688 344.1101608276367
582.2490234375 254.4683074951172 629.0000648498535 254.4683074951172 629.0000648498535 342.775634765625 582.2490234375 342.775634765625
581.4285888671875 253.9969024658203 628.9999389648438 253.9969024658203 628.9999389648438 343.85369873046875 581.4285888671875 343.85369873046875
580.8304443359375 253.8480682373047 628.9999961853027 253.8480682373047 628.9999961853027 344.83480072021484 580.8304443359375 344.83480072021484
581.9188842773438 255.11972045898438 629.0000076293945 255.11972045898438 629.0000076293945 344.050537109375 581.9188842773438 344.050537109375
581.7830810546875 254.71652221679688 628.9999504089355 254.71652221679688 628.9999504089355 343.9037399291992 581.7830810546875 343.9037399291992
581.9094848632812 254.6096649169922 628.9552879333496 254.6096649169922 628.9552879333496 343.4737548828125 581.9094848632812 343.4737548828125
581.47314453125 253.9308624267578 629.0000457763672 253.9308624267578 629.0000457763672 343.7036895751953 581.47314453125 343.7036895751953
581.3229370117188 253.46591186523438 628.9999618530273 253.46591186523438 628.9999618530273 343.5223083496094 581.3229370117188 343.5223083496094
581.0455932617188 254.19180297851562 628.9169845581055 254.19180297851562 628.9169845581055 344.61534118652344 581.0455932617188 344.61534118652344
581.6343383789062 254.2909698486328 629.0000534057617 254.2909698486328 629.0000534057617 343.7593460083008 581.6343383789062 343.7593460083008
582.7716064453125 256.2349853515625 629.0000190734863 256.2349853515625 629.0000190734863 343.5551300048828 582.7716064453125 343.5551300048828
584.2293701171875 257.6810607910156 628.9999809265137 257.6810607910156 628.9999809265137 342.2475891113281 584.2293701171875 342.2475891113281
584.9635009765625 265.7607421875 629.0000228881836 265.7607421875 629.0000228881836 348.94065856933594 584.9635009765625 348.94065856933594
585.54736328125 287.3670959472656 629.0 287.3670959472656 629.0 369.4441223144531 585.54736328125 369.4441223144531
564.7647094726562 291.84759521484375 607.166748046875 291.84759521484375 607.166748046875 371.9401626586914 564.7647094726562 371.9401626586914
