120.0 153.0 150.0 153.0 150.0 231.0 120.0 231.0
118.98333740234375 153.42059326171875 148.25536727905273 153.42059326171875 148.25536727905273 228.7593994140625 118.98333740234375 228.7593994140625
118.32177734375 153.0924835205078 147.1486358642578 153.0924835205078 147.1486358642578 230.934326171875 118.32177734375 230.934326171875
117.37223052978516 153.99839782714844 146.06110763549805 153.99839782714844 146.06110763549805 230.3440933227539 117.37223052978516 230.3440933227539
116.7569808959961 153.15736389160156 143.90889167785645 153.15736389160156 143.90889167785645 229.72288513183594 116.7569808959961 229.72288513183594
116.42431640625 153.5835418701172 142.47124862670898 153.5835418701172 142.47124862670898 227.76748657226562 116.42431640625 227.76748657226562
115.7566146850586 152.71469116210938 141.6022834777832 152.71469116210938 141.6022834777832 227.11829376220703 115.7566146850586 227.11829376220703
115.56037902832031 154.40994262695312 142.08456420898438 154.40994262695312 142.08456420898438 228.19427490234375 115.56037902832031 228.19427490234375
114.82938385009766 154.8096923828125 140.06052589416504 154.8096923828125 140.06052589416504 228.3169708251953 114.82938385009766 228.3169708251953
114.73350524902344 152.96115112304688 139.81333351135254 152.96115112304688 139.81333351135254 230.25659942626953 114.73350524902344 230.25659942626953
111.53623962402344 159.1363983154297 141.60825538635254 159.1363983154297 141.60825538635254 237.32362365722656 111.53623962402344 237.32362365722656
111.5439453125 156.09127807617188 135.3754940032959 156.09127807617188 135.3754940032959 229.4423065185547 111.5439453125 229.4423065185547
114.55001068115234 155.94024658203125 138.3018455505371 155.94024658203125 138.3018455505371 228.32340240478516 114.55001068115234 228.32340240478516
114.11566162109375 158.54183959960938 137.93190383911133 158.54183959960938 137.93190383911133 229.4637680053711 114.11566162109375 229.4637680053711
113.75821685791016 155.39584350585938 138.15196228027344 155.39584350585938 138.15196228027344 227.7494354248047 113.75821685791016 227.7494354248047
115.41096496582031 153.62063598632812 141.35558700561523 153.62063598632812 141.35558700561523 227.22592163085938 115.41096496582031 227.22592163085938
115.6150131225586 154.73098754882812 141.11935234069824 154.73098754882812 141.11935234069824 226.9255142211914 115.6150131225586 226.9255142211914
114.933349609375 155.11233520507812 141.24985694885254 155.11233520507812 141.24985694885254 228.27554321289062 114.933349609375 228.27554321289062
115.3272933959961 156.1105499267578 140.2967987060547 156.1105499267578 140.2967987060547 227.8350830078125 115.3272933959961 227.8350830078125
115.03575134277344 155.05569458007812 140.90330123901367 155.05569458007812 140.90330123901367 227.53436279296875 115.03575134277344 227.53436279296875
114.76741790771484 154.81399536132812 140.0468921661377 154.81399536132812 140.0468921661377 226.35980987548828 114.76741790771484 226.35980987548828
115.41789245605469 155.5211639404297 139.88687133789062 155.5211639404297 139.88687133789062 227.50927734375 115.41789245605469 227.50927734375
115.20011901855469 156.8640594482422 139.10048866271973 156.8640594482422 139.10048866271973 227.2681655883789 115.20011901855469 227.2681655883789
115.33992004394531 156.6551513671875 140.03734970092773 156.6551513671875 140.03734970092773 227.4048614501953 115.33992004394531 227.4048614501953
115.44100189208984 154.8147735595703 140.67374992370605 154.8147735595703 140.67374992370605 229.028564453125 115.44100189208984 229.028564453125
115.43477630615234 155.35665893554688 140.49983596801758 155.35665893554688 140.49983596801758 227.40147399902344 115.43477630615234 227.40147399902344
115.44599914550781 155.184814453125 140.43827438354492 155.184814453125 140.43827438354492 227.3397674560547 115.44599914550781 227.3397674560547
115.48095703125 154.81008911132812 140.59304428100586 154.81008911132812 140.59304428100586 226.54985809326172 115.48095703125 226.54985809326172
115.30230712890625 154.49600219726562 140.27677154541016 154.49600219726562 140.27677154541016 225.72825622558594 115.30230712890625 225.72825622558594
115.64540100097656 153.90969848632812 140.39569091796875 153.90969848632812 140.39569091796875 226.7611083984375 115.64540100097656 226.7611083984375
115.9807357788086 154.63038635253906 141.18135452270508 154.63038635253906 141.18135452270508 228.03704071044922 115.9807357788086 228.03704071044922
115.55570983886719 155.03993225097656 141.56617164611816 155.03993225097656 141.56617164611816 227.21964263916016 115.55570983886719 227.21964263916016
115.0363540649414 155.1658935546875 140.235933303833 155.1658935546875 140.235933303833 227.43695068359375 115.0363540649414 227.43695068359375
114.53431701660156 156.2886199951172 139.25065994262695 156.2886199951172 139.25065994262695 228.0877685546875 114.53431701660156 228.0877685546875
116.00288391113281 156.0585174560547 141.78593063354492 156.0585174560547 141.78593063354492 228.65570831298828 116.00288391113281 228.65570831298828
114.214111328125 156.4121551513672 138.94378280639648 156.4121551513672 138.94378280639648 226.96356964111328 114.214111328125 226.96356964111328
115.6175308227539 155.7860870361328 140.74896049499512 155.7860870361328 140.74896049499512 226.74301147460938 115.6175308227539 226.74301147460938
115.2403793334961 155.427001953125 140.57782363891602 155.427001953125 140.57782363891602 227.87696838378906 115.2403793334961 227.87696838378906
114.29817962646484 156.32888793945312 139.0437126159668 156.32888793945312 139.0437126159668 228.1343994140625 114.29817962646484 228.1343994140625
115.0169906616211 156.03018188476562 139.9516487121582 156.03018188476562 139.9516487121582 227.66582489013672 115.0169906616211 227.66582489013672
115.16463470458984 156.4475860595703 140.5850944519043 156.4475860595703 140.5850944519043 229.47122955322266 115.16463470458984 229.47122955322266
114.9078598022461 155.56289672851562 139.97111129760742 155.56289672851562 139.97111129760742 228.8048553466797 114.9078598022461 228.8048553466797
114.4263687133789 156.01124572753906 140.0956859588623 156.01124572753906 140.0956859588623 229.97274780273438 114.4263687133789 229.97274780273438
115.7057876586914 155.19091796875 142.48484992980957 155.19091796875 142.48484992980957 230.53328704833984 115.7057876586914 230.53328704833984
114.97117614746094 155.68759155273438 140.64781188964844 155.68759155273438 140.64781188964844 229.72796630859375 114.97117614746094 229.72796630859375
114.7787094116211 153.63168334960938 140.60864639282227 153.63168334960938 140.60864639282227 229.02249145507812 114.7787094116211 229.02249145507812
114.32049560546875 155.61911010742188 140.3621883392334 155.61911010742188 140.3621883392334 229.00054168701172 114.32049560546875 229.00054168701172
115.51898193359375 154.3431396484375 142.14028358459473 154.3431396484375 142.14028358459473 230.9480743408203 115.51898193359375 230.9480743408203
114.9622573852539 155.77529907226562 141.156831741333 155.77529907226562 141.156831741333 227.28890991210938 114.9622573852539 227.28890991210938
114.5060043334961 155.7093505859375 141.5021743774414 155.7093505859375 141.5021743774414 230.27084350585938 114.5060043334961 230.27084350585938
114.85737609863281 155.71939086914062 141.11520385742188 155.71939086914062 141.11520385742188 228.49243927001953 114.85737609863281 228.49243927001953
114.70333099365234 155.42271423339844 141.17379570007324 155.42271423339844 141.17379570007324 229.0368423461914 114.70333099365234 229.0368423461914
115.0302734375 154.64849853515625 141.3615779876709 154.64849853515625 141.3615779876709 227.9878921508789 115.0302734375 227.9878921508789
114.44972229003906 155.34091186523438 140.59548950195312 155.34091186523438 140.59548950195312 229.61082458496094 114.44972229003906 229.61082458496094
114.22914123535156 155.43505859375 140.74977493286133 155.43505859375 140.74977493286133 230.3510284423828 114.22914123535156 230.3510284423828
114.6800537109375 154.34591674804688 141.1749153137207 154.34591674804688 141.1749153137207 229.06645965576172 114.6800537109375 229.06645965576172
113.8656997680664 155.2602996826172 140.65177726745605 155.2602996826172 140.65177726745605 229.33360290527344 113.8656997680664 229.33360290527344
112.24919128417969 155.34695434570312 138.35271835327148 155.34695434570312 138.35271835327148 230.2171173095703 112.24919128417969 230.2171173095703
114.90538024902344 154.13705444335938 141.9584255218506 154.13705444335938 141.9584255218506 228.35601043701172 114.90538024902344 228.35601043701172
114.25788879394531 154.5704345703125 140.39136695861816 154.5704345703125 140.39136695861816 228.68470764160156 114.25788879394531 228.68470764160156
113.3829574584961 155.3741455078125 138.71262741088867 155.3741455078125 138.71262741088867 229.45387268066406 113.3829574584961 229.45387268066406
114.43696594238281 154.77291870117188 140.00332832336426 154.77291870117188 140.00332832336426 228.74363708496094 114.43696594238281 228.74363708496094
114.65647888183594 154.71530151367188 140.95343017578125 154.71530151367188 140.95343017578125 228.630615234375 114.65647888183594 228.630615234375
116.04852294921875 155.25082397460938 143.10541915893555 155.25082397460938 143.10541915893555 230.2824249267578 116.04852294921875 230.2824249267578
116.29388427734375 152.9825897216797 142.48520278930664 152.9825897216797 142.48520278930664 229.5358123779297 116.29388427734375 229.5358123779297
116.61415100097656 152.46359252929688 145.03147506713867 152.46359252929688 145.03147506713867 230.3239974975586 116.61415100097656 230.3239974975586
117.7597885131836 151.76458740234375 145.85464668273926 151.76458740234375 145.85464668273926 229.20087432861328 117.7597885131836 229.20087432861328
118.70809173583984 151.3466033935547 146.69993209838867 151.3466033935547 146.69993209838867 230.08148193359375 118.70809173583984 230.08148193359375
119.029296875 151.51113891601562 147.8971710205078 151.51113891601562 147.8971710205078 231.4202423095703 119.029296875 231.4202423095703
119.66722106933594 153.9304962158203 149.30350875854492 153.9304962158203 149.30350875854492 230.55169677734375 119.66722106933594 230.55169677734375
121.42597961425781 153.39788818359375 151.09207153320312 153.39788818359375 151.09207153320312 232.94412231445312 121.42597961425781 232.94412231445312
121.7425308227539 153.58572387695312 151.8112564086914 153.58572387695312 151.8112564086914 231.85836029052734 121.7425308227539 231.85836029052734
122.3192138671875 153.56082153320312 153.75429725646973 153.56082153320312 153.75429725646973 230.94904327392578 122.3192138671875 230.94904327392578
121.24174499511719 152.949951171875 152.89903259277344 152.949951171875 152.89903259277344 230.41544342041016 121.24174499511719 230.41544342041016
116.1052474975586 153.4456024169922 144.41046524047852 153.4456024169922 144.41046524047852 229.76463317871094 116.1052474975586 229.76463317871094
115.51319885253906 153.08348083496094 143.49907302856445 153.08348083496094 143.49907302856445 231.36390686035156 115.51319885253906 231.36390686035156
113.3514404296875 154.57472229003906 140.27202224731445 154.57472229003906 140.27202224731445 230.31951141357422 113.3514404296875 230.31951141357422
114.92022705078125 154.421875 143.43150901794434 154.421875 143.43150901794434 230.09661865234375 114.92022705078125 230.09661865234375
112.9511947631836 156.21519470214844 139.59743118286133 156.21519470214844 139.59743118286133 230.48599243164062 112.9511947631836 230.48599243164062
113.74344635009766 155.97531127929688 140.62848281860352 155.97531127929688 140.62848281860352 229.15337371826172 113.74344635009766 229.15337371826172
114.0897445678711 156.78260803222656 140.69355010986328 156.78260803222656 140.69355010986328 229.5199203491211 114.0897445678711 229.5199203491211
114.80743408203125 154.44485473632812 141.5380039215088 154.44485473632812 141.5380039215088 229.85662841796875 114.80743408203125 229.85662841796875
114.88957214355469 154.72940063476562 140.88755798339844 154.72940063476562 140.88755798339844 230.22915649414062 114.88957214355469 230.22915649414062
115.52545166015625 154.04562377929688 142.3993740081787 154.04562377929688 142.3993740081787 229.35100555419922 115.52545166015625 229.35100555419922
115.0030746459961 155.3788299560547 141.2325210571289 155.3788299560547 141.2325210571289 229.92426300048828 115.0030746459961 229.92426300048828
115.7159652709961 154.0872802734375 141.98041915893555 154.0872802734375 141.98041915893555 230.1503448486328 115.7159652709961 230.1503448486328
115.70137786865234 153.94667053222656 142.67330169677734 153.94667053222656 142.67330169677734 229.3191146850586 115.70137786865234 229.3191146850586
114.70699310302734 154.36895751953125 141.65472793579102 154.36895751953125 141.65472793579102 229.8937530517578 114.70699310302734 229.8937530517578
115.05497741699219 154.52439880371094 142.07310485839844 154.52439880371094 142.07310485839844 228.14854431152344 115.05497741699219 228.14854431152344
114.81758880615234 154.9079132080078 140.26495742797852 154.9079132080078 140.26495742797852 231.2640380859375 114.81758880615234 231.2640380859375
115.0560531616211 155.06973266601562 140.5694808959961 155.06973266601562 140.5694808959961 230.4791030883789 115.0560531616211 230.4791030883789
114.45417785644531 156.1455078125 140.9026336669922 156.1455078125 140.9026336669922 230.08407592773438 114.45417785644531 230.08407592773438
114.26163482666016 155.65933227539062 141.01518058776855 155.65933227539062 141.01518058776855 229.02787017822266 114.26163482666016 229.02787017822266
113.97869873046875 157.3433074951172 139.8582248687744 157.3433074951172 139.8582248687744 229.56903076171875 113.97869873046875 229.56903076171875
114.70223236083984 154.86825561523438 140.8098373413086 154.86825561523438 140.8098373413086 229.39036560058594 114.70223236083984 229.39036560058594
114.5976791381836 155.2740478515625 140.6638298034668 155.2740478515625 140.6638298034668 228.81075286865234 114.5976791381836 228.81075286865234
114.236328125 156.0678253173828 140.8136444091797 156.0678253173828 140.8136444091797 229.70498657226562 114.236328125 229.70498657226562
113.5776138305664 153.86883544921875 139.74287796020508 153.86883544921875 139.74287796020508 231.78602600097656 113.5776138305664 231.78602600097656
115.00748443603516 155.39645385742188 141.05743598937988 155.39645385742188 141.05743598937988 230.20118713378906 115.00748443603516 230.20118713378906
113.71319580078125 154.3560333251953 140.72723007202148 154.3560333251953 140.72723007202148 231.63761138916016 113.71319580078125 231.63761138916016
113.54876708984375 156.55508422851562 139.364990234375 156.55508422851562 139.364990234375 230.65255737304688 113.54876708984375 230.65255737304688
115.4924087524414 154.33938598632812 142.45336532592773 154.33938598632812 142.45336532592773 229.23779296875 115.4924087524414 229.23779296875
115.23878479003906 153.2285614013672 141.71993446350098 153.2285614013672 141.71993446350098 230.05319213867188 115.23878479003906 230.05319213867188
113.6927719116211 156.423828125 140.3454360961914 156.423828125 140.3454360961914 229.49292755126953 113.6927719116211 229.49292755126953
114.36480712890625 154.21482849121094 139.9898681640625 154.21482849121094 139.9898681640625 229.17328643798828 114.36480712890625 229.17328643798828
115.0187759399414 154.4768524169922 141.01840591430664 154.4768524169922 141.01840591430664 227.2462387084961 115.0187759399414 227.2462387084961
113.74147033691406 155.9201202392578 139.73320960998535 155.9201202392578 139.73320960998535 230.73590087890625 113.74147033691406 230.73590087890625
114.39564514160156 155.77481079101562 140.39046669006348 155.77481079101562 140.39046669006348 228.35714721679688 114.39564514160156 228.35714721679688
115.5922622680664 154.5992431640625 141.14225578308105 154.5992431640625 141.14225578308105 228.2228775024414 115.5922622680664 228.2228775024414
115.23051452636719 153.74301147460938 141.67629432678223 153.74301147460938 141.67629432678223 228.99423217773438 115.23051452636719 228.99423217773438
114.64546203613281 157.235595703125 139.8154354095459 157.235595703125 139.8154354095459 228.38381958007812 114.64546203613281 228.38381958007812
115.27131652832031 154.86489868164062 139.947021484375 154.86489868164062 139.947021484375 228.16255950927734 115.27131652832031 228.16255950927734
114.74641418457031 154.90725708007812 140.22861099243164 154.90725708007812 140.22861099243164 229.34519958496094 114.74641418457031 229.34519958496094
114.49237060546875 154.23928833007812 141.0580234527588 154.23928833007812 141.0580234527588 229.5817108154297 114.49237060546875 229.5817108154297
114.88301849365234 156.88406372070312 141.0011215209961 156.88406372070312 141.0011215209961 228.65609741210938 114.88301849365234 228.65609741210938
115.09169006347656 156.29562377929688 140.37608909606934 156.29562377929688 140.37608909606934 227.66675567626953 115.09169006347656 227.66675567626953
114.14924621582031 155.40640258789062 139.81411361694336 155.40640258789062 139.81411361694336 228.1045379638672 114.14924621582031 228.1045379638672
114.1437759399414 156.38302612304688 139.1586627960205 156.38302612304688 139.1586627960205 228.5584487915039 114.1437759399414 228.5584487915039
114.3165512084961 155.75445556640625 140.13245010375977 155.75445556640625 140.13245010375977 228.5461883544922 114.3165512084961 228.5461883544922
115.1246337890625 156.6918487548828 140.27091789245605 156.6918487548828 140.27091789245605 228.49444580078125 115.1246337890625 228.49444580078125
114.63690185546875 155.45242309570312 140.95021438598633 155.45242309570312 140.95021438598633 230.03844451904297 114.63690185546875 230.03844451904297
114.8244400024414 157.0936737060547 140.8156852722168 157.0936737060547 140.8156852722168 231.29402923583984 114.8244400024414 231.29402923583984
114.3355712890625 156.3291473388672 140.04008865356445 156.3291473388672 140.04008865356445 229.20774841308594 114.3355712890625 229.20774841308594
115.8530502319336 154.50914001464844 141.81724739074707 154.50914001464844 141.81724739074707 229.7933578491211 115.8530502319336 229.7933578491211
115.7903060913086 154.45616149902344 142.1286392211914 154.45616149902344 142.1286392211914 230.11402130126953 115.7903060913086 230.11402130126953
114.83442687988281 156.28872680664062 140.9426727294922 156.28872680664062 140.9426727294922 229.59657287597656 114.83442687988281 229.59657287597656
114.9390869140625 154.62948608398438 141.11777305603027 154.62948608398438 141.11777305603027 228.9970703125 114.9390869140625 228.9970703125
114.2210464477539 156.59640502929688 139.73035049438477 156.59640502929688 139.73035049438477 228.0049591064453 114.2210464477539 228.0049591064453
115.53572082519531 155.1961212158203 143.28285598754883 155.1961212158203 143.28285598754883 228.97308349609375 115.53572082519531 228.97308349609375
114.57308197021484 155.5619659423828 140.58683967590332 155.5619659423828 140.58683967590332 228.96099090576172 114.57308197021484 228.96099090576172
114.3164291381836 155.0552215576172 140.5802173614502 155.0552215576172 140.5802173614502 230.01695251464844 114.3164291381836 230.01695251464844
114.83070373535156 155.69265747070312 141.2638053894043 155.69265747070312 141.2638053894043 230.97042846679688 114.83070373535156 230.97042846679688
115.98492431640625 154.36526489257812 142.99229049682617 154.36526489257812 142.99229049682617 228.93875122070312 115.98492431640625 228.93875122070312
115.9655990600586 154.7761993408203 142.3469066619873 154.7761993408203 142.3469066619873 227.0726089477539 115.9655990600586 227.0726089477539
114.88362884521484 156.3919219970703 140.2566909790039 156.3919219970703 140.2566909790039 228.54684448242188 114.88362884521484 228.54684448242188
114.7415542602539 155.30804443359375 141.045015335083 155.30804443359375 141.045015335083 229.1845932006836 114.7415542602539 229.1845932006836
115.57096862792969 153.6588134765625 141.6553077697754 153.6588134765625 141.6553077697754 230.89830017089844 115.57096862792969 230.89830017089844
114.31626892089844 154.16673278808594 139.75344467163086 154.16673278808594 139.75344467163086 228.8414306640625 114.31626892089844 228.8414306640625
115.06036376953125 154.84292602539062 141.51272583007812 154.84292602539062 141.51272583007812 228.129150390625 115.06036376953125 228.129150390625
114.84327697753906 154.663330078125 140.6490135192871 154.663330078125 140.6490135192871 229.53208923339844 114.84327697753906 229.53208923339844
114.3634262084961 157.11587524414062 140.25038528442383 157.11587524414062 140.25038528442383 229.88648986816406 114.3634262084961 229.88648986816406
114.8612060546875 155.50106811523438 141.19601821899414 155.50106811523438 141.19601821899414 230.4421615600586 114.8612060546875 230.4421615600586
114.6646499633789 156.16421508789062 141.06013107299805 156.16421508789062 141.06013107299805 229.33729553222656 114.6646499633789 229.33729553222656
115.0390625 155.92318725585938 142.0898323059082 155.92318725585938 142.0898323059082 228.35802459716797 115.0390625 228.35802459716797
114.98563385009766 155.47793579101562 142.13236618041992 155.47793579101562 142.13236618041992 229.61529541015625 114.98563385009766 229.61529541015625
114.9092025756836 155.48104858398438 142.1448745727539 155.48104858398438 142.1448745727539 228.67190551757812 114.9092025756836 228.67190551757812
115.05606842041016 153.90252685546875 141.94683647155762 153.90252685546875 141.94683647155762 230.73186492919922 115.05606842041016 230.73186492919922
114.26371765136719 152.81796264648438 142.4557647705078 152.81796264648438 142.4557647705078 229.27255249023438 114.26371765136719 229.27255249023438
115.78446197509766 154.5989532470703 144.68148040771484 154.5989532470703 144.68148040771484 230.77582550048828 115.78446197509766 230.77582550048828
116.40605163574219 153.97230529785156 146.4835548400879 153.97230529785156 146.4835548400879 230.35226440429688 116.40605163574219 230.35226440429688
113.39202880859375 154.32083129882812 145.05825805664062 154.32083129882812 145.05825805664062 230.35881805419922 113.39202880859375 230.35881805419922
113.81319427490234 154.4757080078125 147.13964462280273 154.4757080078125 147.13964462280273 229.6924591064453 113.81319427490234 229.6924591064453
112.62271881103516 153.83920288085938 146.82746124267578 153.83920288085938 146.82746124267578 230.8042221069336 112.62271881103516 230.8042221069336
111.8230972290039 154.13204956054688 144.2043228149414 154.13204956054688 144.2043228149414 230.78060913085938 111.8230972290039 230.78060913085938
110.9312973022461 159.0312042236328 139.19855117797852 159.0312042236328 139.19855117797852 229.72855377197266 110.9312973022461 229.72855377197266
113.37037658691406 159.34458923339844 139.0427761077881 159.34458923339844 139.0427761077881 228.1051483154297 113.37037658691406 228.1051483154297
110.80363464355469 156.6342010498047 144.03230667114258 156.6342010498047 144.03230667114258 243.02869415283203 110.80363464355469 243.02869415283203
116.78111267089844 160.6183319091797 144.01511192321777 160.6183319091797 144.01511192321777 230.609375 116.78111267089844 230.609375
112.51895904541016 153.3383331298828 143.31774139404297 153.3383331298828 143.31774139404297 235.49373626708984 112.51895904541016 235.49373626708984
117.23046875 158.0393829345703 143.12900161743164 158.0393829345703 143.12900161743164 228.63321685791016 117.23046875 228.63321685791016
112.39884948730469 157.48886108398438 139.36984634399414 157.48886108398438 139.36984634399414 234.52122497558594 112.39884948730469 234.52122497558594
112.82930755615234 155.36984252929688 140.25342178344727 155.36984252929688 140.25342178344727 231.0188751220703 112.82930755615234 231.0188751220703
113.53267669677734 155.42787170410156 140.2471809387207 155.42787170410156 140.2471809387207 230.75381469726562 113.53267669677734 230.75381469726562
113.70576477050781 154.24288940429688 140.3863067626953 154.24288940429688 140.3863067626953 228.51736450195312 113.70576477050781 228.51736450195312
114.47900390625 153.84942626953125 141.3948860168457 153.84942626953125 141.3948860168457 229.2285919189453 114.47900390625 229.2285919189453
113.9245376586914 154.66220092773438 141.59318351745605 154.66220092773438 141.59318351745605 228.5001983642578 113.9245376586914 228.5001983642578
114.06062316894531 154.5040283203125 140.69901657104492 154.5040283203125 140.69901657104492 227.9886474609375 114.06062316894531 227.9886474609375
114.77359771728516 153.13870239257812 141.54262161254883 153.13870239257812 141.54262161254883 230.1154327392578 114.77359771728516 230.1154327392578
114.19465637207031 154.62905883789062 141.2780303955078 154.62905883789062 141.2780303955078 229.18273162841797 114.19465637207031 229.18273162841797
114.5538330078125 153.96475219726562 142.8840675354004 153.96475219726562 142.8840675354004 229.00221252441406 114.5538330078125 229.00221252441406
115.15208435058594 154.291015625 142.85285568237305 154.291015625 142.85285568237305 229.33541107177734 115.15208435058594 229.33541107177734
115.54933166503906 153.1292724609375 142.64879989624023 153.1292724609375 142.64879989624023 230.0508270263672 115.54933166503906 230.0508270263672
114.56778717041016 153.8351287841797 142.18579292297363 153.8351287841797 142.18579292297363 230.04742431640625 114.56778717041016 230.04742431640625
114.41642761230469 154.24783325195312 142.21462631225586 154.24783325195312 142.21462631225586 229.74234771728516 114.41642761230469 229.74234771728516
114.80415344238281 154.30404663085938 141.90449142456055 154.30404663085938 141.90449142456055 230.1852035522461 114.80415344238281 230.1852035522461
115.04985046386719 151.9180450439453 143.32996559143066 151.9180450439453 143.32996559143066 231.4759750366211 115.04985046386719 231.4759750366211
115.1011734008789 155.74813842773438 141.80310821533203 155.74813842773438 141.80310821533203 227.86009979248047 115.1011734008789 227.86009979248047
114.9426040649414 154.20333862304688 142.20224380493164 154.20333862304688 142.20224380493164 230.80508422851562 114.9426040649414 230.80508422851562
113.4407730102539 155.08688354492188 141.03477096557617 155.08688354492188 141.03477096557617 229.6096420288086 113.4407730102539 229.6096420288086
114.6903076171875 154.71241760253906 141.50433349609375 154.71241760253906 141.50433349609375 230.28506469726562 114.6903076171875 230.28506469726562
115.9384994506836 154.17132568359375 144.14946174621582 154.17132568359375 144.14946174621582 229.448974609375 115.9384994506836 229.448974609375
113.6475601196289 156.99900817871094 141.4987506866455 156.99900817871094 141.4987506866455 229.83043670654297 113.6475601196289 229.83043670654297
114.35575103759766 154.22177124023438 142.35258102416992 154.22177124023438 142.35258102416992 229.81146240234375 114.35575103759766 229.81146240234375
113.72554779052734 153.4693145751953 142.07237434387207 153.4693145751953 142.07237434387207 229.87848663330078 113.72554779052734 229.87848663330078
114.8386459350586 153.67715454101562 143.932279586792 153.67715454101562 143.932279586792 231.53522491455078 114.8386459350586 231.53522491455078
114.1263198852539 153.16812133789062 142.57240676879883 153.16812133789062 142.57240676879883 230.36132049560547 114.1263198852539 230.36132049560547
114.86302185058594 153.46487426757812 143.6366786956787 153.46487426757812 143.6366786956787 231.1171417236328 114.86302185058594 231.1171417236328
115.27311706542969 153.60003662109375 143.5060691833496 153.60003662109375 143.5060691833496 231.63658905029297 115.27311706542969 231.63658905029297
115.3280029296875 153.53236389160156 143.26138305664062 153.53236389160156 143.26138305664062 229.83808135986328 115.3280029296875 229.83808135986328
113.99095153808594 154.6803436279297 141.24369430541992 154.6803436279297 141.24369430541992 230.37679290771484 113.99095153808594 230.37679290771484
114.4857177734375 154.2182159423828 142.4149875640869 154.2182159423828 142.4149875640869 229.16346740722656 114.4857177734375 229.16346740722656
114.519775390625 154.73184204101562 142.07504653930664 154.73184204101562 142.07504653930664 230.3313980102539 114.519775390625 230.3313980102539
114.3343505859375 154.62960815429688 141.0223789215088 154.62960815429688 141.0223789215088 228.90917205810547 114.3343505859375 228.90917205810547
113.4051284790039 154.65768432617188 140.99863815307617 154.65768432617188 140.99863815307617 231.06652069091797 113.4051284790039 231.06652069091797
114.76139831542969 155.84417724609375 142.44301795959473 155.84417724609375 142.44301795959473 232.11846160888672 114.76139831542969 232.11846160888672
115.4262924194336 155.16029357910156 143.35442924499512 155.16029357910156 143.35442924499512 227.8693084716797 115.4262924194336 227.8693084716797
114.29374694824219 154.82302856445312 140.86322593688965 154.82302856445312 140.86322593688965 232.0370864868164 114.29374694824219 232.0370864868164
114.23001861572266 154.92803955078125 141.61770248413086 154.92803955078125 141.61770248413086 229.98834991455078 114.23001861572266 229.98834991455078
114.46195983886719 155.8047332763672 141.99586486816406 155.8047332763672 141.99586486816406 231.33441925048828 114.46195983886719 231.33441925048828
115.0357666015625 154.94931030273438 142.77824020385742 154.94931030273438 142.77824020385742 229.5908432006836 115.0357666015625 229.5908432006836
114.80220794677734 153.98562622070312 143.03382110595703 153.98562622070312 143.03382110595703 230.521240234375 114.80220794677734 230.521240234375
114.65022277832031 154.0668487548828 142.5912208557129 154.0668487548828 142.5912208557129 229.4144287109375 114.65022277832031 229.4144287109375
114.68794250488281 154.38180541992188 142.2057991027832 154.38180541992188 142.2057991027832 230.83229064941406 114.68794250488281 230.83229064941406
114.3130111694336 154.50950622558594 141.44964790344238 154.50950622558594 141.44964790344238 229.57494354248047 114.3130111694336 229.57494354248047
114.9217758178711 155.70138549804688 142.48272514343262 155.70138549804688 142.48272514343262 228.9173126220703 114.9217758178711 228.9173126220703
114.76206970214844 153.389404296875 141.67711448669434 153.389404296875 141.67711448669434 229.50123596191406 114.76206970214844 229.50123596191406
114.72160339355469 155.23410034179688 142.14493942260742 155.23410034179688 142.14493942260742 230.28375244140625 114.72160339355469 230.28375244140625
114.89656829833984 154.37380981445312 141.80927658081055 154.37380981445312 141.80927658081055 230.6767120361328 114.89656829833984 230.6767120361328
114.93109130859375 154.15928649902344 142.6034641265869 154.15928649902344 142.6034641265869 229.06829833984375 114.93109130859375 229.06829833984375
114.7716064453125 154.6931915283203 142.33091735839844 154.6931915283203 142.33091735839844 229.91658782958984 114.7716064453125 229.91658782958984
113.81581115722656 154.42910766601562 140.5476131439209 154.42910766601562 140.5476131439209 231.4979019165039 113.81581115722656 231.4979019165039
115.0536117553711 153.3367156982422 142.73071098327637 153.3367156982422 142.73071098327637 230.06786346435547 115.0536117553711 230.06786346435547
115.5767822265625 154.7865753173828 143.20043563842773 154.7865753173828 143.20043563842773 230.6668930053711 115.5767822265625 230.6668930053711
113.50093078613281 154.99217224121094 141.23078536987305 154.99217224121094 141.23078536987305 230.19086456298828 113.50093078613281 230.19086456298828
114.86690521240234 155.5897979736328 143.34557914733887 155.5897979736328 143.34557914733887 230.03005981445312 114.86690521240234 230.03005981445312
115.1228256225586 153.1845245361328 143.8320026397705 153.1845245361328 143.8320026397705 229.6415786743164 115.1228256225586 229.6415786743164
115.0130386352539 155.26953125 143.23505973815918 155.26953125 143.23505973815918 229.79061889648438 115.0130386352539 229.79061889648438
114.52655029296875 154.29348754882812 143.1449089050293 154.29348754882812 143.1449089050293 231.6106719970703 114.52655029296875 231.6106719970703
114.03117370605469 154.57217407226562 142.5419044494629 154.57217407226562 142.5419044494629 230.23455047607422 114.03117370605469 230.23455047607422
114.42588806152344 155.9512176513672 142.45554161071777 155.9512176513672 142.45554161071777 229.51246643066406 114.42588806152344 229.51246643066406
114.6673583984375 154.23934936523438 143.50038719177246 154.23934936523438 143.50038719177246 230.47633361816406 114.6673583984375 230.47633361816406
114.58499908447266 153.11129760742188 142.25206184387207 153.11129760742188 142.25206184387207 231.92420959472656 114.58499908447266 231.92420959472656
114.38328552246094 155.4071502685547 142.24781227111816 155.4071502685547 142.24781227111816 230.5631103515625 114.38328552246094 230.5631103515625
114.56075286865234 152.48220825195312 142.52842330932617 152.48220825195312 142.52842330932617 229.83953094482422 114.56075286865234 229.83953094482422
114.5751953125 153.80227661132812 142.40554428100586 153.80227661132812 142.40554428100586 230.5008087158203 114.5751953125 230.5008087158203
114.8613510131836 155.48587036132812 141.8687572479248 155.48587036132812 141.8687572479248 230.02629852294922 114.8613510131836 230.02629852294922
114.4207534790039 153.27120971679688 141.89369010925293 153.27120971679688 141.89369010925293 229.67461395263672 114.4207534790039 229.67461395263672
113.9333267211914 155.70840454101562 140.83154487609863 155.70840454101562 140.83154487609863 229.8649139404297 113.9333267211914 229.8649139404297
115.09233093261719 155.5125732421875 142.51211166381836 155.5125732421875 142.51211166381836 230.41099548339844 115.09233093261719 230.41099548339844
114.74346923828125 154.2765350341797 141.90458297729492 154.2765350341797 141.90458297729492 229.74486541748047 114.74346923828125 229.74486541748047
114.7967300415039 156.21669006347656 142.27388763427734 156.21669006347656 142.27388763427734 227.72439575195312 114.7967300415039 227.72439575195312
114.89637756347656 155.47903442382812 142.40282249450684 155.47903442382812 142.40282249450684 229.59917449951172 114.89637756347656 229.59917449951172
114.60588073730469 153.00039672851562 142.2956199645996 153.00039672851562 142.2956199645996 232.0266876220703 114.60588073730469 232.0266876220703
115.118896484375 156.0357208251953 142.5904655456543 156.0357208251953 142.5904655456543 229.31947326660156 115.118896484375 229.31947326660156
115.61006164550781 153.269775390625 143.8889923095703 153.269775390625 143.8889923095703 230.8946304321289 115.61006164550781 230.8946304321289
114.11598205566406 156.03428649902344 140.80033493041992 156.03428649902344 140.80033493041992 228.8382568359375 114.11598205566406 228.8382568359375
115.19898986816406 152.47201538085938 143.0092716217041 152.47201538085938 143.0092716217041 231.1051483154297 115.19898986816406 231.1051483154297
115.50394439697266 154.144775390625 142.90864181518555 154.144775390625 142.90864181518555 230.74056243896484 115.50394439697266 230.74056243896484
114.42512512207031 154.6717987060547 142.67058944702148 154.6717987060547 142.67058944702148 230.0817108154297 114.42512512207031 230.0817108154297
114.96018981933594 154.50770568847656 142.89328384399414 154.50770568847656 142.89328384399414 229.87670135498047 114.96018981933594 229.87670135498047
114.65545654296875 153.09951782226562 142.84186363220215 153.09951782226562 142.84186363220215 229.6952362060547 114.65545654296875 229.6952362060547
114.76956939697266 154.06387329101562 142.45769500732422 154.06387329101562 142.45769500732422 229.98428344726562 114.76956939697266 229.98428344726562
115.5532455444336 153.46336364746094 143.9073600769043 153.46336364746094 143.9073600769043 230.61629486083984 115.5532455444336 230.61629486083984
114.98680114746094 154.59963989257812 140.8545265197754 154.59963989257812 140.8545265197754 229.41871643066406 114.98680114746094 229.41871643066406
115.5452651977539 155.1458282470703 143.50846099853516 155.1458282470703 143.50846099853516 229.14004516601562 115.5452651977539 229.14004516601562
114.35567474365234 153.0015869140625 142.4614143371582 153.0015869140625 142.4614143371582 230.5005340576172 114.35567474365234 230.5005340576172
115.50456237792969 154.3416748046875 143.43723678588867 154.3416748046875 143.43723678588867 229.7495346069336 115.50456237792969 229.7495346069336
114.99580383300781 152.9805145263672 142.2978115081787 152.9805145263672 142.2978115081787 231.51607513427734 114.99580383300781 231.51607513427734
114.40107727050781 153.90011596679688 142.37807273864746 153.90011596679688 142.37807273864746 229.30337524414062 114.40107727050781 229.30337524414062
115.05033111572266 154.4748992919922 143.2685775756836 154.4748992919922 143.2685775756836 229.82232666015625 115.05033111572266 229.82232666015625
114.57352447509766 153.10546875 142.1059741973877 153.10546875 142.1059741973877 230.44466400146484 114.57352447509766 230.44466400146484
115.54804992675781 153.4587860107422 142.5809841156006 153.4587860107422 142.5809841156006 230.27639770507812 115.54804992675781 230.27639770507812
114.71241760253906 155.34390258789062 142.5469913482666 155.34390258789062 142.5469913482666 230.0374755859375 114.71241760253906 230.0374755859375
114.669921875 155.11276245117188 141.28944969177246 155.11276245117188 141.28944969177246 231.38237762451172 114.669921875 231.38237762451172
114.37294006347656 154.26904296875 142.24512672424316 154.26904296875 142.24512672424316 230.91900634765625 114.37294006347656 230.91900634765625
114.30601501464844 154.33468627929688 141.19462966918945 154.33468627929688 141.19462966918945 230.63011169433594 114.30601501464844 230.63011169433594
114.3269271850586 154.0657501220703 140.95744132995605 154.0657501220703 140.95744132995605 230.62267303466797 114.3269271850586 230.62267303466797
114.9379653930664 156.38882446289062 142.47033309936523 156.38882446289062 142.47033309936523 229.03561401367188 114.9379653930664 229.03561401367188
114.70903015136719 155.9092559814453 142.52914428710938 155.9092559814453 142.52914428710938 231.3189926147461 114.70903015136719 231.3189926147461
114.88322448730469 154.32968139648438 142.33738136291504 154.32968139648438 142.33738136291504 231.40283966064453 114.88322448730469 231.40283966064453
114.20533752441406 155.18101501464844 141.1403465270996 155.18101501464844 141.1403465270996 229.4381103515625 114.20533752441406 229.4381103515625
114.8872299194336 153.4690399169922 143.1427879333496 153.4690399169922 143.1427879333496 229.39227294921875 114.8872299194336 229.39227294921875
113.99052429199219 154.775146484375 141.59465408325195 154.775146484375 141.59465408325195 229.9213409423828 113.99052429199219 229.9213409423828
114.40682220458984 156.07049560546875 142.01926040649414 156.07049560546875 142.01926040649414 230.44598388671875 114.40682220458984 230.44598388671875
114.96955871582031 154.98922729492188 142.52570724487305 154.98922729492188 142.52570724487305 230.20310974121094 114.96955871582031 230.20310974121094
115.45121002197266 152.3042449951172 143.6968116760254 152.3042449951172 143.6968116760254 230.5919418334961 115.45121002197266 230.5919418334961
114.98182678222656 154.8455810546875 142.55650901794434 154.8455810546875 142.55650901794434 230.34207916259766 114.98182678222656 230.34207916259766
114.07847595214844 154.4617156982422 142.36810302734375 154.4617156982422 142.36810302734375 231.3261947631836 114.07847595214844 231.3261947631836
115.56999206542969 154.79476928710938 142.7448387145996 154.79476928710938 142.7448387145996 228.61148834228516 115.56999206542969 228.61148834228516
114.706787109375 154.53677368164062 142.84812545776367 154.53677368164062 142.84812545776367 229.9949188232422 114.706787109375 229.9949188232422
113.98249816894531 154.5274658203125 141.6262550354004 154.5274658203125 141.6262550354004 230.17838287353516 113.98249816894531 230.17838287353516
114.0957260131836 155.32418823242188 141.5119800567627 155.32418823242188 141.5119800567627 228.26959991455078 114.0957260131836 228.26959991455078
115.6477279663086 154.2285919189453 143.62008476257324 154.2285919189453 143.62008476257324 228.88341522216797 115.6477279663086 228.88341522216797
115.23077392578125 154.45327758789062 142.2185401916504 154.45327758789062 142.2185401916504 229.6505355834961 115.23077392578125 229.6505355834961
115.86114501953125 154.80712890625 143.44265174865723 154.80712890625 143.44265174865723 230.6230926513672 115.86114501953125 230.6230926513672
113.83952331542969 153.4567413330078 141.65775680541992 153.4567413330078 141.65775680541992 231.3741455078125 113.83952331542969 231.3741455078125
114.49876403808594 155.5242919921875 142.22624588012695 155.5242919921875 142.22624588012695 229.82476043701172 114.49876403808594 229.82476043701172
115.96626281738281 153.29815673828125 143.22579956054688 153.29815673828125 143.22579956054688 230.96803283691406 115.96626281738281 230.96803283691406
114.01527404785156 155.1060333251953 141.01358604431152 155.1060333251953 141.01358604431152 229.64762115478516 114.01527404785156 229.64762115478516
114.70967864990234 155.11935424804688 141.79649543762207 155.11935424804688 141.79649543762207 229.4907989501953 114.70967864990234 229.4907989501953
115.29856872558594 152.8818817138672 142.35794067382812 152.8818817138672 142.35794067382812 227.90057373046875 115.29856872558594 227.90057373046875
114.6801528930664 156.1259307861328 141.82086944580078 156.1259307861328 141.82086944580078 228.4210968017578 114.6801528930664 228.4210968017578
114.91304016113281 155.00711059570312 141.70638465881348 155.00711059570312 141.70638465881348 230.3018341064453 114.91304016113281 230.3018341064453
115.35795593261719 154.87063598632812 142.24501991271973 154.87063598632812 142.24501991271973 230.85952758789062 115.35795593261719 230.85952758789062
114.99864196777344 155.73419189453125 142.22086715698242 155.73419189453125 142.22086715698242 228.57411193847656 114.99864196777344 228.57411193847656
114.3136215209961 152.90676879882812 140.95148849487305 152.90676879882812 140.95148849487305 230.73822784423828 114.3136215209961 230.73822784423828
114.4386215209961 153.95663452148438 141.07885551452637 153.95663452148438 141.07885551452637 229.9209213256836 114.4386215209961 229.9209213256836
115.5610122680664 155.41217041015625 142.44756698608398 155.41217041015625 142.44756698608398 230.65641021728516 115.5610122680664 230.65641021728516
114.37278747558594 154.36129760742188 142.2111473083496 154.36129760742188 142.2111473083496 231.6365509033203 114.37278747558594 231.6365509033203
114.4802474975586 154.2986297607422 142.3542308807373 154.2986297607422 142.3542308807373 230.12017822265625 114.4802474975586 230.12017822265625
114.8344497680664 154.62405395507812 143.2212963104248 154.62405395507812 143.2212963104248 230.15216827392578 114.8344497680664 230.15216827392578
114.76042175292969 154.24290466308594 142.18324279785156 154.24290466308594 142.18324279785156 230.20242309570312 114.76042175292969 230.20242309570312
113.56038665771484 156.43905639648438 141.8722858428955 156.43905639648438 141.8722858428955 230.95343017578125 113.56038665771484 230.95343017578125
115.7962646484375 155.8646697998047 142.63767051696777 155.8646697998047 142.63767051696777 230.0647201538086 115.7962646484375 230.0647201538086
114.97705078125 154.83790588378906 141.96918296813965 154.83790588378906 141.96918296813965 230.24649047851562 114.97705078125 230.24649047851562
114.84077453613281 154.5597686767578 142.7120876312256 154.5597686767578 142.7120876312256 229.88427734375 114.84077453613281 229.88427734375
114.49996185302734 155.5840301513672 141.81427192687988 155.5840301513672 141.81427192687988 229.56163787841797 114.49996185302734 229.56163787841797
114.17110443115234 153.81820678710938 141.70000076293945 153.81820678710938 141.70000076293945 231.8524169921875 114.17110443115234 231.8524169921875
115.13981628417969 153.93350219726562 142.62118530273438 153.93350219726562 142.62118530273438 229.5574722290039 115.13981628417969 229.5574722290039
114.6956558227539 156.72314453125 142.22050094604492 156.72314453125 142.22050094604492 230.22544860839844 114.6956558227539 230.22544860839844
115.3091812133789 153.8816375732422 142.62434005737305 153.8816375732422 142.62434005737305 229.43386840820312 115.3091812133789 229.43386840820312
114.5023422241211 154.20054626464844 141.4660472869873 154.20054626464844 141.4660472869873 229.82357788085938 114.5023422241211 229.82357788085938
115.31388854980469 156.1719970703125 142.9162082672119 156.1719970703125 142.9162082672119 231.45543670654297 115.31388854980469 231.45543670654297
114.30631256103516 153.43167114257812 142.805757522583 153.43167114257812 142.805757522583 231.36119079589844 114.30631256103516 231.36119079589844
114.5734634399414 156.27194213867188 142.17195892333984 156.27194213867188 142.17195892333984 230.3820037841797 114.5734634399414 230.3820037841797
115.1204833984375 153.96336364746094 143.16176414489746 153.96336364746094 143.16176414489746 231.241943359375 115.1204833984375 231.241943359375
114.67753601074219 154.20004272460938 141.98501586914062 154.20004272460938 141.98501586914062 229.95147705078125 114.67753601074219 229.95147705078125
114.47380065917969 155.1596221923828 141.94191360473633 155.1596221923828 141.94191360473633 228.92025756835938 114.47380065917969 228.92025756835938
115.05393981933594 153.7514190673828 142.83945846557617 153.7514190673828 142.83945846557617 228.9591522216797 115.05393981933594 228.9591522216797
114.55367279052734 155.0714569091797 142.48170852661133 155.0714569091797 142.48170852661133 229.84323120117188 114.55367279052734 229.84323120117188
114.73527526855469 153.8902130126953 142.43442153930664 153.8902130126953 142.43442153930664 230.1373291015625 114.73527526855469 230.1373291015625
114.65916442871094 153.82369995117188 142.84103393554688 153.82369995117188 142.84103393554688 230.84706115722656 114.65916442871094 230.84706115722656
114.07612609863281 152.6018829345703 141.7428798675537 152.6018829345703 141.7428798675537 231.31320190429688 114.07612609863281 231.31320190429688
113.6131820678711 154.57205200195312 142.33215141296387 154.57205200195312 142.33215141296387 230.2997283935547 113.6131820678711 230.2997283935547
115.2510986328125 153.88023376464844 142.5045051574707 153.88023376464844 142.5045051574707 228.73480224609375 115.2510986328125 228.73480224609375
115.19941711425781 152.6117401123047 143.9906883239746 152.6117401123047 143.9906883239746 229.3185272216797 115.19941711425781 229.3185272216797
115.38138580322266 155.7813262939453 143.3957805633545 155.7813262939453 143.3957805633545 230.04552459716797 115.38138580322266 230.04552459716797
115.72422790527344 155.34963989257812 143.57276344299316 155.34963989257812 143.57276344299316 229.40248107910156 115.72422790527344 229.40248107910156
115.16231536865234 154.2671356201172 142.75280570983887 154.2671356201172 142.75280570983887 228.26412963867188 115.16231536865234 228.26412963867188
114.41304779052734 154.87188720703125 141.54869842529297 154.87188720703125 141.54869842529297 232.0584716796875 114.41304779052734 232.0584716796875
114.7498779296875 153.77464294433594 143.1648712158203 153.77464294433594 143.1648712158203 230.40325927734375 114.7498779296875 230.40325927734375
114.9161148071289 153.85220336914062 142.77222442626953 153.85220336914062 142.77222442626953 229.9895782470703 114.9161148071289 229.9895782470703
114.29732513427734 154.84304809570312 142.35839080810547 154.84304809570312 142.35839080810547 231.6769256591797 114.29732513427734 231.6769256591797
115.12451171875 154.4049072265625 143.4550895690918 154.4049072265625 143.4550895690918 229.66688537597656 115.12451171875 229.66688537597656
115.1987533569336 154.2201385498047 143.7698097229004 154.2201385498047 143.7698097229004 230.2583999633789 115.1987533569336 230.2583999633789
115.1102294921875 152.22885131835938 143.15221786499023 152.22885131835938 143.15221786499023 232.20760345458984 115.1102294921875 232.20760345458984
114.5619125366211 154.07286071777344 142.64861869812012 154.07286071777344 142.64861869812012 230.59485626220703 114.5619125366211 230.59485626220703
115.18705749511719 153.1245880126953 143.03811264038086 153.1245880126953 143.03811264038086 230.97799682617188 115.18705749511719 230.97799682617188
115.3083724975586 155.1811981201172 143.42529487609863 155.1811981201172 143.42529487609863 231.15838623046875 115.3083724975586 231.15838623046875
114.66197204589844 155.59518432617188 142.83456420898438 155.59518432617188 142.83456420898438 230.10415649414062 114.66197204589844 230.10415649414062
114.67093658447266 154.01193237304688 142.35405349731445 154.01193237304688 142.35405349731445 231.03785705566406 114.67093658447266 231.03785705566406
114.09416198730469 154.54965209960938 141.5504665374756 154.54965209960938 141.5504665374756 230.39315795898438 114.09416198730469 230.39315795898438
115.12091064453125 155.65994262695312 143.35004806518555 155.65994262695312 143.35004806518555 231.64879608154297 115.12091064453125 231.64879608154297
114.40476989746094 154.0348358154297 142.1608772277832 154.0348358154297 142.1608772277832 229.5418472290039 114.40476989746094 229.5418472290039
114.65740966796875 154.14344787597656 142.59440231323242 154.14344787597656 142.59440231323242 230.8266830444336 114.65740966796875 230.8266830444336
114.83282470703125 153.80709838867188 143.15597915649414 153.80709838867188 143.15597915649414 230.0855255126953 114.83282470703125 230.0855255126953
114.8692855834961 155.1569366455078 142.27913093566895 155.1569366455078 142.27913093566895 231.01467895507812 114.8692855834961 231.01467895507812
114.4965591430664 153.69052124023438 142.9839916229248 153.69052124023438 142.9839916229248 230.1503677368164 114.4965591430664 230.1503677368164
114.92181396484375 153.79849243164062 142.7712345123291 153.79849243164062 142.7712345123291 230.31133270263672 114.92181396484375 230.31133270263672
113.41813659667969 154.82371520996094 140.16640853881836 154.82371520996094 140.16640853881836 229.85004425048828 113.41813659667969 229.85004425048828
114.80796813964844 153.53517150878906 142.79479598999023 153.53517150878906 142.79479598999023 229.38433837890625 114.80796813964844 229.38433837890625
114.22802734375 155.4173126220703 141.69114303588867 155.4173126220703 141.69114303588867 229.97168731689453 114.22802734375 229.97168731689453
114.60356140136719 154.4756622314453 142.58864402770996 154.4756622314453 142.58864402770996 229.60726928710938 114.60356140136719 229.60726928710938
114.9501953125 153.56051635742188 143.50271224975586 153.56051635742188 143.50271224975586 229.0745391845703 114.9501953125 229.0745391845703
114.38309478759766 153.57974243164062 141.92057037353516 153.57974243164062 141.92057037353516 230.83599853515625 114.38309478759766 230.83599853515625
114.25699615478516 153.67922973632812 141.89912605285645 153.67922973632812 141.89912605285645 229.9201202392578 114.25699615478516 229.9201202392578
114.6088638305664 154.0440673828125 142.4168472290039 154.0440673828125 142.4168472290039 230.15286254882812 114.6088638305664 230.15286254882812
114.08891296386719 156.5457305908203 141.38252639770508 156.5457305908203 141.38252639770508 230.66857147216797 114.08891296386719 230.66857147216797
114.72370910644531 153.2019500732422 142.3033561706543 153.2019500732422 142.3033561706543 229.994873046875 114.72370910644531 229.994873046875
114.86698150634766 153.82199096679688 142.0141716003418 153.82199096679688 142.0141716003418 228.87826538085938 114.86698150634766 228.87826538085938
115.37162780761719 153.13623046875 142.6900577545166 153.13623046875 142.6900577545166 229.93721771240234 115.37162780761719 229.93721771240234
114.79193115234375 154.64309692382812 142.76531982421875 154.64309692382812 142.76531982421875 231.226318359375 114.79193115234375 231.226318359375
114.5929183959961 154.70755004882812 142.12417221069336 154.70755004882812 142.12417221069336 229.54407501220703 114.5929183959961 229.54407501220703
114.2328872680664 154.21287536621094 141.01188468933105 154.21287536621094 141.01188468933105 230.14876556396484 114.2328872680664 230.14876556396484
113.88273620605469 155.4170684814453 141.5035915374756 155.4170684814453 141.5035915374756 230.2357940673828 113.88273620605469 230.2357940673828
113.6370620727539 154.32235717773438 141.19423294067383 154.32235717773438 141.19423294067383 231.05641174316406 113.6370620727539 231.05641174316406
114.6698226928711 155.6527862548828 142.6878318786621 155.6527862548828 142.6878318786621 230.8750228881836 114.6698226928711 230.8750228881836
114.19376373291016 155.12721252441406 141.81290435791016 155.12721252441406 141.81290435791016 231.52265167236328 114.19376373291016 231.52265167236328
115.06559753417969 155.1309814453125 142.3803310394287 155.1309814453125 142.3803310394287 230.04812622070312 115.06559753417969 230.04812622070312
115.1121597290039 153.59930419921875 142.0092544555664 153.59930419921875 142.0092544555664 228.1386489868164 115.1121597290039 228.1386489868164
113.8293228149414 153.46363830566406 140.75884246826172 153.46363830566406 140.75884246826172 230.23687744140625 113.8293228149414 230.23687744140625
114.76290130615234 153.92538452148438 142.30920219421387 153.92538452148438 142.30920219421387 229.7307586669922 114.76290130615234 229.7307586669922
115.509033203125 154.94700622558594 142.1697292327881 154.94700622558594 142.1697292327881 229.7640838623047 115.509033203125 229.7640838623047
114.84519958496094 154.99038696289062 142.29324913024902 154.99038696289062 142.29324913024902 228.04310607910156 114.84519958496094 228.04310607910156
114.90633392333984 153.24090576171875 142.44999885559082 153.24090576171875 142.44999885559082 230.20475006103516 114.90633392333984 230.20475006103516
113.25749206542969 154.95375061035156 140.50768661499023 154.95375061035156 140.50768661499023 229.66867065429688 113.25749206542969 229.66867065429688
114.6163101196289 154.60813903808594 142.28384590148926 154.60813903808594 142.28384590148926 230.46290588378906 114.6163101196289 230.46290588378906
115.83355712890625 154.3526611328125 143.50301551818848 154.3526611328125 143.50301551818848 230.99608612060547 115.83355712890625 230.99608612060547
114.10191345214844 154.1336669921875 141.9893856048584 154.1336669921875 141.9893856048584 229.86360931396484 114.10191345214844 229.86360931396484
114.7401123046875 154.60311889648438 142.94113540649414 154.60311889648438 142.94113540649414 229.55261993408203 114.7401123046875 229.55261993408203
114.5947036743164 153.9588623046875 142.32447624206543 153.9588623046875 142.32447624206543 230.72039794921875 114.5947036743164 230.72039794921875
114.9019775390625 155.3155975341797 143.3695011138916 155.3155975341797 143.3695011138916 230.77652740478516 114.9019775390625 230.77652740478516
114.94012451171875 151.7228240966797 143.3729591369629 151.7228240966797 143.3729591369629 229.88717651367188 114.94012451171875 229.88717651367188
114.36588287353516 152.74557495117188 141.88761711120605 152.74557495117188 141.88761711120605 229.1719207763672 114.36588287353516 229.1719207763672
114.9316177368164 154.2972412109375 143.0134048461914 154.2972412109375 143.0134048461914 229.42523956298828 114.9316177368164 229.42523956298828
115.3107681274414 153.7667694091797 143.6165542602539 153.7667694091797 143.6165542602539 230.66143798828125 115.3107681274414 230.66143798828125
114.47257995605469 154.5890655517578 142.46946716308594 154.5890655517578 142.46946716308594 230.85916900634766 114.47257995605469 230.85916900634766
114.68487548828125 154.73245239257812 143.13702774047852 154.73245239257812 143.13702774047852 231.93666076660156 114.68487548828125 231.93666076660156
115.98085021972656 152.89102172851562 144.48681640625 152.89102172851562 144.48681640625 230.7532958984375 115.98085021972656 230.7532958984375
114.65638732910156 154.9492645263672 143.43505477905273 154.9492645263672 143.43505477905273 229.5792465209961 114.65638732910156 229.5792465209961
114.31101989746094 153.97592163085938 143.10290145874023 153.97592163085938 143.10290145874023 230.89693450927734 114.31101989746094 230.89693450927734
114.6698989868164 156.5194549560547 143.15620803833008 156.5194549560547 143.15620803833008 231.3492431640625 114.6698989868164 231.3492431640625
114.4654769897461 153.22787475585938 142.3834056854248 153.22787475585938 142.3834056854248 230.61714935302734 114.4654769897461 230.61714935302734
113.48063659667969 155.01564025878906 141.60006141662598 155.01564025878906 141.60006141662598 231.21642303466797 113.48063659667969 231.21642303466797
114.6418228149414 154.39125061035156 142.81752395629883 154.39125061035156 142.81752395629883 231.5118408203125 114.6418228149414 231.5118408203125
115.08975982666016 154.16696166992188 143.26006698608398 154.16696166992188 143.26006698608398 231.44963836669922 115.08975982666016 231.44963836669922
114.52531433105469 153.7390594482422 143.0994167327881 153.7390594482422 143.0994167327881 231.44927978515625 114.52531433105469 231.44927978515625
114.2320785522461 154.2496795654297 143.17693328857422 154.2496795654297 143.17693328857422 231.13833618164062 114.2320785522461 231.13833618164062
114.32191467285156 152.9869842529297 143.5736789703369 152.9869842529297 143.5736789703369 231.4482650756836 114.32191467285156 231.4482650756836
114.041259765625 154.27719116210938 141.95025634765625 154.27719116210938 141.95025634765625 230.20201873779297 114.041259765625 230.20201873779297
113.89178466796875 154.77792358398438 142.9253044128418 154.77792358398438 142.9253044128418 231.2694854736328 113.89178466796875 231.2694854736328
113.67469787597656 153.5679168701172 141.8025608062744 153.5679168701172 141.8025608062744 231.88870239257812 113.67469787597656 231.88870239257812
113.7431869506836 154.23019409179688 141.79532623291016 154.23019409179688 141.79532623291016 231.2335433959961 113.7431869506836 231.2335433959961
114.83624267578125 153.45449829101562 143.2075595855713 153.45449829101562 143.2075595855713 229.79676055908203 114.83624267578125 229.79676055908203
114.90400695800781 154.34234619140625 143.78673934936523 154.34234619140625 143.78673934936523 229.72760772705078 114.90400695800781 229.72760772705078
114.23197937011719 153.16497802734375 142.32579612731934 153.16497802734375 142.32579612731934 230.09734344482422 114.23197937011719 230.09734344482422
114.71385192871094 153.9169158935547 142.7935447692871 153.9169158935547 142.7935447692871 229.988037109375 114.71385192871094 229.988037109375
113.94417572021484 153.1379852294922 142.5344123840332 153.1379852294922 142.5344123840332 231.78604888916016 113.94417572021484 231.78604888916016
114.8404541015625 154.6993408203125 143.1528720855713 154.6993408203125 143.1528720855713 230.97406005859375 114.8404541015625 230.97406005859375
114.11604309082031 154.54910278320312 142.4668674468994 154.54910278320312 142.4668674468994 229.97891998291016 114.11604309082031 229.97891998291016
114.48912048339844 152.73501586914062 142.97256088256836 152.73501586914062 142.97256088256836 230.82518768310547 114.48912048339844 230.82518768310547
114.26412200927734 157.0460968017578 142.06433296203613 157.0460968017578 142.06433296203613 229.42828369140625 114.26412200927734 229.42828369140625
114.67916107177734 153.36355590820312 142.99309158325195 153.36355590820312 142.99309158325195 230.15391540527344 114.67916107177734 230.15391540527344
114.76997375488281 155.9230499267578 141.6505832672119 155.9230499267578 141.6505832672119 231.11492156982422 114.76997375488281 231.11492156982422
114.67918395996094 156.04464721679688 142.31442260742188 156.04464721679688 142.31442260742188 230.18846130371094 114.67918395996094 230.18846130371094
114.9907455444336 153.2369384765625 142.93884468078613 153.2369384765625 142.93884468078613 229.8771743774414 114.9907455444336 229.8771743774414
114.75390625 154.29025268554688 143.39182472229004 154.29025268554688 143.39182472229004 230.49562072753906 114.75390625 230.49562072753906
113.78985595703125 155.57208251953125 141.17952919006348 155.57208251953125 141.17952919006348 229.10227966308594 113.78985595703125 229.10227966308594
114.67598724365234 153.32958984375 142.72909927368164 153.32958984375 142.72909927368164 230.84323120117188 114.67598724365234 230.84323120117188
114.9311294555664 153.18099975585938 142.12537002563477 153.18099975585938 142.12537002563477 229.16357421875 114.9311294555664 229.16357421875
115.81854248046875 154.85723876953125 143.19690322875977 154.85723876953125 143.19690322875977 230.67974853515625 115.81854248046875 230.67974853515625
114.6927719116211 153.18392944335938 142.72074127197266 153.18392944335938 142.72074127197266 231.79649353027344 114.6927719116211 231.79649353027344
114.5639877319336 153.5861358642578 141.94342422485352 153.5861358642578 141.94342422485352 229.6261978149414 114.5639877319336 229.6261978149414
115.1110610961914 154.84059143066406 143.11100006103516 154.84059143066406 143.11100006103516 230.30960083007812 115.1110610961914 230.30960083007812
114.62235260009766 152.7386932373047 142.92534637451172 152.7386932373047 142.92534637451172 230.34429931640625 114.62235260009766 230.34429931640625
114.9613265991211 155.1388397216797 142.94996452331543 155.1388397216797 142.94996452331543 228.52688598632812 114.9613265991211 228.52688598632812
115.0501708984375 155.01071166992188 143.3134307861328 155.01071166992188 143.3134307861328 228.88957977294922 115.0501708984375 228.88957977294922
114.38105773925781 154.0881805419922 142.11353492736816 154.0881805419922 142.11353492736816 230.96997833251953 114.38105773925781 230.96997833251953
115.16151428222656 154.2458038330078 143.08709335327148 154.2458038330078 143.08709335327148 229.83462524414062 115.16151428222656 229.83462524414062
