22.0 298.0 87.0 298.0 87.0 407.0 22.0 407.0
24.666095733642578 298.2762145996094 87.52520751953125 298.2762145996094 87.52520751953125 405.0679168701172 24.666095733642578 405.0679168701172
26.81109619140625 298.45037841796875 89.0542984008789 298.45037841796875 89.0542984008789 404.33650970458984 26.81109619140625 404.33650970458984
30.48238182067871 299.28759765625 91.26410102844238 299.28759765625 91.26410102844238 401.9905548095703 30.48238182067871 401.9905548095703
31.879968643188477 300.6312561035156 92.12236213684082 300.6312561035156 92.12236213684082 402.7402038574219 31.879968643188477 402.7402038574219
33.654457092285156 301.31951904296875 93.0234375 301.31951904296875 93.0234375 401.3809051513672 33.654457092285156 401.3809051513672
37.420318603515625 300.69403076171875 96.99509811401367 300.69403076171875 96.99509811401367 401.90476989746094 37.420318603515625 401.90476989746094
39.27741241455078 298.37158203125 98.60193634033203 298.37158203125 98.60193634033203 404.57798767089844 39.27741241455078 404.57798767089844
55.191314697265625 292.2714538574219 114.74138641357422 292.2714538574219 114.74138641357422 400.9700469970703 55.191314697265625 400.9700469970703
60.857505798339844 284.92510986328125 122.45048141479492 284.92510986328125 122.45048141479492 403.476318359375 60.857505798339844 403.476318359375
65.97330474853516 283.7707824707031 126.01734924316406 283.7707824707031 126.01734924316406 403.16102600097656 65.97330474853516 403.16102600097656
70.63329315185547 287.05731201171875 129.13519668579102 287.05731201171875 129.13519668579102 398.21331787109375 70.63329315185547 398.21331787109375
76.25382995605469 284.13787841796875 133.85866928100586 284.13787841796875 133.85866928100586 395.95677185058594 76.25382995605469 395.95677185058594
80.17695617675781 281.73663330078125 138.87379455566406 281.73663330078125 138.87379455566406 396.01129150390625 80.17695617675781 396.01129150390625
82.46603393554688 279.0798645019531 141.50104904174805 279.0798645019531 141.50104904174805 396.0415802001953 82.46603393554688 396.0415802001953
86.26301574707031 275.25421142578125 145.76383209228516 275.25421142578125 145.76383209228516 396.01810455322266 86.26301574707031 396.01810455322266
89.07286071777344 274.1223449707031 148.8729705810547 274.1223449707031 148.8729705810547 389.52013397216797 89.07286071777344 389.52013397216797
90.60448455810547 276.5196228027344 149.77439498901367 276.5196228027344 149.77439498901367 392.49720764160156 90.60448455810547 392.49720764160156
95.55744934082031 284.9368896484375 157.87966537475586 284.9368896484375 157.87966537475586 393.9356460571289 95.55744934082031 393.9356460571289
98.11036682128906 287.92376708984375 163.25973510742188 287.92376708984375 163.25973510742188 391.9222412109375 98.11036682128906 391.9222412109375
99.25953674316406 288.8929748535156 164.63036346435547 288.8929748535156 164.63036346435547 394.5619659423828 99.25953674316406 394.5619659423828
104.31852722167969 289.91168212890625 168.44186401367188 289.91168212890625 168.44186401367188 393.24461364746094 104.31852722167969 393.24461364746094
106.3243179321289 289.1282043457031 169.81635284423828 289.1282043457031 169.81635284423828 390.5791778564453 106.3243179321289 390.5791778564453
110.75736236572266 286.27978515625 173.6287384033203 286.27978515625 173.6287384033203 390.6957244873047 110.75736236572266 390.6957244873047
114.78446960449219 282.68096923828125 177.46591567993164 282.68096923828125 177.46591567993164 390.82259368896484 114.78446960449219 390.82259368896484
116.20230865478516 283.25933837890625 180.9170150756836 283.25933837890625 180.9170150756836 391.40924072265625 116.20230865478516 391.40924072265625
121.96018981933594 283.5050354003906 190.07605743408203 283.5050354003906 190.07605743408203 397.73011016845703 121.96018981933594 397.73011016845703
123.88011169433594 284.3990478515625 191.73086547851562 284.3990478515625 191.73086547851562 398.98538970947266 123.88011169433594 398.98538970947266
128.37945556640625 282.2308044433594 195.99261474609375 282.2308044433594 195.99261474609375 395.6128845214844 128.37945556640625 395.6128845214844
136.1745147705078 287.7637939453125 204.36577606201172 287.7637939453125 204.36577606201172 402.1153106689453 136.1745147705078 402.1153106689453
143.63436889648438 289.457275390625 207.95663452148438 289.457275390625 207.95663452148438 397.35453033447266 143.63436889648438 397.35453033447266
150.31729125976562 290.52044677734375 212.3631706237793 290.52044677734375 212.3631706237793 395.19759368896484 150.31729125976562 395.19759368896484
153.43209838867188 287.53338623046875 215.16511154174805 287.53338623046875 215.16511154174805 390.46258544921875 153.43209838867188 390.46258544921875
160.1143341064453 285.77410888671875 221.69479751586914 285.77410888671875 221.69479751586914 390.36473083496094 160.1143341064453 390.36473083496094
164.0108184814453 281.8905334472656 229.9561538696289 281.8905334472656 229.9561538696289 390.6148986816406 164.0108184814453 390.6148986816406
168.06741333007812 282.5736389160156 234.34648895263672 282.5736389160156 234.34648895263672 391.4550247192383 168.06741333007812 391.4550247192383
184.71678161621094 271.33074951171875 251.32050323486328 271.33074951171875 251.32050323486328 384.2974624633789 184.71678161621094 384.2974624633789
190.3866729736328 276.48321533203125 257.4482421875 276.48321533203125 257.4482421875 388.9403305053711 190.3866729736328 388.9403305053711
197.0298309326172 276.3439025878906 262.92000579833984 276.3439025878906 262.92000579833984 386.83666229248047 197.0298309326172 386.83666229248047
203.90341186523438 275.8647766113281 266.94086837768555 275.8647766113281 266.94086837768555 387.45069122314453 203.90341186523438 387.45069122314453
204.831298828125 274.61724853515625 268.4467964172363 274.61724853515625 268.4467964172363 385.2187728881836 204.831298828125 385.2187728881836
207.81881713867188 273.50048828125 270.9446716308594 273.50048828125 270.9446716308594 381.2793197631836 207.81881713867188 381.2793197631836
212.2869873046875 273.4898376464844 273.8756103515625 273.4898376464844 273.8756103515625 379.9850387573242 212.2869873046875 379.9850387573242
216.70095825195312 269.6809387207031 278.6804389953613 269.6809387207031 278.6804389953613 378.8876190185547 216.70095825195312 378.8876190185547
223.8599090576172 276.5001525878906 285.8620262145996 276.5001525878906 285.8620262145996 381.8709411621094 223.8599090576172 381.8709411621094
227.830078125 277.4769592285156 289.9053726196289 277.4769592285156 289.9053726196289 384.6668395996094 227.830078125 384.6668395996094
237.9187774658203 278.7053527832031 293.7756996154785 278.7053527832031 293.7756996154785 375.5139465332031 237.9187774658203 375.5139465332031
241.0257568359375 274.4965515136719 296.3048782348633 274.4965515136719 296.3048782348633 374.85882568359375 241.0257568359375 374.85882568359375
246.55911254882812 270.116455078125 303.5981254577637 270.116455078125 303.5981254577637 376.9298324584961 246.55911254882812 376.9298324584961
249.5313720703125 269.35662841796875 306.8674736022949 269.35662841796875 306.8674736022949 380.7323989868164 249.5313720703125 380.7323989868164
251.62680053710938 271.8030700683594 312.5377616882324 271.8030700683594 312.5377616882324 380.9419403076172 251.62680053710938 380.9419403076172
255.10122680664062 271.8622131347656 313.3375930786133 271.8622131347656 313.3375930786133 380.7898254394531 255.10122680664062 380.7898254394531
257.57501220703125 272.57989501953125 316.4698791503906 272.57989501953125 316.4698791503906 379.8640899658203 257.57501220703125 379.8640899658203
262.66943359375 273.89813232421875 318.10778045654297 273.89813232421875 318.10778045654297 371.6959686279297 262.66943359375 371.6959686279297
268.78118896484375 272.31787109375 323.46685791015625 272.31787109375 323.46685791015625 369.86304473876953 268.78118896484375 369.86304473876953
274.13262939453125 270.62286376953125 328.0295524597168 270.62286376953125 328.0295524597168 365.6789779663086 274.13262939453125 365.6789779663086
278.19061279296875 269.7117614746094 332.25040435791016 269.7117614746094 332.25040435791016 368.51231384277344 278.19061279296875 368.51231384277344
279.8182067871094 269.767333984375 336.8166618347168 269.767333984375 336.8166618347168 371.69591522216797 279.8182067871094 371.69591522216797
283.2796325683594 271.7177734375 340.0445327758789 271.7177734375 340.0445327758789 370.8477020263672 283.2796325683594 370.8477020263672
285.74591064453125 271.8086242675781 341.2653503417969 271.8086242675781 341.2653503417969 367.6887741088867 285.74591064453125 367.6887741088867
288.6392822265625 272.08880615234375 341.5084342956543 272.08880615234375 341.5084342956543 365.21168518066406 288.6392822265625 365.21168518066406
290.56414794921875 269.6974792480469 344.6383171081543 269.6974792480469 344.6383171081543 365.85921478271484 290.56414794921875 365.85921478271484
291.78289794921875 266.0383605957031 346.36534881591797 266.0383605957031 346.36534881591797 363.6463851928711 291.78289794921875 363.6463851928711
292.40185546875 265.4890441894531 348.70258712768555 265.4890441894531 348.70258712768555 365.48702239990234 292.40185546875 365.48702239990234
296.22991943359375 264.6319274902344 350.9055976867676 264.6319274902344 350.9055976867676 365.76123046875 296.22991943359375 365.76123046875
298.4507751464844 265.16302490234375 353.1272201538086 265.16302490234375 353.1272201538086 367.64608001708984 298.4507751464844 367.64608001708984
302.41876220703125 264.7499694824219 356.8383903503418 264.7499694824219 356.8383903503418 368.0701141357422 302.41876220703125 368.0701141357422
305.8736267089844 266.0250549316406 361.6824264526367 266.0250549316406 361.6824264526367 365.5618667602539 305.8736267089844 365.5618667602539
315.90594482421875 264.99774169921875 368.7823677062988 264.99774169921875 368.7823677062988 357.18421173095703 315.90594482421875 357.18421173095703
318.9840393066406 264.76678466796875 369.93592071533203 264.76678466796875 369.93592071533203 357.2338104248047 318.9840393066406 357.2338104248047
321.54193115234375 263.88134765625 372.6077194213867 263.88134765625 372.6077194213867 357.0132598876953 321.54193115234375 357.0132598876953
325.55426025390625 265.3771057128906 378.08670806884766 265.3771057128906 378.08670806884766 357.30211639404297 325.55426025390625 357.30211639404297
328.3384094238281 264.9891357421875 381.40845489501953 264.9891357421875 381.40845489501953 357.0012893676758 328.3384094238281 357.0012893676758
331.10565185546875 263.0953063964844 383.8036422729492 263.0953063964844 383.8036422729492 355.2245788574219 331.10565185546875 355.2245788574219
331.8068542480469 263.73626708984375 385.6633110046387 263.73626708984375 385.6633110046387 356.03736877441406 331.8068542480469 356.03736877441406
335.19671630859375 258.61700439453125 388.2911605834961 258.61700439453125 388.2911605834961 356.7888946533203 335.19671630859375 356.7888946533203
336.79193115234375 258.754638671875 390.6605529785156 258.754638671875 390.6605529785156 355.89500427246094 336.79193115234375 355.89500427246094
339.8169860839844 257.783447265625 393.0480651855469 257.783447265625 393.0480651855469 358.5418014526367 339.8169860839844 358.5418014526367
341.03662109375 259.14251708984375 395.70671463012695 259.14251708984375 395.70671463012695 361.65757751464844 341.03662109375 361.65757751464844
343.245849609375 258.91412353515625 397.5907287597656 258.91412353515625 397.5907287597656 358.79571533203125 343.245849609375 358.79571533203125
347.17425537109375 258.07525634765625 400.1526679992676 258.07525634765625 400.1526679992676 356.37415313720703 347.17425537109375 356.37415313720703
351.8786926269531 258.55242919921875 403.99991607666016 258.55242919921875 403.99991607666016 350.65001678466797 351.8786926269531 350.65001678466797
354.65924072265625 256.99505615234375 406.7167549133301 256.99505615234375 406.7167549133301 349.56614685058594 354.65924072265625 349.56614685058594
358.42803955078125 259.24859619140625 408.3911247253418 259.24859619140625 408.3911247253418 347.41321563720703 358.42803955078125 347.41321563720703
360.44110107421875 257.94683837890625 411.3465347290039 257.94683837890625 411.3465347290039 347.7488784790039 360.44110107421875 347.7488784790039
362.5939025878906 260.57025146484375 413.247314453125 260.57025146484375 413.247314453125 348.42794036865234 362.5939025878906 348.42794036865234
364.41448974609375 260.1258239746094 414.4621810913086 260.1258239746094 414.4621810913086 347.0587921142578 364.41448974609375 347.0587921142578
365.7408752441406 259.6688232421875 417.37162017822266 259.6688232421875 417.37162017822266 345.0376434326172 365.7408752441406 345.0376434326172
367.49688720703125 259.1897277832031 418.21312713623047 259.1897277832031 418.21312713623047 345.9456558227539 367.49688720703125 345.9456558227539
367.592529296875 259.69744873046875 417.71041107177734 259.69744873046875 417.71041107177734 346.0943145751953 367.592529296875 346.0943145751953
369.963623046875 257.7122802734375 420.9014472961426 257.7122802734375 420.9014472961426 344.8691177368164 369.963623046875 344.8691177368164
370.8262634277344 256.0436096191406 421.8509216308594 256.0436096191406 421.8509216308594 345.40122985839844 370.8262634277344 345.40122985839844
371.37664794921875 255.8897705078125 423.0778999328613 255.8897705078125 423.0778999328613 345.0163116455078 371.37664794921875 345.0163116455078
373.6807861328125 255.5653533935547 424.36656951904297 255.5653533935547 424.36656951904297 346.4306640625 373.6807861328125 346.4306640625
373.84930419921875 256.5880432128906 425.8539810180664 256.5880432128906 425.8539810180664 347.35166931152344 373.84930419921875 347.35166931152344
376.7030029296875 255.3371124267578 429.4194641113281 255.3371124267578 429.4194641113281 347.0193328857422 376.7030029296875 347.0193328857422
379.7662048339844 255.21340942382812 430.45547103881836 255.21340942382812 430.45547103881836 344.5056457519531 379.7662048339844 344.5056457519531
382.0819091796875 253.78433227539062 431.65863037109375 253.78433227539062 431.65863037109375 343.0475540161133 382.0819091796875 343.0475540161133
383.4205627441406 254.50778198242188 432.5250358581543 254.50778198242188 432.5250358581543 342.7803192138672 383.4205627441406 342.7803192138672
385.0628356933594 253.85067749023438 433.42232513427734 253.85067749023438 433.42232513427734 341.8789749145508 385.0628356933594 341.8789749145508
386.069091796875 254.1351318359375 433.61597442626953 254.1351318359375 433.61597442626953 340.7580108642578 386.069091796875 340.7580108642578
386.9717102050781 255.2640838623047 435.29804611206055 255.2640838623047 435.29804611206055 339.9255828857422 386.9717102050781 339.9255828857422
387.4872131347656 255.12057495117188 435.7245292663574 255.12057495117188 435.7245292663574 338.78430938720703 387.4872131347656 338.78430938720703
388.47869873046875 255.65310668945312 436.0564193725586 255.65310668945312 436.0564193725586 339.2961883544922 388.47869873046875 339.2961883544922
389.7410583496094 255.221435546875 436.9179573059082 255.221435546875 436.9179573059082 339.6372528076172 389.7410583496094 339.6372528076172
389.9942626953125 252.7569580078125 437.60200119018555 252.7569580078125 437.60200119018555 339.15077209472656 389.9942626953125 339.15077209472656
391.0157470703125 251.1971435546875 438.9648323059082 251.1971435546875 438.9648323059082 339.03004455566406 391.0157470703125 339.03004455566406
391.28399658203125 249.02197265625 439.7067184448242 249.02197265625 439.7067184448242 338.2406539916992 391.28399658203125 338.2406539916992
392.25506591796875 249.69729614257812 440.8498954772949 249.69729614257812 440.8498954772949 338.5394592285156 392.25506591796875 338.5394592285156
393.17486572265625 248.829833984375 442.06733322143555 248.829833984375 442.06733322143555 338.81370544433594 393.17486572265625 338.81370544433594
394.0064392089844 249.52682495117188 443.1537399291992 249.52682495117188 443.1537399291992 339.78797149658203 394.0064392089844 339.78797149658203
396.09051513671875 249.89462280273438 444.3716850280762 249.89462280273438 444.3716850280762 339.1606903076172 396.09051513671875 339.1606903076172
397.21453857421875 249.67724609375 445.4911880493164 249.67724609375 445.4911880493164 337.24415588378906 397.21453857421875 337.24415588378906
398.6647644042969 249.62619018554688 447.16703033447266 249.62619018554688 447.16703033447266 336.27625274658203 398.6647644042969 336.27625274658203
400.2779846191406 249.24264526367188 448.4810791015625 249.24264526367188 448.4810791015625 335.3842239379883 400.2779846191406 335.3842239379883
402.232177734375 248.8062744140625 449.89421463012695 248.8062744140625 449.89421463012695 333.63008880615234 402.232177734375 333.63008880615234
403.04815673828125 247.98641967773438 450.1573486328125 247.98641967773438 450.1573486328125 333.7253723144531 403.04815673828125 333.7253723144531
404.40911865234375 249.7992706298828 451.20699310302734 249.7992706298828 451.20699310302734 334.2263488769531 404.40911865234375 334.2263488769531
405.439208984375 251.14297485351562 452.583683013916 251.14297485351562 452.583683013916 332.3920440673828 405.439208984375 332.3920440673828
406.83929443359375 250.99072265625 453.6431694030762 250.99072265625 453.6431694030762 330.76895904541016 406.83929443359375 330.76895904541016
407.0309753417969 250.8455352783203 453.9003791809082 250.8455352783203 453.9003791809082 330.7772216796875 407.0309753417969 330.7772216796875
408.0302429199219 247.85678100585938 455.4409942626953 247.85678100585938 455.4409942626953 330.07840728759766 408.0302429199219 330.07840728759766
408.1819763183594 248.67251586914062 456.84049224853516 248.67251586914062 456.84049224853516 332.5055618286133 408.1819763183594 332.5055618286133
409.7889099121094 246.79672241210938 457.95069122314453 246.79672241210938 457.95069122314453 330.6472930908203 409.7889099121094 330.6472930908203
411.4019470214844 245.2916259765625 460.11963653564453 245.2916259765625 460.11963653564453 331.03724670410156 411.4019470214844 331.03724670410156
412.3763122558594 244.8874053955078 461.385440826416 244.8874053955078 461.385440826416 331.81636810302734 412.3763122558594 331.81636810302734
412.656494140625 244.16531372070312 461.3695755004883 244.16531372070312 461.3695755004883 332.1508255004883 412.656494140625 332.1508255004883
414.4019470214844 244.41421508789062 463.7455749511719 244.41421508789062 463.7455749511719 334.1758346557617 414.4019470214844 334.1758346557617
414.88299560546875 244.9687042236328 464.90532302856445 244.9687042236328 464.90532302856445 334.10277557373047 414.88299560546875 334.10277557373047
417.6234436035156 245.2391815185547 466.1407012939453 245.2391815185547 466.1407012939453 333.6905822753906 417.6234436035156 333.6905822753906
420.3085021972656 243.8632354736328 467.6341247558594 243.8632354736328 467.6341247558594 331.25931549072266 420.3085021972656 331.25931549072266
421.68603515625 243.17825317382812 470.2649383544922 243.17825317382812 470.2649383544922 330.98277282714844 421.68603515625 330.98277282714844
425.1619567871094 242.408935546875 472.72006607055664 242.408935546875 472.72006607055664 330.2146682739258 425.1619567871094 330.2146682739258
426.1885681152344 244.2121124267578 473.27469635009766 244.2121124267578 473.27469635009766 330.07047271728516 426.1885681152344 330.07047271728516
427.6927185058594 245.2992401123047 474.29283142089844 245.2992401123047 474.29283142089844 329.0039978027344 427.6927185058594 329.0039978027344
428.6431579589844 244.7443084716797 474.3470344543457 244.7443084716797 474.3470344543457 329.0712585449219 428.6431579589844 329.0712585449219
429.3414611816406 244.77444458007812 475.8534622192383 244.77444458007812 475.8534622192383 327.7194595336914 429.3414611816406 327.7194595336914
430.25262451171875 245.4766845703125 476.1317672729492 245.4766845703125 476.1317672729492 325.6011199951172 430.25262451171875 325.6011199951172
432.32403564453125 245.29440307617188 476.3102722167969 245.29440307617188 476.3102722167969 325.8875274658203 432.32403564453125 325.8875274658203
433.69415283203125 243.8636016845703 478.40001678466797 243.8636016845703 478.40001678466797 325.1392593383789 433.69415283203125 325.1392593383789
434.50506591796875 243.9028778076172 479.4832077026367 243.9028778076172 479.4832077026367 324.3628845214844 434.50506591796875 324.3628845214844
435.9580993652344 242.37890625 479.50843048095703 242.37890625 479.50843048095703 324.57322692871094 435.9580993652344 324.57322692871094
437.01031494140625 240.63424682617188 483.1219902038574 240.63424682617188 483.1219902038574 323.92112731933594 437.01031494140625 323.92112731933594
437.279541015625 240.4404754638672 483.9012565612793 240.4404754638672 483.9012565612793 325.3293151855469 437.279541015625 325.3293151855469
437.6314392089844 241.63528442382812 484.630615234375 241.63528442382812 484.630615234375 326.7509307861328 437.6314392089844 326.7509307861328
439.8275451660156 241.13589477539062 486.44266510009766 241.13589477539062 486.44266510009766 325.3757019042969 439.8275451660156 325.3757019042969
440.4217834472656 241.09432983398438 486.7927360534668 241.09432983398438 486.7927360534668 328.82459259033203 440.4217834472656 328.82459259033203
441.57379150390625 240.4135284423828 488.7209815979004 240.4135284423828 488.7209815979004 325.2200469970703 441.57379150390625 325.2200469970703
442.93359375 240.81582641601562 488.6332015991211 240.81582641601562 488.6332015991211 324.5115203857422 442.93359375 324.5115203857422
443.60565185546875 239.8461456298828 490.05382537841797 239.8461456298828 490.05382537841797 325.0926208496094 443.60565185546875 325.0926208496094
446.47967529296875 240.08950805664062 490.3586120605469 240.08950805664062 490.3586120605469 322.5713577270508 446.47967529296875 322.5713577270508
447.18585205078125 240.89013671875 491.3771286010742 240.89013671875 491.3771286010742 322.5047073364258 447.18585205078125 322.5047073364258
447.92315673828125 238.190673828125 491.5615997314453 238.190673828125 491.5615997314453 321.79673767089844 447.92315673828125 321.79673767089844
449.0702209472656 239.4474639892578 492.9065742492676 239.4474639892578 492.9065742492676 323.77313232421875 449.0702209472656 323.77313232421875
450.0502014160156 239.96469116210938 493.9927406311035 239.96469116210938 493.9927406311035 322.0326385498047 450.0502014160156 322.0326385498047
449.2875061035156 239.78744506835938 493.68198013305664 239.78744506835938 493.68198013305664 321.2859115600586 449.2875061035156 321.2859115600586
448.7984924316406 238.13858032226562 493.35375213623047 238.13858032226562 493.35375213623047 321.60408782958984 448.7984924316406 321.60408782958984
450.3805236816406 238.4050750732422 495.07634353637695 238.4050750732422 495.07634353637695 320.33301544189453 450.3805236816406 320.33301544189453
451.86749267578125 237.9473419189453 496.01546478271484 237.9473419189453 496.01546478271484 319.42010498046875 451.86749267578125 319.42010498046875
451.4024963378906 238.2808074951172 496.75035095214844 238.2808074951172 496.75035095214844 321.61834716796875 451.4024963378906 321.61834716796875
452.19891357421875 235.58779907226562 498.16043853759766 235.58779907226562 498.16043853759766 318.4747619628906 452.19891357421875 318.4747619628906
453.6625061035156 235.0495147705078 498.29603576660156 235.0495147705078 498.29603576660156 319.6526184082031 453.6625061035156 319.6526184082031
455.49774169921875 235.0465087890625 499.676815032959 235.0465087890625 499.676815032959 316.81776428222656 455.49774169921875 316.81776428222656
455.7840270996094 233.5178680419922 500.1491813659668 233.5178680419922 500.1491813659668 316.71229553222656 455.7840270996094 316.71229553222656
455.54400634765625 233.2812042236328 500.76912689208984 233.2812042236328 500.76912689208984 316.5635986328125 455.54400634765625 316.5635986328125
454.6399841308594 230.3530731201172 500.75423431396484 230.3530731201172 500.75423431396484 315.3607864379883 454.6399841308594 315.3607864379883
455.1797790527344 232.173095703125 500.5733451843262 232.173095703125 500.5733451843262 316.95970916748047 455.1797790527344 316.95970916748047
454.77392578125 231.67062377929688 499.93370819091797 231.67062377929688 499.93370819091797 316.6454086303711 454.77392578125 316.6454086303711
454.48260498046875 231.7388153076172 500.1794128417969 231.7388153076172 500.1794128417969 316.6165084838867 454.48260498046875 316.6165084838867
452.90740966796875 232.08212280273438 498.43356704711914 232.08212280273438 498.43356704711914 315.4128112792969 452.90740966796875 315.4128112792969
452.9911193847656 230.6146697998047 497.9610786437988 230.6146697998047 497.9610786437988 315.2981414794922 452.9911193847656 315.2981414794922
452.74267578125 229.33908081054688 499.5593070983887 229.33908081054688 499.5593070983887 314.6992950439453 452.74267578125 314.6992950439453
452.40899658203125 228.0330810546875 499.8527946472168 228.0330810546875 499.8527946472168 314.8791961669922 452.40899658203125 314.8791961669922
453.4097595214844 228.4283447265625 499.1026916503906 228.4283447265625 499.1026916503906 312.9852066040039 453.4097595214844 312.9852066040039
452.4853515625 227.4534149169922 498.2311706542969 227.4534149169922 498.2311706542969 311.07164001464844 452.4853515625 311.07164001464844
451.92950439453125 229.41635131835938 496.74484634399414 229.41635131835938 496.74484634399414 312.3272018432617 451.92950439453125 312.3272018432617
451.89227294921875 228.10549926757812 497.9535942077637 228.10549926757812 497.9535942077637 310.4224853515625 451.89227294921875 310.4224853515625
449.2518005371094 228.3968963623047 494.38985443115234 228.3968963623047 494.38985443115234 309.9665832519531 449.2518005371094 309.9665832519531
449.24591064453125 229.30807495117188 494.9512367248535 229.30807495117188 494.9512367248535 310.51768493652344 449.24591064453125 310.51768493652344
450.18121337890625 228.75637817382812 495.6678581237793 228.75637817382812 495.6678581237793 311.55855560302734 450.18121337890625 311.55855560302734
449.9822692871094 229.6669158935547 495.58403396606445 229.6669158935547 495.58403396606445 310.0249710083008 449.9822692871094 310.0249710083008
449.5518493652344 228.04885864257812 496.3009567260742 228.04885864257812 496.3009567260742 310.30328369140625 449.5518493652344 310.30328369140625
449.4384765625 227.4432373046875 495.78392791748047 227.4432373046875 495.78392791748047 309.7697525024414 449.4384765625 309.7697525024414
448.829345703125 229.26187133789062 493.8516616821289 229.26187133789062 493.8516616821289 309.3483657836914 448.829345703125 309.3483657836914
447.9725646972656 227.9188995361328 495.4723587036133 227.9188995361328 495.4723587036133 311.55506896972656 447.9725646972656 311.55506896972656
446.7830505371094 228.7144012451172 493.6231575012207 228.7144012451172 493.6231575012207 309.8025588989258 446.7830505371094 309.8025588989258
446.2215881347656 229.17147827148438 491.8800735473633 229.17147827148438 491.8800735473633 310.10350036621094 446.2215881347656 310.10350036621094
445.6573791503906 225.6250762939453 492.0432357788086 225.6250762939453 492.0432357788086 309.3967971801758 445.6573791503906 309.3967971801758
443.84942626953125 224.8633270263672 490.72376251220703 224.8633270263672 490.72376251220703 307.1232681274414 443.84942626953125 307.1232681274414
444.0328674316406 224.71975708007812 490.4914855957031 224.71975708007812 490.4914855957031 306.85260009765625 444.0328674316406 306.85260009765625
443.3013610839844 225.0351104736328 489.4468994140625 225.0351104736328 489.4468994140625 308.20059967041016 443.3013610839844 308.20059967041016
442.8720703125 224.5079345703125 488.25273513793945 224.5079345703125 488.25273513793945 305.44263458251953 442.8720703125 305.44263458251953
443.42578125 225.4344482421875 488.9674377441406 225.4344482421875 488.9674377441406 305.84664154052734 443.42578125 305.84664154052734
442.21533203125 222.1822509765625 488.77059173583984 222.1822509765625 488.77059173583984 305.5521011352539 442.21533203125 305.5521011352539
442.18499755859375 223.2997283935547 488.7368392944336 223.2997283935547 488.7368392944336 305.20471954345703 442.18499755859375 305.20471954345703
442.1451110839844 220.17391967773438 486.9294967651367 220.17391967773438 486.9294967651367 303.5986328125 442.1451110839844 303.5986328125
442.8824157714844 222.247802734375 488.0624237060547 222.247802734375 488.0624237060547 305.03177642822266 442.8824157714844 305.03177642822266
441.0331115722656 218.18618774414062 488.2156524658203 218.18618774414062 488.2156524658203 303.0576934814453 441.0331115722656 303.0576934814453
441.94793701171875 219.02224731445312 488.42333221435547 219.02224731445312 488.42333221435547 304.1008758544922 441.94793701171875 304.1008758544922
441.5333557128906 219.45614624023438 487.1868476867676 219.45614624023438 487.1868476867676 304.6558380126953 441.5333557128906 304.6558380126953
440.4962463378906 218.28408813476562 487.0304145812988 218.28408813476562 487.0304145812988 303.4605255126953 440.4962463378906 303.4605255126953
440.9263610839844 222.76132202148438 486.76325607299805 222.76132202148438 486.76325607299805 306.53221130371094 440.9263610839844 306.53221130371094
440.40814208984375 221.219482421875 486.42688751220703 221.219482421875 486.42688751220703 304.73341369628906 440.40814208984375 304.73341369628906
439.5682678222656 221.87081909179688 486.15166091918945 221.87081909179688 486.15166091918945 304.65918731689453 439.5682678222656 304.65918731689453
439.32073974609375 222.2601776123047 485.99724197387695 222.2601776123047 485.99724197387695 305.27596282958984 439.32073974609375 305.27596282958984
438.8810119628906 220.8510284423828 485.9401969909668 220.8510284423828 485.9401969909668 302.5898132324219 438.8810119628906 302.5898132324219
438.9869079589844 219.0233917236328 485.4477767944336 219.0233917236328 485.4477767944336 303.42203521728516 438.9869079589844 303.42203521728516
439.50982666015625 218.5223846435547 486.02794647216797 218.5223846435547 486.02794647216797 304.6080780029297 439.50982666015625 304.6080780029297
439.6053771972656 218.298095703125 485.86896896362305 218.298095703125 485.86896896362305 303.3610076904297 439.6053771972656 303.3610076904297
440.16583251953125 218.32394409179688 485.8890800476074 218.32394409179688 485.8890800476074 305.2046585083008 440.16583251953125 305.2046585083008
439.94561767578125 219.87667846679688 486.39623260498047 219.87667846679688 486.39623260498047 302.5463409423828 439.94561767578125 302.5463409423828
439.5528869628906 220.6634979248047 485.62435150146484 220.6634979248047 485.62435150146484 303.54449462890625 439.5528869628906 303.54449462890625
439.57159423828125 220.48922729492188 486.47122955322266 220.48922729492188 486.47122955322266 302.57701110839844 439.57159423828125 302.57701110839844
439.91864013671875 217.60751342773438 486.49763107299805 217.60751342773438 486.49763107299805 300.5928497314453 439.91864013671875 300.5928497314453
440.6493225097656 218.03421020507812 487.5778999328613 218.03421020507812 487.5778999328613 302.8902053833008 440.6493225097656 302.8902053833008
440.39727783203125 214.93167114257812 487.5597229003906 214.93167114257812 487.5597229003906 299.71105194091797 440.39727783203125 299.71105194091797
441.02911376953125 215.01864624023438 487.2965850830078 215.01864624023438 487.2965850830078 300.0200653076172 441.02911376953125 300.0200653076172
439.556640625 214.3808135986328 487.01198959350586 214.3808135986328 487.01198959350586 297.90869140625 439.556640625 297.90869140625
440.4147033691406 216.42526245117188 487.62784576416016 216.42526245117188 487.62784576416016 300.20758056640625 440.4147033691406 300.20758056640625
439.22186279296875 215.32736206054688 486.49868392944336 215.32736206054688 486.49868392944336 298.7641296386719 439.22186279296875 298.7641296386719
440.00689697265625 217.48977661132812 486.24645233154297 217.48977661132812 486.24645233154297 298.9115447998047 440.00689697265625 298.9115447998047
439.9534606933594 216.08297729492188 484.6903305053711 216.08297729492188 484.6903305053711 298.61901092529297 439.9534606933594 298.61901092529297
439.40966796875 214.2459716796875 485.5071487426758 214.2459716796875 485.5071487426758 296.13819885253906 439.40966796875 296.13819885253906
439.1397399902344 213.2305450439453 484.3955307006836 213.2305450439453 484.3955307006836 296.9402618408203 439.1397399902344 296.9402618408203
440.0755920410156 212.6853790283203 484.5854721069336 212.6853790283203 484.5854721069336 295.8816680908203 440.0755920410156 295.8816680908203
439.6070251464844 209.8643798828125 485.6691780090332 209.8643798828125 485.6691780090332 295.16905975341797 439.6070251464844 295.16905975341797
439.768798828125 212.7295379638672 484.4708061218262 212.7295379638672 484.4708061218262 295.3622055053711 439.768798828125 295.3622055053711
440.409912109375 212.43124389648438 484.99716567993164 212.43124389648438 484.99716567993164 296.4561233520508 440.409912109375 296.4561233520508
440.8277893066406 214.1420440673828 484.8893356323242 214.1420440673828 484.8893356323242 295.7658233642578 440.8277893066406 295.7658233642578
441.2687072753906 214.9653778076172 484.937801361084 214.9653778076172 484.937801361084 294.34119415283203 441.2687072753906 294.34119415283203
441.66046142578125 214.2097625732422 484.7443161010742 214.2097625732422 484.7443161010742 293.40589904785156 441.66046142578125 293.40589904785156
442.30255126953125 216.43649291992188 485.27092361450195 216.43649291992188 485.27092361450195 293.47713470458984 442.30255126953125 293.47713470458984
442.2422790527344 215.25436401367188 485.57678985595703 215.25436401367188 485.57678985595703 292.8682632446289 442.2422790527344 292.8682632446289
441.93603515625 213.07131958007812 486.0993766784668 213.07131958007812 486.0993766784668 291.5836181640625 441.93603515625 291.5836181640625
442.4159240722656 213.1490936279297 486.96814727783203 213.1490936279297 486.96814727783203 291.5576400756836 442.4159240722656 291.5576400756836
442.103271484375 214.87643432617188 487.5138130187988 214.87643432617188 487.5138130187988 293.0840606689453 442.103271484375 293.0840606689453
442.18975830078125 216.33584594726562 487.21796798706055 216.33584594726562 487.21796798706055 291.66609954833984 442.18975830078125 291.66609954833984
441.4189453125 216.0931396484375 486.3424072265625 216.0931396484375 486.3424072265625 291.94200134277344 441.4189453125 291.94200134277344
441.48187255859375 216.54397583007812 486.92932891845703 216.54397583007812 486.92932891845703 291.6791534423828 441.48187255859375 291.6791534423828
441.1422424316406 216.1977996826172 486.1520767211914 216.1977996826172 486.1520767211914 292.5461654663086 441.1422424316406 292.5461654663086
440.0067443847656 212.30355834960938 484.85952377319336 212.30355834960938 484.85952377319336 291.46046447753906 440.0067443847656 291.46046447753906
440.18505859375 213.36990356445312 485.14054107666016 213.36990356445312 485.14054107666016 291.32913970947266 440.18505859375 291.32913970947266
440.00506591796875 212.27542114257812 484.8119888305664 212.27542114257812 484.8119888305664 291.84568786621094 440.00506591796875 291.84568786621094
440.212890625 211.5861358642578 484.5449676513672 211.5861358642578 484.5449676513672 289.24600982666016 440.212890625 289.24600982666016
439.7477111816406 211.4232940673828 484.62431716918945 211.4232940673828 484.62431716918945 290.73402404785156 439.7477111816406 290.73402404785156
439.29193115234375 211.5373077392578 484.6536445617676 211.5373077392578 484.6536445617676 289.0966796875 439.29193115234375 289.0966796875
439.8770446777344 212.30007934570312 485.1891632080078 212.30007934570312 485.1891632080078 289.3837432861328 439.8770446777344 289.3837432861328
439.97869873046875 213.5894775390625 484.1963310241699 213.5894775390625 484.1963310241699 288.99119567871094 439.97869873046875 288.99119567871094
439.78265380859375 213.1959228515625 484.11438751220703 213.1959228515625 484.11438751220703 287.9579086303711 439.78265380859375 287.9579086303711
439.00244140625 214.97705078125 482.7877883911133 214.97705078125 482.7877883911133 289.0821533203125 439.00244140625 289.0821533203125
439.2042541503906 211.9569549560547 482.88939666748047 211.9569549560547 482.88939666748047 287.85687255859375 439.2042541503906 287.85687255859375
439.516357421875 210.9284210205078 484.31014251708984 210.9284210205078 484.31014251708984 287.6425476074219 439.516357421875 287.6425476074219
439.32366943359375 209.57968139648438 485.0634536743164 209.57968139648438 485.0634536743164 287.4764862060547 439.32366943359375 287.4764862060547
438.83660888671875 209.58792114257812 484.2056121826172 209.58792114257812 484.2056121826172 288.1761016845703 438.83660888671875 288.1761016845703
439.37725830078125 209.9094696044922 483.33747482299805 209.9094696044922 483.33747482299805 288.1714630126953 439.37725830078125 288.1714630126953
438.0445861816406 209.38742065429688 482.9355583190918 209.38742065429688 482.9355583190918 286.9303970336914 438.0445861816406 286.9303970336914
438.048095703125 210.6275634765625 483.19953536987305 210.6275634765625 483.19953536987305 287.4686813354492 438.048095703125 287.4686813354492
437.87457275390625 210.9326629638672 482.6258316040039 210.9326629638672 482.6258316040039 287.91307067871094 437.87457275390625 287.91307067871094
436.44525146484375 208.1808319091797 482.5346908569336 208.1808319091797 482.5346908569336 286.0495834350586 436.44525146484375 286.0495834350586
436.1109924316406 208.05709838867188 481.2258110046387 208.05709838867188 481.2258110046387 286.5660934448242 436.1109924316406 286.5660934448242
435.67510986328125 205.84689331054688 481.1689682006836 205.84689331054688 481.1689682006836 286.08348083496094 435.67510986328125 286.08348083496094
436.1199645996094 204.98672485351562 481.17200469970703 204.98672485351562 481.17200469970703 284.4673767089844 436.1199645996094 284.4673767089844
436.7425231933594 207.19338989257812 480.6005058288574 207.19338989257812 480.6005058288574 284.2910614013672 436.7425231933594 284.2910614013672
436.146240234375 206.13101196289062 480.57901763916016 206.13101196289062 480.57901763916016 285.56829833984375 436.146240234375 285.56829833984375
436.22100830078125 208.54806518554688 479.47686767578125 208.54806518554688 479.47686767578125 285.83179473876953 436.22100830078125 285.83179473876953
436.34954833984375 208.84298706054688 478.7323684692383 208.84298706054688 478.7323684692383 284.5388488769531 436.34954833984375 284.5388488769531
436.2481994628906 207.64437866210938 481.16832733154297 207.64437866210938 481.16832733154297 283.45198822021484 436.2481994628906 283.45198822021484
436.18182373046875 205.9114227294922 480.7371826171875 205.9114227294922 480.7371826171875 282.11509704589844 436.18182373046875 282.11509704589844
436.80615234375 207.0864715576172 480.1985092163086 207.0864715576172 480.1985092163086 283.5513687133789 436.80615234375 283.5513687133789
437.27484130859375 206.2627410888672 480.70226287841797 206.2627410888672 480.70226287841797 283.1416473388672 437.27484130859375 283.1416473388672
436.72906494140625 206.8405303955078 479.72595596313477 206.8405303955078 479.72595596313477 282.6835632324219 436.72906494140625 282.6835632324219
436.5425720214844 207.8433074951172 479.09271240234375 207.8433074951172 479.09271240234375 283.3556594848633 436.5425720214844 283.3556594848633
437.2542419433594 208.00613403320312 480.13947677612305 208.00613403320312 480.13947677612305 281.9989929199219 437.2542419433594 281.9989929199219
437.612060546875 207.54598999023438 480.4459915161133 207.54598999023438 480.4459915161133 280.77586364746094 437.612060546875 280.77586364746094
437.217529296875 207.3540802001953 479.3111991882324 207.3540802001953 479.3111991882324 280.46803283691406 437.217529296875 280.46803283691406
436.9471740722656 204.8065643310547 479.70159912109375 204.8065643310547 479.70159912109375 279.71378326416016 436.9471740722656 279.71378326416016
437.35382080078125 205.6879425048828 479.8417510986328 205.6879425048828 479.8417510986328 280.7221908569336 437.35382080078125 280.7221908569336
437.4066467285156 202.88356018066406 480.1089553833008 202.88356018066406 480.1089553833008 277.9492645263672 437.4066467285156 277.9492645263672
438.0039978027344 203.6351318359375 479.9188804626465 203.6351318359375 479.9188804626465 279.36036682128906 438.0039978027344 279.36036682128906
437.6805725097656 203.7594757080078 478.6532974243164 203.7594757080078 478.6532974243164 278.9686050415039 437.6805725097656 278.9686050415039
437.722412109375 203.92974853515625 479.9171485900879 203.92974853515625 479.9171485900879 278.2059783935547 437.722412109375 278.2059783935547
437.8131408691406 204.78665161132812 479.8511047363281 204.78665161132812 479.8511047363281 278.5647735595703 437.8131408691406 278.5647735595703
438.810302734375 206.3751678466797 480.0083351135254 206.3751678466797 480.0083351135254 281.1378173828125 438.810302734375 281.1378173828125
439.0169982910156 205.0878143310547 481.1675796508789 205.0878143310547 481.1675796508789 278.97300720214844 439.0169982910156 278.97300720214844
439.4042053222656 207.0635528564453 481.8484802246094 207.0635528564453 481.8484802246094 276.3828125 439.4042053222656 276.3828125
439.101318359375 203.31692504882812 481.11498641967773 203.31692504882812 481.11498641967773 277.19881439208984 439.101318359375 277.19881439208984
439.09918212890625 202.64761352539062 481.7193374633789 202.64761352539062 481.7193374633789 277.5850524902344 439.09918212890625 277.5850524902344
439.58343505859375 203.0873565673828 480.76241302490234 203.0873565673828 480.76241302490234 277.63907623291016 439.58343505859375 277.63907623291016
440.5462951660156 204.3399200439453 482.0907783508301 204.3399200439453 482.0907783508301 274.5555648803711 440.5462951660156 274.5555648803711
440.97149658203125 206.23440551757812 482.6456489562988 206.23440551757812 482.6456489562988 276.89112854003906 440.97149658203125 276.89112854003906
441.22052001953125 206.2620849609375 483.2552185058594 206.2620849609375 483.2552185058594 275.48756408691406 441.22052001953125 275.48756408691406
440.6983947753906 206.78823852539062 483.38171005249023 206.78823852539062 483.38171005249023 279.10363006591797 440.6983947753906 279.10363006591797
440.2862243652344 202.62747192382812 483.894474029541 202.62747192382812 483.894474029541 273.5180206298828 440.2862243652344 273.5180206298828
440.3487854003906 198.6358184814453 483.4740295410156 198.6358184814453 483.4740295410156 269.8083801269531 440.3487854003906 269.8083801269531
439.8487243652344 197.8585968017578 482.9001808166504 197.8585968017578 482.9001808166504 271.57137298583984 439.8487243652344 271.57137298583984
440.3292541503906 196.67239379882812 484.2207717895508 196.67239379882812 484.2207717895508 270.48545837402344 440.3292541503906 270.48545837402344
440.62713623046875 197.2964630126953 484.1941146850586 197.2964630126953 484.1941146850586 270.47528076171875 440.62713623046875 270.47528076171875
442.25787353515625 200.09323120117188 486.0793876647949 200.09323120117188 486.0793876647949 270.8178253173828 442.25787353515625 270.8178253173828
442.90191650390625 202.18402099609375 487.28778076171875 202.18402099609375 487.28778076171875 272.48077392578125 442.90191650390625 272.48077392578125
443.9513244628906 203.58779907226562 486.0331039428711 203.58779907226562 486.0331039428711 273.0135803222656 443.9513244628906 273.0135803222656
444.7229919433594 206.15048217773438 487.6260681152344 206.15048217773438 487.6260681152344 274.7240753173828 444.7229919433594 274.7240753173828
444.44244384765625 202.12936401367188 487.9543914794922 202.12936401367188 487.9543914794922 272.2489471435547 444.44244384765625 272.2489471435547
444.9146423339844 205.8498992919922 489.4978332519531 205.8498992919922 489.4978332519531 275.2961959838867 444.9146423339844 275.2961959838867
450.0652770996094 201.51632690429688 494.67527770996094 201.51632690429688 494.67527770996094 273.94898223876953 450.0652770996094 273.94898223876953
449.319091796875 200.0061492919922 494.4215660095215 200.0061492919922 494.4215660095215 273.4185791015625 449.319091796875 273.4185791015625
449.57855224609375 198.62936401367188 494.4472465515137 198.62936401367188 494.4472465515137 270.02281188964844 449.57855224609375 270.02281188964844
450.7337341308594 196.75270080566406 495.70241928100586 196.75270080566406 495.70241928100586 271.16493225097656 450.7337341308594 271.16493225097656
451.88458251953125 196.4323272705078 497.0079917907715 196.4323272705078 497.0079917907715 270.72979736328125 451.88458251953125 270.72979736328125
453.695556640625 198.513916015625 498.0439796447754 198.513916015625 498.0439796447754 270.8893127441406 453.695556640625 270.8893127441406
455.51788330078125 198.00634765625 500.28514099121094 198.00634765625 500.28514099121094 273.0776062011719 455.51788330078125 273.0776062011719
456.12896728515625 200.34475708007812 501.44669342041016 200.34475708007812 501.44669342041016 272.24292755126953 456.12896728515625 272.24292755126953
456.3626403808594 198.80148315429688 501.41471099853516 198.80148315429688 501.41471099853516 270.00170135498047 456.3626403808594 270.00170135498047
458.3106384277344 200.0423126220703 503.4414367675781 200.0423126220703 503.4414367675781 267.23143768310547 458.3106384277344 267.23143768310547
458.922119140625 200.59664916992188 504.40087509155273 200.59664916992188 504.40087509155273 267.19425201416016 458.922119140625 267.19425201416016
459.45501708984375 200.44961547851562 503.9975776672363 200.44961547851562 503.9975776672363 267.99864959716797 459.45501708984375 267.99864959716797
460.6068420410156 199.6727294921875 505.2752876281738 199.6727294921875 505.2752876281738 266.89349365234375 460.6068420410156 266.89349365234375
460.6319885253906 197.71212768554688 504.5070152282715 197.71212768554688 504.5070152282715 264.0933380126953 460.6319885253906 264.0933380126953
461.35906982421875 197.40420532226562 505.7411918640137 197.40420532226562 505.7411918640137 264.1314392089844 461.35906982421875 264.1314392089844
462.6884765625 196.34375 505.89977264404297 196.34375 505.89977264404297 261.60184478759766 462.6884765625 261.60184478759766
462.71722412109375 195.94993591308594 505.58821868896484 195.94993591308594 505.58821868896484 259.5796546936035 462.71722412109375 259.5796546936035
464.686767578125 195.08380126953125 506.7030830383301 195.08380126953125 506.7030830383301 258.97061920166016 464.686767578125 258.97061920166016
465.946044921875 191.9143829345703 507.5588073730469 191.9143829345703 507.5588073730469 257.36930084228516 465.946044921875 257.36930084228516
466.2627868652344 193.05020141601562 508.1572952270508 193.05020141601562 508.1572952270508 258.1286087036133 466.2627868652344 258.1286087036133
469.45977783203125 187.74679565429688 508.95571517944336 187.74679565429688 508.95571517944336 254.10267639160156 469.45977783203125 254.10267639160156
472.2527770996094 190.2899169921875 511.6666450500488 190.2899169921875 511.6666450500488 256.2130432128906 472.2527770996094 256.2130432128906
471.89215087890625 188.84765625 511.40201568603516 188.84765625 511.40201568603516 255.07617950439453 471.89215087890625 255.07617950439453
471.56610107421875 187.75009155273438 510.76107025146484 187.75009155273438 510.76107025146484 253.47702026367188 471.56610107421875 253.47702026367188
471.24505615234375 188.21034240722656 510.4615707397461 188.21034240722656 510.4615707397461 253.97340393066406 471.24505615234375 253.97340393066406
473.3192443847656 189.00865173339844 511.8750190734863 189.00865173339844 511.8750190734863 253.6636962890625 473.3192443847656 253.6636962890625
476.73052978515625 193.4824676513672 515.2292823791504 193.4824676513672 515.2292823791504 258.0418930053711 476.73052978515625 258.0418930053711
471.1280822753906 194.46217346191406 509.8104476928711 194.46217346191406 509.8104476928711 259.3294982910156 471.1280822753906 259.3294982910156
477.89361572265625 188.5776824951172 517.0132102966309 188.5776824951172 517.0132102966309 253.6067886352539 477.89361572265625 253.6067886352539
478.61376953125 185.8206024169922 517.9464645385742 185.8206024169922 517.9464645385742 251.77849578857422 478.61376953125 251.77849578857422
480.4027404785156 188.17556762695312 518.827262878418 188.17556762695312 518.827262878418 252.6105194091797 480.4027404785156 252.6105194091797
481.7347717285156 185.8440399169922 520.6227531433105 185.8440399169922 520.6227531433105 251.0561752319336 481.7347717285156 251.0561752319336
483.17889404296875 186.2887420654297 521.3238639831543 186.2887420654297 521.3238639831543 250.25490951538086 483.17889404296875 250.25490951538086
480.31524658203125 187.1617889404297 518.054500579834 187.1617889404297 518.054500579834 250.44760513305664 480.31524658203125 250.44760513305664
484.83465576171875 187.94479370117188 522.2247924804688 187.94479370117188 522.2247924804688 250.6451644897461 484.83465576171875 250.6451644897461
483.31939697265625 187.5333709716797 521.0750503540039 187.5333709716797 521.0750503540039 250.84668731689453 483.31939697265625 250.84668731689453
486.78564453125 184.8292694091797 524.654354095459 184.8292694091797 524.654354095459 248.3321762084961 486.78564453125 248.3321762084961
487.1045837402344 186.2697296142578 524.7538986206055 186.2697296142578 524.7538986206055 249.40473175048828 487.1045837402344 249.40473175048828
487.896728515625 183.96951293945312 525.7139892578125 183.96951293945312 525.7139892578125 247.38614654541016 487.896728515625 247.38614654541016
489.8118591308594 183.92892456054688 528.2758407592773 183.92892456054688 528.2758407592773 248.43006134033203 489.8118591308594 248.43006134033203
491.34051513671875 185.36936950683594 529.0031547546387 185.36936950683594 529.0031547546387 248.52671813964844 491.34051513671875 248.52671813964844
492.5185546875 185.41891479492188 530.629280090332 185.41891479492188 530.629280090332 249.32766723632812 492.5185546875 249.32766723632812
493.9142150878906 185.66799926757812 531.827033996582 185.66799926757812 531.827033996582 249.2448844909668 493.9142150878906 249.2448844909668
494.95806884765625 192.99923706054688 536.3896903991699 192.99923706054688 536.3896903991699 251.0286865234375 494.95806884765625 251.0286865234375
496.3197326660156 193.08584594726562 537.3262100219727 193.08584594726562 537.3262100219727 251.18338775634766 496.3197326660156 251.18338775634766
497.92218017578125 191.72012329101562 537.6824951171875 191.72012329101562 537.6824951171875 252.3563117980957 497.92218017578125 252.3563117980957
498.47698974609375 190.18392944335938 538.7458076477051 190.18392944335938 538.7458076477051 249.60580444335938 498.47698974609375 249.60580444335938
498.649169921875 192.5415802001953 538.6870346069336 192.5415802001953 538.6870346069336 251.26067352294922 498.649169921875 251.26067352294922
498.80926513671875 195.1186981201172 538.0636596679688 195.1186981201172 538.0636596679688 251.85644149780273 498.80926513671875 251.85644149780273
498.1322326660156 194.65553283691406 538.5746688842773 194.65553283691406 538.5746688842773 251.82445907592773 498.1322326660156 251.82445907592773
497.259765625 192.90478515625 537.8554954528809 192.90478515625 537.8554954528809 253.16990280151367 497.259765625 253.16990280151367
499.9066467285156 187.38418579101562 538.0773506164551 187.38418579101562 538.0773506164551 251.39352416992188 499.9066467285156 251.39352416992188
500.48675537109375 185.13613891601562 539.3848838806152 185.13613891601562 539.3848838806152 248.30850219726562 500.48675537109375 248.30850219726562
502.23895263671875 184.02981567382812 540.244327545166 184.02981567382812 540.244327545166 247.76190948486328 502.23895263671875 247.76190948486328
500.4403381347656 186.5288848876953 540.1036834716797 186.5288848876953 540.1036834716797 248.2460479736328 500.4403381347656 248.2460479736328
500.90179443359375 189.185302734375 540.2796020507812 189.185302734375 540.2796020507812 246.33338165283203 500.90179443359375 246.33338165283203
501.39324951171875 188.8989715576172 541.4309844970703 188.8989715576172 541.4309844970703 247.1738739013672 501.39324951171875 247.1738739013672
500.05328369140625 189.21192932128906 542.1213035583496 189.21192932128906 542.1213035583496 247.59350967407227 500.05328369140625 247.59350967407227
502.73681640625 189.59805297851562 543.6913833618164 189.59805297851562 543.6913833618164 248.4101333618164 502.73681640625 248.4101333618164
503.3187561035156 189.9696502685547 545.0891876220703 189.9696502685547 545.0891876220703 250.2214584350586 503.3187561035156 250.2214584350586
501.75311279296875 190.11502075195312 544.1564826965332 190.11502075195312 544.1564826965332 250.38712310791016 501.75311279296875 250.38712310791016
500.454833984375 188.6502685546875 543.2942581176758 188.6502685546875 543.2942581176758 249.15922927856445 500.454833984375 249.15922927856445
501.291748046875 188.35984802246094 543.7610397338867 188.35984802246094 543.7610397338867 248.98776626586914 501.291748046875 248.98776626586914
502.3893127441406 189.26739501953125 544.2356796264648 189.26739501953125 544.2356796264648 248.19925689697266 502.3893127441406 248.19925689697266
502.75830078125 186.94757080078125 545.5674095153809 186.94757080078125 545.5674095153809 247.92607498168945 502.75830078125 247.92607498168945
501.678955078125 186.7065887451172 545.2346115112305 186.7065887451172 545.2346115112305 249.36212921142578 501.678955078125 249.36212921142578
502.18536376953125 189.81454467773438 544.9912338256836 189.81454467773438 544.9912338256836 250.45703125 502.18536376953125 250.45703125
503.5240173339844 190.34854125976562 544.861946105957 190.34854125976562 544.861946105957 249.5218505859375 503.5240173339844 249.5218505859375
502.071533203125 191.2527618408203 543.6288948059082 191.2527618408203 543.6288948059082 251.13511657714844 502.071533203125 251.13511657714844
502.0028381347656 189.55221557617188 543.4579162597656 189.55221557617188 543.4579162597656 249.1402816772461 502.0028381347656 249.1402816772461
501.69537353515625 189.31149291992188 543.5636215209961 189.31149291992188 543.5636215209961 249.05315017700195 501.69537353515625 249.05315017700195
501.0719299316406 188.2560272216797 542.400218963623 188.2560272216797 542.400218963623 247.03374862670898 501.0719299316406 247.03374862670898
501.15557861328125 188.4960174560547 543.1469612121582 188.4960174560547 543.1469612121582 248.30592346191406 501.15557861328125 248.30592346191406
501.344970703125 188.02584838867188 542.6369857788086 188.02584838867188 542.6369857788086 246.45804595947266 501.344970703125 246.45804595947266
502.3883361816406 187.72177124023438 543.166389465332 187.72177124023438 543.166389465332 246.62736892700195 502.3883361816406 246.62736892700195
501.07952880859375 188.68630981445312 541.7894058227539 188.68630981445312 541.7894058227539 246.4386978149414 501.07952880859375 246.4386978149414
500.4479064941406 187.5632781982422 541.784912109375 187.5632781982422 541.784912109375 246.19527435302734 500.4479064941406 246.19527435302734
501.10321044921875 186.2122344970703 543.3041801452637 186.2122344970703 543.3041801452637 245.1993064880371 501.10321044921875 245.1993064880371
500.7460021972656 187.54006958007812 542.3833656311035 187.54006958007812 542.3833656311035 245.1343994140625 500.7460021972656 245.1343994140625
502.43963623046875 186.1416015625 543.7391929626465 186.1416015625 543.7391929626465 243.6536636352539 502.43963623046875 243.6536636352539
501.41009521484375 186.94749450683594 542.5194702148438 186.94749450683594 542.5194702148438 243.3506851196289 501.41009521484375 243.3506851196289
500.31109619140625 186.4366912841797 542.3102951049805 186.4366912841797 542.3102951049805 244.1795997619629 500.31109619140625 244.1795997619629
498.297119140625 186.89646911621094 541.3960647583008 186.89646911621094 541.3960647583008 245.4316177368164 498.297119140625 245.4316177368164
498.2649841308594 186.61314392089844 539.4708366394043 186.61314392089844 539.4708366394043 244.6177749633789 498.2649841308594 244.6177749633789
497.6773376464844 186.71768188476562 539.6513442993164 186.71768188476562 539.6513442993164 243.93264770507812 497.6773376464844 243.93264770507812
498.56512451171875 187.05938720703125 540.5691719055176 187.05938720703125 540.5691719055176 243.86077117919922 498.56512451171875 243.86077117919922
498.5784606933594 186.60301208496094 540.2104110717773 186.60301208496094 540.2104110717773 245.8168716430664 498.5784606933594 245.8168716430664
500.74951171875 181.21934509277344 538.9659614562988 181.21934509277344 538.9659614562988 245.30543518066406 500.74951171875 245.30543518066406
501.508544921875 180.00180053710938 539.5200958251953 180.00180053710938 539.5200958251953 243.74429321289062 501.508544921875 243.74429321289062
498.7884216308594 185.7366485595703 538.9895210266113 185.7366485595703 538.9895210266113 243.1152687072754 498.7884216308594 243.1152687072754
500.91845703125 181.54244995117188 537.826488494873 181.54244995117188 537.826488494873 243.4344253540039 500.91845703125 243.4344253540039
500.46563720703125 181.00320434570312 537.4895973205566 181.00320434570312 537.4895973205566 243.08958053588867 500.46563720703125 243.08958053588867
497.490234375 183.03526306152344 536.858528137207 183.03526306152344 536.858528137207 241.72426986694336 497.490234375 241.72426986694336
495.691650390625 182.47470092773438 535.3974533081055 182.47470092773438 535.3974533081055 240.15619659423828 495.691650390625 240.15619659423828
497.92559814453125 182.19839477539062 536.0331382751465 182.19839477539062 536.0331382751465 241.73649978637695 497.92559814453125 241.73649978637695
493.7823181152344 184.6406707763672 534.0674514770508 184.6406707763672 534.0674514770508 239.9821319580078 493.7823181152344 239.9821319580078
495.0126953125 186.32728576660156 534.2643814086914 186.32728576660156 534.2643814086914 241.69011688232422 495.0126953125 241.69011688232422
495.4493103027344 182.55685424804688 533.4855537414551 182.55685424804688 533.4855537414551 239.73859786987305 495.4493103027344 239.73859786987305
496.13641357421875 180.42825317382812 533.054027557373 180.42825317382812 533.054027557373 240.2390022277832 496.13641357421875 240.2390022277832
494.8282165527344 181.95179748535156 534.3825874328613 181.95179748535156 534.3825874328613 238.30296325683594 494.8282165527344 238.30296325683594
496.3883361816406 180.81069946289062 533.3587112426758 180.81069946289062 533.3587112426758 240.75869750976562 496.3883361816406 240.75869750976562
496.84619140625 179.45022583007812 533.7064094543457 179.45022583007812 533.7064094543457 241.26203155517578 496.84619140625 241.26203155517578
495.25213623046875 182.2649383544922 534.8345756530762 182.2649383544922 534.8345756530762 242.27709579467773 495.25213623046875 242.27709579467773
493.1590881347656 183.36328125 534.1553840637207 183.36328125 534.1553840637207 242.39250946044922 493.1590881347656 242.39250946044922
495.63043212890625 181.24472045898438 533.9991264343262 181.24472045898438 533.9991264343262 240.60952758789062 495.63043212890625 240.60952758789062
493.78729248046875 180.00228881835938 532.5388870239258 180.00228881835938 532.5388870239258 240.25503540039062 493.78729248046875 240.25503540039062
493.47564697265625 183.68617248535156 533.2660827636719 183.68617248535156 533.2660827636719 241.22413635253906 493.47564697265625 241.22413635253906
494.4784240722656 180.46209716796875 534.0729866027832 180.46209716796875 534.0729866027832 241.82349395751953 494.4784240722656 241.82349395751953
493.97235107421875 180.75003051757812 534.2699661254883 180.75003051757812 534.2699661254883 241.26285552978516 493.97235107421875 241.26285552978516
494.2013244628906 178.8592529296875 532.9447937011719 178.8592529296875 532.9447937011719 241.40102005004883 494.2013244628906 241.40102005004883
493.89031982421875 176.55191040039062 532.8543739318848 176.55191040039062 532.8543739318848 239.06234741210938 493.89031982421875 239.06234741210938
492.96673583984375 179.54603576660156 532.812816619873 179.54603576660156 532.812816619873 239.58880996704102 492.96673583984375 239.58880996704102
493.45977783203125 179.07383728027344 532.5884056091309 179.07383728027344 532.5884056091309 241.1710968017578 493.45977783203125 241.1710968017578
493.2041931152344 181.2629852294922 534.0878028869629 181.2629852294922 534.0878028869629 239.2981948852539 493.2041931152344 239.2981948852539
492.9351501464844 180.94618225097656 533.7715530395508 180.94618225097656 533.7715530395508 239.60271835327148 492.9351501464844 239.60271835327148
492.72393798828125 179.48193359375 533.1175651550293 179.48193359375 533.1175651550293 241.5319709777832 492.72393798828125 241.5319709777832
493.95880126953125 182.89048767089844 535.3371047973633 182.89048767089844 535.3371047973633 240.7875213623047 493.95880126953125 240.7875213623047
494.67828369140625 182.58065795898438 534.7443962097168 182.58065795898438 534.7443962097168 239.42501068115234 494.67828369140625 239.42501068115234
494.59893798828125 182.44393920898438 534.1918830871582 182.44393920898438 534.1918830871582 240.55663299560547 494.59893798828125 240.55663299560547
493.60455322265625 181.38418579101562 533.664867401123 181.38418579101562 533.664867401123 239.5064582824707 493.60455322265625 239.5064582824707
496.00732421875 181.21517944335938 536.2357597351074 181.21517944335938 536.2357597351074 238.89266967773438 496.00732421875 238.89266967773438
494.00830078125 179.18548583984375 533.6836242675781 179.18548583984375 533.6836242675781 237.46482467651367 494.00830078125 237.46482467651367
495.57080078125 182.5370635986328 535.3936805725098 182.5370635986328 535.3936805725098 237.29576873779297 495.57080078125 237.29576873779297
495.56982421875 184.7642364501953 534.148754119873 184.7642364501953 534.148754119873 239.00948333740234 495.56982421875 239.00948333740234
496.90948486328125 182.2119140625 535.1644973754883 182.2119140625 535.1644973754883 236.9230842590332 496.90948486328125 236.9230842590332
494.88818359375 180.8864288330078 534.5037040710449 180.8864288330078 534.5037040710449 236.7901382446289 494.88818359375 236.7901382446289
494.6566467285156 179.6778564453125 534.0110359191895 179.6778564453125 534.0110359191895 236.55608367919922 494.6566467285156 236.55608367919922
494.82598876953125 177.93179321289062 532.4238662719727 177.93179321289062 532.4238662719727 237.13331985473633 494.82598876953125 237.13331985473633
495.4190979003906 179.34982299804688 534.0008316040039 179.34982299804688 534.0008316040039 234.88069534301758 495.4190979003906 234.88069534301758
496.66876220703125 178.4373016357422 534.1934700012207 178.4373016357422 534.1934700012207 234.94641494750977 496.66876220703125 234.94641494750977
497.27789306640625 179.47006225585938 534.4659729003906 179.47006225585938 534.4659729003906 233.07450103759766 497.27789306640625 233.07450103759766
495.4563903808594 178.29078674316406 532.7568054199219 178.29078674316406 532.7568054199219 234.25035095214844 495.4563903808594 234.25035095214844
495.58001708984375 179.15478515625 533.6884765625 179.15478515625 533.6884765625 235.23587799072266 495.58001708984375 235.23587799072266
497.36639404296875 179.08798217773438 534.3399887084961 179.08798217773438 534.3399887084961 235.00199508666992 497.36639404296875 235.00199508666992
498.59637451171875 179.64744567871094 535.6259689331055 179.64744567871094 535.6259689331055 233.83923721313477 498.59637451171875 233.83923721313477
497.535888671875 180.1042938232422 533.4240646362305 180.1042938232422 533.4240646362305 233.45262145996094 497.535888671875 233.45262145996094
498.1904296875 179.73681640625 534.6004905700684 179.73681640625 534.6004905700684 234.23380279541016 498.1904296875 234.23380279541016
497.46868896484375 179.17306518554688 533.9783096313477 179.17306518554688 533.9783096313477 234.05888748168945 497.46868896484375 234.05888748168945
498.005859375 178.52732849121094 535.1061172485352 178.52732849121094 535.1061172485352 232.58098602294922 498.005859375 232.58098602294922
498.25994873046875 179.5637969970703 535.8071403503418 179.5637969970703 535.8071403503418 234.13884735107422 498.25994873046875 234.13884735107422
497.119873046875 178.332763671875 534.9905166625977 178.332763671875 534.9905166625977 234.25563430786133 497.119873046875 234.25563430786133
498.45465087890625 178.83050537109375 535.4483108520508 178.83050537109375 535.4483108520508 232.05061721801758 498.45465087890625 232.05061721801758
498.4547424316406 178.9593963623047 534.3849067687988 178.9593963623047 534.3849067687988 231.08123397827148 498.4547424316406 231.08123397827148
498.9720153808594 179.07879638671875 534.9275398254395 179.07879638671875 534.9275398254395 231.30191802978516 498.9720153808594 231.30191802978516
499.1542053222656 178.30154418945312 536.4455261230469 178.30154418945312 536.4455261230469 233.10154342651367 499.1542053222656 233.10154342651367
497.6067810058594 177.95614624023438 535.3021392822266 177.95614624023438 535.3021392822266 231.74878692626953 497.6067810058594 231.74878692626953
498.8656311035156 176.72506713867188 536.466136932373 176.72506713867188 536.466136932373 230.72652435302734 498.8656311035156 230.72652435302734
498.1837463378906 177.75550842285156 536.4177780151367 177.75550842285156 536.4177780151367 231.1040496826172 498.1837463378906 231.1040496826172
497.855224609375 177.94448852539062 536.4249649047852 177.94448852539062 536.4249649047852 230.96820068359375 497.855224609375 230.96820068359375
498.3263244628906 176.8380889892578 535.8535118103027 176.8380889892578 535.8535118103027 231.55011749267578 498.3263244628906 231.55011749267578
498.7244567871094 179.01995849609375 535.2812461853027 179.01995849609375 535.2812461853027 233.1491928100586 498.7244567871094 233.1491928100586
499.57568359375 179.58961486816406 535.1574630737305 179.58961486816406 535.1574630737305 231.6922264099121 499.57568359375 231.6922264099121
501.0399475097656 175.12623596191406 536.6208229064941 175.12623596191406 536.6208229064941 230.55855560302734 501.0399475097656 230.55855560302734
501.97979736328125 173.9569549560547 537.6174926757812 173.9569549560547 537.6174926757812 228.2971649169922 501.97979736328125 228.2971649169922
501.0684509277344 177.5191650390625 536.9443740844727 177.5191650390625 536.9443740844727 230.067626953125 501.0684509277344 230.067626953125
504.49359130859375 174.904296875 538.5179748535156 174.904296875 538.5179748535156 229.80526733398438 504.49359130859375 229.80526733398438
503.0074157714844 176.64488220214844 538.3334274291992 176.64488220214844 538.3334274291992 230.3850326538086 503.0074157714844 230.3850326538086
502.64898681640625 175.79832458496094 538.5530319213867 175.79832458496094 538.5530319213867 229.29983139038086 502.64898681640625 229.29983139038086
504.74700927734375 176.0885467529297 539.4234237670898 176.0885467529297 539.4234237670898 230.5067367553711 504.74700927734375 230.5067367553711
505.38714599609375 173.8893280029297 539.0561103820801 173.8893280029297 539.0561103820801 230.34961318969727 505.38714599609375 230.34961318969727
503.48651123046875 175.76016235351562 538.5147247314453 175.76016235351562 538.5147247314453 228.85873413085938 503.48651123046875 228.85873413085938
504.4217834472656 172.96090698242188 538.3036727905273 172.96090698242188 538.3036727905273 229.77825164794922 504.4217834472656 229.77825164794922
501.7662658691406 177.14932250976562 537.6629791259766 177.14932250976562 537.6629791259766 229.07980346679688 501.7662658691406 229.07980346679688
504.072509765625 174.10189819335938 538.7331657409668 174.10189819335938 538.7331657409668 228.38750076293945 504.072509765625 228.38750076293945
503.37139892578125 177.5243682861328 538.890739440918 177.5243682861328 538.890739440918 229.05127716064453 503.37139892578125 229.05127716064453
503.7565002441406 176.88551330566406 539.0373001098633 176.88551330566406 539.0373001098633 228.74158477783203 503.7565002441406 228.74158477783203
503.5091857910156 178.6388702392578 538.8098907470703 178.6388702392578 538.8098907470703 229.36822891235352 503.5091857910156 229.36822891235352
503.7010192871094 178.07867431640625 538.5170059204102 178.07867431640625 538.5170059204102 227.5388069152832 503.7010192871094 227.5388069152832
503.5684509277344 178.22598266601562 538.5416870117188 178.22598266601562 538.5416870117188 227.3389892578125 503.5684509277344 227.3389892578125
504.37628173828125 178.3902587890625 538.4667816162109 178.3902587890625 538.4667816162109 227.64866638183594 504.37628173828125 227.64866638183594
504.07891845703125 176.7845458984375 538.2802085876465 176.7845458984375 538.2802085876465 224.40143203735352 504.07891845703125 224.40143203735352
505.1982421875 178.50172424316406 539.0784759521484 178.50172424316406 539.0784759521484 226.7156105041504 505.1982421875 226.7156105041504
505.29449462890625 179.42710876464844 539.2508010864258 179.42710876464844 539.2508010864258 226.69991302490234 505.29449462890625 226.69991302490234
507.27532958984375 175.2329559326172 540.461597442627 175.2329559326172 540.461597442627 227.34558868408203 507.27532958984375 227.34558868408203
505.80926513671875 177.44802856445312 539.9134635925293 177.44802856445312 539.9134635925293 227.1813850402832 505.80926513671875 227.1813850402832
506.18341064453125 178.47674560546875 540.3749923706055 178.47674560546875 540.3749923706055 226.9436264038086 506.18341064453125 226.9436264038086
507.98199462890625 175.95114135742188 542.4270324707031 175.95114135742188 542.4270324707031 226.5149154663086 507.98199462890625 226.5149154663086
506.30718994140625 177.89324951171875 541.5159034729004 177.89324951171875 541.5159034729004 228.34588623046875 506.30718994140625 228.34588623046875
507.356689453125 176.60824584960938 542.3442153930664 176.60824584960938 542.3442153930664 225.49887084960938 507.356689453125 225.49887084960938
507.1148376464844 176.16384887695312 542.729061126709 176.16384887695312 542.729061126709 226.1636848449707 507.1148376464844 226.1636848449707
506.5926818847656 176.2360076904297 542.3222312927246 176.2360076904297 542.3222312927246 226.8727264404297 506.5926818847656 226.8727264404297
506.65850830078125 177.11355590820312 542.9787178039551 177.11355590820312 542.9787178039551 227.76549530029297 506.65850830078125 227.76549530029297
507.21240234375 176.63751220703125 542.4539375305176 176.63751220703125 542.4539375305176 227.46820068359375 507.21240234375 227.46820068359375
507.72344970703125 175.48095703125 543.6916275024414 175.48095703125 543.6916275024414 226.9771957397461 507.72344970703125 226.9771957397461
507.46466064453125 175.4155731201172 543.7005767822266 175.4155731201172 543.7005767822266 226.45934295654297 507.46466064453125 226.45934295654297
507.2811584472656 172.88087463378906 542.5522842407227 172.88087463378906 542.5522842407227 227.6409683227539 507.2811584472656 227.6409683227539
508.5169372558594 171.8241424560547 544.4114036560059 171.8241424560547 544.4114036560059 226.2621192932129 508.5169372558594 226.2621192932129
508.08087158203125 172.61959838867188 543.6886978149414 172.61959838867188 543.6886978149414 225.16027069091797 508.08087158203125 225.16027069091797
507.4815979003906 173.14845275878906 543.7973098754883 173.14845275878906 543.7973098754883 225.87606048583984 507.4815979003906 225.87606048583984
509.63409423828125 171.891845703125 545.397876739502 171.891845703125 545.397876739502 227.73186111450195 509.63409423828125 227.73186111450195
510.99005126953125 174.02230834960938 546.9375419616699 174.02230834960938 546.9375419616699 229.14472198486328 510.99005126953125 229.14472198486328
510.5166931152344 174.9763946533203 546.7864685058594 174.9763946533203 546.7864685058594 228.0062713623047 510.5166931152344 228.0062713623047
509.970458984375 174.3879852294922 546.808765411377 174.3879852294922 546.808765411377 228.24388122558594 509.970458984375 228.24388122558594
510.22052001953125 172.8314666748047 547.0954666137695 172.8314666748047 547.0954666137695 227.91443634033203 510.22052001953125 227.91443634033203
510.6500549316406 173.2120819091797 546.5388832092285 173.2120819091797 546.5388832092285 227.59446716308594 510.6500549316406 227.59446716308594
510.5741271972656 172.92491149902344 547.3684997558594 172.92491149902344 547.3684997558594 227.66637802124023 510.5741271972656 227.66637802124023
510.73651123046875 173.92681884765625 546.5998153686523 173.92681884765625 546.5998153686523 228.77045822143555 510.73651123046875 228.77045822143555
511.57550048828125 171.96604919433594 548.0850830078125 171.96604919433594 548.0850830078125 227.95469665527344 511.57550048828125 227.95469665527344
510.55584716796875 172.66259765625 546.9863624572754 172.66259765625 546.9863624572754 229.0340461730957 510.55584716796875 229.0340461730957
510.70098876953125 171.5609130859375 548.6063041687012 171.5609130859375 548.6063041687012 227.96281814575195 510.70098876953125 227.96281814575195
511.1429748535156 173.0603790283203 549.4087448120117 173.0603790283203 549.4087448120117 230.8823585510254 511.1429748535156 230.8823585510254
