158.0 338.0 171.0 338.0 171.0 385.0 158.0 385.0
160.11727905273438 339.1595153808594 172.97176361083984 339.1595153808594 172.97176361083984 385.9843063354492 160.11727905273438 385.9843063354492
162.52584838867188 339.5580749511719 174.90012073516846 339.5580749511719 174.90012073516846 386.18492889404297 162.52584838867188 386.18492889404297
166.18051147460938 340.7740783691406 178.94669818878174 340.7740783691406 178.94669818878174 386.9287528991699 166.18051147460938 386.9287528991699
167.8563232421875 340.9575500488281 180.67034721374512 340.9575500488281 180.67034721374512 387.2851791381836 167.8563232421875 387.2851791381836
169.6671600341797 340.9981384277344 182.49711322784424 340.9981384277344 182.49711322784424 387.38336181640625 169.6671600341797 387.38336181640625
172.96347045898438 342.29241943359375 186.00843048095703 342.29241943359375 186.00843048095703 389.4549751281738 172.96347045898438 389.4549751281738
176.85304260253906 341.09033203125 190.0436019897461 341.09033203125 190.0436019897461 388.77928924560547 176.85304260253906 388.77928924560547
178.32968139648438 342.76580810546875 191.26512622833252 342.76580810546875 191.26512622833252 390.1134262084961 178.32968139648438 390.1134262084961
180.4559326171875 343.95452880859375 193.57537269592285 343.95452880859375 193.57537269592285 391.38636016845703 180.4559326171875 391.38636016845703
183.4115447998047 345.2798767089844 196.54304027557373 345.2798767089844 196.54304027557373 392.7552947998047 183.4115447998047 392.7552947998047
187.61001586914062 342.6397705078125 200.70707893371582 342.6397705078125 200.70707893371582 389.9906997680664 187.61001586914062 389.9906997680664
190.9976806640625 344.78778076171875 203.64552116394043 344.78778076171875 203.64552116394043 391.17034912109375 190.9976806640625 391.17034912109375
193.22378540039062 345.595947265625 205.5846652984619 345.595947265625 205.5846652984619 392.7841110229492 193.22378540039062 392.7841110229492
197.21353149414062 347.70208740234375 210.22606945037842 347.70208740234375 210.22606945037842 389.03869247436523 197.21353149414062 389.03869247436523
199.53488159179688 349.2705993652344 212.43448638916016 349.2705993652344 212.43448638916016 389.3934020996094 199.53488159179688 389.3934020996094
203.2445526123047 348.69903564453125 215.5305414199829 348.69903564453125 215.5305414199829 390.379638671875 203.2445526123047 390.379638671875
206.94570922851562 351.0150451660156 218.5581865310669 351.0150451660156 218.5581865310669 391.4303512573242 206.94570922851562 391.4303512573242
208.5866241455078 349.117431640625 221.0109806060791 349.117431640625 221.0109806060791 392.22772216796875 208.5866241455078 392.22772216796875
210.46310424804688 350.3882751464844 223.4556474685669 350.3882751464844 223.4556474685669 394.0370101928711 210.46310424804688 394.0370101928711
213.4876251220703 350.376220703125 226.02479553222656 350.376220703125 226.02479553222656 395.7029151916504 213.4876251220703 395.7029151916504
216.20068359375 350.1214294433594 228.92931842803955 350.1214294433594 228.92931842803955 396.14034271240234 216.20068359375 396.14034271240234
220.38931274414062 352.72247314453125 232.98589515686035 352.72247314453125 232.98589515686035 399.9906311035156 220.38931274414062 399.9906311035156
222.77633666992188 350.888427734375 235.76601696014404 350.888427734375 235.76601696014404 397.85112380981445 222.77633666992188 397.85112380981445
225.70449829101562 351.57244873046875 238.88023567199707 351.57244873046875 238.88023567199707 399.21102142333984 225.70449829101562 399.21102142333984
229.08206176757812 351.5520935058594 242.1605167388916 351.5520935058594 242.1605167388916 398.8357467651367 229.08206176757812 398.8357467651367
232.0739288330078 352.16363525390625 244.93442344665527 352.16363525390625 244.93442344665527 398.6592788696289 232.0739288330078 398.6592788696289
236.37814331054688 354.6393737792969 249.25829887390137 354.6393737792969 249.25829887390137 401.2060966491699 236.37814331054688 401.2060966491699
239.4191436767578 355.52685546875 251.68019676208496 355.52685546875 251.68019676208496 398.83736419677734 239.4191436767578 398.83736419677734
241.24658203125 356.349853515625 253.72940826416016 356.349853515625 253.72940826416016 399.61832427978516 241.24658203125 399.61832427978516
244.66207885742188 358.2953796386719 257.43639850616455 358.2953796386719 257.43639850616455 398.13421630859375 244.66207885742188 398.13421630859375
247.3076629638672 357.9920654296875 259.9924268722534 357.9920654296875 259.9924268722534 402.3879280090332 247.3076629638672 402.3879280090332
248.635009765625 357.54339599609375 261.21790504455566 357.54339599609375 261.21790504455566 403.0354118347168 248.635009765625 403.0354118347168
254.8384246826172 358.77203369140625 267.3642330169678 358.77203369140625 267.3642330169678 403.14141845703125 254.8384246826172 403.14141845703125
256.52508544921875 359.43292236328125 269.0104007720947 359.43292236328125 269.0104007720947 404.57215118408203 256.52508544921875 404.57215118408203
258.6841735839844 358.1100158691406 270.9891586303711 358.1100158691406 270.9891586303711 402.59728240966797 258.6841735839844 402.59728240966797
260.52850341796875 359.5528869628906 272.6805238723755 359.5528869628906 272.6805238723755 403.4871253967285 260.52850341796875 403.4871253967285
264.43951416015625 360.7930603027344 276.3205976486206 360.7930603027344 276.3205976486206 403.7477607727051 264.43951416015625 403.7477607727051
269.2666320800781 361.41314697265625 281.0420436859131 361.41314697265625 281.0420436859131 403.9858055114746 269.2666320800781 403.9858055114746
271.3955993652344 364.5558166503906 283.18825817108154 364.5558166503906 283.18825817108154 406.31739044189453 271.3955993652344 406.31739044189453
276.38201904296875 364.16900634765625 287.99372386932373 364.16900634765625 287.99372386932373 406.1497993469238 276.38201904296875 406.1497993469238
279.7269287109375 363.92626953125 291.43426036834717 363.92626953125 291.43426036834717 406.2527885437012 279.7269287109375 406.2527885437012
282.4120178222656 362.67156982421875 294.48711490631104 362.67156982421875 294.48711490631104 404.07633209228516 282.4120178222656 404.07633209228516
284.1255798339844 362.36688232421875 295.85008811950684 362.36688232421875 295.85008811950684 404.7555046081543 284.1255798339844 404.7555046081543
288.92645263671875 366.06341552734375 300.60449504852295 366.06341552734375 300.60449504852295 408.28404998779297 288.92645263671875 408.28404998779297
292.32171630859375 366.9084777832031 304.06188011169434 366.9084777832031 304.06188011169434 409.353702545166 292.32171630859375 409.353702545166
295.10552978515625 368.1585693359375 306.7802677154541 368.1585693359375 306.7802677154541 410.3672523498535 295.10552978515625 410.3672523498535
297.59686279296875 366.74542236328125 309.28816318511963 366.74542236328125 309.28816318511963 409.0139846801758 297.59686279296875 409.0139846801758
301.42755126953125 367.061767578125 313.0140018463135 367.061767578125 313.0140018463135 408.95125579833984 301.42755126953125 408.95125579833984
304.2142028808594 366.31866455078125 315.8934726715088 366.31866455078125 315.8934726715088 408.5437316894531 304.2142028808594 408.5437316894531
307.08392333984375 366.90106201171875 318.8089427947998 366.90106201171875 318.8089427947998 409.29153060913086 307.08392333984375 409.29153060913086
310.57598876953125 367.4851989746094 322.5144672393799 367.4851989746094 322.5144672393799 410.6474075317383 310.57598876953125 410.6474075317383
312.15582275390625 368.07781982421875 324.4153518676758 368.07781982421875 324.4153518676758 412.40074920654297 312.15582275390625 412.40074920654297
314.92376708984375 366.6982421875 326.9790964126587 366.6982421875 326.9790964126587 410.2829055786133 314.92376708984375 410.2829055786133
318.9437255859375 368.0165100097656 331.2190828323364 368.0165100097656 331.2190828323364 412.3966598510742 318.9437255859375 412.3966598510742
321.7500915527344 367.21124267578125 334.21905994415283 367.21124267578125 334.21905994415283 412.29136657714844 321.7500915527344 412.29136657714844
323.8738098144531 367.1584167480469 336.30045795440674 367.1584167480469 336.30045795440674 412.0855407714844 323.8738098144531 412.0855407714844
328.685546875 370.51629638671875 341.53560161590576 370.51629638671875 341.53560161590576 412.1832389831543 328.685546875 412.1832389831543
332.0279846191406 369.24151611328125 344.81154346466064 369.24151611328125 344.81154346466064 411.2774887084961 332.0279846191406 411.2774887084961
334.7331848144531 371.88165283203125 347.4592876434326 371.88165283203125 347.4592876434326 412.53395080566406 334.7331848144531 412.53395080566406
339.0577697753906 371.83575439453125 351.44235038757324 371.83575439453125 351.44235038757324 416.6107864379883 339.0577697753906 416.6107864379883
341.16192626953125 371.7608642578125 353.8633871078491 371.7608642578125 353.8633871078491 416.5757369995117 341.16192626953125 416.5757369995117
342.3878173828125 371.62005615234375 355.67857360839844 371.62005615234375 355.67857360839844 416.72113037109375 342.3878173828125 416.72113037109375
346.880615234375 371.22088623046875 360.56758880615234 371.22088623046875 360.56758880615234 411.1194076538086 346.880615234375 411.1194076538086
350.3309020996094 370.52197265625 363.42640113830566 370.52197265625 363.42640113830566 414.6803665161133 350.3309020996094 414.6803665161133
352.3363952636719 371.0118103027344 365.64381408691406 371.0118103027344 365.64381408691406 415.1170997619629 352.3363952636719 415.1170997619629
353.6859436035156 372.0032653808594 366.9160861968994 372.0032653808594 366.9160861968994 417.89852142333984 353.6859436035156 417.89852142333984
358.0771179199219 371.580078125 371.09724712371826 371.580078125 371.09724712371826 418.6528663635254 358.0771179199219 418.6528663635254
360.63720703125 371.08551025390625 373.5980739593506 371.08551025390625 373.5980739593506 417.9440460205078 360.63720703125 417.9440460205078
363.54571533203125 371.2381591796875 376.34987449645996 371.2381591796875 376.34987449645996 417.53013610839844 363.54571533203125 417.53013610839844
366.6249694824219 371.78265380859375 380.3288908004761 371.78265380859375 380.3288908004761 414.12303924560547 366.6249694824219 414.12303924560547
370.0355529785156 366.8463134765625 382.530987739563 366.8463134765625 382.530987739563 412.02213287353516 370.0355529785156 412.02213287353516
373.1751708984375 364.39862060546875 385.4950199127197 364.39862060546875 385.4950199127197 408.9396286010742 373.1751708984375 408.9396286010742
374.197509765625 362.1627502441406 386.19011878967285 362.1627502441406 386.19011878967285 405.5206604003906 374.197509765625 405.5206604003906
375.59942626953125 359.8555603027344 387.5339298248291 359.8555603027344 387.5339298248291 403.15869903564453 375.59942626953125 403.15869903564453
379.49029541015625 357.5955810546875 391.61602687835693 357.5955810546875 391.61602687835693 402.05248260498047 379.49029541015625 402.05248260498047
381.2222900390625 354.2479553222656 393.87642192840576 354.2479553222656 393.87642192840576 399.99753189086914 381.2222900390625 399.99753189086914
384.7443542480469 348.45977783203125 396.93916606903076 348.45977783203125 396.93916606903076 392.7640495300293 384.7443542480469 392.7640495300293
388.9374694824219 347.50274658203125 401.2191047668457 347.50274658203125 401.2191047668457 389.80765533447266 388.9374694824219 389.80765533447266
391.4129943847656 344.32208251953125 403.46110343933105 344.32208251953125 403.46110343933105 387.6322326660156 391.4129943847656 387.6322326660156
393.1094665527344 340.31182861328125 405.64570808410645 340.31182861328125 405.64570808410645 382.609676361084 393.1094665527344 382.609676361084
395.12823486328125 338.46148681640625 407.7634334564209 338.46148681640625 407.7634334564209 382.4131546020508 395.12823486328125 382.4131546020508
398.79583740234375 333.30963134765625 410.912389755249 333.30963134765625 410.912389755249 378.4208297729492 398.79583740234375 378.4208297729492
401.2206726074219 329.07781982421875 413.32091999053955 329.07781982421875 413.32091999053955 376.36104583740234 401.2206726074219 376.36104583740234
403.47320556640625 328.82611083984375 415.6775321960449 328.82611083984375 415.6775321960449 373.33240509033203 403.47320556640625 373.33240509033203
406.62158203125 323.696044921875 419.3879232406616 323.696044921875 419.3879232406616 365.5925636291504 406.62158203125 365.5925636291504
409.8326110839844 319.52838134765625 422.79523944854736 319.52838134765625 422.79523944854736 366.39330291748047 409.8326110839844 366.39330291748047
410.4071350097656 316.5863342285156 423.2984371185303 316.5863342285156 423.2984371185303 361.1827926635742 410.4071350097656 361.1827926635742
412.6982421875 312.5697937011719 425.3009967803955 312.5697937011719 425.3009967803955 358.2726936340332 412.6982421875 358.2726936340332
416.1773986816406 307.93658447265625 427.9967432022095 307.93658447265625 427.9967432022095 352.8155632019043 416.1773986816406 352.8155632019043
417.5403747558594 305.8253173828125 429.2957830429077 305.8253173828125 429.2957830429077 349.6237449645996 417.5403747558594 349.6237449645996
424.04095458984375 299.39996337890625 436.3762912750244 299.39996337890625 436.3762912750244 342.4601058959961 424.04095458984375 342.4601058959961
422.7305603027344 292.74554443359375 435.0378007888794 292.74554443359375 435.0378007888794 336.7653579711914 422.7305603027344 336.7653579711914
424.50067138671875 293.40716552734375 436.80896854400635 293.40716552734375 436.80896854400635 337.4865531921387 424.50067138671875 337.4865531921387
426.9639587402344 289.95977783203125 439.0059232711792 289.95977783203125 439.0059232711792 333.4697952270508 426.9639587402344 333.4697952270508
431.1734924316406 288.68524169921875 443.99607276916504 288.68524169921875 443.99607276916504 328.92308807373047 431.1734924316406 328.92308807373047
431.7723083496094 284.92498779296875 445.6542081832886 284.92498779296875 445.6542081832886 326.1091842651367 431.7723083496094 326.1091842651367
436.16876220703125 277.33905029296875 449.2068204879761 277.33905029296875 449.2068204879761 324.4766845703125 436.16876220703125 324.4766845703125
438.63763427734375 279.0659484863281 452.04596424102783 279.0659484863281 452.04596424102783 319.79810333251953 438.63763427734375 319.79810333251953
439.5008850097656 277.51593017578125 452.66899394989014 277.51593017578125 452.66899394989014 317.44164657592773 439.5008850097656 317.44164657592773
441.4983825683594 268.82733154296875 454.82722663879395 268.82733154296875 454.82722663879395 310.4983139038086 441.4983825683594 310.4983139038086
444.7544860839844 266.309814453125 457.43922996520996 266.309814453125 457.43922996520996 308.6369819641113 444.7544860839844 308.6369819641113
445.51397705078125 260.87841796875 458.7094039916992 260.87841796875 458.7094039916992 301.6583595275879 445.51397705078125 301.6583595275879
450.94195556640625 257.14898681640625 463.69545459747314 257.14898681640625 463.69545459747314 300.49591064453125 450.94195556640625 300.49591064453125
450.5780334472656 252.703369140625 463.8268795013428 252.703369140625 463.8268795013428 299.3049545288086 450.5780334472656 299.3049545288086
453.2476501464844 250.873291015625 466.91796875 250.873291015625 466.91796875 295.89014434814453 453.2476501464844 295.89014434814453
454.7164611816406 248.07046508789062 468.9068021774292 248.07046508789062 468.9068021774292 290.60701751708984 454.7164611816406 290.60701751708984
455.94183349609375 244.243408203125 469.2649974822998 244.243408203125 469.2649974822998 292.4117965698242 455.94183349609375 292.4117965698242
460.83123779296875 237.63931274414062 474.4354600906372 237.63931274414062 474.4354600906372 282.84984588623047 460.83123779296875 282.84984588623047
463.111083984375 233.8474884033203 476.9316654205322 233.8474884033203 476.9316654205322 281.26911544799805 463.111083984375 281.26911544799805
464.16729736328125 230.3864288330078 477.4694004058838 230.3864288330078 477.4694004058838 275.97884368896484 464.16729736328125 275.97884368896484
463.7875061035156 227.34127807617188 477.29145526885986 227.34127807617188 477.29145526885986 275.5326156616211 463.7875061035156 275.5326156616211
467.6172790527344 222.6867218017578 481.1946849822998 222.6867218017578 481.1946849822998 267.50838470458984 467.6172790527344 267.50838470458984
473.4359436035156 219.6085662841797 486.58801460266113 219.6085662841797 486.58801460266113 265.81763458251953 473.4359436035156 265.81763458251953
469.8955993652344 214.9720458984375 483.5289936065674 214.9720458984375 483.5289936065674 260.10953521728516 469.8955993652344 260.10953521728516
472.66802978515625 212.32131958007812 485.99731636047363 212.32131958007812 485.99731636047363 255.54582595825195 472.66802978515625 255.54582595825195
471.45587158203125 211.3380584716797 485.44153022766113 211.3380584716797 485.44153022766113 255.37928009033203 471.45587158203125 255.37928009033203
471.379150390625 203.32144165039062 484.5784378051758 203.32144165039062 484.5784378051758 251.04196548461914 471.379150390625 251.04196548461914
471.67724609375 202.3956756591797 485.11989307403564 202.3956756591797 485.11989307403564 244.49895858764648 471.67724609375 244.49895858764648
475.3345642089844 197.34693908691406 488.1675157546997 197.34693908691406 488.1675157546997 243.7430191040039 475.3345642089844 243.7430191040039
475.6092224121094 192.714111328125 488.69194984436035 192.714111328125 488.69194984436035 236.70984649658203 475.6092224121094 236.70984649658203
475.63067626953125 188.69113159179688 488.79608726501465 188.69113159179688 488.79608726501465 231.51681518554688 475.63067626953125 231.51681518554688
473.47528076171875 182.30569458007812 487.2403507232666 182.30569458007812 487.2403507232666 225.41233444213867 473.47528076171875 225.41233444213867
470.89923095703125 176.08615112304688 483.90436267852783 176.08615112304688 483.90436267852783 223.10472869873047 470.89923095703125 223.10472869873047
474.3800354003906 171.78457641601562 487.3436555862427 171.78457641601562 487.3436555862427 216.00154495239258 474.3800354003906 216.00154495239258
478.21722412109375 163.37786865234375 490.0649995803833 163.37786865234375 490.0649995803833 206.1994400024414 478.21722412109375 206.1994400024414
477.0755920410156 159.69937133789062 489.41617584228516 159.69937133789062 489.41617584228516 201.92125701904297 477.0755920410156 201.92125701904297
475.86004638671875 152.7364959716797 488.6098966598511 152.7364959716797 488.6098966598511 198.83214569091797 475.86004638671875 198.83214569091797
476.3013610839844 151.78684997558594 488.97278881073 151.78684997558594 488.97278881073 197.5989761352539 476.3013610839844 197.5989761352539
476.7835388183594 150.7504119873047 489.41679191589355 150.7504119873047 489.41679191589355 196.42452239990234 476.7835388183594 196.42452239990234
475.3876953125 153.90902709960938 488.09731101989746 153.90902709960938 488.09731101989746 199.85922241210938 475.3876953125 199.85922241210938
478.91131591796875 154.2297821044922 490.75902557373047 154.2297821044922 490.75902557373047 196.75659561157227 478.91131591796875 196.75659561157227
479.25604248046875 152.95852661132812 490.9337844848633 152.95852661132812 490.9337844848633 196.6920928955078 479.25604248046875 196.6920928955078
479.68377685546875 154.7158660888672 491.98677825927734 154.7158660888672 491.98677825927734 198.56341934204102 479.68377685546875 198.56341934204102
480.0624084472656 154.69015502929688 492.122597694397 154.69015502929688 492.122597694397 199.4214096069336 480.0624084472656 199.4214096069336
481.65399169921875 155.45361328125 493.93520069122314 155.45361328125 493.93520069122314 199.36925888061523 481.65399169921875 199.36925888061523
481.6836853027344 153.80050659179688 493.47540950775146 153.80050659179688 493.47540950775146 198.54965591430664 481.6836853027344 198.54965591430664
484.2254943847656 152.1826171875 496.02913665771484 152.1826171875 496.02913665771484 196.39047622680664 484.2254943847656 196.39047622680664
484.53973388671875 151.51473999023438 496.56853103637695 151.51473999023438 496.56853103637695 196.30579376220703 484.53973388671875 196.30579376220703
485.2555236816406 152.33224487304688 497.1797857284546 152.33224487304688 497.1797857284546 196.5306625366211 485.2555236816406 196.5306625366211
486.4300842285156 149.91836547851562 499.0210428237915 149.91836547851562 499.0210428237915 195.43956756591797 486.4300842285156 195.43956756591797
485.46337890625 150.7319793701172 497.9267101287842 150.7319793701172 497.9267101287842 195.0081901550293 485.46337890625 195.0081901550293
487.3667907714844 149.33502197265625 499.45821952819824 149.33502197265625 499.45821952819824 194.06515884399414 487.3667907714844 194.06515884399414
486.6480407714844 150.40872192382812 498.82274436950684 150.40872192382812 498.82274436950684 193.99548721313477 486.6480407714844 193.99548721313477
486.2713928222656 152.15017700195312 497.98437309265137 152.15017700195312 497.98437309265137 193.71767807006836 486.2713928222656 193.71767807006836
485.7730407714844 152.51693725585938 497.54156494140625 152.51693725585938 497.54156494140625 195.00701904296875 485.7730407714844 195.00701904296875
487.2115173339844 150.3319854736328 499.1141595840454 150.3319854736328 499.1141595840454 192.29897689819336 487.2115173339844 192.29897689819336
486.7408142089844 153.22354125976562 498.5773220062256 153.22354125976562 498.5773220062256 193.4430923461914 486.7408142089844 193.4430923461914
487.0726013183594 150.86231994628906 498.95329093933105 150.86231994628906 498.95329093933105 193.8156280517578 487.0726013183594 193.8156280517578
478.67236328125 156.0849609375 491.25424003601074 156.0849609375 491.25424003601074 191.84964752197266 478.67236328125 191.84964752197266
471.35693359375 153.18743896484375 483.0605421066284 153.18743896484375 483.0605421066284 193.74812698364258 471.35693359375 193.74812698364258
465.33294677734375 153.1467742919922 477.5687007904053 153.1467742919922 477.5687007904053 189.99666595458984 465.33294677734375 189.99666595458984
456.5096130371094 156.45529174804688 469.19376945495605 156.45529174804688 469.19376945495605 191.57512283325195 456.5096130371094 191.57512283325195
448.716796875 154.58505249023438 460.97071647644043 154.58505249023438 460.97071647644043 191.3971061706543 448.716796875 191.3971061706543
441.0618591308594 157.64781188964844 454.08073902130127 157.64781188964844 454.08073902130127 193.1522445678711 441.0618591308594 193.1522445678711
436.01318359375 157.8076629638672 448.82447052001953 157.8076629638672 448.82447052001953 191.65813827514648 436.01318359375 191.65813827514648
432.1952209472656 158.43417358398438 444.89197635650635 158.43417358398438 444.89197635650635 194.8402557373047 432.1952209472656 194.8402557373047
425.25732421875 154.1054229736328 437.07153511047363 154.1054229736328 437.07153511047363 196.8183937072754 425.25732421875 196.8183937072754
410.74072265625 154.49610900878906 423.8617458343506 154.49610900878906 423.8617458343506 191.50924682617188 410.74072265625 191.50924682617188
407.47393798828125 158.3392791748047 421.4327802658081 158.3392791748047 421.4327802658081 195.28524017333984 407.47393798828125 195.28524017333984
402.55438232421875 153.53904724121094 415.5750370025635 153.53904724121094 415.5750370025635 192.47452545166016 402.55438232421875 192.47452545166016
393.61358642578125 153.06854248046875 406.75034618377686 153.06854248046875 406.75034618377686 193.942626953125 393.61358642578125 193.942626953125
382.63092041015625 155.35557556152344 396.6651153564453 155.35557556152344 396.6651153564453 190.97789001464844 382.63092041015625 190.97789001464844
374.44708251953125 153.79196166992188 388.47326850891113 153.79196166992188 388.47326850891113 194.03968048095703 374.44708251953125 194.03968048095703
371.38201904296875 151.4033660888672 384.0617036819458 151.4033660888672 384.0617036819458 194.8799591064453 371.38201904296875 194.8799591064453
365.3896484375 153.1737060546875 377.8411817550659 153.1737060546875 377.8411817550659 198.19086456298828 365.3896484375 198.19086456298828
353.6332092285156 150.72366333007812 365.9633045196533 150.72366333007812 365.9633045196533 195.30177688598633 353.6332092285156 195.30177688598633
347.7076416015625 153.87351989746094 360.62121868133545 153.87351989746094 360.62121868133545 197.73484420776367 347.7076416015625 197.73484420776367
339.5436096191406 150.81906127929688 351.965256690979 150.81906127929688 351.965256690979 195.7281723022461 339.5436096191406 195.7281723022461
341.215576171875 151.5579833984375 353.6106491088867 151.5579833984375 353.6106491088867 196.37102508544922 341.215576171875 196.37102508544922
331.9203796386719 153.4745330810547 344.8038330078125 153.4745330810547 344.8038330078125 197.54355239868164 331.9203796386719 197.54355239868164
315.427734375 151.08657836914062 328.86853790283203 151.08657836914062 328.86853790283203 193.38524627685547 315.427734375 193.38524627685547
309.51373291015625 150.97216796875 323.43220043182373 150.97216796875 323.43220043182373 193.7599983215332 309.51373291015625 193.7599983215332
300.890380859375 153.0553741455078 315.294903755188 153.0553741455078 315.294903755188 192.14202499389648 300.890380859375 192.14202499389648
298.5955810546875 154.0244140625 313.30272674560547 154.0244140625 313.30272674560547 191.65483474731445 298.5955810546875 191.65483474731445
293.7633361816406 150.81625366210938 306.88066387176514 150.81625366210938 306.88066387176514 194.94672393798828 293.7633361816406 194.94672393798828
293.45672607421875 153.8192138671875 307.0471296310425 153.8192138671875 307.0471296310425 197.77281188964844 293.45672607421875 197.77281188964844
285.50323486328125 152.60964965820312 298.2772340774536 152.60964965820312 298.2772340774536 198.79265213012695 285.50323486328125 198.79265213012695
276.88433837890625 154.24827575683594 290.3833923339844 154.24827575683594 290.3833923339844 200.60108184814453 276.88433837890625 200.60108184814453
268.0283508300781 157.3784942626953 282.9430799484253 157.3784942626953 282.9430799484253 197.32749557495117 268.0283508300781 197.32749557495117
261.9806213378906 153.7484588623047 275.9646863937378 153.7484588623047 275.9646863937378 195.55199813842773 261.9806213378906 195.55199813842773
255.17236328125 153.8619842529297 268.472882270813 153.8619842529297 268.472882270813 201.94855499267578 255.17236328125 201.94855499267578
258.0899963378906 137.64720153808594 271.4692096710205 137.64720153808594 271.4692096710205 186.01828384399414 258.0899963378906 186.01828384399414
238.2098846435547 156.2579345703125 252.16036796569824 156.2579345703125 252.16036796569824 201.50584030151367 238.2098846435547 201.50584030151367
237.0492706298828 155.09597778320312 251.06049633026123 155.09597778320312 251.06049633026123 201.56037521362305 237.0492706298828 201.56037521362305
230.33837890625 155.90142822265625 243.74384307861328 155.90142822265625 243.74384307861328 204.3674201965332 230.33837890625 204.3674201965332
220.7788848876953 156.0876922607422 234.23858833312988 156.0876922607422 234.23858833312988 204.7497787475586 220.7788848876953 204.7497787475586
207.64501953125 154.0245361328125 221.27768898010254 154.0245361328125 221.27768898010254 203.31196212768555 207.64501953125 203.31196212768555
207.67398071289062 154.37855529785156 221.27940940856934 154.37855529785156 221.27940940856934 203.56749725341797 207.67398071289062 203.56749725341797
194.53646850585938 155.01565551757812 208.0373706817627 155.01565551757812 208.0373706817627 203.82669067382812 194.53646850585938 203.82669067382812
192.10693359375 156.78660583496094 205.32076740264893 156.78660583496094 205.32076740264893 202.74379348754883 192.10693359375 202.74379348754883
187.1229248046875 160.4078826904297 200.39828491210938 160.4078826904297 200.39828491210938 206.72783660888672 187.1229248046875 206.72783660888672
182.65335083007812 161.5352020263672 196.46157836914062 161.5352020263672 196.46157836914062 205.6522674560547 182.65335083007812 205.6522674560547
179.6725616455078 162.89578247070312 193.6089687347412 162.89578247070312 193.6089687347412 207.99796295166016 179.6725616455078 207.99796295166016
179.95928955078125 162.60110473632812 192.8726348876953 162.60110473632812 192.8726348876953 206.17800521850586 179.95928955078125 206.17800521850586
181.61233520507812 161.11572265625 194.95156383514404 161.11572265625 194.95156383514404 205.87399673461914 181.61233520507812 205.87399673461914
179.1905975341797 154.5736541748047 192.4988832473755 154.5736541748047 192.4988832473755 202.68830490112305 179.1905975341797 202.68830490112305
182.16583251953125 159.59713745117188 195.39525413513184 159.59713745117188 195.39525413513184 205.5093994140625 182.16583251953125 205.5093994140625
185.98728942871094 157.02078247070312 198.99976539611816 157.02078247070312 198.99976539611816 204.71724700927734 185.98728942871094 204.71724700927734
183.61582946777344 159.51904296875 196.93389892578125 159.51904296875 196.93389892578125 204.1894874572754 183.61582946777344 204.1894874572754
186.482177734375 157.1799774169922 199.12782955169678 157.1799774169922 199.12782955169678 201.63750457763672 186.482177734375 201.63750457763672
185.9104461669922 157.7989959716797 198.9849443435669 157.7989959716797 198.9849443435669 202.9000587463379 185.9104461669922 202.9000587463379
186.18307495117188 155.67684936523438 199.04879570007324 155.67684936523438 199.04879570007324 202.0209503173828 186.18307495117188 202.0209503173828
187.3647918701172 154.97500610351562 200.35846996307373 154.97500610351562 200.35846996307373 201.95222091674805 187.3647918701172 201.95222091674805
187.40451049804688 156.09762573242188 200.326189994812 156.09762573242188 200.326189994812 202.45725631713867 187.40451049804688 202.45725631713867
187.08059692382812 155.98680114746094 199.64855194091797 155.98680114746094 199.64855194091797 200.6799659729004 187.08059692382812 200.6799659729004
187.29660034179688 154.5704345703125 200.26373863220215 154.5704345703125 200.26373863220215 198.67938232421875 187.29660034179688 198.67938232421875
186.10586547851562 156.89193725585938 198.47145175933838 156.89193725585938 198.47145175933838 201.96414184570312 186.10586547851562 201.96414184570312
187.14474487304688 154.95350646972656 199.9522829055786 154.95350646972656 199.9522829055786 198.59735488891602 187.14474487304688 198.59735488891602
186.65408325195312 155.41189575195312 199.5352659225464 155.41189575195312 199.5352659225464 196.18651580810547 186.65408325195312 196.18651580810547
186.76614379882812 155.10110473632812 198.9958667755127 155.10110473632812 198.9958667755127 196.65294647216797 186.76614379882812 196.65294647216797
186.0610809326172 155.1192169189453 198.20304775238037 155.1192169189453 198.20304775238037 196.79363250732422 186.0610809326172 196.79363250732422
186.84893798828125 152.1102752685547 199.2172269821167 152.1102752685547 199.2172269821167 193.8183135986328 186.84893798828125 193.8183135986328
189.6251220703125 149.67208862304688 202.2245330810547 149.67208862304688 202.2245330810547 195.2238655090332 189.6251220703125 195.2238655090332
188.589111328125 150.8758544921875 201.2529582977295 150.8758544921875 201.2529582977295 194.61516571044922 188.589111328125 194.61516571044922
185.1723175048828 155.73617553710938 197.02110385894775 155.73617553710938 197.02110385894775 196.53411102294922 185.1723175048828 196.53411102294922
187.4241943359375 154.2797088623047 198.6989402770996 154.2797088623047 198.6989402770996 196.79079055786133 187.4241943359375 196.79079055786133
194.03811645507812 153.81332397460938 206.40060138702393 153.81332397460938 206.40060138702393 198.5085220336914 194.03811645507812 198.5085220336914
195.1616973876953 155.4459991455078 207.47998237609863 155.4459991455078 207.47998237609863 199.98139572143555 195.1616973876953 199.98139572143555
196.45443725585938 158.17054748535156 208.8659496307373 158.17054748535156 208.8659496307373 202.02788543701172 196.45443725585938 202.02788543701172
197.25173950195312 160.47549438476562 209.63388633728027 160.47549438476562 209.63388633728027 204.19276428222656 197.25173950195312 204.19276428222656
184.78390502929688 159.6417999267578 196.21145248413086 159.6417999267578 196.21145248413086 202.19145965576172 184.78390502929688 202.19145965576172
184.6411590576172 157.25619506835938 196.23464965820312 157.25619506835938 196.23464965820312 200.41985702514648 184.6411590576172 200.41985702514648
185.05517578125 157.3216552734375 196.73941802978516 157.3216552734375 196.73941802978516 199.7011489868164 185.05517578125 199.7011489868164
184.60629272460938 156.7217254638672 195.70393180847168 156.7217254638672 195.70393180847168 199.39685440063477 184.60629272460938 199.39685440063477
184.3607177734375 158.88978576660156 195.70935726165771 158.88978576660156 195.70935726165771 200.27945709228516 184.3607177734375 200.27945709228516
184.58038330078125 155.01797485351562 195.51531982421875 155.01797485351562 195.51531982421875 197.20161819458008 184.58038330078125 197.20161819458008
182.67617797851562 156.54844665527344 194.06502056121826 156.54844665527344 194.06502056121826 197.7235450744629 182.67617797851562 197.7235450744629
183.44615173339844 156.73544311523438 194.86422157287598 156.73544311523438 194.86422157287598 198.0162124633789 183.44615173339844 198.0162124633789
183.2495880126953 157.43203735351562 194.76521492004395 157.43203735351562 194.76521492004395 199.63824844360352 183.2495880126953 199.63824844360352
181.4479217529297 158.94131469726562 193.1988296508789 158.94131469726562 193.1988296508789 201.42542266845703 181.4479217529297 201.42542266845703
179.9815216064453 160.38124084472656 191.8111696243286 160.38124084472656 191.8111696243286 202.40348434448242 179.9815216064453 202.40348434448242
181.0071258544922 162.37588500976562 193.26889514923096 162.37588500976562 193.26889514923096 202.02836990356445 181.0071258544922 202.02836990356445
181.17091369628906 160.3838348388672 194.0123167037964 160.3838348388672 194.0123167037964 201.1282615661621 181.17091369628906 201.1282615661621
179.9549102783203 161.35281372070312 191.92753791809082 161.35281372070312 191.92753791809082 204.6385269165039 179.9549102783203 204.6385269165039
179.4208221435547 162.5458221435547 191.2791290283203 162.5458221435547 191.2791290283203 205.41822052001953 179.4208221435547 205.41822052001953
180.2057647705078 164.49136352539062 193.23913764953613 164.49136352539062 193.23913764953613 202.5351791381836 180.2057647705078 202.5351791381836
179.80557250976562 163.56747436523438 192.4298152923584 163.56747436523438 192.4298152923584 201.19761276245117 179.80557250976562 201.19761276245117
178.9581298828125 165.01119995117188 191.52085399627686 165.01119995117188 191.52085399627686 203.51187896728516 178.9581298828125 203.51187896728516
180.26905822753906 165.06167602539062 193.0353240966797 165.06167602539062 193.0353240966797 200.75336074829102 180.26905822753906 200.75336074829102
180.03660583496094 162.54237365722656 191.97575187683105 162.54237365722656 191.97575187683105 203.85638809204102 180.03660583496094 203.85638809204102
182.00430297851562 165.33462524414062 193.74055671691895 165.33462524414062 193.74055671691895 203.3474578857422 182.00430297851562 203.3474578857422
182.78662109375 165.592529296875 194.28851413726807 165.592529296875 194.28851413726807 203.93855667114258 182.78662109375 203.93855667114258
183.67135620117188 165.0648193359375 195.7258005142212 165.0648193359375 195.7258005142212 203.15081405639648 183.67135620117188 203.15081405639648
185.82337951660156 162.0101776123047 196.85170936584473 162.0101776123047 196.85170936584473 202.48313903808594 185.82337951660156 202.48313903808594
185.54205322265625 161.19845581054688 196.6471881866455 161.19845581054688 196.6471881866455 201.66747665405273 185.54205322265625 201.66747665405273
186.05264282226562 160.09217834472656 197.4206895828247 160.09217834472656 197.4206895828247 201.1921043395996 186.05264282226562 201.1921043395996
187.4488525390625 159.35269165039062 198.63912105560303 159.35269165039062 198.63912105560303 199.8089714050293 187.4488525390625 199.8089714050293
187.86172485351562 159.05487060546875 199.29523086547852 159.05487060546875 199.29523086547852 200.53190231323242 187.86172485351562 200.53190231323242
188.1829833984375 158.2852325439453 199.5862102508545 158.2852325439453 199.5862102508545 199.51233673095703 188.1829833984375 199.51233673095703
189.93734741210938 158.75750732421875 200.7982177734375 158.75750732421875 200.7982177734375 197.79779815673828 189.93734741210938 197.79779815673828
192.1517791748047 157.50881958007812 203.85075569152832 157.50881958007812 203.85075569152832 194.7865867614746 192.1517791748047 194.7865867614746
193.30136108398438 157.9242706298828 204.75226020812988 157.9242706298828 204.75226020812988 194.30939483642578 193.30136108398438 194.30939483642578
194.48318481445312 156.79476928710938 205.75450038909912 156.79476928710938 205.75450038909912 195.44778442382812 194.48318481445312 195.44778442382812
193.99978637695312 156.00914001464844 205.04924964904785 156.00914001464844 205.04924964904785 194.4929656982422 193.99978637695312 194.4929656982422
198.30520629882812 158.0959014892578 209.47588539123535 158.0959014892578 209.47588539123535 198.48224639892578 198.30520629882812 198.48224639892578
195.21630859375 155.64901733398438 206.4899091720581 155.64901733398438 206.4899091720581 196.40746307373047 195.21630859375 196.40746307373047
194.70266723632812 157.2852325439453 206.01677417755127 157.2852325439453 206.01677417755127 198.19012451171875 194.70266723632812 198.19012451171875
195.71673583984375 157.33895874023438 207.16242218017578 157.33895874023438 207.16242218017578 197.93795013427734 195.71673583984375 197.93795013427734
197.1495361328125 156.51431274414062 208.7712049484253 156.51431274414062 208.7712049484253 198.53115844726562 197.1495361328125 198.53115844726562
197.46127319335938 156.9411163330078 209.33983898162842 156.9411163330078 209.33983898162842 199.88674545288086 197.46127319335938 199.88674545288086
196.27371215820312 155.81224060058594 208.25897789001465 155.81224060058594 208.25897789001465 199.1436309814453 196.27371215820312 199.1436309814453
196.53343200683594 155.36326599121094 208.51707458496094 155.36326599121094 208.51707458496094 198.68878555297852 196.53343200683594 198.68878555297852
196.19638061523438 155.99172973632812 208.2318630218506 155.99172973632812 208.2318630218506 199.50466918945312 196.19638061523438 199.50466918945312
196.66928100585938 157.23922729492188 208.9875364303589 157.23922729492188 208.9875364303589 201.77449798583984 196.66928100585938 201.77449798583984
196.4893798828125 156.739501953125 208.81788063049316 156.739501953125 208.81788063049316 201.3118133544922 196.4893798828125 201.3118133544922
199.70065307617188 158.8258514404297 212.04248142242432 158.8258514404297 212.04248142242432 203.44635009765625 199.70065307617188 203.44635009765625
199.63729858398438 158.5577850341797 211.92345142364502 158.5577850341797 211.92345142364502 202.97699356079102 199.63729858398438 202.97699356079102
199.2130126953125 159.62779235839844 211.72373008728027 159.62779235839844 211.72373008728027 204.85889053344727 199.2130126953125 204.85889053344727
195.7176513671875 159.30783081054688 208.22056770324707 159.30783081054688 208.22056770324707 204.51072692871094 195.7176513671875 204.51072692871094
194.3222198486328 156.76327514648438 206.8241891860962 156.76327514648438 206.8241891860962 201.0003433227539 194.3222198486328 201.0003433227539
195.54080200195312 158.84765625 208.05599403381348 158.84765625 208.05599403381348 203.0146255493164 195.54080200195312 203.0146255493164
194.97799682617188 158.60049438476562 207.16820240020752 158.60049438476562 207.16820240020752 202.6728172302246 194.97799682617188 202.6728172302246
187.1771697998047 158.33599853515625 199.06187629699707 158.33599853515625 199.06187629699707 199.41439056396484 187.1771697998047 199.41439056396484
186.7089385986328 156.62002563476562 198.52355766296387 156.62002563476562 198.52355766296387 199.9164276123047 186.7089385986328 199.9164276123047
185.244140625 156.5336456298828 197.00214958190918 156.5336456298828 197.00214958190918 198.99985122680664 185.244140625 198.99985122680664
183.7733612060547 157.48123168945312 195.88245964050293 157.48123168945312 195.88245964050293 200.9178466796875 183.7733612060547 200.9178466796875
182.5227508544922 159.09506225585938 194.2469654083252 159.09506225585938 194.2469654083252 201.4050407409668 182.5227508544922 201.4050407409668
181.3334503173828 155.64996337890625 193.81114101409912 155.64996337890625 193.81114101409912 200.1436882019043 181.3334503173828 200.1436882019043
181.26126098632812 155.80410766601562 194.27413749694824 155.80410766601562 194.27413749694824 200.82356643676758 181.26126098632812 200.82356643676758
178.25367736816406 153.3804931640625 191.31154346466064 153.3804931640625 191.31154346466064 200.5897445678711 178.25367736816406 200.5897445678711
179.40835571289062 156.24679565429688 192.9574613571167 156.24679565429688 192.9574613571167 200.06966018676758 179.40835571289062 200.06966018676758
179.301513671875 156.567626953125 192.443998336792 156.567626953125 192.443998336792 202.50957489013672 179.301513671875 202.50957489013672
180.3395233154297 158.71572875976562 194.3734836578369 158.71572875976562 194.3734836578369 200.99927520751953 180.3395233154297 200.99927520751953
179.91891479492188 157.14779663085938 193.01386737823486 157.14779663085938 193.01386737823486 204.4911346435547 179.91891479492188 204.4911346435547
180.41537475585938 157.73806762695312 194.11024951934814 157.73806762695312 194.11024951934814 203.91124725341797 180.41537475585938 203.91124725341797
179.23831176757812 153.26414489746094 192.71360778808594 153.26414489746094 192.71360778808594 201.9825782775879 179.23831176757812 201.9825782775879
178.26416015625 156.75743103027344 192.4088954925537 156.75743103027344 192.4088954925537 204.39842224121094 178.26416015625 204.39842224121094
177.5471649169922 156.5658721923828 192.51641654968262 156.5658721923828 192.51641654968262 202.10572814941406 177.5471649169922 202.10572814941406
179.508056640625 156.4261474609375 194.19591331481934 156.4261474609375 194.19591331481934 201.94900512695312 179.508056640625 201.94900512695312
179.83154296875 156.65512084960938 194.67660999298096 156.65512084960938 194.67660999298096 204.7819709777832 179.83154296875 204.7819709777832
178.6537322998047 155.8795623779297 194.33700561523438 155.8795623779297 194.33700561523438 202.57089233398438 178.6537322998047 202.57089233398438
177.7426300048828 155.22280883789062 192.38792896270752 155.22280883789062 192.38792896270752 206.36026763916016 177.7426300048828 206.36026763916016
179.15647888183594 155.02755737304688 194.91743183135986 155.02755737304688 194.91743183135986 202.4922218322754 179.15647888183594 202.4922218322754
179.2554168701172 155.04190063476562 194.85542011260986 155.04190063476562 194.85542011260986 203.07875061035156 179.2554168701172 203.07875061035156
178.4088134765625 156.33119201660156 194.19976043701172 156.33119201660156 194.19976043701172 203.81126403808594 178.4088134765625 203.81126403808594
178.33750915527344 155.17315673828125 194.38183403015137 155.17315673828125 194.38183403015137 203.78272247314453 178.33750915527344 203.78272247314453
179.2562713623047 155.9111328125 195.35362815856934 155.9111328125 195.35362815856934 203.87319564819336 179.2562713623047 203.87319564819336
177.64889526367188 155.0894775390625 193.7421417236328 155.0894775390625 193.7421417236328 204.13428115844727 177.64889526367188 204.13428115844727
177.9651336669922 155.88973999023438 193.52110290527344 155.88973999023438 193.52110290527344 204.5726318359375 177.9651336669922 204.5726318359375
178.59007263183594 155.54208374023438 195.18183517456055 155.54208374023438 195.18183517456055 205.1266326904297 178.59007263183594 205.1266326904297
178.26988220214844 155.0174102783203 194.58179473876953 155.0174102783203 194.58179473876953 203.51876068115234 178.26988220214844 203.51876068115234
178.58792114257812 154.09066772460938 195.0567111968994 154.09066772460938 195.0567111968994 203.18006134033203 178.58792114257812 203.18006134033203
178.0829620361328 154.29696655273438 194.61118507385254 154.29696655273438 194.61118507385254 205.01862335205078 178.0829620361328 205.01862335205078
179.1307373046875 155.20533752441406 195.88895416259766 155.20533752441406 195.88895416259766 205.90131378173828 179.1307373046875 205.90131378173828
179.85276794433594 152.9669189453125 195.68911170959473 152.9669189453125 195.68911170959473 205.31513595581055 179.85276794433594 205.31513595581055
181.423095703125 154.95448303222656 198.03498649597168 154.95448303222656 198.03498649597168 203.5776023864746 181.423095703125 203.5776023864746
182.29873657226562 153.27328491210938 198.5601978302002 153.27328491210938 198.5601978302002 204.99980926513672 182.29873657226562 204.99980926513672
181.88552856445312 154.5695037841797 197.84353351593018 154.5695037841797 197.84353351593018 203.5270233154297 181.88552856445312 203.5270233154297
179.35963439941406 155.1092987060547 195.99777603149414 155.1092987060547 195.99777603149414 203.13764190673828 179.35963439941406 203.13764190673828
191.4175567626953 152.33126831054688 206.14990043640137 152.33126831054688 206.14990043640137 205.59440994262695 191.4175567626953 205.59440994262695
191.11949157714844 151.74996948242188 205.75378131866455 151.74996948242188 205.75378131866455 204.65860748291016 191.11949157714844 204.65860748291016
192.4190673828125 151.302490234375 207.06498908996582 151.302490234375 207.06498908996582 204.2531852722168 192.4190673828125 204.2531852722168
188.10499572753906 152.46682739257812 203.130859375 152.46682739257812 203.130859375 205.345703125 188.10499572753906 205.345703125
185.65115356445312 152.41578674316406 200.88419818878174 152.41578674316406 200.88419818878174 198.97747039794922 185.65115356445312 198.97747039794922
180.60595703125 152.2242431640625 195.20526695251465 152.2242431640625 195.20526695251465 203.7457046508789 180.60595703125 203.7457046508789
178.013427734375 154.01783752441406 192.6831226348877 154.01783752441406 192.6831226348877 199.13852310180664 178.013427734375 199.13852310180664
178.7298126220703 155.47409057617188 192.957914352417 155.47409057617188 192.957914352417 201.01385116577148 178.7298126220703 201.01385116577148
176.4882049560547 152.3772430419922 190.589861869812 152.3772430419922 190.589861869812 198.82352447509766 176.4882049560547 198.82352447509766
196.95138549804688 153.43283081054688 209.693133354187 153.43283081054688 209.693133354187 197.85418701171875 196.95138549804688 197.85418701171875
195.8701629638672 152.31797790527344 209.5285243988037 152.31797790527344 209.5285243988037 201.6982650756836 195.8701629638672 201.6982650756836
194.54769897460938 153.0647735595703 208.2308177947998 153.0647735595703 208.2308177947998 202.5345687866211 194.54769897460938 202.5345687866211
194.5707550048828 152.73634338378906 208.4882640838623 152.73634338378906 208.4882640838623 203.05355072021484 194.5707550048828 203.05355072021484
194.290771484375 151.25338745117188 208.15062522888184 151.25338745117188 208.15062522888184 201.36215209960938 194.290771484375 201.36215209960938
193.8188934326172 149.8771209716797 207.70877361297607 149.8771209716797 207.70877361297607 200.09444427490234 193.8188934326172 200.09444427490234
193.92657470703125 153.30532836914062 207.66907024383545 153.30532836914062 207.66907024383545 202.98979949951172 193.92657470703125 202.98979949951172
194.58285522460938 153.309326171875 208.53539752960205 153.309326171875 208.53539752960205 203.7531967163086 194.58285522460938 203.7531967163086
194.27279663085938 153.2346954345703 208.34240913391113 153.2346954345703 208.34240913391113 204.1018180847168 194.27279663085938 204.1018180847168
195.3273468017578 153.73077392578125 209.4321517944336 153.73077392578125 209.4321517944336 204.72513580322266 195.3273468017578 204.72513580322266
195.7688446044922 153.92051696777344 209.8511781692505 153.92051696777344 209.8511781692505 204.83363342285156 195.7688446044922 204.83363342285156
196.14356994628906 154.708740234375 210.0208511352539 154.708740234375 210.0208511352539 204.88051223754883 196.14356994628906 204.88051223754883
196.30960083007812 153.96778869628906 210.33465576171875 153.96778869628906 210.33465576171875 204.67382049560547 196.30960083007812 204.67382049560547
196.467041015625 154.00173950195312 210.592755317688 154.00173950195312 210.592755317688 205.07169342041016 196.467041015625 205.07169342041016
196.250244140625 152.0335693359375 210.4945068359375 152.0335693359375 210.4945068359375 203.53212356567383 196.250244140625 203.53212356567383
197.4799346923828 151.5409698486328 211.7261791229248 151.5409698486328 211.7261791229248 203.04668426513672 197.4799346923828 203.04668426513672
197.5310516357422 152.3253936767578 211.84395790100098 152.3253936767578 211.84395790100098 204.07211685180664 197.5310516357422 204.07211685180664
199.88101196289062 152.58694458007812 214.30352306365967 152.58694458007812 214.30352306365967 203.0973663330078 199.88101196289062 203.0973663330078
199.33572387695312 150.27841186523438 213.95447063446045 150.27841186523438 213.95447063446045 202.77173614501953 199.33572387695312 202.77173614501953
198.37924194335938 150.45394897460938 212.8109998703003 150.45394897460938 212.8109998703003 200.86713790893555 198.37924194335938 200.86713790893555
199.0275115966797 151.52500915527344 213.37218475341797 151.52500915527344 213.37218475341797 203.14422225952148 199.0275115966797 203.14422225952148
196.46148681640625 151.3917236328125 211.13258838653564 151.3917236328125 211.13258838653564 204.2503547668457 196.46148681640625 204.2503547668457
192.97421264648438 147.96774291992188 207.72314739227295 147.96774291992188 207.72314739227295 197.07430267333984 192.97421264648438 197.07430267333984
193.34683227539062 148.697509765625 207.4561538696289 148.697509765625 207.4561538696289 198.55952072143555 193.34683227539062 198.55952072143555
191.19924926757812 151.39393615722656 205.22757530212402 151.39393615722656 205.22757530212402 200.6653823852539 191.19924926757812 200.6653823852539
188.73123168945312 152.5286407470703 202.55569648742676 152.5286407470703 202.55569648742676 200.64347457885742 188.73123168945312 200.64347457885742
186.6772918701172 152.26634216308594 199.91700744628906 152.26634216308594 199.91700744628906 199.3230743408203 186.6772918701172 199.3230743408203
184.84921264648438 152.0288543701172 198.81309986114502 152.0288543701172 198.81309986114502 198.6471824645996 184.84921264648438 198.6471824645996
183.01185607910156 151.18997192382812 196.51528644561768 151.18997192382812 196.51528644561768 198.45417022705078 183.01185607910156 198.45417022705078
179.74435424804688 152.86831665039062 194.34544944763184 152.86831665039062 194.34544944763184 197.08378219604492 179.74435424804688 197.08378219604492
178.38108825683594 152.3367919921875 192.03804302215576 152.3367919921875 192.03804302215576 197.1892967224121 178.38108825683594 197.1892967224121
176.65771484375 151.19821166992188 191.38368225097656 151.19821166992188 191.38368225097656 195.88853454589844 176.65771484375 195.88853454589844
173.75758361816406 151.80691528320312 187.30434703826904 151.80691528320312 187.30434703826904 195.02708053588867 173.75758361816406 195.02708053588867
171.14642333984375 153.06533813476562 185.3178834915161 153.06533813476562 185.3178834915161 197.59475326538086 171.14642333984375 197.59475326538086
168.27793884277344 153.38375854492188 182.05347156524658 153.38375854492188 182.05347156524658 196.97651290893555 168.27793884277344 196.97651290893555
167.7484893798828 152.6917724609375 181.2700548171997 152.6917724609375 181.2700548171997 196.64792251586914 167.7484893798828 196.64792251586914
164.5692596435547 150.8086395263672 178.2711181640625 150.8086395263672 178.2711181640625 193.26335525512695 164.5692596435547 193.26335525512695
161.60086059570312 151.15451049804688 174.9365520477295 151.15451049804688 174.9365520477295 194.4122428894043 161.60086059570312 194.4122428894043
158.9629669189453 151.98587036132812 172.65540313720703 151.98587036132812 172.65540313720703 194.8547592163086 158.9629669189453 194.8547592163086
156.11534118652344 153.18515014648438 169.78602123260498 153.18515014648438 169.78602123260498 195.16876983642578 156.11534118652344 195.16876983642578
153.8314208984375 153.76065063476562 167.9679536819458 153.76065063476562 167.9679536819458 197.73709869384766 153.8314208984375 197.73709869384766
152.4959259033203 152.02870178222656 167.14030742645264 152.02870178222656 167.14030742645264 197.6609878540039 152.4959259033203 197.6609878540039
148.74008178710938 151.63858032226562 163.0267210006714 151.63858032226562 163.0267210006714 199.83252716064453 148.74008178710938 199.83252716064453
147.0691680908203 153.98316955566406 161.15579414367676 153.98316955566406 161.15579414367676 197.68385314941406 147.0691680908203 197.68385314941406
144.95526123046875 154.17364501953125 159.02114391326904 154.17364501953125 159.02114391326904 197.47472763061523 144.95526123046875 197.47472763061523
140.754150390625 154.8665771484375 154.42321491241455 154.8665771484375 154.42321491241455 199.08987426757812 140.754150390625 199.08987426757812
139.5365447998047 155.70718383789062 152.79284858703613 155.70718383789062 152.79284858703613 199.04937362670898 139.5365447998047 199.04937362670898
139.94384765625 156.1131134033203 153.36909198760986 156.1131134033203 153.36909198760986 197.26845932006836 139.94384765625 197.26845932006836
135.87353515625 154.78195190429688 148.39494800567627 154.78195190429688 148.39494800567627 197.81364059448242 135.87353515625 197.81364059448242
134.9268035888672 160.06893920898438 148.3538875579834 160.06893920898438 148.3538875579834 208.61306381225586 134.9268035888672 208.61306381225586
143.47451782226562 151.89617919921875 157.01265907287598 151.89617919921875 157.01265907287598 200.8418197631836 143.47451782226562 200.8418197631836
129.8661346435547 151.2064971923828 143.813494682312 151.2064971923828 143.813494682312 201.6316261291504 129.8661346435547 201.6316261291504
124.8145980834961 148.0103759765625 137.1595458984375 148.0103759765625 137.1595458984375 193.9820098876953 124.8145980834961 193.9820098876953
118.96246337890625 152.5 131.05411434173584 152.5 131.05411434173584 197.84576797485352 118.96246337890625 197.84576797485352
110.07307434082031 147.69207763671875 123.7420244216919 147.69207763671875 123.7420244216919 197.11064529418945 110.07307434082031 197.11064529418945
108.70930480957031 151.782470703125 121.89383125305176 151.782470703125 121.89383125305176 196.08895874023438 108.70930480957031 196.08895874023438
107.23834228515625 152.40579223632812 119.17243003845215 152.40579223632812 119.17243003845215 195.52130508422852 107.23834228515625 195.52130508422852
106.80491638183594 151.43136596679688 119.13698291778564 151.43136596679688 119.13698291778564 195.63581085205078 106.80491638183594 195.63581085205078
106.32926940917969 153.10482788085938 119.01192378997803 153.10482788085938 119.01192378997803 195.27326583862305 106.32926940917969 195.27326583862305
101.1493148803711 152.0363311767578 114.88640308380127 152.0363311767578 114.88640308380127 191.2608413696289 101.1493148803711 191.2608413696289
105.19013977050781 150.56419372558594 119.86971092224121 150.56419372558594 119.86971092224121 188.72500228881836 105.19013977050781 188.72500228881836
110.2511215209961 150.5398712158203 124.44794178009033 150.5398712158203 124.44794178009033 192.28397750854492 110.2511215209961 192.28397750854492
115.11431884765625 148.53475952148438 127.80242729187012 148.53475952148438 127.80242729187012 190.67646408081055 115.11431884765625 190.67646408081055
117.7505874633789 147.04611206054688 131.35027027130127 147.04611206054688 131.35027027130127 189.6669692993164 117.7505874633789 189.6669692993164
119.2746810913086 150.17288208007812 133.36356925964355 150.17288208007812 133.36356925964355 186.32085418701172 119.2746810913086 186.32085418701172
126.02912902832031 149.8133087158203 140.19815254211426 149.8133087158203 140.19815254211426 189.30411529541016 126.02912902832031 189.30411529541016
130.04168701171875 149.21701049804688 144.3720121383667 149.21701049804688 144.3720121383667 186.5421905517578 130.04168701171875 186.5421905517578
132.9215545654297 148.05517578125 146.92115211486816 148.05517578125 146.92115211486816 187.28515243530273 132.9215545654297 187.28515243530273
136.6646270751953 149.4962158203125 149.92242908477783 149.4962158203125 149.92242908477783 185.79409790039062 136.6646270751953 185.79409790039062
139.39346313476562 146.60699462890625 153.00384712219238 146.60699462890625 153.00384712219238 183.99408340454102 139.39346313476562 183.99408340454102
143.24478149414062 146.38980102539062 157.01128101348877 146.38980102539062 157.01128101348877 183.4072036743164 143.24478149414062 183.4072036743164
147.50502014160156 145.33670043945312 161.89899730682373 145.33670043945312 161.89899730682373 184.16458129882812 147.50502014160156 184.16458129882812
151.2820281982422 143.7331085205078 165.70256805419922 143.7331085205078 165.70256805419922 183.62393188476562 151.2820281982422 183.62393188476562
155.5581512451172 144.80226135253906 169.00560569763184 144.80226135253906 169.00560569763184 181.91954803466797 155.5581512451172 181.91954803466797
161.28770446777344 143.37371826171875 174.88810443878174 143.37371826171875 174.88810443878174 181.48452377319336 161.28770446777344 181.48452377319336
164.56741333007812 143.4327850341797 178.12685871124268 143.4327850341797 178.12685871124268 181.44205474853516 164.56741333007812 181.44205474853516
169.13735961914062 142.232177734375 181.851300239563 142.232177734375 181.851300239563 179.60974884033203 169.13735961914062 179.60974884033203
171.6595458984375 140.683349609375 184.96820640563965 140.683349609375 184.96820640563965 178.8738784790039 171.6595458984375 178.8738784790039
174.02743530273438 138.31118774414062 187.53199195861816 138.31118774414062 187.53199195861816 176.66116333007812 174.02743530273438 176.66116333007812
180.11724853515625 138.62069702148438 193.25142669677734 138.62069702148438 193.25142669677734 177.67353057861328 180.11724853515625 177.67353057861328
184.57528686523438 141.17698669433594 197.40233325958252 141.17698669433594 197.40233325958252 179.70087814331055 184.57528686523438 179.70087814331055
188.91282653808594 138.00819396972656 202.52524757385254 138.00819396972656 202.52524757385254 173.5885887145996 188.91282653808594 173.5885887145996
194.35824584960938 138.18545532226562 206.70295524597168 138.18545532226562 206.70295524597168 177.98210525512695 194.35824584960938 177.98210525512695
196.19400024414062 135.71896362304688 209.23144054412842 135.71896362304688 209.23144054412842 172.93059539794922 196.19400024414062 172.93059539794922
199.10595703125 139.06356811523438 211.2361307144165 139.06356811523438 211.2361307144165 174.14739990234375 199.10595703125 174.14739990234375
203.1013946533203 139.37197875976562 215.54934883117676 139.37197875976562 215.54934883117676 174.57510375976562 203.1013946533203 174.57510375976562
209.3714141845703 136.94180297851562 222.65381813049316 136.94180297851562 222.65381813049316 174.71778106689453 209.3714141845703 174.71778106689453
211.36587524414062 137.62132263183594 224.42982482910156 137.62132263183594 224.42982482910156 178.13197326660156 211.36587524414062 178.13197326660156
214.1747589111328 136.83004760742188 227.35411071777344 136.83004760742188 227.35411071777344 175.9498062133789 214.1747589111328 175.9498062133789
218.0094451904297 134.89987182617188 231.7554874420166 134.89987182617188 231.7554874420166 174.2641258239746 218.0094451904297 174.2641258239746
221.9693603515625 134.20504760742188 235.74125480651855 134.20504760742188 235.74125480651855 171.33220291137695 221.9693603515625 171.33220291137695
226.611572265625 133.56283569335938 240.34607696533203 133.56283569335938 240.34607696533203 171.5582275390625 226.611572265625 171.5582275390625
229.8682861328125 128.59605407714844 243.9809055328369 128.59605407714844 243.9809055328369 170.2740592956543 229.8682861328125 170.2740592956543
234.05172729492188 138.96946716308594 247.6276397705078 138.96946716308594 247.6276397705078 176.51097106933594 234.05172729492188 176.51097106933594
238.42529296875 131.1461944580078 251.25407123565674 131.1461944580078 251.25407123565674 177.52719497680664 238.42529296875 177.52719497680664
245.942138671875 133.2919921875 258.87110900878906 133.2919921875 258.87110900878906 180.03522491455078 245.942138671875 180.03522491455078
245.74502563476562 129.1015167236328 260.0835371017456 129.1015167236328 260.0835371017456 172.45802307128906 245.74502563476562 172.45802307128906
250.3317413330078 127.50068664550781 265.01453590393066 127.50068664550781 265.01453590393066 166.9099464416504 250.3317413330078 166.9099464416504
251.9493408203125 126.31941986083984 264.9377565383911 126.31941986083984 264.9377565383911 173.27757263183594 251.9493408203125 173.27757263183594
258.2983093261719 126.86518859863281 272.2201633453369 126.86518859863281 272.2201633453369 171.24805450439453 258.2983093261719 171.24805450439453
261.42730712890625 123.58204650878906 274.61238861083984 123.58204650878906 274.61238861083984 171.251220703125 261.42730712890625 171.251220703125
265.1573181152344 123.74787902832031 278.9169692993164 123.74787902832031 278.9169692993164 168.17082977294922 265.1573181152344 168.17082977294922
270.1252746582031 121.13118743896484 283.7373447418213 121.13118743896484 283.7373447418213 164.70331573486328 270.1252746582031 164.70331573486328
276.2202453613281 120.35640716552734 289.6359615325928 120.35640716552734 289.6359615325928 166.70536422729492 276.2202453613281 166.70536422729492
279.7135925292969 122.3030014038086 293.25022888183594 122.3030014038086 293.25022888183594 163.5975341796875 279.7135925292969 163.5975341796875
282.5739440917969 121.75048828125 295.64184284210205 121.75048828125 295.64184284210205 165.89197158813477 282.5739440917969 165.89197158813477
286.9421691894531 123.63753509521484 302.3173351287842 123.63753509521484 302.3173351287842 162.51072311401367 286.9421691894531 162.51072311401367
290.6094665527344 120.07756042480469 304.46192932128906 120.07756042480469 304.46192932128906 162.2723159790039 290.6094665527344 162.2723159790039
296.0251159667969 118.6778793334961 309.10993003845215 118.6778793334961 309.10993003845215 159.87393951416016 296.0251159667969 159.87393951416016
298.4234619140625 115.25733947753906 312.18174743652344 115.25733947753906 312.18174743652344 160.06600189208984 298.4234619140625 160.06600189208984
302.1590576171875 113.65311431884766 315.72314643859863 113.65311431884766 315.72314643859863 160.65210342407227 302.1590576171875 160.65210342407227
304.4014587402344 113.20765686035156 317.7850112915039 113.20765686035156 317.7850112915039 159.98627471923828 304.4014587402344 159.98627471923828
311.0496826171875 115.45832824707031 324.47839164733887 115.45832824707031 324.47839164733887 158.1583709716797 311.0496826171875 158.1583709716797
316.28399658203125 113.20799255371094 329.8579807281494 113.20799255371094 329.8579807281494 153.36774063110352 316.28399658203125 153.36774063110352
322.017822265625 111.6522216796875 335.92273712158203 111.6522216796875 335.92273712158203 154.34401321411133 322.017822265625 154.34401321411133
325.0836486816406 111.1659164428711 338.14381885528564 111.1659164428711 338.14381885528564 154.78666305541992 325.0836486816406 154.78666305541992
329.0158996582031 109.61677551269531 343.78410816192627 109.61677551269531 343.78410816192627 151.58232879638672 329.0158996582031 151.58232879638672
331.20294189453125 109.44705963134766 344.52384662628174 109.44705963134766 344.52384662628174 154.39814376831055 331.20294189453125 154.39814376831055
333.4461669921875 106.3629379272461 346.583890914917 106.3629379272461 346.583890914917 150.99863052368164 333.4461669921875 150.99863052368164
336.18212890625 106.30110931396484 349.71238136291504 106.30110931396484 349.71238136291504 152.50336456298828 336.18212890625 152.50336456298828
341.49835205078125 107.41890716552734 355.2582883834839 107.41890716552734 355.2582883834839 147.30336380004883 341.49835205078125 147.30336380004883
346.4208068847656 106.24857330322266 359.35383892059326 106.24857330322266 359.35383892059326 150.130615234375 346.4208068847656 150.130615234375
347.5589294433594 104.371337890625 360.8843402862549 104.371337890625 360.8843402862549 148.44214630126953 347.5589294433594 148.44214630126953
349.42999267578125 104.7137222290039 364.45947265625 104.7137222290039 364.45947265625 149.32672500610352 349.42999267578125 149.32672500610352
353.90325927734375 103.17240905761719 367.796368598938 103.17240905761719 367.796368598938 151.53980255126953 353.90325927734375 151.53980255126953
358.0877990722656 102.22376251220703 372.05933952331543 102.22376251220703 372.05933952331543 148.3544921875 358.0877990722656 148.3544921875
360.0722351074219 100.67555236816406 374.4758815765381 100.67555236816406 374.4758815765381 144.94179916381836 360.0722351074219 144.94179916381836
364.6687927246094 101.93797302246094 378.04817485809326 101.93797302246094 378.04817485809326 145.4490089416504 364.6687927246094 145.4490089416504
368.45758056640625 101.82168579101562 382.9500732421875 101.82168579101562 382.9500732421875 144.74493026733398 368.45758056640625 144.74493026733398
372.91705322265625 100.52851867675781 387.0316038131714 100.52851867675781 387.0316038131714 146.73130798339844 372.91705322265625 146.73130798339844
376.46929931640625 100.03317260742188 390.6356325149536 100.03317260742188 390.6356325149536 144.47800064086914 376.46929931640625 144.47800064086914
379.25677490234375 100.32481384277344 393.3132219314575 100.32481384277344 393.3132219314575 142.61842346191406 379.25677490234375 142.61842346191406
383.32513427734375 96.72513580322266 395.8539171218872 96.72513580322266 395.8539171218872 140.36621475219727 383.32513427734375 140.36621475219727
387.72119140625 97.27891540527344 399.27863216400146 97.27891540527344 399.27863216400146 140.14870834350586 387.72119140625 140.14870834350586
391.18438720703125 96.68852233886719 403.7534236907959 96.68852233886719 403.7534236907959 138.34963607788086 391.18438720703125 138.34963607788086
394.7979431152344 98.92833709716797 408.36792755126953 98.92833709716797 408.36792755126953 135.6213836669922 394.7979431152344 135.6213836669922
397.2718505859375 95.4067611694336 409.04460430145264 95.4067611694336 409.04460430145264 135.8716278076172 397.2718505859375 135.8716278076172
401.3297424316406 95.6712417602539 413.6326732635498 95.6712417602539 413.6326732635498 134.27194213867188 401.3297424316406 134.27194213867188
402.4103088378906 93.79277801513672 416.2151393890381 93.79277801513672 416.2151393890381 134.6359748840332 402.4103088378906 134.6359748840332
406.11395263671875 94.9477310180664 420.5629014968872 94.9477310180664 420.5629014968872 133.3011016845703 406.11395263671875 133.3011016845703
409.13616943359375 93.21659851074219 423.7527103424072 93.21659851074219 423.7527103424072 133.06708145141602 409.13616943359375 133.06708145141602
412.00787353515625 92.33601379394531 425.43812561035156 92.33601379394531 425.43812561035156 132.61182022094727 412.00787353515625 132.61182022094727
417.43670654296875 91.71255493164062 431.7065553665161 91.71255493164062 431.7065553665161 132.42023468017578 417.43670654296875 132.42023468017578
421.00543212890625 89.56741333007812 435.2847537994385 89.56741333007812 435.2847537994385 131.2281265258789 421.00543212890625 131.2281265258789
425.498046875 90.0972900390625 439.0240936279297 90.0972900390625 439.0240936279297 130.5719757080078 425.498046875 130.5719757080078
429.6322326660156 88.2082748413086 442.6748104095459 88.2082748413086 442.6748104095459 128.70574951171875 429.6322326660156 128.70574951171875
435.4313049316406 88.08595275878906 449.47588062286377 88.08595275878906 449.47588062286377 130.20159149169922 435.4313049316406 130.20159149169922
436.3731994628906 85.39070892333984 450.62533378601074 85.39070892333984 450.62533378601074 126.08828735351562 436.3731994628906 126.08828735351562
441.6661682128906 88.68395233154297 456.01115894317627 88.68395233154297 456.01115894317627 127.32587051391602 441.6661682128906 127.32587051391602
444.1871643066406 85.51751708984375 457.5133113861084 85.51751708984375 457.5133113861084 123.7269515991211 444.1871643066406 123.7269515991211
448.76513671875 83.969482421875 462.0830965042114 83.969482421875 462.0830965042114 127.19225311279297 448.76513671875 127.19225311279297
451.39080810546875 84.89205169677734 464.8827209472656 84.89205169677734 464.8827209472656 123.99520874023438 451.39080810546875 123.99520874023438
453.404541015625 85.13992309570312 466.73867988586426 85.13992309570312 466.73867988586426 123.3465347290039 453.404541015625 123.3465347290039
457.6630859375 83.35600280761719 471.138409614563 83.35600280761719 471.138409614563 120.47509384155273 457.6630859375 120.47509384155273
460.2142639160156 81.3007583618164 472.9542417526245 81.3007583618164 472.9542417526245 120.33429718017578 460.2142639160156 120.33429718017578
464.0816955566406 80.66584777832031 476.75081729888916 80.66584777832031 476.75081729888916 119.89111328125 464.0816955566406 119.89111328125
465.755615234375 79.30155181884766 478.80330085754395 79.30155181884766 478.80330085754395 120.51203918457031 465.755615234375 120.51203918457031
469.98541259765625 80.38838958740234 482.56894302368164 80.38838958740234 482.56894302368164 120.6748161315918 469.98541259765625 120.6748161315918
472.62921142578125 79.17576599121094 485.3966064453125 79.17576599121094 485.3966064453125 119.97489166259766 472.62921142578125 119.97489166259766
478.79486083984375 79.16651916503906 491.6619873046875 79.16651916503906 491.6619873046875 120.30372619628906 478.79486083984375 120.30372619628906
