480.0 321.0 542.0 321.0 542.0 419.0 480.0 419.0
480.1275939941406 321.50323486328125 541.2017135620117 321.50323486328125 541.2017135620117 417.12977600097656 480.1275939941406 417.12977600097656
480.28033447265625 319.8918762207031 541.0383987426758 319.8918762207031 541.0383987426758 416.1230010986328 480.28033447265625 416.1230010986328
480.6180114746094 320.12091064453125 541.1073226928711 320.12091064453125 541.1073226928711 415.46697998046875 480.6180114746094 415.46697998046875
481.16632080078125 314.93572998046875 542.324836730957 314.93572998046875 542.324836730957 411.97818756103516 481.16632080078125 411.97818756103516
480.33807373046875 312.5635681152344 541.842529296875 312.5635681152344 541.842529296875 407.1996536254883 480.33807373046875 407.1996536254883
479.69537353515625 312.1065368652344 539.9427299499512 312.1065368652344 539.9427299499512 407.19041442871094 479.69537353515625 407.19041442871094
479.10089111328125 312.156005859375 538.0613403320312 312.156005859375 538.0613403320312 407.4171905517578 479.10089111328125 407.4171905517578
477.12615966796875 312.34674072265625 536.4398384094238 312.34674072265625 536.4398384094238 406.5956573486328 477.12615966796875 406.5956573486328
476.74542236328125 309.6187438964844 535.3078002929688 309.6187438964844 535.3078002929688 405.2612991333008 476.74542236328125 405.2612991333008
474.89288330078125 306.43853759765625 534.8462028503418 306.43853759765625 534.8462028503418 400.3672637939453 474.89288330078125 400.3672637939453
474.7820739746094 303.85321044921875 534.8680419921875 303.85321044921875 534.8680419921875 398.5704574584961 474.7820739746094 398.5704574584961
473.92041015625 303.06378173828125 535.105842590332 303.06378173828125 535.105842590332 396.09185791015625 473.92041015625 396.09185791015625
475.2799377441406 302.9425354003906 534.8602905273438 302.9425354003906 534.8602905273438 394.57672119140625 475.2799377441406 394.57672119140625
475.2079162597656 302.937255859375 535.654670715332 302.937255859375 535.654670715332 394.8125 475.2079162597656 394.8125
475.9559020996094 301.69854736328125 537.318531036377 301.69854736328125 537.318531036377 396.23120880126953 475.9559020996094 396.23120880126953
477.8854064941406 298.6358642578125 538.5798530578613 298.6358642578125 538.5798530578613 394.46343994140625 477.8854064941406 394.46343994140625
479.69964599609375 295.98602294921875 540.1620101928711 295.98602294921875 540.1620101928711 391.20279693603516 479.69964599609375 391.20279693603516
480.40167236328125 294.4295959472656 540.3403396606445 294.4295959472656 540.3403396606445 387.6884460449219 480.40167236328125 387.6884460449219
481.9605407714844 294.1609802246094 540.3727226257324 294.1609802246094 540.3727226257324 385.7084503173828 481.9605407714844 385.7084503173828
482.46099853515625 294.78302001953125 540.5548706054688 294.78302001953125 540.5548706054688 385.35792541503906 482.46099853515625 385.35792541503906
482.30694580078125 294.88201904296875 540.4984130859375 294.88201904296875 540.4984130859375 386.4844207763672 482.30694580078125 386.4844207763672
482.27459716796875 293.78173828125 539.4510726928711 293.78173828125 539.4510726928711 383.4698028564453 482.27459716796875 383.4698028564453
482.9153747558594 291.1717834472656 539.369514465332 291.1717834472656 539.369514465332 380.23792266845703 482.9153747558594 380.23792266845703
482.4866638183594 288.75274658203125 538.8804550170898 288.75274658203125 538.8804550170898 380.3434600830078 482.4866638183594 380.3434600830078
483.857666015625 287.00732421875 539.9784927368164 287.00732421875 539.9784927368164 376.6667022705078 483.857666015625 376.6667022705078
482.2923278808594 287.092041015625 540.0138549804688 287.092041015625 540.0138549804688 373.5847854614258 482.2923278808594 373.5847854614258
483.9974060058594 286.9505920410156 540.3694877624512 286.9505920410156 540.3694877624512 374.09693145751953 483.9974060058594 374.09693145751953
484.5643615722656 285.9296569824219 541.5194931030273 285.9296569824219 541.5194931030273 374.47080993652344 484.5643615722656 374.47080993652344
485.1947326660156 284.2690124511719 543.6154403686523 284.2690124511719 543.6154403686523 375.1414489746094 485.1947326660156 375.1414489746094
487.36962890625 280.6510314941406 544.1910018920898 280.6510314941406 544.1910018920898 370.93357849121094 487.36962890625 370.93357849121094
487.1539001464844 278.5687561035156 544.8583869934082 278.5687561035156 544.8583869934082 366.1602249145508 487.1539001464844 366.1602249145508
487.5367736816406 278.4217529296875 545.2297592163086 278.4217529296875 545.2297592163086 365.62342834472656 487.5367736816406 365.62342834472656
488.04705810546875 278.28125 544.4718208312988 278.28125 544.4718208312988 366.0964126586914 488.04705810546875 366.0964126586914
487.47808837890625 277.89581298828125 543.5350646972656 277.89581298828125 543.5350646972656 364.10770416259766 487.47808837890625 364.10770416259766
485.79937744140625 275.9505310058594 542.0008964538574 275.9505310058594 542.0008964538574 364.5889205932617 485.79937744140625 364.5889205932617
484.99139404296875 274.11102294921875 540.35888671875 274.11102294921875 540.35888671875 360.59967041015625 484.99139404296875 360.59967041015625
483.17578125 271.9862365722656 540.2218208312988 271.9862365722656 540.2218208312988 360.49021911621094 483.17578125 360.49021911621094
483.35235595703125 269.2677307128906 539.5961418151855 269.2677307128906 539.5961418151855 356.6473693847656 483.35235595703125 356.6473693847656
482.0751037597656 267.1559753417969 539.4987716674805 267.1559753417969 539.4987716674805 353.8325958251953 482.0751037597656 353.8325958251953
481.92962646484375 268.11151123046875 538.0699081420898 268.11151123046875 538.0699081420898 354.3550567626953 481.92962646484375 354.3550567626953
482.0679626464844 266.9725036621094 538.622932434082 266.9725036621094 538.622932434082 353.2827453613281 482.0679626464844 353.2827453613281
482.28570556640625 266.406982421875 537.3636856079102 266.406982421875 537.3636856079102 353.7329559326172 482.28570556640625 353.7329559326172
482.24432373046875 263.51446533203125 538.6602554321289 263.51446533203125 538.6602554321289 350.79346466064453 482.24432373046875 350.79346466064453
481.8238220214844 261.8911437988281 537.6523857116699 261.8911437988281 537.6523857116699 349.6080322265625 481.8238220214844 349.6080322265625
481.5760803222656 259.6627197265625 538.6787910461426 259.6627197265625 538.6787910461426 348.87022399902344 481.5760803222656 348.87022399902344
480.5631408691406 259.31890869140625 537.4658699035645 259.31890869140625 537.4658699035645 347.4872817993164 480.5631408691406 347.4872817993164
479.2616271972656 259.32098388671875 536.4626770019531 259.32098388671875 536.4626770019531 346.5326919555664 479.2616271972656 346.5326919555664
477.09490966796875 259.55499267578125 533.2974472045898 259.55499267578125 533.2974472045898 348.82202911376953 477.09490966796875 348.82202911376953
475.87359619140625 259.7984924316406 532.7925338745117 259.7984924316406 532.7925338745117 346.51576232910156 475.87359619140625 346.51576232910156
472.396484375 260.55743408203125 530.262866973877 260.55743408203125 530.262866973877 347.6525115966797 472.396484375 347.6525115966797
470.7681579589844 258.1119079589844 528.5705490112305 258.1119079589844 528.5705490112305 346.31107330322266 470.7681579589844 346.31107330322266
468.74859619140625 255.241943359375 526.6783828735352 255.241943359375 526.6783828735352 342.5511169433594 468.74859619140625 342.5511169433594
467.2171936035156 253.91348266601562 525.1360282897949 253.91348266601562 525.1360282897949 340.82252502441406 467.2171936035156 340.82252502441406
466.7083435058594 252.59860229492188 524.2633247375488 252.59860229492188 524.2633247375488 339.4353485107422 466.7083435058594 339.4353485107422
465.5455017089844 252.422119140625 523.4279251098633 252.422119140625 523.4279251098633 337.70899963378906 465.5455017089844 337.70899963378906
465.2803649902344 252.76708984375 521.6254272460938 252.76708984375 521.6254272460938 337.65867614746094 465.2803649902344 337.65867614746094
462.3130798339844 252.3330078125 519.705436706543 252.3330078125 519.705436706543 336.61097717285156 462.3130798339844 336.61097717285156
463.72821044921875 250.52413940429688 519.1343879699707 250.52413940429688 519.1343879699707 337.6100387573242 463.72821044921875 337.6100387573242
459.500732421875 248.8227081298828 514.7406539916992 248.8227081298828 514.7406539916992 336.137451171875 459.500732421875 336.137451171875
459.4710388183594 244.7676544189453 514.5576553344727 244.7676544189453 514.5576553344727 331.84007263183594 459.4710388183594 331.84007263183594
453.635986328125 249.48486328125 508.5418701171875 249.48486328125 508.5418701171875 336.5904769897461 453.635986328125 336.5904769897461
451.5386657714844 246.7330780029297 506.7604789733887 246.7330780029297 506.7604789733887 334.0191955566406 451.5386657714844 334.0191955566406
446.2283630371094 248.3178253173828 501.2606391906738 248.3178253173828 501.2606391906738 335.3043518066406 446.2283630371094 335.3043518066406
443.65863037109375 242.1052703857422 497.7179985046387 242.1052703857422 497.7179985046387 326.8227844238281 443.65863037109375 326.8227844238281
442.69976806640625 244.1525115966797 495.4140739440918 244.1525115966797 495.4140739440918 327.4751434326172 442.69976806640625 327.4751434326172
439.57421875 242.26589965820312 492.947509765625 242.26589965820312 492.947509765625 324.5072708129883 439.57421875 324.5072708129883
435.47607421875 242.18093872070312 487.6947135925293 242.18093872070312 487.6947135925293 324.72010803222656 435.47607421875 324.72010803222656
435.701416015625 240.72402954101562 488.1655502319336 240.72402954101562 488.1655502319336 323.6512451171875 435.701416015625 323.6512451171875
432.87713623046875 241.8100128173828 485.1097831726074 241.8100128173828 485.1097831726074 324.37133026123047 432.87713623046875 324.37133026123047
431.64678955078125 239.43331909179688 483.5767593383789 239.43331909179688 483.5767593383789 321.51622009277344 431.64678955078125 321.51622009277344
430.14404296875 237.648681640625 481.74564361572266 237.648681640625 481.74564361572266 319.2125473022461 430.14404296875 319.2125473022461
425.93353271484375 237.2669219970703 477.36920166015625 237.2669219970703 477.36920166015625 318.5685119628906 425.93353271484375 318.5685119628906
425.887939453125 236.7890625 476.3093795776367 236.7890625 476.3093795776367 316.4875259399414 425.887939453125 316.4875259399414
424.1636657714844 238.11630249023438 475.52342987060547 238.11630249023438 475.52342987060547 319.2979278564453 424.1636657714844 319.2979278564453
421.3916931152344 238.17501831054688 471.74714279174805 238.17501831054688 471.74714279174805 317.76918029785156 421.3916931152344 317.76918029785156
417.8250427246094 239.4242401123047 468.0227699279785 239.4242401123047 468.0227699279785 318.7690887451172 417.8250427246094 318.7690887451172
414.27734375 236.9961395263672 464.0853500366211 236.9961395263672 464.0853500366211 315.7249755859375 414.27734375 315.7249755859375
411.6829528808594 237.50228881835938 460.59983825683594 237.50228881835938 460.59983825683594 314.8225860595703 411.6829528808594 314.8225860595703
409.21612548828125 234.53759765625 457.390193939209 234.53759765625 457.390193939209 310.6837615966797 409.21612548828125 310.6837615966797
405.9378662109375 232.1294403076172 454.73681640625 232.1294403076172 454.73681640625 309.2633285522461 405.9378662109375 309.2633285522461
404.063232421875 231.5521240234375 453.6437759399414 231.5521240234375 453.6437759399414 309.9214324951172 404.063232421875 309.9214324951172
401.697021484375 230.10708618164062 451.63933181762695 230.10708618164062 451.63933181762695 309.0482177734375 401.697021484375 309.0482177734375
400.0660705566406 235.7556610107422 449.63299560546875 235.7556610107422 449.63299560546875 314.1034393310547 400.0660705566406 314.1034393310547
400.66436767578125 234.25253295898438 449.45796966552734 234.25253295898438 449.45796966552734 311.3779602050781 400.66436767578125 311.3779602050781
396.3233947753906 232.1407470703125 445.24267196655273 232.1407470703125 445.24267196655273 309.4648208618164 396.3233947753906 309.4648208618164
395.99652099609375 231.26223754882812 445.0812072753906 231.26223754882812 445.0812072753906 308.84776306152344 395.99652099609375 308.84776306152344
390.3888854980469 229.26144409179688 439.8088607788086 229.26144409179688 439.8088607788086 307.37693786621094 390.3888854980469 307.37693786621094
390.3944396972656 230.85403442382812 439.9219512939453 230.85403442382812 439.9219512939453 309.1395034790039 390.3944396972656 309.1395034790039
386.04595947265625 230.5045623779297 436.03197479248047 230.5045623779297 436.03197479248047 309.5147705078125 386.04595947265625 309.5147705078125
382.5328063964844 231.1024169921875 432.5895004272461 231.1024169921875 432.5895004272461 310.22434997558594 382.5328063964844 310.22434997558594
380.04058837890625 227.89315795898438 430.4238967895508 227.89315795898438 430.4238967895508 307.53135681152344 380.04058837890625 307.53135681152344
375.2111511230469 224.21670532226562 425.36329650878906 224.21670532226562 425.36329650878906 303.48951721191406 375.2111511230469 303.48951721191406
372.2815856933594 224.9309539794922 420.54084396362305 224.9309539794922 420.54084396362305 301.21177673339844 372.2815856933594 301.21177673339844
369.64434814453125 222.94595336914062 418.5029182434082 222.94595336914062 418.5029182434082 300.17407989501953 369.64434814453125 300.17407989501953
368.37982177734375 225.26882934570312 416.65466690063477 225.26882934570312 416.65466690063477 301.5742950439453 368.37982177734375 301.5742950439453
367.1310119628906 224.91213989257812 415.13544845581055 224.91213989257812 415.13544845581055 300.7901840209961 367.1310119628906 300.7901840209961
362.13543701171875 222.61856079101562 410.15156173706055 222.61856079101562 410.15156173706055 298.51507568359375 362.13543701171875 298.51507568359375
360.7310485839844 219.3217315673828 408.58636474609375 219.3217315673828 408.58636474609375 294.9640579223633 360.7310485839844 294.9640579223633
358.3968811035156 215.1939697265625 406.35833740234375 215.1939697265625 406.35833740234375 291.00406646728516 358.3968811035156 291.00406646728516
356.88592529296875 213.82376098632812 405.544132232666 213.82376098632812 405.544132232666 290.73516845703125 356.88592529296875 290.73516845703125
353.37799072265625 213.55746459960938 400.86450958251953 213.55746459960938 400.86450958251953 288.6168518066406 353.37799072265625 288.6168518066406
350.70037841796875 211.69906616210938 398.3988571166992 211.69906616210938 398.3988571166992 287.09349060058594 350.70037841796875 287.09349060058594
349.1553039550781 213.6222381591797 396.5494575500488 213.6222381591797 396.5494575500488 288.53562927246094 349.1553039550781 288.53562927246094
348.54302978515625 213.42941284179688 395.4470520019531 213.42941284179688 395.4470520019531 287.56807708740234 348.54302978515625 287.56807708740234
344.51849365234375 214.1564483642578 391.98749923706055 214.1564483642578 391.98749923706055 289.18814849853516 344.51849365234375 289.18814849853516
338.41632080078125 211.34814453125 386.1840019226074 211.34814453125 386.1840019226074 286.85194396972656 338.41632080078125 286.85194396972656
336.1753234863281 211.6097412109375 383.62317657470703 211.6097412109375 383.62317657470703 286.6080093383789 336.1753234863281 286.6080093383789
332.32159423828125 207.29086303710938 379.4935989379883 207.29086303710938 379.4935989379883 281.8531036376953 332.32159423828125 281.8531036376953
329.6291809082031 206.5413055419922 377.09893798828125 206.5413055419922 377.09893798828125 281.5741882324219 329.6291809082031 281.5741882324219
327.6473693847656 201.2406005859375 375.03282928466797 201.2406005859375 375.03282928466797 276.1402359008789 327.6473693847656 276.1402359008789
325.02935791015625 205.1753387451172 372.2606735229492 205.1753387451172 372.2606735229492 279.8313293457031 325.02935791015625 279.8313293457031
325.32415771484375 205.17037963867188 372.36219787597656 205.17037963867188 372.36219787597656 279.52086639404297 325.32415771484375 279.52086639404297
322.9874267578125 206.9434051513672 369.9252243041992 206.9434051513672 369.9252243041992 281.13543701171875 322.9874267578125 281.13543701171875
321.0732421875 206.84829711914062 367.28233337402344 206.84829711914062 367.28233337402344 279.8885040283203 321.0732421875 279.8885040283203
320.6503601074219 205.381591796875 366.0131149291992 205.381591796875 366.0131149291992 277.0840377807617 320.6503601074219 277.0840377807617
316.28558349609375 204.8642120361328 361.1551513671875 204.8642120361328 361.1551513671875 275.787109375 316.28558349609375 275.787109375
313.3841247558594 203.89364624023438 358.8466911315918 203.89364624023438 358.8466911315918 275.7538604736328 313.3841247558594 275.7538604736328
308.57965087890625 205.97219848632812 354.58431243896484 205.97219848632812 354.58431243896484 278.6892776489258 308.57965087890625 278.6892776489258
308.1533508300781 204.744873046875 354.2004699707031 204.744873046875 354.2004699707031 277.52906799316406 308.1533508300781 277.52906799316406
306.2793273925781 204.23837280273438 352.41646575927734 204.23837280273438 352.41646575927734 277.16485595703125 306.2793273925781 277.16485595703125
303.9736328125 202.26528930664062 350.47303009033203 202.26528930664062 350.47303009033203 275.7643814086914 303.9736328125 275.7643814086914
301.52325439453125 199.89694213867188 348.71270751953125 199.89694213867188 348.71270751953125 274.4867630004883 301.52325439453125 274.4867630004883
299.89923095703125 199.50051879882812 347.2340660095215 199.50051879882812 347.2340660095215 274.3201370239258 299.89923095703125 274.3201370239258
296.5281677246094 198.71766662597656 343.8887252807617 198.71766662597656 343.8887252807617 273.5779342651367 296.5281677246094 273.5779342651367
293.54656982421875 198.33126831054688 342.2061233520508 198.33126831054688 342.2061233520508 275.24478912353516 293.54656982421875 275.24478912353516
293.22760009765625 196.2052001953125 341.4328498840332 196.2052001953125 341.4328498840332 272.40061950683594 293.22760009765625 272.40061950683594
294.5816955566406 198.1438751220703 341.5504684448242 198.1438751220703 341.5504684448242 272.3848648071289 294.5816955566406 272.3848648071289
291.5551452636719 197.94210815429688 338.2104911804199 197.94210815429688 338.2104911804199 271.6876754760742 291.5551452636719 271.6876754760742
290.5926208496094 196.23690795898438 337.6995964050293 196.23690795898438 337.6995964050293 270.6963424682617 290.5926208496094 270.6963424682617
286.2940368652344 195.16966247558594 333.67069244384766 195.16966247558594 333.67069244384766 270.05535888671875 286.2940368652344 270.05535888671875
286.0591735839844 194.6847381591797 332.44747161865234 194.6847381591797 332.44747161865234 268.00819396972656 286.0591735839844 268.00819396972656
284.58563232421875 197.545166015625 330.09215545654297 197.545166015625 330.09215545654297 269.47484588623047 284.58563232421875 269.47484588623047
282.3094177246094 196.9467315673828 328.41728591918945 196.9467315673828 328.41728591918945 269.82691955566406 282.3094177246094 269.82691955566406
280.42669677734375 196.4513702392578 326.20526123046875 196.4513702392578 326.20526123046875 268.81105041503906 280.42669677734375 268.81105041503906
278.49676513671875 191.56622314453125 325.01894760131836 191.56622314453125 325.01894760131836 265.10130310058594 278.49676513671875 265.10130310058594
275.186279296875 193.38534545898438 321.37670135498047 193.38534545898438 321.37670135498047 266.3960189819336 275.186279296875 266.3960189819336
275.42083740234375 192.36306762695312 321.19261932373047 192.36306762695312 321.19261932373047 264.71202087402344 275.42083740234375 264.71202087402344
275.04620361328125 190.2322235107422 320.47586822509766 190.2322235107422 320.47586822509766 262.04041290283203 275.04620361328125 262.04041290283203
274.09271240234375 194.05288696289062 320.16239166259766 194.05288696289062 320.16239166259766 266.8727111816406 274.09271240234375 266.8727111816406
272.7650451660156 189.5264892578125 318.8446350097656 189.5264892578125 318.8446350097656 262.36197662353516 272.7650451660156 262.36197662353516
273.92999267578125 191.20169067382812 319.6447105407715 191.20169067382812 319.6447105407715 263.46044921875 273.92999267578125 263.46044921875
273.54400634765625 189.2379150390625 319.3732566833496 189.2379150390625 319.3732566833496 261.6777114868164 273.54400634765625 261.6777114868164
272.5388488769531 188.2210235595703 318.45279693603516 188.2210235595703 318.45279693603516 260.7947006225586 272.5388488769531 260.7947006225586
271.22906494140625 187.91087341308594 317.23570251464844 187.91087341308594 317.23570251464844 260.6310577392578 271.22906494140625 260.6310577392578
269.94781494140625 188.49203491210938 316.11405181884766 188.49203491210938 316.11405181884766 261.46448516845703 269.94781494140625 261.46448516845703
269.12603759765625 189.165771484375 315.1143112182617 189.165771484375 315.1143112182617 261.85691833496094 269.12603759765625 261.85691833496094
266.6454772949219 190.36695861816406 313.17996978759766 190.36695861816406 313.17996978759766 263.9214782714844 266.6454772949219 263.9214782714844
264.4515686035156 188.2996063232422 309.5040054321289 188.2996063232422 309.5040054321289 259.5115203857422 264.4515686035156 259.5115203857422
262.160400390625 186.14453125 307.0390853881836 186.14453125 307.0390853881836 257.08180236816406 262.160400390625 257.08180236816406
261.08935546875 184.332275390625 306.4249801635742 184.332275390625 306.4249801635742 255.99181365966797 261.08935546875 255.99181365966797
258.5873107910156 184.2330780029297 304.48503494262695 184.2330780029297 304.48503494262695 256.7810974121094 258.5873107910156 256.7810974121094
258.0550231933594 184.18923950195312 304.1204605102539 184.18923950195312 304.1204605102539 257.0023651123047 258.0550231933594 257.0023651123047
258.3191833496094 185.0641326904297 304.1111145019531 185.0641326904297 304.1111145019531 257.4449462890625 258.3191833496094 257.4449462890625
258.0277404785156 182.91232299804688 303.6925735473633 182.91232299804688 303.6925735473633 255.0922393798828 258.0277404785156 255.0922393798828
257.76116943359375 182.5565185546875 302.7498893737793 182.5565185546875 302.7498893737793 253.6677474975586 257.76116943359375 253.6677474975586
257.310546875 180.63491821289062 302.1409225463867 180.63491821289062 302.1409225463867 251.49586486816406 257.310546875 251.49586486816406
256.6875305175781 181.05381774902344 301.8278694152832 181.05381774902344 301.8278694152832 252.40470123291016 256.6875305175781 252.40470123291016
255.0603790283203 178.4152374267578 300.49413299560547 178.4152374267578 300.49413299560547 250.2299041748047 255.0603790283203 250.2299041748047
254.572998046875 179.2991180419922 300.0336112976074 179.2991180419922 300.0336112976074 251.15624237060547 254.572998046875 251.15624237060547
253.6937713623047 177.26467895507812 298.65784072875977 177.26467895507812 298.65784072875977 248.33694458007812 253.6937713623047 248.33694458007812
253.29464721679688 177.6940155029297 297.8353462219238 177.6940155029297 297.8353462219238 248.09707641601562 253.29464721679688 248.09707641601562
253.2742156982422 173.65835571289062 297.9957733154297 173.65835571289062 297.9957733154297 244.3472900390625 253.2742156982422 244.3472900390625
252.989013671875 173.2935791015625 297.81681060791016 173.2935791015625 297.81681060791016 244.1504364013672 252.989013671875 244.1504364013672
252.5433807373047 175.0115966796875 297.76832580566406 175.0115966796875 297.76832580566406 246.49620056152344 252.5433807373047 246.49620056152344
252.8416290283203 173.96926879882812 298.45389556884766 173.96926879882812 298.45389556884766 246.06609344482422 252.8416290283203 246.06609344482422
254.0332489013672 174.03094482421875 299.2134017944336 174.03094482421875 299.2134017944336 245.4447479248047 254.0332489013672 245.4447479248047
253.884765625 175.40533447265625 298.8243217468262 175.40533447265625 298.8243217468262 246.4388427734375 253.884765625 246.4388427734375
252.6339874267578 171.89785766601562 298.7435646057129 171.89785766601562 298.7435646057129 244.78076171875 252.6339874267578 244.78076171875
254.5190887451172 170.84629821777344 300.7934341430664 170.84629821777344 300.7934341430664 243.98963928222656 254.5190887451172 243.98963928222656
253.97128295898438 173.18905639648438 299.83179473876953 173.18905639648438 299.83179473876953 245.6782684326172 253.97128295898438 245.6782684326172
253.84213256835938 175.0087127685547 298.9909133911133 175.0087127685547 298.9909133911133 246.37293243408203 253.84213256835938 246.37293243408203
253.05416870117188 174.0801544189453 298.2921028137207 174.0801544189453 298.2921028137207 245.58529663085938 253.05416870117188 245.58529663085938
255.42892456054688 172.68399047851562 300.3473892211914 172.68399047851562 300.3473892211914 243.68416595458984 255.42892456054688 243.68416595458984
253.1737823486328 171.30776977539062 298.60111236572266 171.30776977539062 298.60111236572266 243.1122817993164 253.1737823486328 243.1122817993164
253.44503784179688 171.8296661376953 298.61705780029297 171.8296661376953 298.61705780029297 243.23062133789062 253.44503784179688 243.23062133789062
254.27499389648438 166.5260467529297 299.83310317993164 166.5260467529297 299.83310317993164 238.53726196289062 254.27499389648438 238.53726196289062
253.54696655273438 166.61892700195312 299.2607727050781 166.61892700195312 299.2607727050781 238.8762435913086 253.54696655273438 238.8762435913086
254.70523071289062 167.03720092773438 300.89416885375977 167.03720092773438 300.89416885375977 240.04553985595703 254.70523071289062 240.04553985595703
254.5393829345703 166.6334228515625 301.38987731933594 166.6334228515625 301.38987731933594 240.6874542236328 254.5393829345703 240.6874542236328
255.98519897460938 164.6042938232422 303.0841598510742 164.6042938232422 303.0841598510742 239.0510711669922 255.98519897460938 239.0510711669922
256.47625732421875 163.0416259765625 304.5339889526367 163.0416259765625 304.5339889526367 239.0038833618164 256.47625732421875 239.0038833618164
257.75177001953125 161.47935485839844 305.83773040771484 161.47935485839844 305.83773040771484 237.4862289428711 257.75177001953125 237.4862289428711
257.029541015625 159.12994384765625 304.9513740539551 159.12994384765625 304.9513740539551 234.8773956298828 257.029541015625 234.8773956298828
255.83261108398438 158.24166870117188 305.16976165771484 158.24166870117188 305.16976165771484 236.2262420654297 255.83261108398438 236.2262420654297
254.77352905273438 163.08692932128906 304.3494415283203 163.08692932128906 304.3494415283203 241.4488983154297 254.77352905273438 241.4488983154297
257.279296875 159.87721252441406 307.1243782043457 159.87721252441406 307.1243782043457 238.66464233398438 257.279296875 238.66464233398438
254.5165557861328 157.82791137695312 305.55635833740234 157.82791137695312 305.55635833740234 238.50377655029297 254.5165557861328 238.50377655029297
256.69854736328125 157.14236450195312 307.3256416320801 157.14236450195312 307.3256416320801 237.16588592529297 256.69854736328125 237.16588592529297
257.26788330078125 157.3719024658203 307.3064498901367 157.3719024658203 307.3064498901367 236.46517181396484 257.26788330078125 236.46517181396484
258.2314147949219 158.55813598632812 309.2365951538086 158.55813598632812 309.2365951538086 239.1792755126953 258.2314147949219 239.1792755126953
260.0107421875 160.7462615966797 311.0488700866699 160.7462615966797 311.0488700866699 241.4194793701172 260.0107421875 241.4194793701172
262.2914123535156 162.14163208007812 312.79016494750977 162.14163208007812 312.79016494750977 241.96228790283203 262.2914123535156 241.96228790283203
264.35882568359375 161.84567260742188 314.38212966918945 161.84567260742188 314.38212966918945 240.91481018066406 264.35882568359375 240.91481018066406
265.60186767578125 161.57322692871094 315.1839179992676 161.57322692871094 315.1839179992676 239.9449005126953 265.60186767578125 239.9449005126953
266.78167724609375 162.00668334960938 315.6178512573242 162.00668334960938 315.6178512573242 239.1993865966797 266.78167724609375 239.1993865966797
267.9125671386719 160.75660705566406 317.1812973022461 160.75660705566406 317.1812973022461 238.63301849365234 267.9125671386719 238.63301849365234
269.20257568359375 160.66293334960938 317.9658737182617 160.66293334960938 317.9658737182617 237.7404327392578 269.20257568359375 237.7404327392578
272.28814697265625 162.61221313476562 320.82847595214844 162.61221313476562 320.82847595214844 239.3372802734375 272.28814697265625 239.3372802734375
272.12286376953125 162.5986328125 321.1844482421875 162.5986328125 321.1844482421875 240.14762115478516 272.12286376953125 240.14762115478516
275.308349609375 164.4145050048828 324.5658073425293 164.4145050048828 324.5658073425293 242.27310180664062 275.308349609375 242.27310180664062
277.34075927734375 159.17684936523438 327.35819244384766 159.17684936523438 327.35819244384766 238.23670196533203 277.34075927734375 238.23670196533203
279.11865234375 160.4070587158203 328.4613838195801 160.4070587158203 328.4613838195801 238.40044403076172 279.11865234375 238.40044403076172
281.1551208496094 160.28164672851562 330.0007667541504 160.28164672851562 330.0007667541504 237.48931884765625 281.1551208496094 237.48931884765625
282.076904296875 162.86819458007812 330.48297119140625 162.86819458007812 330.48297119140625 239.38105010986328 282.076904296875 239.38105010986328
284.30120849609375 164.4871826171875 333.2225532531738 164.4871826171875 333.2225532531738 241.81450653076172 284.30120849609375 241.81450653076172
288.91571044921875 162.1783447265625 336.71564865112305 162.1783447265625 336.71564865112305 237.73312377929688 288.91571044921875 237.73312377929688
295.9154357910156 157.52651977539062 342.669921875 157.52651977539062 342.669921875 231.42881774902344 295.9154357910156 231.42881774902344
297.0794372558594 152.8515625 343.6107482910156 152.8515625 343.6107482910156 226.40110778808594 297.0794372558594 226.40110778808594
298.23199462890625 153.13858032226562 343.70780181884766 153.13858032226562 343.70780181884766 225.01974487304688 298.23199462890625 225.01974487304688
300.771728515625 155.75497436523438 344.82947540283203 155.75497436523438 344.82947540283203 225.39468383789062 300.771728515625 225.39468383789062
301.22149658203125 157.02969360351562 345.90914154052734 157.02969360351562 345.90914154052734 227.66505432128906 301.22149658203125 227.66505432128906
303.5126953125 158.33201599121094 348.97769927978516 158.33201599121094 348.97769927978516 230.19610595703125 303.5126953125 230.19610595703125
304.05242919921875 158.71090698242188 349.3883590698242 158.71090698242188 349.3883590698242 230.37098693847656 304.05242919921875 230.37098693847656
305.39599609375 159.67138671875 349.9306831359863 159.67138671875 349.9306831359863 230.06497955322266 305.39599609375 230.06497955322266
307.86846923828125 157.0733184814453 351.6051940917969 157.0733184814453 351.6051940917969 226.20561981201172 307.86846923828125 226.20561981201172
308.4888610839844 155.28109741210938 351.35839462280273 155.28109741210938 351.35839462280273 223.0426788330078 308.4888610839844 223.0426788330078
309.3544006347656 158.5420684814453 351.4559440612793 158.5420684814453 351.4559440612793 225.08972930908203 309.3544006347656 225.08972930908203
312.0563049316406 157.38943481445312 354.07177734375 157.38943481445312 354.07177734375 223.80104064941406 312.0563049316406 223.80104064941406
320.47747802734375 154.45223999023438 361.62470626831055 154.45223999023438 361.62470626831055 219.80524444580078 320.47747802734375 219.80524444580078
347.0904235839844 145.01187133789062 386.98816680908203 145.01187133789062 386.98816680908203 208.1142463684082 347.0904235839844 208.1142463684082
347.5520935058594 144.71315002441406 386.54521560668945 144.71315002441406 386.54521560668945 205.7816619873047 347.5520935058594 205.7816619873047
348.516845703125 145.5693817138672 387.04261779785156 145.5693817138672 387.04261779785156 206.67449569702148 348.516845703125 206.67449569702148
348.5556335449219 145.72494506835938 386.75872802734375 145.72494506835938 386.75872802734375 205.90031814575195 348.5556335449219 205.90031814575195
350.068115234375 145.13824462890625 387.4847183227539 145.13824462890625 387.4847183227539 204.28067779541016 350.068115234375 204.28067779541016
350.1592102050781 147.8307647705078 387.19746017456055 147.8307647705078 387.19746017456055 206.3751564025879 350.1592102050781 206.3751564025879
350.07733154296875 149.77197265625 386.4218101501465 149.77197265625 386.4218101501465 207.21975708007812 350.07733154296875 207.21975708007812
350.1359558105469 150.77362060546875 386.1563835144043 150.77362060546875 386.1563835144043 207.70919799804688 350.1359558105469 207.70919799804688
349.4039611816406 152.3125457763672 384.8479118347168 152.3125457763672 384.8479118347168 208.33691024780273 349.4039611816406 208.33691024780273
350.55499267578125 151.1311798095703 385.5405960083008 151.1311798095703 385.5405960083008 206.4310646057129 350.55499267578125 206.4310646057129
350.77288818359375 151.4490509033203 385.4772758483887 151.4490509033203 385.4772758483887 206.30443572998047 350.77288818359375 206.30443572998047
349.91180419921875 151.48202514648438 384.88028717041016 151.48202514648438 384.88028717041016 206.75484466552734 349.91180419921875 206.75484466552734
350.63531494140625 150.93260192871094 385.5899353027344 150.93260192871094 385.5899353027344 206.18350982666016 350.63531494140625 206.18350982666016
350.59320068359375 150.42005920410156 386.28542709350586 150.42005920410156 386.28542709350586 206.83686065673828 350.59320068359375 206.83686065673828
351.42877197265625 150.1847686767578 387.40465545654297 150.1847686767578 387.40465545654297 207.04993057250977 351.42877197265625 207.04993057250977
352.4029235839844 152.34140014648438 388.5764389038086 152.34140014648438 388.5764389038086 209.51895904541016 352.4029235839844 209.51895904541016
352.05364990234375 151.37994384765625 388.93140029907227 151.37994384765625 388.93140029907227 209.67064666748047 352.05364990234375 209.67064666748047
351.98138427734375 150.7373046875 389.6650161743164 150.7373046875 389.6650161743164 210.30182647705078 351.98138427734375 210.30182647705078
353.38751220703125 150.8240203857422 390.9696464538574 150.8240203857422 390.9696464538574 210.22811126708984 353.38751220703125 210.22811126708984
352.60235595703125 153.68519592285156 389.9547653198242 153.68519592285156 389.9547653198242 212.7261734008789 352.60235595703125 212.7261734008789
353.98773193359375 150.45896911621094 391.8218116760254 150.45896911621094 391.8218116760254 210.26129531860352 353.98773193359375 210.26129531860352
353.47210693359375 149.73117065429688 391.95088958740234 149.73117065429688 391.95088958740234 210.55254364013672 353.47210693359375 210.55254364013672
353.24847412109375 149.6096954345703 392.0242729187012 149.6096954345703 392.0242729187012 210.9005470275879 353.24847412109375 210.9005470275879
354.548095703125 147.45269775390625 393.4574165344238 147.45269775390625 393.4574165344238 208.9546012878418 354.548095703125 208.9546012878418
354.691650390625 147.92837524414062 393.2447738647461 147.92837524414062 393.2447738647461 208.86725997924805 354.691650390625 208.86725997924805
355.53497314453125 148.54568481445312 394.11295318603516 148.54568481445312 394.11295318603516 209.52385711669922 355.53497314453125 209.52385711669922
354.7696533203125 146.07479858398438 393.26354217529297 146.07479858398438 393.26354217529297 206.9200553894043 354.7696533203125 206.9200553894043
356.4636535644531 147.50997924804688 394.3078422546387 147.50997924804688 394.3078422546387 207.32829666137695 356.4636535644531 207.32829666137695
356.93310546875 146.0311279296875 395.1910095214844 146.0311279296875 395.1910095214844 206.50337982177734 356.93310546875 206.50337982177734
357.8999938964844 146.14935302734375 395.86883544921875 146.14935302734375 395.86883544921875 206.1646957397461 357.8999938964844 206.1646957397461
356.47125244140625 145.49746704101562 394.1606140136719 145.49746704101562 394.1606140136719 205.071044921875 356.47125244140625 205.071044921875
356.0899658203125 145.2369842529297 393.5463104248047 145.2369842529297 393.5463104248047 204.44224548339844 356.0899658203125 204.44224548339844
356.1178283691406 146.44406127929688 392.93738555908203 146.44406127929688 392.93738555908203 204.64279174804688 356.1178283691406 204.64279174804688
355.35614013671875 146.0157470703125 392.3825263977051 146.0157470703125 392.3825263977051 204.5414047241211 355.35614013671875 204.5414047241211
354.723388671875 145.01324462890625 391.6456069946289 145.01324462890625 391.6456069946289 203.37424850463867 354.723388671875 203.37424850463867
355.3680725097656 143.4670867919922 392.5155715942383 143.4670867919922 392.5155715942383 202.18417739868164 355.3680725097656 202.18417739868164
356.1146545410156 144.98098754882812 392.25626373291016 144.98098754882812 392.25626373291016 202.10812377929688 356.1146545410156 202.10812377929688
355.67218017578125 146.83682250976562 391.9452247619629 146.83682250976562 391.9452247619629 204.17171478271484 355.67218017578125 204.17171478271484
356.0805358886719 144.11192321777344 392.26794815063477 144.11192321777344 392.26794815063477 201.31145858764648 356.0805358886719 201.31145858764648
356.787109375 143.03164672851562 393.5700225830078 143.03164672851562 393.5700225830078 201.1724624633789 356.787109375 201.1724624633789
356.25250244140625 144.26914978027344 393.0187797546387 144.26914978027344 393.0187797546387 202.38367462158203 356.25250244140625 202.38367462158203
356.2937316894531 144.773193359375 393.09280014038086 144.773193359375 393.09280014038086 202.9395523071289 356.2937316894531 202.9395523071289
356.7593688964844 145.04135131835938 393.4111442565918 145.04135131835938 393.4111442565918 202.97489547729492 356.7593688964844 202.97489547729492
356.250732421875 143.3290557861328 392.66862869262695 143.3290557861328 392.66862869262695 200.89291763305664 356.250732421875 200.89291763305664
355.7092590332031 141.5943145751953 392.6161308288574 141.5943145751953 392.6161308288574 199.9310760498047 355.7092590332031 199.9310760498047
355.69171142578125 142.55795288085938 392.0491065979004 142.55795288085938 392.0491065979004 200.02618408203125 355.69171142578125 200.02618408203125
354.720458984375 142.22940063476562 391.3467788696289 142.22940063476562 391.3467788696289 200.12269973754883 354.720458984375 200.12269973754883
353.86822509765625 140.67758178710938 390.43341064453125 140.67758178710938 390.43341064453125 198.4742431640625 353.86822509765625 198.4742431640625
353.3375549316406 139.73138427734375 390.5724563598633 139.73138427734375 390.5724563598633 198.58663177490234 353.3375549316406 198.58663177490234
