7.0 163.0 32.0 163.0 32.0 249.0 7.0 249.0
7.9466423988342285 162.65626525878906 33.11002206802368 162.65626525878906 33.11002206802368 249.2182846069336 7.9466423988342285 249.2182846069336
11.018758773803711 160.37551879882812 36.053810119628906 160.37551879882812 36.053810119628906 246.49607849121094 11.018758773803711 246.49607849121094
15.35411262512207 161.63046264648438 40.49589729309082 161.63046264648438 40.49589729309082 248.1181869506836 15.35411262512207 248.1181869506836
15.871333122253418 163.61260986328125 41.04221057891846 163.61260986328125 41.04221057891846 250.2004165649414 15.871333122253418 250.2004165649414
17.37238121032715 161.701416015625 42.88849449157715 161.701416015625 42.88849449157715 249.47684478759766 17.37238121032715 249.47684478759766
20.068347930908203 164.8500518798828 45.602468490600586 164.8500518798828 45.602468490600586 252.6874237060547 20.068347930908203 252.6874237060547
22.6096134185791 164.43373107910156 48.30848503112793 164.43373107910156 48.30848503112793 252.8378448486328 22.6096134185791 252.8378448486328
25.501428604125977 161.9769287109375 51.126529693603516 161.9769287109375 51.126529693603516 250.12726593017578 25.501428604125977 250.12726593017578
28.184579849243164 160.22396850585938 53.993093490600586 160.22396850585938 53.993093490600586 249.00524139404297 28.184579849243164 249.00524139404297
29.503223419189453 162.83583068847656 55.40681457519531 162.83583068847656 55.40681457519531 251.94417572021484 29.503223419189453 251.94417572021484
32.98463821411133 159.41371154785156 58.86557960510254 159.41371154785156 58.86557960510254 248.44414520263672 32.98463821411133 248.44414520263672
35.41704177856445 160.01583862304688 60.998294830322266 160.01583862304688 60.998294830322266 248.01535034179688 35.41704177856445 248.01535034179688
39.00193405151367 159.46112060546875 64.66006469726562 159.46112060546875 64.66006469726562 247.03460693359375 39.00193405151367 247.03460693359375
41.90586471557617 160.04318237304688 67.73666381835938 160.04318237304688 67.73666381835938 247.54965209960938 41.90586471557617 247.54965209960938
42.90564727783203 161.17324829101562 68.8499927520752 161.17324829101562 68.8499927520752 248.82167053222656 42.90564727783203 248.82167053222656
48.639678955078125 159.88510131835938 74.56830215454102 159.88510131835938 74.56830215454102 249.0795669555664 48.639678955078125 249.0795669555664
49.771949768066406 161.85067749023438 75.59915924072266 161.85067749023438 75.59915924072266 250.69627380371094 49.771949768066406 250.69627380371094
54.6464958190918 161.94345092773438 80.40634155273438 161.94345092773438 80.40634155273438 248.6589813232422 54.6464958190918 248.6589813232422
56.278770446777344 159.3335418701172 82.07252311706543 159.3335418701172 82.07252311706543 246.1405029296875 56.278770446777344 246.1405029296875
57.991661071777344 162.1945343017578 83.86244010925293 162.1945343017578 83.86244010925293 249.54226684570312 57.991661071777344 249.54226684570312
60.116668701171875 163.45120239257812 86.52166175842285 163.45120239257812 86.52166175842285 250.8740997314453 60.116668701171875 250.8740997314453
61.8737907409668 160.78204345703125 88.83341026306152 160.78204345703125 88.83341026306152 249.1091537475586 61.8737907409668 249.1091537475586
66.2395248413086 161.22262573242188 93.17646408081055 161.22262573242188 93.17646408081055 252.9382553100586 66.2395248413086 252.9382553100586
68.4721450805664 163.41224670410156 95.24789810180664 163.41224670410156 95.24789810180664 255.52084350585938 68.4721450805664 255.52084350585938
71.5847396850586 161.61447143554688 98.36472702026367 161.61447143554688 98.36472702026367 251.63580322265625 71.5847396850586 251.63580322265625
74.92566680908203 161.39456176757812 100.70732879638672 161.39456176757812 100.70732879638672 248.93598175048828 74.92566680908203 248.93598175048828
79.05992126464844 159.9852294921875 103.5240707397461 159.9852294921875 103.5240707397461 248.90265655517578 79.05992126464844 248.90265655517578
81.54512023925781 160.42208862304688 105.61054611206055 160.42208862304688 105.61054611206055 250.23320770263672 81.54512023925781 250.23320770263672
86.0633773803711 160.60479736328125 111.50702095031738 160.60479736328125 111.50702095031738 248.1309356689453 86.0633773803711 248.1309356689453
88.95076751708984 161.4874725341797 114.00524139404297 161.4874725341797 114.00524139404297 247.67486572265625 88.95076751708984 247.67486572265625
91.45326232910156 162.45506286621094 116.03653526306152 162.45506286621094 116.03653526306152 250.70773315429688 91.45326232910156 250.70773315429688
92.15137481689453 163.47955322265625 117.25019454956055 163.47955322265625 117.25019454956055 249.8194808959961 92.15137481689453 249.8194808959961
95.25179290771484 158.9706268310547 119.93619918823242 158.9706268310547 119.93619918823242 246.32115173339844 95.25179290771484 246.32115173339844
97.53340911865234 160.54977416992188 123.12187385559082 160.54977416992188 123.12187385559082 248.57408142089844 97.53340911865234 248.57408142089844
102.13536071777344 162.79360961914062 127.58951187133789 162.79360961914062 127.58951187133789 249.5490493774414 102.13536071777344 249.5490493774414
104.59969329833984 163.3808135986328 130.02719497680664 163.3808135986328 130.02719497680664 251.2849884033203 104.59969329833984 251.2849884033203
106.35086822509766 159.99734497070312 131.3369255065918 159.99734497070312 131.3369255065918 249.77992248535156 106.35086822509766 249.77992248535156
108.29634857177734 161.55337524414062 134.2436351776123 161.55337524414062 134.2436351776123 251.14867401123047 108.29634857177734 251.14867401123047
110.68318939208984 161.80648803710938 136.82745170593262 161.80648803710938 136.82745170593262 246.00402069091797 110.68318939208984 246.00402069091797
114.90498352050781 162.7165069580078 141.56040954589844 162.7165069580078 141.56040954589844 251.49720001220703 114.90498352050781 251.49720001220703
118.45848083496094 162.89340209960938 144.9719696044922 162.89340209960938 144.9719696044922 252.52147674560547 118.45848083496094 252.52147674560547
123.0687484741211 163.84149169921875 150.3055191040039 163.84149169921875 150.3055191040039 254.21077728271484 123.0687484741211 254.21077728271484
124.36566162109375 159.90206909179688 151.52929306030273 159.90206909179688 151.52929306030273 253.3449249267578 124.36566162109375 253.3449249267578
127.3788833618164 161.30419921875 154.88916397094727 161.30419921875 154.88916397094727 252.8758087158203 127.3788833618164 252.8758087158203
130.03651428222656 160.02310180664062 157.84890365600586 160.02310180664062 157.84890365600586 250.48989868164062 130.03651428222656 250.48989868164062
133.70042419433594 159.21499633789062 160.59625625610352 159.21499633789062 160.59625625610352 251.7366180419922 133.70042419433594 251.7366180419922
136.17083740234375 161.04100036621094 162.6993350982666 161.04100036621094 162.6993350982666 252.29898834228516 136.17083740234375 252.29898834228516
139.18881225585938 159.00584411621094 165.85673141479492 159.00584411621094 165.85673141479492 250.74344635009766 139.18881225585938 250.74344635009766
140.21656799316406 157.8672332763672 167.01434326171875 157.8672332763672 167.01434326171875 250.05154418945312 140.21656799316406 250.05154418945312
142.14212036132812 159.30526733398438 169.10833168029785 159.30526733398438 169.10833168029785 252.0689926147461 142.14212036132812 252.0689926147461
142.56663513183594 159.65689086914062 170.11455726623535 159.65689086914062 170.11455726623535 252.6387481689453 142.56663513183594 252.6387481689453
145.18115234375 156.95266723632812 173.02718544006348 156.95266723632812 173.02718544006348 252.7429656982422 145.18115234375 252.7429656982422
149.16653442382812 155.89378356933594 177.8087043762207 155.89378356933594 177.8087043762207 249.9510955810547 149.16653442382812 249.9510955810547
153.47935485839844 157.42266845703125 181.1217918395996 157.42266845703125 181.1217918395996 252.51258850097656 153.47935485839844 252.51258850097656
155.47633361816406 157.7858123779297 183.2902717590332 157.7858123779297 183.2902717590332 253.4656982421875 155.47633361816406 253.4656982421875
158.3175506591797 159.3023223876953 185.2700309753418 159.3023223876953 185.2700309753418 255.7507095336914 158.3175506591797 255.7507095336914
159.8075714111328 157.9689483642578 187.45905685424805 157.9689483642578 187.45905685424805 254.28497314453125 159.8075714111328 254.28497314453125
160.3525848388672 156.4706573486328 188.0650177001953 156.4706573486328 188.0650177001953 251.80136108398438 160.3525848388672 251.80136108398438
161.1427459716797 158.73146057128906 188.68093490600586 158.73146057128906 188.68093490600586 253.4627685546875 161.1427459716797 253.4627685546875
162.2427978515625 158.15774536132812 190.03830528259277 158.15774536132812 190.03830528259277 253.77422332763672 162.2427978515625 253.77422332763672
164.57687377929688 157.63009643554688 192.89397048950195 157.63009643554688 192.89397048950195 255.04084014892578 164.57687377929688 255.04084014892578
170.56863403320312 155.4200897216797 198.79501342773438 155.4200897216797 198.79501342773438 252.51876831054688 170.56863403320312 252.51876831054688
171.7364501953125 158.99082946777344 200.13974571228027 158.99082946777344 200.13974571228027 260.0278091430664 171.7364501953125 260.0278091430664
174.3223876953125 153.28851318359375 202.77748489379883 153.28851318359375 202.77748489379883 253.6917266845703 174.3223876953125 253.6917266845703
177.88319396972656 155.92478942871094 206.5978126525879 155.92478942871094 206.5978126525879 254.70301055908203 177.88319396972656 254.70301055908203
177.47027587890625 157.481689453125 205.8974151611328 157.481689453125 205.8974151611328 255.81045532226562 177.47027587890625 255.81045532226562
179.9969024658203 153.94895935058594 208.76334762573242 153.94895935058594 208.76334762573242 253.15728759765625 179.9969024658203 253.15728759765625
181.18576049804688 155.42970275878906 210.1876735687256 155.42970275878906 210.1876735687256 252.8259048461914 181.18576049804688 252.8259048461914
185.7683868408203 155.01405334472656 214.3092384338379 155.01405334472656 214.3092384338379 253.19451904296875 185.7683868408203 253.19451904296875
187.92401123046875 155.56124877929688 216.51263427734375 155.56124877929688 216.51263427734375 253.90604400634766 187.92401123046875 253.90604400634766
188.13052368164062 156.83163452148438 217.06315994262695 156.83163452148438 217.06315994262695 256.35982513427734 188.13052368164062 256.35982513427734
189.49642944335938 158.65077209472656 218.10601425170898 158.65077209472656 218.10601425170898 257.06766510009766 189.49642944335938 257.06766510009766
191.00001525878906 159.6548309326172 219.67210388183594 159.6548309326172 219.67210388183594 258.2867431640625 191.00001525878906 258.2867431640625
191.579345703125 158.12098693847656 220.32887649536133 158.12098693847656 220.32887649536133 257.019287109375 191.579345703125 257.019287109375
192.9565887451172 158.98753356933594 221.6494140625 158.98753356933594 221.6494140625 257.6907653808594 192.9565887451172 257.6907653808594
196.08216857910156 157.90966796875 224.58873558044434 157.90966796875 224.58873558044434 255.97217559814453 196.08216857910156 255.97217559814453
196.73153686523438 155.25601196289062 225.93625259399414 155.25601196289062 225.93625259399414 255.7201385498047 196.73153686523438 255.7201385498047
199.6592559814453 157.4755859375 228.54669189453125 157.4755859375 228.54669189453125 256.84828186035156 199.6592559814453 256.84828186035156
203.33740234375 156.48362731933594 232.01589584350586 156.48362731933594 232.01589584350586 255.13756561279297 203.33740234375 255.13756561279297
202.72927856445312 156.4722900390625 231.50448608398438 156.4722900390625 231.50448608398438 255.45891571044922 202.72927856445312 255.45891571044922
203.84243774414062 157.69766235351562 232.67715454101562 157.69766235351562 232.67715454101562 256.8890075683594 203.84243774414062 256.8890075683594
207.7515106201172 157.75527954101562 236.8061008453369 157.75527954101562 236.8061008453369 257.70298767089844 207.7515106201172 257.70298767089844
207.776123046875 156.36036682128906 236.63480186462402 156.36036682128906 236.63480186462402 255.63414764404297 207.776123046875 255.63414764404297
208.1457977294922 156.0850830078125 237.62371444702148 156.0850830078125 237.62371444702148 257.4890365600586 208.1457977294922 257.4890365600586
208.6721954345703 155.95211791992188 237.75547409057617 155.95211791992188 237.75547409057617 255.99851989746094 208.6721954345703 255.99851989746094
210.61892700195312 155.93875122070312 240.01147842407227 155.93875122070312 240.01147842407227 257.0490493774414 210.61892700195312 257.0490493774414
209.24063110351562 154.9532012939453 239.2253932952881 154.9532012939453 239.2253932952881 258.1007080078125 209.24063110351562 258.1007080078125
208.9998321533203 155.0691680908203 238.93564796447754 155.0691680908203 238.93564796447754 258.0482940673828 208.9998321533203 258.0482940673828
206.6227569580078 154.9191131591797 237.1619358062744 154.9191131591797 237.1619358062744 259.9738006591797 206.6227569580078 259.9738006591797
205.9024200439453 153.488525390625 236.50737380981445 153.488525390625 236.50737380981445 258.7694854736328 205.9024200439453 258.7694854736328
205.62081909179688 154.9020233154297 235.7264518737793 154.9020233154297 235.7264518737793 258.46533203125 205.62081909179688 258.46533203125
202.61056518554688 152.9609375 233.41547775268555 152.9609375 233.41547775268555 258.92977142333984 202.61056518554688 258.92977142333984
200.45852661132812 155.88809204101562 230.77231979370117 155.88809204101562 230.77231979370117 260.16747283935547 200.45852661132812 260.16747283935547
198.3682098388672 156.0445556640625 228.32254600524902 156.0445556640625 228.32254600524902 259.08741760253906 198.3682098388672 259.08741760253906
200.32534790039062 153.97705078125 230.51249313354492 153.97705078125 230.51249313354492 257.8207778930664 200.32534790039062 257.8207778930664
199.65438842773438 154.29920959472656 230.17453002929688 154.29920959472656 230.17453002929688 259.28844451904297 199.65438842773438 259.28844451904297
199.64071655273438 154.069091796875 229.4064826965332 154.069091796875 229.4064826965332 256.46327209472656 199.64071655273438 256.46327209472656
198.73497009277344 155.54098510742188 228.24497032165527 155.54098510742188 228.24497032165527 257.0553436279297 198.73497009277344 257.0553436279297
198.34521484375 156.32337951660156 228.3324489593506 156.32337951660156 228.3324489593506 259.4794235229492 198.34521484375 259.4794235229492
196.4014892578125 157.3561553955078 226.31534385681152 157.3561553955078 226.31534385681152 260.259765625 196.4014892578125 260.259765625
196.41720581054688 155.96890258789062 226.2828712463379 155.96890258789062 226.2828712463379 258.7067413330078 196.41720581054688 258.7067413330078
194.42869567871094 156.26492309570312 224.62096786499023 156.26492309570312 224.62096786499023 260.1262893676758 194.42869567871094 260.1262893676758
193.4703369140625 156.9351043701172 223.34230613708496 156.9351043701172 223.34230613708496 259.6946258544922 193.4703369140625 259.6946258544922
192.5525665283203 159.1680908203125 221.9776954650879 159.1680908203125 221.9776954650879 260.3904800415039 192.5525665283203 260.3904800415039
191.99488830566406 159.7061767578125 221.45470809936523 159.7061767578125 221.45470809936523 261.0478973388672 191.99488830566406 261.0478973388672
189.95401000976562 160.55078125 219.20706748962402 160.55078125 219.20706748962402 261.1812438964844 189.95401000976562 261.1812438964844
189.79330444335938 159.28744506835938 218.8217430114746 159.28744506835938 218.8217430114746 259.1452178955078 189.79330444335938 259.1452178955078
188.6042022705078 156.30380249023438 217.60804176330566 156.30380249023438 217.60804176330566 256.0769577026367 188.6042022705078 256.0769577026367
186.29678344726562 153.9636993408203 215.51855087280273 153.9636993408203 215.51855087280273 254.4865264892578 186.29678344726562 254.4865264892578
186.31446838378906 156.8275909423828 215.71155166625977 156.8275909423828 215.71155166625977 257.9534912109375 186.31446838378906 257.9534912109375
187.4183807373047 157.5663299560547 216.31266403198242 157.5663299560547 216.31266403198242 256.9626007080078 187.4183807373047 256.9626007080078
185.99545288085938 156.82553100585938 215.0199489593506 156.82553100585938 215.0199489593506 256.6697311401367 185.99545288085938 256.6697311401367
184.68576049804688 154.34054565429688 213.7896728515625 154.34054565429688 213.7896728515625 254.45793914794922 184.68576049804688 254.45793914794922
184.0654754638672 155.68603515625 213.07349014282227 155.68603515625 213.07349014282227 254.4268798828125 184.0654754638672 254.4268798828125
183.3069610595703 155.96237182617188 212.21302223205566 155.96237182617188 212.21302223205566 255.39916229248047 183.3069610595703 255.39916229248047
182.01025390625 154.53274536132812 210.68191146850586 154.53274536132812 210.68191146850586 253.16319274902344 182.01025390625 253.16319274902344
180.80978393554688 154.7941436767578 209.55657577514648 154.7941436767578 209.55657577514648 253.68304443359375 180.80978393554688 253.68304443359375
181.00111389160156 157.66946411132812 209.06361770629883 157.66946411132812 209.06361770629883 254.20441436767578 181.00111389160156 254.20441436767578
160.54287719726562 159.74960327148438 188.64680099487305 159.74960327148438 188.64680099487305 256.42704010009766 160.54287719726562 256.42704010009766
161.76803588867188 156.00393676757812 189.89316368103027 156.00393676757812 189.89316368103027 252.75430297851562 161.76803588867188 252.75430297851562
161.5915069580078 154.9783935546875 190.16543579101562 154.9783935546875 190.16543579101562 253.2726287841797 161.5915069580078 253.2726287841797
161.88296508789062 153.96812438964844 190.32383728027344 153.96812438964844 190.32383728027344 251.80464935302734 161.88296508789062 251.80464935302734
159.42550659179688 155.44735717773438 187.67128944396973 155.44735717773438 187.67128944396973 252.61277770996094 159.42550659179688 252.61277770996094
161.0408935546875 156.67575073242188 188.94993591308594 156.67575073242188 188.94993591308594 252.68277740478516 161.0408935546875 252.68277740478516
160.9904022216797 158.06814575195312 188.5930938720703 158.06814575195312 188.5930938720703 253.0213165283203 160.9904022216797 253.0213165283203
162.10423278808594 156.39842224121094 189.64235305786133 156.39842224121094 189.64235305786133 251.12946319580078 162.10423278808594 251.12946319580078
160.7490234375 159.81280517578125 187.96234130859375 159.81280517578125 187.96234130859375 253.42652893066406 160.7490234375 253.42652893066406
161.40365600585938 158.26895141601562 188.10918807983398 158.26895141601562 188.10918807983398 250.13589477539062 161.40365600585938 250.13589477539062
161.2887725830078 156.84957885742188 187.94721603393555 156.84957885742188 187.94721603393555 248.55453491210938 161.2887725830078 248.55453491210938
162.25375366210938 159.01113891601562 188.41733360290527 159.01113891601562 188.41733360290527 249.0137710571289 162.25375366210938 249.0137710571289
161.61538696289062 158.3138885498047 187.97630882263184 158.3138885498047 187.97630882263184 248.9953842163086 161.61538696289062 248.9953842163086
163.26124572753906 157.52371215820312 189.8277187347412 157.52371215820312 189.8277187347412 248.9123077392578 163.26124572753906 248.9123077392578
162.46273803710938 160.02236938476562 189.02051734924316 160.02236938476562 189.02051734924316 251.38105010986328 162.46273803710938 251.38105010986328
163.7439422607422 155.48480224609375 190.48807907104492 155.48480224609375 190.48807907104492 247.48455810546875 163.7439422607422 247.48455810546875
165.02297973632812 156.28436279296875 191.8717918395996 156.28436279296875 191.8717918395996 248.6442108154297 165.02297973632812 248.6442108154297
164.14645385742188 156.68667602539062 191.14735794067383 156.68667602539062 191.14735794067383 249.56971740722656 164.14645385742188 249.56971740722656
161.94137573242188 157.81723022460938 189.16161727905273 157.81723022460938 189.16161727905273 251.45479583740234 161.94137573242188 251.45479583740234
162.9478759765625 154.48402404785156 190.3700008392334 154.48402404785156 190.3700008392334 248.81607055664062 162.9478759765625 248.81607055664062
160.51211547851562 157.10073852539062 188.2795524597168 157.10073852539062 188.2795524597168 252.62065887451172 160.51211547851562 252.62065887451172
162.7533721923828 154.8289031982422 190.79109573364258 154.8289031982422 190.79109573364258 251.27860260009766 162.7533721923828 251.27860260009766
161.9711151123047 154.71633911132812 189.9223117828369 154.71633911132812 189.9223117828369 250.86839294433594 161.9711151123047 250.86839294433594
161.18606567382812 156.7630615234375 189.06089401245117 156.7630615234375 189.06089401245117 252.65240478515625 161.18606567382812 252.65240478515625
161.0875701904297 158.1751708984375 189.0104217529297 158.1751708984375 189.0104217529297 254.2297134399414 161.0875701904297 254.2297134399414
160.44155883789062 155.99183654785156 188.34396934509277 155.99183654785156 188.34396934509277 251.97607421875 160.44155883789062 251.97607421875
160.93881225585938 157.2499237060547 188.4672031402588 157.2499237060547 188.4672031402588 251.9475326538086 160.93881225585938 251.9475326538086
160.74070739746094 156.4485626220703 188.38675498962402 156.4485626220703 188.38675498962402 251.5509033203125 160.74070739746094 251.5509033203125
160.12730407714844 156.38436889648438 188.07949256896973 156.38436889648438 188.07949256896973 252.53983306884766 160.12730407714844 252.53983306884766
159.27005004882812 156.35369873046875 186.87021446228027 156.35369873046875 186.87021446228027 251.29821014404297 159.27005004882812 251.29821014404297
159.24496459960938 154.2220001220703 186.8015193939209 154.2220001220703 186.8015193939209 249.01648712158203 159.24496459960938 249.01648712158203
159.6724090576172 155.50936889648438 187.06414794921875 155.50936889648438 187.06414794921875 249.7368927001953 159.6724090576172 249.7368927001953
157.74844360351562 156.7367401123047 185.55422401428223 156.7367401123047 185.55422401428223 252.3885726928711 157.74844360351562 252.3885726928711
158.64698791503906 154.68728637695312 186.76682090759277 154.68728637695312 186.76682090759277 251.41944885253906 158.64698791503906 251.41944885253906
157.1839141845703 156.81423950195312 185.6203098297119 156.81423950195312 185.6203098297119 254.63536834716797 157.1839141845703 254.63536834716797
157.77191162109375 154.6695098876953 186.05687522888184 154.6695098876953 186.05687522888184 251.96971130371094 157.77191162109375 251.96971130371094
156.8662109375 154.3788604736328 185.2019500732422 154.3788604736328 185.2019500732422 251.85372924804688 156.8662109375 251.85372924804688
156.58071899414062 155.4291534423828 185.37607765197754 155.4291534423828 185.37607765197754 254.48511505126953 156.58071899414062 254.48511505126953
156.95057678222656 154.5774688720703 185.9097785949707 154.5774688720703 185.9097785949707 254.19705200195312 156.95057678222656 254.19705200195312
156.91958618164062 152.53564453125 186.43356895446777 152.53564453125 186.43356895446777 254.0636749267578 156.91958618164062 254.0636749267578
156.37448120117188 153.40037536621094 185.9818992614746 153.40037536621094 185.9818992614746 255.24982452392578 156.37448120117188 255.24982452392578
157.046142578125 152.13003540039062 186.80729293823242 152.13003540039062 186.80729293823242 254.50831604003906 157.046142578125 254.50831604003906
157.61810302734375 152.48214721679688 187.20577430725098 152.48214721679688 187.20577430725098 254.26366424560547 157.61810302734375 254.26366424560547
156.71607971191406 153.31124877929688 186.18264198303223 153.31124877929688 186.18264198303223 254.6761474609375 156.71607971191406 254.6761474609375
157.8306427001953 154.61207580566406 187.3881492614746 154.61207580566406 187.3881492614746 256.2898254394531 157.8306427001953 256.2898254394531
158.12161254882812 155.34754943847656 187.4689483642578 155.34754943847656 187.4689483642578 256.3023223876953 158.12161254882812 256.3023223876953
158.02767944335938 153.41770935058594 187.20107460021973 153.41770935058594 187.20107460021973 253.77413177490234 158.02767944335938 253.77413177490234
158.3467254638672 153.54750061035156 187.3898410797119 153.54750061035156 187.3898410797119 253.4557647705078 158.3467254638672 253.4557647705078
158.82150268554688 153.07925415039062 187.94155502319336 153.07925415039062 187.94155502319336 253.25218200683594 158.82150268554688 253.25218200683594
158.80479431152344 152.216064453125 188.10398292541504 152.216064453125 188.10398292541504 253.00523376464844 158.80479431152344 253.00523376464844
158.42056274414062 152.79808044433594 188.06339645385742 152.79808044433594 188.06339645385742 254.76940155029297 158.42056274414062 254.76940155029297
159.61619567871094 153.17994689941406 188.8763828277588 153.17994689941406 188.8763828277588 253.8349609375 159.61619567871094 253.8349609375
159.97177124023438 150.481201171875 189.4588565826416 150.481201171875 189.4588565826416 251.91674041748047 159.97177124023438 251.91674041748047
159.63668823242188 152.57968139648438 189.49984741210938 152.57968139648438 189.49984741210938 255.3089141845703 159.63668823242188 255.3089141845703
157.86325073242188 152.8101806640625 187.8071632385254 152.8101806640625 187.8071632385254 256.4705581665039 157.86325073242188 256.4705581665039
157.8774871826172 154.16012573242188 188.0543327331543 154.16012573242188 188.0543327331543 257.10911560058594 157.8774871826172 257.10911560058594
160.39138793945312 155.7688751220703 190.1681423187256 155.7688751220703 190.1681423187256 256.78348541259766 160.39138793945312 256.78348541259766
161.03993225097656 153.6219482421875 190.11972618103027 153.6219482421875 190.11972618103027 253.6563949584961 161.03993225097656 253.6563949584961
160.98760986328125 153.19216918945312 190.08355140686035 153.19216918945312 190.08355140686035 253.28217315673828 160.98760986328125 253.28217315673828
162.2305908203125 156.90097045898438 190.89371299743652 156.90097045898438 190.89371299743652 255.6348419189453 162.2305908203125 255.6348419189453
161.22384643554688 157.46725463867188 190.10297775268555 157.46725463867188 190.10297775268555 256.81141662597656 161.22384643554688 256.81141662597656
162.2963409423828 156.2277069091797 191.5106716156006 156.2277069091797 191.5106716156006 256.7249450683594 162.2963409423828 256.7249450683594
162.3165283203125 154.43650817871094 191.01719093322754 154.43650817871094 191.01719093322754 253.16671752929688 162.3165283203125 253.16671752929688
159.46572875976562 159.02818298339844 188.2914924621582 159.02818298339844 188.2914924621582 257.4240417480469 159.46572875976562 257.4240417480469
159.75823974609375 157.0140838623047 188.36310195922852 157.0140838623047 188.36310195922852 255.2020721435547 159.75823974609375 255.2020721435547
163.71563720703125 154.60263061523438 191.87727737426758 154.60263061523438 191.87727737426758 251.47858428955078 163.71563720703125 251.47858428955078
160.98892211914062 156.66770935058594 188.88584899902344 156.66770935058594 188.88584899902344 252.633056640625 160.98892211914062 252.633056640625
160.91195678710938 155.8604278564453 189.1291446685791 155.8604278564453 189.1291446685791 252.92747497558594 160.91195678710938 252.92747497558594
162.55332946777344 154.9788818359375 191.0030860900879 154.9788818359375 191.0030860900879 252.8459701538086 162.55332946777344 252.8459701538086
162.13270568847656 157.5001678466797 190.32241249084473 157.5001678466797 190.32241249084473 254.47268676757812 162.13270568847656 254.47268676757812
161.1821746826172 155.42434692382812 189.24252319335938 155.42434692382812 189.24252319335938 251.95187377929688 161.1821746826172 251.95187377929688
161.05862426757812 156.7936248779297 188.93114280700684 156.7936248779297 188.93114280700684 252.67501831054688 161.05862426757812 252.67501831054688
160.43911743164062 156.7564697265625 188.45640563964844 156.7564697265625 188.45640563964844 253.1358642578125 160.43911743164062 253.1358642578125
160.46714782714844 155.43991088867188 188.6832618713379 155.43991088867188 188.6832618713379 252.50326538085938 160.46714782714844 252.50326538085938
159.90557861328125 154.2722625732422 187.975341796875 154.2722625732422 187.975341796875 250.83216857910156 159.90557861328125 250.83216857910156
173.30996704101562 152.87496948242188 201.37237548828125 152.87496948242188 201.37237548828125 249.4095916748047 173.30996704101562 249.4095916748047
177.19161987304688 154.7531280517578 205.44341659545898 154.7531280517578 205.44341659545898 251.93924713134766 177.19161987304688 251.93924713134766
170.80618286132812 152.5473175048828 199.25471878051758 152.5473175048828 199.25471878051758 250.41021728515625 170.80618286132812 250.41021728515625
178.67559814453125 156.17698669433594 206.87225723266602 156.17698669433594 206.87225723266602 253.17343139648438 178.67559814453125 253.17343139648438
180.44204711914062 154.23159790039062 208.56282997131348 154.23159790039062 208.56282997131348 250.96702575683594 180.44204711914062 250.96702575683594
181.1755828857422 154.5465545654297 209.44069480895996 154.5465545654297 209.44069480895996 251.77847290039062 181.1755828857422 251.77847290039062
181.00340270996094 154.3373565673828 209.63470458984375 154.3373565673828 209.63470458984375 252.6575164794922 181.00340270996094 252.6575164794922
181.6093292236328 154.67330932617188 209.96878051757812 154.67330932617188 209.96878051757812 252.22976684570312 181.6093292236328 252.22976684570312
182.20272827148438 156.01419067382812 210.3730812072754 156.01419067382812 210.3730812072754 252.9201431274414 182.20272827148438 252.9201431274414
182.0454559326172 158.31825256347656 210.1261501312256 158.31825256347656 210.1261501312256 254.915771484375 182.0454559326172 254.915771484375
181.75711059570312 156.3402862548828 209.5720558166504 156.3402862548828 209.5720558166504 252.02362060546875 181.75711059570312 252.02362060546875
181.9230499267578 156.55068969726562 209.76876258850098 156.55068969726562 209.76876258850098 252.33985900878906 181.9230499267578 252.33985900878906
180.9362030029297 157.3514862060547 209.16554260253906 157.3514862060547 209.16554260253906 254.46033477783203 180.9362030029297 254.46033477783203
179.9744873046875 152.54525756835938 208.2805118560791 152.54525756835938 208.2805118560791 249.91790008544922 179.9744873046875 249.91790008544922
175.892822265625 151.00112915039062 204.7519645690918 151.00112915039062 204.7519645690918 250.27650451660156 175.892822265625 250.27650451660156
169.41195678710938 152.53573608398438 198.05299758911133 152.53573608398438 198.05299758911133 251.06084442138672 169.41195678710938 251.06084442138672
170.34336853027344 148.8245849609375 198.71878623962402 148.8245849609375 198.71878623962402 246.43595123291016 170.34336853027344 246.43595123291016
166.41873168945312 151.11477661132812 194.95788192749023 151.11477661132812 194.95788192749023 249.2893829345703 166.41873168945312 249.2893829345703
164.93753051757812 150.85513305664062 193.28872680664062 150.85513305664062 193.28872680664062 248.38318634033203 164.93753051757812 248.38318634033203
160.71083068847656 154.54483032226562 188.75020790100098 154.54483032226562 188.75020790100098 251.00022888183594 160.71083068847656 251.00022888183594
160.41075134277344 151.35592651367188 188.57984352111816 151.35592651367188 188.57984352111816 248.2575454711914 160.41075134277344 248.2575454711914
161.22515869140625 154.4657440185547 188.79497718811035 154.4657440185547 188.79497718811035 249.3058624267578 161.22515869140625 249.3058624267578
160.63742065429688 155.48233032226562 187.87152099609375 155.48233032226562 187.87152099609375 249.16757202148438 160.63742065429688 249.16757202148438
157.75875854492188 154.88052368164062 185.0940704345703 154.88052368164062 185.0940704345703 248.91393280029297 157.75875854492188 248.91393280029297
159.80868530273438 154.263916015625 187.2562313079834 154.263916015625 187.2562313079834 248.68341827392578 159.80868530273438 248.68341827392578
146.8369903564453 161.42041015625 174.9913272857666 161.42041015625 174.9913272857666 251.62305450439453 146.8369903564453 251.62305450439453
144.95863342285156 161.7293701171875 173.86231422424316 161.7293701171875 173.86231422424316 251.60588836669922 144.95863342285156 251.60588836669922
142.7976837158203 162.69595336914062 171.1232147216797 162.69595336914062 171.1232147216797 247.64320373535156 142.7976837158203 247.64320373535156
141.37049865722656 163.29283142089844 170.18466567993164 163.29283142089844 170.18466567993164 254.35516357421875 141.37049865722656 254.35516357421875
140.59573364257812 165.09262084960938 168.65175819396973 165.09262084960938 168.65175819396973 257.650146484375 140.59573364257812 257.650146484375
139.78680419921875 161.89804077148438 168.34339332580566 161.89804077148438 168.34339332580566 256.6576614379883 139.78680419921875 256.6576614379883
137.2985076904297 163.61074829101562 165.8258056640625 163.61074829101562 165.8258056640625 257.2467498779297 137.2985076904297 257.2467498779297
137.15695190429688 163.59951782226562 165.53485679626465 163.59951782226562 165.53485679626465 257.4053039550781 137.15695190429688 257.4053039550781
135.3314666748047 162.699951171875 163.0017433166504 162.699951171875 163.0017433166504 254.83158111572266 135.3314666748047 254.83158111572266
133.54794311523438 162.50454711914062 160.71660804748535 162.50454711914062 160.71660804748535 252.67919158935547 133.54794311523438 252.67919158935547
132.4232177734375 162.3119354248047 159.61696243286133 162.3119354248047 159.61696243286133 251.41897583007812 132.4232177734375 251.41897583007812
133.72999572753906 161.7069854736328 159.82667922973633 161.7069854736328 159.82667922973633 251.56255340576172 133.72999572753906 251.56255340576172
131.49545288085938 163.46856689453125 157.20315170288086 163.46856689453125 157.20315170288086 255.33487701416016 131.49545288085938 255.33487701416016
132.36978149414062 165.26583862304688 157.9581527709961 165.26583862304688 157.9581527709961 257.3417282104492 132.36978149414062 257.3417282104492
131.32066345214844 161.93692016601562 156.8618984222412 161.93692016601562 156.8618984222412 253.81613159179688 131.32066345214844 253.81613159179688
131.6522216796875 162.89939880371094 158.1209774017334 162.89939880371094 158.1209774017334 253.65767669677734 131.6522216796875 253.65767669677734
131.6333770751953 165.59307861328125 158.58982849121094 165.59307861328125 158.58982849121094 255.50228118896484 131.6333770751953 255.50228118896484
132.35519409179688 162.8217315673828 158.58505821228027 162.8217315673828 158.58505821228027 252.49921417236328 132.35519409179688 252.49921417236328
132.84085083007812 161.08787536621094 159.21769332885742 161.08787536621094 159.21769332885742 252.6374053955078 132.84085083007812 252.6374053955078
132.95730590820312 161.82125854492188 160.15924072265625 161.82125854492188 160.15924072265625 252.31099700927734 132.95730590820312 252.31099700927734
132.8148956298828 161.2403106689453 160.60943603515625 161.2403106689453 160.60943603515625 252.89425659179688 132.8148956298828 252.89425659179688
133.60545349121094 158.95925903320312 162.69234657287598 158.95925903320312 162.69234657287598 249.8712615966797 133.60545349121094 249.8712615966797
134.49246215820312 158.985595703125 163.79681777954102 158.985595703125 163.79681777954102 256.6906204223633 134.49246215820312 256.6906204223633
136.32144165039062 160.0666046142578 165.33562660217285 160.0666046142578 165.33562660217285 252.9352798461914 136.32144165039062 252.9352798461914
136.7499237060547 159.99667358398438 165.45687294006348 159.99667358398438 165.45687294006348 256.4097442626953 136.7499237060547 256.4097442626953
138.5082244873047 161.55258178710938 167.56383323669434 161.55258178710938 167.56383323669434 258.03760528564453 138.5082244873047 258.03760528564453
140.97616577148438 162.3510284423828 170.1524600982666 162.3510284423828 170.1524600982666 253.69265747070312 140.97616577148438 253.69265747070312
142.9910430908203 162.55860900878906 171.40598487854004 162.55860900878906 171.40598487854004 258.1169662475586 142.9910430908203 258.1169662475586
145.44155883789062 159.96823120117188 174.70134925842285 159.96823120117188 174.70134925842285 253.38462829589844 145.44155883789062 253.38462829589844
146.78903198242188 160.5571746826172 176.08892822265625 160.5571746826172 176.08892822265625 255.75737762451172 146.78903198242188 255.75737762451172
149.48565673828125 160.62850952148438 178.26701736450195 160.62850952148438 178.26701736450195 253.6350555419922 149.48565673828125 253.6350555419922
150.80398559570312 159.69577026367188 180.3871555328369 159.69577026367188 180.3871555328369 256.89881896972656 150.80398559570312 256.89881896972656
153.16635131835938 161.6259002685547 181.91910934448242 161.6259002685547 181.91910934448242 257.7472229003906 153.16635131835938 257.7472229003906
154.1051483154297 161.34194946289062 181.93848609924316 161.34194946289062 181.93848609924316 255.95270538330078 154.1051483154297 255.95270538330078
155.7978515625 161.249755859375 183.43319702148438 161.249755859375 183.43319702148438 258.4768295288086 155.7978515625 258.4768295288086
156.92298889160156 161.25634765625 185.1249656677246 161.25634765625 185.1249656677246 259.46435546875 156.92298889160156 259.46435546875
158.15452575683594 158.9401092529297 184.92999267578125 158.9401092529297 184.92999267578125 257.9351501464844 158.15452575683594 257.9351501464844
161.03823852539062 159.80812072753906 188.73278427124023 159.80812072753906 188.73278427124023 257.7746124267578 161.03823852539062 257.7746124267578
161.62306213378906 154.54263305664062 190.30528259277344 154.54263305664062 190.30528259277344 253.7042694091797 161.62306213378906 253.7042694091797
164.37631225585938 156.9167022705078 192.58075523376465 156.9167022705078 192.58075523376465 254.28671264648438 164.37631225585938 254.28671264648438
166.65203857421875 154.6242218017578 194.7721405029297 154.6242218017578 194.7721405029297 251.35731506347656 166.65203857421875 251.35731506347656
169.6050567626953 156.53897094726562 197.61590957641602 156.53897094726562 197.61590957641602 252.89624786376953 169.6050567626953 252.89624786376953
171.81210327148438 158.2712860107422 199.76876831054688 158.2712860107422 199.76876831054688 254.44215393066406 171.81210327148438 254.44215393066406
172.19424438476562 158.25469970703125 200.4218807220459 158.25469970703125 200.4218807220459 255.3577117919922 172.19424438476562 255.3577117919922
175.08770751953125 155.10313415527344 202.54241371154785 155.10313415527344 202.54241371154785 252.91726684570312 175.08770751953125 252.91726684570312
180.8201141357422 157.20333862304688 209.2333221435547 157.20333862304688 209.2333221435547 254.0074005126953 180.8201141357422 254.0074005126953
181.1969451904297 160.58180236816406 210.3217315673828 160.58180236816406 210.3217315673828 260.77100372314453 181.1969451904297 260.77100372314453
182.14590454101562 158.98104858398438 211.8824405670166 158.98104858398438 211.8824405670166 260.5812530517578 182.14590454101562 260.5812530517578
182.34814453125 158.76437377929688 211.13563919067383 158.76437377929688 211.13563919067383 257.95021057128906 182.34814453125 257.95021057128906
184.5206298828125 160.33682250976562 213.32731246948242 160.33682250976562 213.32731246948242 259.43174743652344 184.5206298828125 259.43174743652344
185.44784545898438 159.82205200195312 213.96069717407227 159.82205200195312 213.96069717407227 257.9061965942383 185.44784545898438 257.9061965942383
186.3964385986328 158.63381958007812 215.1169776916504 158.63381958007812 215.1169776916504 257.43241119384766 186.3964385986328 257.43241119384766
188.17581176757812 158.7200164794922 216.90575218200684 158.7200164794922 216.90575218200684 257.5509490966797 188.17581176757812 257.5509490966797
191.1002197265625 159.70199584960938 220.47111892700195 159.70199584960938 220.47111892700195 260.7378158569336 191.1002197265625 260.7378158569336
193.88587951660156 157.62686157226562 223.23287963867188 157.62686157226562 223.23287963867188 258.5804748535156 193.88587951660156 258.5804748535156
197.9684600830078 156.812744140625 227.36960792541504 156.812744140625 227.36960792541504 257.95262145996094 197.9684600830078 257.95262145996094
197.8473663330078 156.41510009765625 227.3525733947754 156.41510009765625 227.3525733947754 257.9129409790039 197.8473663330078 257.9129409790039
197.9980010986328 157.43490600585938 227.53888511657715 157.43490600585938 227.53888511657715 259.0554733276367 197.9980010986328 259.0554733276367
201.69442749023438 156.80239868164062 231.31869506835938 156.80239868164062 231.31869506835938 258.7098083496094 201.69442749023438 258.7098083496094
202.01351928710938 153.97750854492188 231.87039756774902 153.97750854492188 231.87039756774902 256.6851043701172 202.01351928710938 256.6851043701172
203.2152099609375 156.51492309570312 233.19011306762695 156.51492309570312 233.19011306762695 259.62852478027344 203.2152099609375 259.62852478027344
203.90478515625 155.74798583984375 234.28916358947754 155.74798583984375 234.28916358947754 258.36128997802734 203.90478515625 258.36128997802734
205.8680877685547 156.56167602539062 235.91304969787598 156.56167602539062 235.91304969787598 258.34044647216797 205.8680877685547 258.34044647216797
207.86746215820312 155.06155395507812 237.58120155334473 155.06155395507812 237.58120155334473 257.27674865722656 207.86746215820312 257.27674865722656
210.8023223876953 154.95083618164062 240.4882049560547 154.95083618164062 240.4882049560547 257.0702133178711 210.8023223876953 257.0702133178711
212.87704467773438 155.80332946777344 242.5333766937256 155.80332946777344 242.5333766937256 257.821044921875 212.87704467773438 257.821044921875
212.25949096679688 154.37472534179688 241.87570571899414 154.37472534179688 241.87570571899414 256.2544403076172 212.25949096679688 256.2544403076172
212.6754150390625 155.3560791015625 242.94337844848633 155.3560791015625 242.94337844848633 259.4778060913086 212.6754150390625 259.4778060913086
213.31948852539062 151.80258178710938 243.43467712402344 151.80258178710938 243.43467712402344 255.3987579345703 213.31948852539062 255.3987579345703
214.9089813232422 154.5073699951172 244.76185035705566 154.5073699951172 244.76185035705566 257.20117950439453 214.9089813232422 257.20117950439453
214.9601287841797 154.13076782226562 244.4943027496338 154.13076782226562 244.4943027496338 255.72826385498047 214.9601287841797 255.72826385498047
215.51712036132812 151.98841857910156 245.31814002990723 151.98841857910156 245.31814002990723 254.5038604736328 215.51712036132812 254.5038604736328
215.1326904296875 153.50674438476562 244.95872116088867 153.50674438476562 244.95872116088867 256.1082229614258 215.1326904296875 256.1082229614258
215.7315673828125 152.90792846679688 245.47893142700195 152.90792846679688 245.47893142700195 255.23878479003906 215.7315673828125 255.23878479003906
215.0839385986328 154.4180145263672 244.2699489593506 154.4180145263672 244.2699489593506 254.81781005859375 215.0839385986328 254.81781005859375
214.4026641845703 153.83035278320312 243.94081115722656 153.83035278320312 243.94081115722656 254.72371673583984 214.4026641845703 254.72371673583984
212.5747528076172 156.02394104003906 241.79039001464844 156.02394104003906 241.79039001464844 256.5256576538086 212.5747528076172 256.5256576538086
211.70849609375 155.1518096923828 240.8196964263916 155.1518096923828 240.8196964263916 255.2942657470703 211.70849609375 255.2942657470703
209.9340362548828 155.84591674804688 238.71604347229004 155.84591674804688 238.71604347229004 254.85594940185547 209.9340362548828 254.85594940185547
206.21054077148438 156.45733642578125 235.18209838867188 156.45733642578125 235.18209838867188 256.1194305419922 206.21054077148438 256.1194305419922
205.3083038330078 154.22891235351562 234.15773010253906 154.22891235351562 234.15773010253906 253.4708709716797 205.3083038330078 253.4708709716797
204.945556640625 156.12887573242188 233.33218955993652 156.12887573242188 233.33218955993652 253.77883911132812 204.945556640625 253.77883911132812
205.25460815429688 157.18141174316406 233.72369956970215 157.18141174316406 233.72369956970215 255.1150360107422 205.25460815429688 255.1150360107422
203.0529022216797 157.54949951171875 231.48178482055664 157.54949951171875 231.48178482055664 255.3448028564453 203.0529022216797 255.3448028564453
201.3549041748047 157.71908569335938 230.01010131835938 157.71908569335938 230.01010131835938 256.29290771484375 201.3549041748047 256.29290771484375
200.2818603515625 155.95140075683594 228.99321937561035 155.95140075683594 228.99321937561035 254.71841430664062 200.2818603515625 254.71841430664062
198.5774383544922 156.93360900878906 226.91803359985352 156.93360900878906 226.91803359985352 254.4251937866211 198.5774383544922 254.4251937866211
198.77297973632812 156.17681884765625 226.76068496704102 156.17681884765625 226.76068496704102 252.4544677734375 198.77297973632812 252.4544677734375
197.1886444091797 158.55453491210938 225.02792930603027 158.55453491210938 225.02792930603027 254.32162475585938 197.1886444091797 254.32162475585938
196.72837829589844 160.083251953125 224.61072731018066 160.083251953125 224.61072731018066 255.9984893798828 196.72837829589844 255.9984893798828
196.91754150390625 157.8763885498047 224.66337203979492 157.8763885498047 224.66337203979492 253.32201385498047 196.91754150390625 253.32201385498047
194.12741088867188 158.84933471679688 221.9300079345703 158.84933471679688 221.9300079345703 254.49024200439453 194.12741088867188 254.49024200439453
194.2120361328125 157.99197387695312 222.04791259765625 157.99197387695312 222.04791259765625 253.7473602294922 194.2120361328125 253.7473602294922
193.60247802734375 156.35813903808594 221.67514991760254 156.35813903808594 221.67514991760254 252.9281005859375 193.60247802734375 252.9281005859375
194.17800903320312 155.84913635253906 222.00974655151367 155.84913635253906 222.00974655151367 251.5902862548828 194.17800903320312 251.5902862548828
193.43002319335938 157.6852569580078 221.46331787109375 157.6852569580078 221.46331787109375 254.1197509765625 193.43002319335938 254.1197509765625
192.69639587402344 155.70449829101562 220.78363418579102 155.70449829101562 220.78363418579102 252.32455444335938 192.69639587402344 252.32455444335938
193.32275390625 158.37759399414062 221.03734970092773 158.37759399414062 221.03734970092773 253.71576690673828 193.32275390625 253.71576690673828
193.20956420898438 156.7564239501953 221.4811305999756 156.7564239501953 221.4811305999756 254.0105743408203 193.20956420898438 254.0105743408203
192.25054931640625 156.34860229492188 219.8390998840332 156.34860229492188 219.8390998840332 251.25316619873047 192.25054931640625 251.25316619873047
193.32713317871094 156.4564971923828 220.99472045898438 156.4564971923828 220.99472045898438 251.63294219970703 193.32713317871094 251.63294219970703
192.5948028564453 157.09878540039062 220.10771560668945 157.09878540039062 220.10771560668945 251.74314880371094 192.5948028564453 251.74314880371094
193.59738159179688 158.8753204345703 220.97573280334473 158.8753204345703 220.97573280334473 253.05679321289062 193.59738159179688 253.05679321289062
193.28005981445312 158.9650115966797 220.74848556518555 158.9650115966797 220.74848556518555 253.4563446044922 193.28005981445312 253.4563446044922
193.7505340576172 156.66299438476562 221.2268524169922 156.66299438476562 221.2268524169922 251.18148040771484 193.7505340576172 251.18148040771484
192.58425903320312 156.57046508789062 220.42661094665527 156.57046508789062 220.42661094665527 252.34810638427734 192.58425903320312 252.34810638427734
190.8922882080078 155.6554718017578 219.6400661468506 155.6554718017578 219.6400661468506 254.54778289794922 190.8922882080078 254.54778289794922
190.967529296875 156.8328399658203 220.3563175201416 156.8328399658203 220.3563175201416 257.50475311279297 190.967529296875 257.50475311279297
190.7652130126953 156.34629821777344 220.20888137817383 156.34629821777344 220.20888137817383 257.0637435913086 190.7652130126953 257.0637435913086
191.28627014160156 156.63330078125 220.96075057983398 156.63330078125 220.96075057983398 257.3861389160156 191.28627014160156 257.3861389160156
190.6044921875 156.1979522705078 219.9951229095459 156.1979522705078 219.9951229095459 256.8854675292969 190.6044921875 256.8854675292969
190.72349548339844 157.10755920410156 220.22223281860352 157.10755920410156 220.22223281860352 258.5831604003906 190.72349548339844 258.5831604003906
190.57687377929688 156.55062866210938 220.2927188873291 156.55062866210938 220.2927188873291 258.77307891845703 190.57687377929688 258.77307891845703
192.1443328857422 155.1814422607422 221.75104331970215 155.1814422607422 221.75104331970215 257.0284652709961 192.1443328857422 257.0284652709961
191.92164611816406 156.87364196777344 221.67787742614746 156.87364196777344 221.67787742614746 259.23502349853516 191.92164611816406 259.23502349853516
190.7240447998047 156.24447631835938 220.26415061950684 156.24447631835938 220.26415061950684 257.4480285644531 190.7240447998047 257.4480285644531
192.05148315429688 155.48532104492188 221.02839279174805 155.48532104492188 221.02839279174805 255.1658477783203 192.05148315429688 255.1658477783203
192.27438354492188 156.44427490234375 220.93289184570312 156.44427490234375 220.93289184570312 255.02950286865234 192.27438354492188 255.02950286865234
191.78823852539062 155.72390747070312 220.7947883605957 155.72390747070312 220.7947883605957 255.5063934326172 191.78823852539062 255.5063934326172
193.45562744140625 156.3160858154297 222.41199684143066 156.3160858154297 222.41199684143066 255.92595672607422 193.45562744140625 255.92595672607422
192.1759490966797 153.74049377441406 221.0206756591797 153.74049377441406 221.0206756591797 252.96630859375 192.1759490966797 252.96630859375
192.39505004882812 155.75045776367188 221.09564781188965 155.75045776367188 221.09564781188965 254.48047637939453 192.39505004882812 254.48047637939453
192.03958129882812 156.77731323242188 220.67372512817383 156.77731323242188 220.67372512817383 255.2787322998047 192.03958129882812 255.2787322998047
191.61727905273438 157.21078491210938 220.24856567382812 157.21078491210938 220.24856567382812 255.70237731933594 191.61727905273438 255.70237731933594
192.79989624023438 157.3383331298828 221.1483554840088 157.3383331298828 221.1483554840088 254.85699462890625 192.79989624023438 254.85699462890625
192.66604614257812 157.34121704101562 221.3030662536621 157.34121704101562 221.3030662536621 255.8525390625 192.66604614257812 255.8525390625
191.70474243164062 158.68267822265625 220.52105712890625 158.68267822265625 220.52105712890625 257.55238342285156 191.70474243164062 257.55238342285156
191.9519500732422 158.7659454345703 220.59992599487305 158.7659454345703 220.59992599487305 257.31495666503906 191.9519500732422 257.31495666503906
192.297607421875 157.2936248779297 220.9167022705078 157.2936248779297 220.9167022705078 255.7432861328125 192.297607421875 255.7432861328125
191.47776794433594 155.33865356445312 220.07553482055664 155.33865356445312 220.07553482055664 253.71493530273438 191.47776794433594 253.71493530273438
192.2879638671875 155.34129333496094 220.66311073303223 155.34129333496094 220.66311073303223 252.95176696777344 192.2879638671875 252.95176696777344
190.72950744628906 156.69573974609375 218.91338729858398 156.69573974609375 218.91338729858398 253.64825439453125 190.72950744628906 253.64825439453125
191.5974884033203 154.70289611816406 219.61016464233398 154.70289611816406 219.61016464233398 251.06647491455078 191.5974884033203 251.06647491455078
193.3651123046875 159.1646270751953 221.1217155456543 159.1646270751953 221.1217155456543 254.6473159790039 193.3651123046875 254.6473159790039
193.53622436523438 157.63778686523438 221.0953712463379 157.63778686523438 221.0953712463379 252.44121551513672 193.53622436523438 252.44121551513672
193.50970458984375 158.57264709472656 220.8115692138672 158.57264709472656 220.8115692138672 252.49102783203125 193.50970458984375 252.49102783203125
193.35519409179688 158.74571228027344 220.7904396057129 158.74571228027344 220.7904396057129 253.1229248046875 193.35519409179688 253.1229248046875
192.8343048095703 158.2662353515625 220.3881130218506 158.2662353515625 220.3881130218506 253.05130004882812 192.8343048095703 253.05130004882812
193.7579803466797 158.93057250976562 221.30824279785156 158.93057250976562 221.30824279785156 253.70343780517578 193.7579803466797 253.70343780517578
193.98509216308594 158.38876342773438 221.8312587738037 158.38876342773438 221.8312587738037 254.17955017089844 193.98509216308594 254.17955017089844
194.49156188964844 157.34182739257812 222.83739280700684 157.34182739257812 222.83739280700684 254.85145568847656 194.49156188964844 254.85145568847656
193.1370086669922 155.94296264648438 221.98517990112305 155.94296264648438 221.98517990112305 255.18064880371094 193.1370086669922 255.18064880371094
193.6304168701172 156.30953979492188 222.83026504516602 156.30953979492188 222.83026504516602 256.7570037841797 193.6304168701172 256.7570037841797
192.62069702148438 156.9503936767578 222.4725227355957 156.9503936767578 222.4725227355957 258.6633987426758 192.62069702148438 258.6633987426758
193.0277099609375 156.47166442871094 223.0658473968506 156.47166442871094 223.0658473968506 258.3902130126953 193.0277099609375 258.3902130126953
194.93397521972656 156.08145141601562 224.94384384155273 156.08145141601562 224.94384384155273 259.31541442871094 194.93397521972656 259.31541442871094
192.55728149414062 157.26608276367188 222.08223915100098 157.26608276367188 222.08223915100098 258.8319549560547 192.55728149414062 258.8319549560547
190.9651641845703 157.4922637939453 221.11713790893555 157.4922637939453 221.11713790893555 259.262451171875 190.9651641845703 259.262451171875
192.9035186767578 153.89920043945312 222.9223117828369 153.89920043945312 222.9223117828369 256.41368865966797 192.9035186767578 256.41368865966797
191.9964599609375 158.1636505126953 221.72354698181152 158.1636505126953 221.72354698181152 259.11165618896484 191.9964599609375 259.11165618896484
193.4816436767578 155.2512969970703 223.3789405822754 155.2512969970703 223.3789405822754 257.0679626464844 193.4816436767578 257.0679626464844
191.48245239257812 154.02391052246094 221.0139102935791 154.02391052246094 221.0139102935791 255.04679107666016 191.48245239257812 255.04679107666016
191.8997802734375 156.3105926513672 221.20869064331055 156.3105926513672 221.20869064331055 257.1332702636719 191.8997802734375 257.1332702636719
192.64462280273438 156.89227294921875 221.62311363220215 156.89227294921875 221.62311363220215 256.57830810546875 192.64462280273438 256.57830810546875
192.5529022216797 154.22254943847656 221.34079933166504 154.22254943847656 221.34079933166504 253.25294494628906 192.5529022216797 253.25294494628906
192.5283660888672 156.5252685546875 221.40451622009277 156.5252685546875 221.40451622009277 255.8592529296875 192.5283660888672 255.8592529296875
193.1546173095703 154.28472900390625 222.21241760253906 154.28472900390625 222.21241760253906 254.24359130859375 193.1546173095703 254.24359130859375
193.07760620117188 155.08900451660156 222.0872402191162 155.08900451660156 222.0872402191162 254.8821792602539 193.07760620117188 254.8821792602539
192.82504272460938 154.42623901367188 222.27231979370117 154.42623901367188 222.27231979370117 255.72490692138672 192.82504272460938 255.72490692138672
193.06063842773438 154.4345703125 222.5209503173828 154.4345703125 222.5209503173828 255.0989990234375 193.06063842773438 255.0989990234375
193.3148956298828 154.3807830810547 223.0231475830078 154.3807830810547 223.0231475830078 256.57720947265625 193.3148956298828 256.57720947265625
192.13815307617188 154.7660369873047 221.96246910095215 154.7660369873047 221.96246910095215 255.8081283569336 192.13815307617188 255.8081283569336
191.4032745361328 154.20802307128906 221.0270938873291 154.20802307128906 221.0270938873291 255.73716735839844 191.4032745361328 255.73716735839844
192.97134399414062 155.3671875 222.39035606384277 155.3671875 222.39035606384277 255.51276397705078 192.97134399414062 255.51276397705078
192.98483276367188 156.8368682861328 222.53263473510742 156.8368682861328 222.53263473510742 257.8312072753906 192.98483276367188 257.8312072753906
193.03274536132812 155.3267822265625 222.10499954223633 155.3267822265625 222.10499954223633 255.3353729248047 193.03274536132812 255.3353729248047
194.4611358642578 156.4580078125 223.38748741149902 156.4580078125 223.38748741149902 255.9646987915039 194.4611358642578 255.9646987915039
194.11825561523438 158.80404663085938 223.08583641052246 158.80404663085938 223.08583641052246 258.4525604248047 194.11825561523438 258.4525604248047
194.1111602783203 155.624755859375 222.78368186950684 155.624755859375 222.78368186950684 254.25826263427734 194.1111602783203 254.25826263427734
193.81875610351562 157.25936889648438 222.92128944396973 157.25936889648438 222.92128944396973 257.3721160888672 193.81875610351562 257.3721160888672
192.6666717529297 157.6005096435547 222.02647018432617 157.6005096435547 222.02647018432617 258.59825134277344 192.6666717529297 258.59825134277344
193.24520874023438 155.74110412597656 222.50201034545898 155.74110412597656 222.50201034545898 256.38453674316406 193.24520874023438 256.38453674316406
192.51376342773438 158.06222534179688 221.79685020446777 158.06222534179688 221.79685020446777 257.7935256958008 192.51376342773438 257.7935256958008
192.3313751220703 156.0897674560547 221.21424865722656 156.0897674560547 221.21424865722656 253.7947235107422 192.3313751220703 253.7947235107422
193.864990234375 157.21771240234375 222.52863121032715 157.21771240234375 222.52863121032715 255.82066345214844 193.864990234375 255.82066345214844
191.85501098632812 154.64675903320312 220.96516799926758 154.64675903320312 220.96516799926758 253.9922332763672 191.85501098632812 253.9922332763672
193.25677490234375 155.95472717285156 222.50721168518066 155.95472717285156 222.50721168518066 256.5762634277344 193.25677490234375 256.5762634277344
193.35694885253906 155.7960968017578 222.24445152282715 155.7960968017578 222.24445152282715 255.16913604736328 193.35694885253906 255.16913604736328
193.60049438476562 155.94061279296875 222.31341552734375 155.94061279296875 222.31341552734375 254.71309661865234 193.60049438476562 254.71309661865234
194.0198211669922 155.9991912841797 222.6476173400879 155.9991912841797 222.6476173400879 254.47884368896484 194.0198211669922 254.47884368896484
193.04165649414062 156.5862579345703 221.89407920837402 156.5862579345703 221.89407920837402 255.57945251464844 193.04165649414062 255.57945251464844
193.1278076171875 156.652587890625 222.1558322906494 156.652587890625 222.1558322906494 256.50901794433594 193.1278076171875 256.50901794433594
193.09201049804688 155.17044067382812 222.38563919067383 155.17044067382812 222.38563919067383 255.3524398803711 193.09201049804688 255.3524398803711
192.47096252441406 155.794189453125 221.87623596191406 155.794189453125 221.87623596191406 256.8802032470703 192.47096252441406 256.8802032470703
192.7948760986328 155.92562866210938 222.62901306152344 155.92562866210938 222.62901306152344 258.22521209716797 192.7948760986328 258.22521209716797
192.54824829101562 155.70632934570312 221.6709098815918 155.70632934570312 221.6709098815918 256.55567169189453 192.54824829101562 256.55567169189453
192.79183959960938 154.73684692382812 222.78430557250977 154.73684692382812 222.78430557250977 256.8809356689453 192.79183959960938 256.8809356689453
192.88148498535156 156.96372985839844 222.41343307495117 156.96372985839844 222.41343307495117 258.55367279052734 192.88148498535156 258.55367279052734
192.1549835205078 156.32864379882812 221.52210998535156 156.32864379882812 221.52210998535156 256.72718048095703 192.1549835205078 256.72718048095703
192.36032104492188 154.94334411621094 221.95932579040527 154.94334411621094 221.95932579040527 256.88104248046875 192.36032104492188 256.88104248046875
192.1712646484375 157.4267578125 221.80568885803223 157.4267578125 221.80568885803223 258.7651596069336 192.1712646484375 258.7651596069336
193.08602905273438 154.78671264648438 222.54586791992188 154.78671264648438 222.54586791992188 256.12860107421875 193.08602905273438 256.12860107421875
191.96795654296875 157.16604614257812 222.17076683044434 157.16604614257812 222.17076683044434 259.5640411376953 191.96795654296875 259.5640411376953
191.41909790039062 154.01947021484375 220.98033142089844 154.01947021484375 220.98033142089844 256.1099090576172 191.41909790039062 256.1099090576172
191.3416290283203 154.99496459960938 220.87857627868652 154.99496459960938 220.87857627868652 255.9629898071289 191.3416290283203 255.9629898071289
192.41494750976562 155.27816772460938 222.32276344299316 155.27816772460938 222.32276344299316 257.7032012939453 192.41494750976562 257.7032012939453
193.47833251953125 156.38827514648438 223.09433555603027 156.38827514648438 223.09433555603027 258.1440734863281 193.47833251953125 258.1440734863281
193.5585174560547 155.71682739257812 223.12624740600586 155.71682739257812 223.12624740600586 256.8145446777344 193.5585174560547 256.8145446777344
192.65538024902344 155.9918670654297 222.5264549255371 155.9918670654297 222.5264549255371 257.5011291503906 192.65538024902344 257.5011291503906
192.8477020263672 155.8356170654297 223.2159538269043 155.8356170654297 223.2159538269043 257.7032470703125 192.8477020263672 257.7032470703125
190.05868530273438 155.0233154296875 220.19641494750977 155.0233154296875 220.19641494750977 255.82948303222656 190.05868530273438 255.82948303222656
193.02630615234375 154.49005126953125 224.56748008728027 154.49005126953125 224.56748008728027 257.70558166503906 193.02630615234375 257.70558166503906
193.06948852539062 158.02394104003906 224.54087829589844 158.02394104003906 224.54087829589844 261.9684143066406 193.06948852539062 261.9684143066406
192.1094970703125 159.40066528320312 222.5276641845703 159.40066528320312 222.5276641845703 262.0415496826172 192.1094970703125 262.0415496826172
190.4331817626953 156.50180053710938 220.52678298950195 156.50180053710938 220.52678298950195 260.6830749511719 190.4331817626953 260.6830749511719
190.89871215820312 153.5901336669922 220.94612503051758 153.5901336669922 220.94612503051758 255.88582611083984 190.89871215820312 255.88582611083984
191.55577087402344 154.61920166015625 221.61323928833008 154.61920166015625 221.61323928833008 258.01698303222656 191.55577087402344 258.01698303222656
191.31138610839844 154.6881866455078 221.56915664672852 154.6881866455078 221.56915664672852 258.7750015258789 191.31138610839844 258.7750015258789
193.71395874023438 154.65142822265625 223.8230495452881 154.65142822265625 223.8230495452881 258.22676849365234 193.71395874023438 258.22676849365234
193.5363006591797 154.2549591064453 223.7822380065918 154.2549591064453 223.7822380065918 258.3010559082031 193.5363006591797 258.3010559082031
194.95333862304688 155.24488830566406 224.85647010803223 155.24488830566406 224.85647010803223 258.11173248291016 194.95333862304688 258.11173248291016
192.39328002929688 154.0126190185547 220.7962703704834 154.0126190185547 220.7962703704834 258.21604919433594 192.39328002929688 258.21604919433594
191.5961456298828 154.49227905273438 219.19672203063965 154.49227905273438 219.19672203063965 260.6988220214844 191.5961456298828 260.6988220214844
193.05853271484375 158.5139923095703 219.08407974243164 158.5139923095703 219.08407974243164 259.3762512207031 193.05853271484375 259.3762512207031
193.71316528320312 156.32620239257812 219.0087890625 156.32620239257812 219.0087890625 257.26903533935547 193.71316528320312 257.26903533935547
193.98989868164062 157.63015747070312 218.79686546325684 157.63015747070312 218.79686546325684 258.66876220703125 193.98989868164062 258.66876220703125
194.3275604248047 159.38742065429688 219.86110305786133 159.38742065429688 219.86110305786133 256.98055267333984 194.3275604248047 256.98055267333984
193.84054565429688 159.63729858398438 219.02423286437988 159.63729858398438 219.02423286437988 258.0904769897461 193.84054565429688 258.0904769897461
193.04074096679688 157.90176391601562 218.67889404296875 157.90176391601562 218.67889404296875 262.0464401245117 193.04074096679688 262.0464401245117
193.28707885742188 158.64602661132812 218.84936714172363 158.64602661132812 218.84936714172363 261.71776580810547 193.28707885742188 261.71776580810547
193.31637573242188 157.69578552246094 218.922119140625 157.69578552246094 218.922119140625 261.1615219116211 193.31637573242188 261.1615219116211
192.86227416992188 157.15817260742188 218.94543838500977 157.15817260742188 218.94543838500977 261.82836151123047 192.86227416992188 261.82836151123047
192.70669555664062 155.45620727539062 218.17940711975098 155.45620727539062 218.17940711975098 260.81895446777344 192.70669555664062 260.81895446777344
192.86865234375 158.30001831054688 219.0743408203125 158.30001831054688 219.0743408203125 262.8972473144531 192.86865234375 262.8972473144531
193.72860717773438 159.11647033691406 218.75114250183105 159.11647033691406 218.75114250183105 259.90916442871094 193.72860717773438 259.90916442871094
193.7584686279297 158.63394165039062 219.04330825805664 158.63394165039062 219.04330825805664 260.4304656982422 193.7584686279297 260.4304656982422
193.07415771484375 158.16793823242188 218.42571830749512 158.16793823242188 218.42571830749512 260.5369338989258 193.07415771484375 260.5369338989258
193.11166381835938 156.61285400390625 219.16628074645996 156.61285400390625 219.16628074645996 260.2879409790039 193.11166381835938 260.2879409790039
192.177734375 156.9622802734375 217.7829246520996 156.9622802734375 217.7829246520996 259.95584869384766 192.177734375 259.95584869384766
192.3179931640625 158.3317108154297 218.2686824798584 158.3317108154297 218.2686824798584 261.25083923339844 192.3179931640625 261.25083923339844
192.3069610595703 156.33413696289062 217.7150421142578 156.33413696289062 217.7150421142578 259.7431106567383 192.3069610595703 259.7431106567383
192.76962280273438 158.2744598388672 219.15133666992188 158.2744598388672 219.15133666992188 261.24798583984375 192.76962280273438 261.24798583984375
192.0535888671875 158.23297119140625 218.9358024597168 158.23297119140625 218.9358024597168 262.1418685913086 192.0535888671875 262.1418685913086
191.6695556640625 156.97653198242188 217.72379112243652 156.97653198242188 217.72379112243652 258.68731689453125 191.6695556640625 258.68731689453125
191.06936645507812 159.51504516601562 217.6226291656494 159.51504516601562 217.6226291656494 262.33594512939453 191.06936645507812 262.33594512939453
191.5069122314453 159.66610717773438 217.5878505706787 159.66610717773438 217.5878505706787 258.96681213378906 191.5069122314453 258.96681213378906
190.03726196289062 159.74436950683594 216.18177223205566 159.74436950683594 216.18177223205566 261.4762878417969 190.03726196289062 261.4762878417969
190.07395935058594 158.8065948486328 216.6099452972412 158.8065948486328 216.6099452972412 260.3031005859375 190.07395935058594 260.3031005859375
190.03038024902344 159.5891876220703 216.5025520324707 159.5891876220703 216.5025520324707 256.78216552734375 190.03038024902344 256.78216552734375
189.27743530273438 158.40565490722656 216.87400817871094 158.40565490722656 216.87400817871094 257.771728515625 189.27743530273438 257.771728515625
187.9302520751953 160.05734252929688 214.85974502563477 160.05734252929688 214.85974502563477 260.60514068603516 187.9302520751953 260.60514068603516
186.35545349121094 154.91897583007812 214.30022621154785 154.91897583007812 214.30022621154785 257.01356506347656 186.35545349121094 257.01356506347656
185.90476989746094 155.18789672851562 215.55683517456055 155.18789672851562 215.55683517456055 258.1379089355469 185.90476989746094 258.1379089355469
184.23727416992188 152.09310913085938 214.3933620452881 152.09310913085938 214.3933620452881 252.96393585205078 184.23727416992188 252.96393585205078
182.9991455078125 152.97421264648438 213.97623825073242 152.97421264648438 213.97623825073242 253.65953063964844 182.9991455078125 253.65953063964844
180.91937255859375 153.91014099121094 210.95347595214844 153.91014099121094 210.95347595214844 253.0213394165039 180.91937255859375 253.0213394165039
178.66705322265625 147.16250610351562 208.15345764160156 147.16250610351562 208.15345764160156 250.34026336669922 178.66705322265625 250.34026336669922
174.960693359375 148.19265747070312 202.81930923461914 148.19265747070312 202.81930923461914 252.85259246826172 174.960693359375 252.85259246826172
173.11654663085938 147.07826232910156 200.7124366760254 147.07826232910156 200.7124366760254 251.869140625 173.11654663085938 251.869140625
170.99417114257812 150.06138610839844 199.4439811706543 150.06138610839844 199.4439811706543 255.45369720458984 170.99417114257812 255.45369720458984
170.3645477294922 150.09902954101562 199.99128341674805 150.09902954101562 199.99128341674805 256.9685516357422 170.3645477294922 256.9685516357422
169.18557739257812 148.16375732421875 199.42658042907715 148.16375732421875 199.42658042907715 252.9845428466797 169.18557739257812 252.9845428466797
169.14248657226562 150.50172424316406 199.66731643676758 150.50172424316406 199.66731643676758 255.50714111328125 169.14248657226562 255.50714111328125
168.78500366210938 150.3593292236328 198.74922561645508 150.3593292236328 198.74922561645508 255.73529052734375 168.78500366210938 255.73529052734375
168.56283569335938 151.5179443359375 198.4441375732422 151.5179443359375 198.4441375732422 256.68312072753906 168.56283569335938 256.68312072753906
168.25405883789062 148.79803466796875 198.08485412597656 148.79803466796875 198.08485412597656 254.36600494384766 168.25405883789062 254.36600494384766
168.1748046875 150.25338745117188 197.84739112854004 150.25338745117188 197.84739112854004 254.61109161376953 168.1748046875 254.61109161376953
169.4145050048828 151.1242218017578 198.83931922912598 151.1242218017578 198.83931922912598 254.463134765625 169.4145050048828 254.463134765625
168.04525756835938 150.67868041992188 197.65855026245117 150.67868041992188 197.65855026245117 253.97118377685547 168.04525756835938 253.97118377685547
169.0241241455078 153.10777282714844 198.5446662902832 153.10777282714844 198.5446662902832 257.5220642089844 169.0241241455078 257.5220642089844
170.10748291015625 150.73886108398438 199.11895751953125 150.73886108398438 199.11895751953125 255.80644989013672 170.10748291015625 255.80644989013672
171.5993194580078 149.2327117919922 200.91811180114746 149.2327117919922 200.91811180114746 256.44866943359375 171.5993194580078 256.44866943359375
172.62904357910156 150.20372009277344 201.5482292175293 150.20372009277344 201.5482292175293 257.44275665283203 172.62904357910156 257.44275665283203
177.2731475830078 153.821044921875 205.6698818206787 153.821044921875 205.6698818206787 256.17736053466797 177.2731475830078 256.17736053466797
176.16830444335938 147.6026153564453 204.7494010925293 147.6026153564453 204.7494010925293 254.25845336914062 176.16830444335938 254.25845336914062
177.43026733398438 147.71902465820312 205.95005416870117 147.71902465820312 205.95005416870117 253.8704376220703 177.43026733398438 253.8704376220703
177.36805725097656 149.2132568359375 206.2064266204834 149.2132568359375 206.2064266204834 254.91064453125 177.36805725097656 254.91064453125
176.62741088867188 148.85653686523438 205.71780395507812 148.85653686523438 205.71780395507812 255.33136749267578 176.62741088867188 255.33136749267578
177.66029357910156 145.88909912109375 207.09075546264648 145.88909912109375 207.09075546264648 253.3212432861328 177.66029357910156 253.3212432861328
176.62721252441406 148.19937133789062 205.8498878479004 148.19937133789062 205.8498878479004 255.13922882080078 176.62721252441406 255.13922882080078
175.4508819580078 148.73048400878906 204.69411277770996 148.73048400878906 204.69411277770996 255.05209350585938 175.4508819580078 255.05209350585938
175.59548950195312 150.43685913085938 204.50714683532715 150.43685913085938 204.50714683532715 256.70082092285156 175.59548950195312 256.70082092285156
176.76748657226562 151.1392364501953 205.23304176330566 151.1392364501953 205.23304176330566 254.90802001953125 176.76748657226562 254.90802001953125
176.65609741210938 149.18313598632812 205.52631759643555 149.18313598632812 205.52631759643555 253.5526885986328 176.65609741210938 253.5526885986328
176.25369262695312 150.69686889648438 205.30282974243164 150.69686889648438 205.30282974243164 254.67516326904297 176.25369262695312 254.67516326904297
176.33389282226562 150.39552307128906 205.21791458129883 150.39552307128906 205.21791458129883 254.37499237060547 176.33389282226562 254.37499237060547
177.30575561523438 151.6276092529297 206.13714027404785 151.6276092529297 206.13714027404785 254.63157653808594 177.30575561523438 254.63157653808594
178.18487548828125 154.34274291992188 207.06820678710938 154.34274291992188 207.06820678710938 254.3352508544922 178.18487548828125 254.3352508544922
177.96206665039062 151.41299438476562 206.89489364624023 151.41299438476562 206.89489364624023 254.0225067138672 177.96206665039062 254.0225067138672
179.20819091796875 148.3186492919922 207.67578506469727 148.3186492919922 207.67578506469727 251.7987518310547 179.20819091796875 251.7987518310547
178.61788940429688 149.35107421875 206.7130184173584 149.35107421875 206.7130184173584 252.3894805908203 178.61788940429688 252.3894805908203
178.6737060546875 150.75411987304688 206.6657371520996 150.75411987304688 206.6657371520996 252.05789184570312 178.6737060546875 252.05789184570312
178.3898162841797 151.8517608642578 206.99133682250977 151.8517608642578 206.99133682250977 252.63525390625 178.3898162841797 252.63525390625
176.72482299804688 151.05221557617188 204.60524559020996 151.05221557617188 204.60524559020996 253.68629455566406 176.72482299804688 253.68629455566406
175.1948699951172 152.8181915283203 203.50941467285156 152.8181915283203 203.50941467285156 255.5870361328125 175.1948699951172 255.5870361328125
175.4111328125 150.7060546875 203.16180992126465 150.7060546875 203.16180992126465 255.56849670410156 175.4111328125 255.56849670410156
174.21139526367188 151.90682983398438 202.3284568786621 151.90682983398438 202.3284568786621 257.52613830566406 174.21139526367188 257.52613830566406
173.538330078125 152.6496124267578 201.49514198303223 152.6496124267578 201.49514198303223 258.08741760253906 173.538330078125 258.08741760253906
172.90359497070312 149.86654663085938 201.3839168548584 149.86654663085938 201.3839168548584 253.5177764892578 172.90359497070312 253.5177764892578
172.68795776367188 151.1533203125 200.9933319091797 151.1533203125 200.9933319091797 254.6868896484375 172.68795776367188 254.6868896484375
172.5522918701172 150.67384338378906 201.5591278076172 150.67384338378906 201.5591278076172 254.0182647705078 172.5522918701172 254.0182647705078
172.8115997314453 154.12767028808594 201.00609397888184 154.12767028808594 201.00609397888184 256.87518310546875 172.8115997314453 256.87518310546875
171.89915466308594 151.83090209960938 201.07013320922852 151.83090209960938 201.07013320922852 257.00001525878906 171.89915466308594 257.00001525878906
173.20143127441406 154.89707946777344 201.89923477172852 154.89707946777344 201.89923477172852 256.4176712036133 173.20143127441406 256.4176712036133
172.0412139892578 153.2390899658203 200.85041427612305 153.2390899658203 200.85041427612305 258.8268585205078 172.0412139892578 258.8268585205078
172.93028259277344 151.81118774414062 201.4434471130371 151.81118774414062 201.4434471130371 257.4036178588867 172.93028259277344 257.4036178588867
172.5773162841797 153.4170684814453 200.90893173217773 153.4170684814453 200.90893173217773 257.44876861572266 172.5773162841797 257.44876861572266
173.39028930664062 152.2408447265625 201.13617324829102 152.2408447265625 201.13617324829102 256.31710052490234 173.39028930664062 256.31710052490234
173.734375 151.7366485595703 201.6797695159912 151.7366485595703 201.6797695159912 255.6423110961914 173.734375 255.6423110961914
175.02713012695312 149.2615509033203 203.12646484375 149.2615509033203 203.12646484375 254.9559326171875 175.02713012695312 254.9559326171875
174.867431640625 151.999267578125 202.35263442993164 151.999267578125 202.35263442993164 254.28533935546875 174.867431640625 254.28533935546875
175.4530029296875 148.76113891601562 203.64606285095215 148.76113891601562 203.64606285095215 254.17340850830078 175.4530029296875 254.17340850830078
180.0587158203125 148.45437622070312 207.7252655029297 148.45437622070312 207.7252655029297 252.5702362060547 180.0587158203125 252.5702362060547
182.61428833007812 151.47933959960938 211.50539779663086 151.47933959960938 211.50539779663086 256.0282440185547 182.61428833007812 256.0282440185547
182.81570434570312 152.022705078125 212.28482627868652 152.022705078125 212.28482627868652 253.2014617919922 182.81570434570312 253.2014617919922
185.334716796875 155.52606201171875 214.62998008728027 155.52606201171875 214.62998008728027 256.3017120361328 185.334716796875 256.3017120361328
185.797119140625 152.9302520751953 215.65385818481445 152.9302520751953 215.65385818481445 251.6122817993164 185.797119140625 251.6122817993164
188.39892578125 152.00930786132812 218.02821350097656 152.00930786132812 218.02821350097656 253.9340057373047 188.39892578125 253.9340057373047
191.59364318847656 156.19876098632812 221.38385581970215 156.19876098632812 221.38385581970215 258.6770477294922 191.59364318847656 258.6770477294922
191.6045379638672 151.1945037841797 221.3975486755371 151.1945037841797 221.3975486755371 253.6824188232422 191.6045379638672 253.6824188232422
193.2740936279297 153.5171356201172 223.3865089416504 153.5171356201172 223.3865089416504 257.1038055419922 193.2740936279297 257.1038055419922
196.68075561523438 152.00636291503906 227.54322814941406 152.00636291503906 227.54322814941406 256.77565002441406 196.68075561523438 256.77565002441406
199.65304565429688 153.52008056640625 229.85676956176758 153.52008056640625 229.85676956176758 257.42083740234375 199.65304565429688 257.42083740234375
203.84530639648438 154.186279296875 233.9738826751709 154.186279296875 233.9738826751709 257.82852935791016 203.84530639648438 257.82852935791016
203.7110595703125 154.25086975097656 234.07563400268555 154.25086975097656 234.07563400268555 257.2044982910156 203.7110595703125 257.2044982910156
207.42117309570312 154.47462463378906 236.87022972106934 154.47462463378906 236.87022972106934 255.77932739257812 207.42117309570312 255.77932739257812
211.01950073242188 154.15768432617188 239.98922729492188 154.15768432617188 239.98922729492188 253.81349182128906 211.01950073242188 253.81349182128906
213.2328338623047 155.93296813964844 242.31003189086914 155.93296813964844 242.31003189086914 255.95846557617188 213.2328338623047 255.95846557617188
215.1304931640625 155.48455810546875 244.14785766601562 155.48455810546875 244.14785766601562 255.30422973632812 215.1304931640625 255.30422973632812
216.80374145507812 156.6129608154297 245.97941970825195 156.6129608154297 245.97941970825195 256.97723388671875 216.80374145507812 256.97723388671875
219.62368774414062 157.4112548828125 248.59273147583008 157.4112548828125 248.59273147583008 255.6198272705078 219.62368774414062 255.6198272705078
221.76364135742188 156.8283233642578 251.92405319213867 156.8283233642578 251.92405319213867 252.89408111572266 221.76364135742188 252.89408111572266
224.79443359375 154.0388946533203 254.67916297912598 154.0388946533203 254.67916297912598 255.72682189941406 224.79443359375 255.72682189941406
229.0909423828125 152.32144165039062 258.33446884155273 152.32144165039062 258.33446884155273 253.62559509277344 229.0909423828125 253.62559509277344
229.81210327148438 154.4280548095703 260.08839416503906 154.4280548095703 260.08839416503906 253.18970489501953 229.81210327148438 253.18970489501953
232.90719604492188 153.8797607421875 262.08373069763184 153.8797607421875 262.08373069763184 251.2833251953125 232.90719604492188 251.2833251953125
234.76443481445312 151.30404663085938 264.85143661499023 151.30404663085938 264.85143661499023 249.60120391845703 234.76443481445312 249.60120391845703
238.8304443359375 153.68406677246094 268.8729763031006 153.68406677246094 268.8729763031006 250.7722625732422 238.8304443359375 250.7722625732422
241.6829833984375 154.8094024658203 270.30323791503906 154.8094024658203 270.30323791503906 250.97269439697266 241.6829833984375 250.97269439697266
243.4521026611328 152.76797485351562 272.20631408691406 152.76797485351562 272.20631408691406 250.3665542602539 243.4521026611328 250.3665542602539
246.4101104736328 154.17897033691406 275.4374942779541 154.17897033691406 275.4374942779541 253.43955993652344 246.4101104736328 253.43955993652344
251.24014282226562 151.8119659423828 281.8443145751953 151.8119659423828 281.8443145751953 250.01561737060547 251.24014282226562 250.01561737060547
253.34219360351562 150.9315948486328 283.69753074645996 150.9315948486328 283.69753074645996 249.2425079345703 253.34219360351562 249.2425079345703
254.26864624023438 152.71878051757812 284.8943843841553 152.71878051757812 284.8943843841553 249.437255859375 254.26864624023438 249.437255859375
257.2774353027344 153.66258239746094 287.8234443664551 153.66258239746094 287.8234443664551 251.7065887451172 257.2774353027344 251.7065887451172
259.82666015625 157.72756958007812 291.68316078186035 157.72756958007812 291.68316078186035 251.02061462402344 259.82666015625 251.02061462402344
264.9335632324219 154.24880981445312 294.7976989746094 154.24880981445312 294.7976989746094 251.24193572998047 264.9335632324219 251.24193572998047
267.29608154296875 154.9908447265625 297.4274139404297 154.9908447265625 297.4274139404297 252.5815887451172 267.29608154296875 252.5815887451172
268.87677001953125 154.28173828125 298.36842346191406 154.28173828125 298.36842346191406 252.88682556152344 268.87677001953125 252.88682556152344
271.3626403808594 154.2762451171875 300.2359676361084 154.2762451171875 300.2359676361084 253.39634704589844 271.3626403808594 253.39634704589844
274.9356384277344 152.09402465820312 304.7686767578125 152.09402465820312 304.7686767578125 249.24822998046875 274.9356384277344 249.24822998046875
280.04571533203125 149.67996215820312 310.50220108032227 149.67996215820312 310.50220108032227 242.51348114013672 280.04571533203125 242.51348114013672
282.57232666015625 153.26852416992188 312.35337257385254 153.26852416992188 312.35337257385254 242.84877014160156 282.57232666015625 242.84877014160156
284.3087463378906 152.890625 313.4344730377197 152.890625 313.4344730377197 241.25245666503906 284.3087463378906 241.25245666503906
288.95843505859375 156.0185089111328 316.75249671936035 156.0185089111328 316.75249671936035 242.51473999023438 288.95843505859375 242.51473999023438
292.4569091796875 155.49374389648438 320.80986404418945 155.49374389648438 320.80986404418945 241.85562896728516 292.4569091796875 241.85562896728516
295.58099365234375 155.051513671875 325.37416076660156 155.051513671875 325.37416076660156 244.86085510253906 295.58099365234375 244.86085510253906
299.74200439453125 153.82135009765625 328.47475814819336 153.82135009765625 328.47475814819336 250.12906646728516 299.74200439453125 250.12906646728516
303.2534484863281 150.4751434326172 331.4828586578369 150.4751434326172 331.4828586578369 247.58429718017578 303.2534484863281 247.58429718017578
303.4589538574219 153.22146606445312 333.2203254699707 153.22146606445312 333.2203254699707 237.7722625732422 303.4589538574219 237.7722625732422
308.3933410644531 151.7821502685547 337.5288543701172 151.7821502685547 337.5288543701172 231.5290069580078 308.3933410644531 231.5290069580078
311.86834716796875 150.9778594970703 340.4349365234375 150.9778594970703 340.4349365234375 228.61390686035156 311.86834716796875 228.61390686035156
314.8666687011719 154.07000732421875 344.2130527496338 154.07000732421875 344.2130527496338 230.5194549560547 314.8666687011719 230.5194549560547
318.50146484375 153.27755737304688 348.3243865966797 153.27755737304688 348.3243865966797 232.52823638916016 318.50146484375 232.52823638916016
324.13934326171875 152.96871948242188 352.00037574768066 152.96871948242188 352.00037574768066 229.5300064086914 324.13934326171875 229.5300064086914
329.24700927734375 153.47335815429688 356.69297790527344 153.47335815429688 356.69297790527344 233.7450714111328 329.24700927734375 233.7450714111328
333.06036376953125 151.2106475830078 360.54477310180664 151.2106475830078 360.54477310180664 232.3447265625 333.06036376953125 232.3447265625
338.1644592285156 149.85044860839844 365.8806953430176 149.85044860839844 365.8806953430176 238.59080505371094 338.1644592285156 238.59080505371094
341.4654235839844 150.451904296875 370.26238441467285 150.451904296875 370.26238441467285 231.87220764160156 341.4654235839844 231.87220764160156
344.8110656738281 151.05621337890625 372.00070571899414 151.05621337890625 372.00070571899414 237.17538452148438 344.8110656738281 237.17538452148438
350.17584228515625 150.647216796875 376.13275718688965 150.647216796875 376.13275718688965 239.93896484375 350.17584228515625 239.93896484375
353.872314453125 153.4049072265625 380.20522117614746 153.4049072265625 380.20522117614746 243.9900665283203 353.872314453125 243.9900665283203
359.11492919921875 151.91848754882812 385.60847091674805 151.91848754882812 385.60847091674805 243.0562286376953 359.11492919921875 243.0562286376953
362.717041015625 153.48416137695312 392.2626609802246 153.48416137695312 392.2626609802246 235.98104858398438 362.717041015625 235.98104858398438
364.70159912109375 149.57470703125 392.0279197692871 149.57470703125 392.0279197692871 238.8194351196289 364.70159912109375 238.8194351196289
367.22454833984375 151.1522674560547 395.1059265136719 151.1522674560547 395.1059265136719 233.17533111572266 367.22454833984375 233.17533111572266
371.5119934082031 147.25509643554688 398.5464725494385 147.25509643554688 398.5464725494385 233.9011459350586 371.5119934082031 233.9011459350586
373.23663330078125 147.5088348388672 400.99278259277344 147.5088348388672 400.99278259277344 230.2117919921875 373.23663330078125 230.2117919921875
379.2806091308594 149.6288299560547 405.72661209106445 149.6288299560547 405.72661209106445 237.28241729736328 379.2806091308594 237.28241729736328
384.6268615722656 148.0818634033203 410.4986763000488 148.0818634033203 410.4986763000488 237.08084869384766 384.6268615722656 237.08084869384766
389.1331481933594 147.56509399414062 415.3893337249756 147.56509399414062 415.3893337249756 237.8863067626953 389.1331481933594 237.8863067626953
391.79913330078125 148.35763549804688 418.988712310791 148.35763549804688 418.988712310791 238.0447998046875 391.79913330078125 238.0447998046875
395.24591064453125 147.61093139648438 423.0360908508301 147.61093139648438 423.0360908508301 236.97612762451172 395.24591064453125 236.97612762451172
396.87664794921875 149.0044403076172 425.1930446624756 149.0044403076172 425.1930446624756 240.1859130859375 396.87664794921875 240.1859130859375
401.2332458496094 146.00718688964844 429.63098526000977 146.00718688964844 429.63098526000977 236.5380859375 401.2332458496094 236.5380859375
405.71929931640625 148.1676025390625 432.8728485107422 148.1676025390625 432.8728485107422 241.57576751708984 405.71929931640625 241.57576751708984
411.0947265625 152.3030242919922 439.7900848388672 152.3030242919922 439.7900848388672 243.36119079589844 411.0947265625 243.36119079589844
412.849365234375 149.2405548095703 440.318151473999 149.2405548095703 440.318151473999 243.73313903808594 412.849365234375 243.73313903808594
414.8828125 151.0015869140625 442.43703842163086 151.0015869140625 442.43703842163086 245.7880859375 414.8828125 245.7880859375
