551.0 32.0 599.0 32.0 599.0 73.0 551.0 73.0
550.8079833984375 31.770898818969727 598.6070671081543 31.770898818969727 598.6070671081543 72.33596229553223 550.8079833984375 72.33596229553223
549.988525390625 31.633956909179688 596.9254035949707 31.633956909179688 596.9254035949707 73.61216735839844 549.988525390625 73.61216735839844
548.9396362304688 32.60818099975586 595.7517852783203 32.60818099975586 595.7517852783203 74.02005386352539 548.9396362304688 74.02005386352539
547.9732666015625 33.3140754699707 594.1703414916992 33.3140754699707 594.1703414916992 74.16459655761719 547.9732666015625 74.16459655761719
545.7489013671875 33.27693176269531 593.4920883178711 33.27693176269531 593.4920883178711 74.71427154541016 545.7489013671875 74.71427154541016
543.6570434570312 33.143455505371094 591.155689239502 33.143455505371094 591.155689239502 75.0531997680664 543.6570434570312 75.0531997680664
542.655517578125 33.65064239501953 589.2711601257324 33.65064239501953 589.2711601257324 75.03265380859375 542.655517578125 75.03265380859375
541.13232421875 33.53325653076172 589.2197761535645 33.53325653076172 589.2197761535645 76.47596740722656 541.13232421875 76.47596740722656
538.2896118164062 34.258827209472656 587.0652351379395 34.258827209472656 587.0652351379395 76.40396499633789 538.2896118164062 76.40396499633789
534.3674926757812 34.371559143066406 584.513988494873 34.371559143066406 584.513988494873 78.09702682495117 534.3674926757812 78.09702682495117
531.82666015625 35.323394775390625 582.4954071044922 35.323394775390625 582.4954071044922 77.86823654174805 531.82666015625 77.86823654174805
529.16748046875 35.41728973388672 580.4460563659668 35.41728973388672 580.4460563659668 78.40201568603516 529.16748046875 78.40201568603516
528.5001831054688 35.288612365722656 578.1772346496582 35.288612365722656 578.1772346496582 79.50616073608398 528.5001831054688 79.50616073608398
526.8632202148438 36.24005889892578 577.1454544067383 36.24005889892578 577.1454544067383 79.43380737304688 526.8632202148438 79.43380737304688
525.7688598632812 37.039939880371094 575.933235168457 37.039939880371094 575.933235168457 80.4739990234375 525.7688598632812 80.4739990234375
523.8458862304688 36.749122619628906 574.4112358093262 36.749122619628906 574.4112358093262 79.92423248291016 523.8458862304688 79.92423248291016
522.3084716796875 37.769657135009766 572.6204071044922 37.769657135009766 572.6204071044922 80.24871444702148 522.3084716796875 80.24871444702148
521.6729736328125 37.5735969543457 571.3954010009766 37.5735969543457 571.3954010009766 81.02146530151367 521.6729736328125 81.02146530151367
519.3611450195312 37.42645263671875 570.431812286377 37.42645263671875 570.431812286377 82.17259216308594 519.3611450195312 82.17259216308594
518.8229370117188 37.5558967590332 569.1307411193848 37.5558967590332 569.1307411193848 82.94057846069336 518.8229370117188 82.94057846069336
516.4278564453125 37.51848602294922 568.6668930053711 37.51848602294922 568.6668930053711 83.14165496826172 516.4278564453125 83.14165496826172
515.8159790039062 38.426780700683594 566.613639831543 38.426780700683594 566.613639831543 83.00963592529297 515.8159790039062 83.00963592529297
513.6876831054688 38.62397003173828 564.9696960449219 38.62397003173828 564.9696960449219 84.33685302734375 513.6876831054688 84.33685302734375
511.7676696777344 39.855690002441406 563.6338310241699 39.855690002441406 563.6338310241699 84.09723663330078 511.7676696777344 84.09723663330078
509.61895751953125 39.76191329956055 563.2471237182617 39.76191329956055 563.2471237182617 85.03961563110352 509.61895751953125 85.03961563110352
509.2681579589844 40.677520751953125 560.5890197753906 40.677520751953125 560.5890197753906 84.9794921875 509.2681579589844 84.9794921875
507.477294921875 40.632415771484375 559.0479965209961 40.632415771484375 559.0479965209961 85.79965591430664 507.477294921875 85.79965591430664
507.20489501953125 41.55157470703125 557.7726821899414 41.55157470703125 557.7726821899414 85.74190902709961 507.20489501953125 85.74190902709961
504.751953125 41.480567932128906 557.4110221862793 41.480567932128906 557.4110221862793 86.22247314453125 504.751953125 86.22247314453125
503.39373779296875 41.68560028076172 555.3377304077148 41.68560028076172 555.3377304077148 87.35614776611328 503.39373779296875 87.35614776611328
500.98333740234375 42.953758239746094 553.540153503418 42.953758239746094 553.540153503418 87.57415008544922 500.98333740234375 87.57415008544922
500.0908203125 42.98468017578125 552.6856079101562 42.98468017578125 552.6856079101562 87.51420211791992 500.0908203125 87.51420211791992
498.72509765625 42.94474411010742 550.8739852905273 42.94474411010742 550.8739852905273 88.2629280090332 498.72509765625 88.2629280090332
496.2533264160156 42.312896728515625 549.9897384643555 42.312896728515625 549.9897384643555 88.72746658325195 496.2533264160156 88.72746658325195
495.32073974609375 43.39971923828125 548.3334121704102 43.39971923828125 548.3334121704102 89.79210662841797 495.32073974609375 89.79210662841797
493.8285217285156 44.244384765625 546.294116973877 44.244384765625 546.294116973877 90.98669052124023 493.8285217285156 90.98669052124023
491.251953125 44.835182189941406 543.5557441711426 44.835182189941406 543.5557441711426 91.31283569335938 491.251953125 91.31283569335938
488.1642150878906 44.03289031982422 542.2546310424805 44.03289031982422 542.2546310424805 91.87446594238281 488.1642150878906 91.87446594238281
487.73748779296875 44.73535919189453 541.2360534667969 44.73535919189453 541.2360534667969 92.0978012084961 487.73748779296875 92.0978012084961
486.4647521972656 45.54291915893555 540.6955184936523 45.54291915893555 540.6955184936523 92.09292984008789 486.4647521972656 92.09292984008789
484.4305114746094 45.94915008544922 539.2078132629395 45.94915008544922 539.2078132629395 92.59953308105469 484.4305114746094 92.59953308105469
483.4444885253906 46.77932357788086 537.072151184082 46.77932357788086 537.072151184082 92.84163665771484 483.4444885253906 92.84163665771484
480.76385498046875 46.782283782958984 535.2835693359375 46.782283782958984 535.2835693359375 93.35071182250977 480.76385498046875 93.35071182250977
479.90802001953125 47.26164245605469 534.64794921875 47.26164245605469 534.64794921875 92.84666442871094 479.90802001953125 92.84666442871094
476.96533203125 46.58761215209961 533.1901168823242 46.58761215209961 533.1901168823242 94.27236557006836 476.96533203125 94.27236557006836
475.15875244140625 47.9869499206543 530.8351058959961 47.9869499206543 530.8351058959961 94.78665161132812 475.15875244140625 94.78665161132812
473.094970703125 48.521575927734375 528.8989067077637 48.521575927734375 528.8989067077637 95.96659088134766 473.094970703125 95.96659088134766
470.905029296875 48.398773193359375 528.1679382324219 48.398773193359375 528.1679382324219 95.74327850341797 470.905029296875 95.74327850341797
469.677734375 49.11701583862305 527.6357841491699 49.11701583862305 527.6357841491699 95.68365859985352 469.677734375 95.68365859985352
467.1998596191406 49.871883392333984 524.66796875 49.871883392333984 524.66796875 96.1703987121582 467.1998596191406 96.1703987121582
464.3750915527344 50.322078704833984 522.3330764770508 50.322078704833984 522.3330764770508 98.10803604125977 464.3750915527344 98.10803604125977
462.35284423828125 51.63104248046875 521.0810623168945 51.63104248046875 521.0810623168945 98.31159973144531 462.35284423828125 98.31159973144531
459.66217041015625 52.38470458984375 517.0361099243164 52.38470458984375 517.0361099243164 98.48871231079102 459.66217041015625 98.48871231079102
457.6536560058594 52.53571701049805 515.6243362426758 52.53571701049805 515.6243362426758 98.8410873413086 457.6536560058594 98.8410873413086
456.6373596191406 52.622344970703125 513.2891616821289 52.622344970703125 513.2891616821289 99.35618591308594 456.6373596191406 99.35618591308594
455.51495361328125 53.99474334716797 512.3752746582031 53.99474334716797 512.3752746582031 98.61087036132812 455.51495361328125 98.61087036132812
454.0104064941406 54.262901306152344 509.5420722961426 54.262901306152344 509.5420722961426 99.83495330810547 454.0104064941406 99.83495330810547
450.5199279785156 54.79716110229492 507.29529571533203 54.79716110229492 507.29529571533203 100.42921447753906 450.5199279785156 100.42921447753906
449.7296447753906 55.66399383544922 505.8315124511719 55.66399383544922 505.8315124511719 100.31382751464844 449.7296447753906 100.31382751464844
447.57696533203125 55.7695426940918 503.4740524291992 55.7695426940918 503.4740524291992 101.30731201171875 447.57696533203125 101.30731201171875
444.243408203125 56.77897262573242 500.6002731323242 56.77897262573242 500.6002731323242 102.2881965637207 444.243408203125 102.2881965637207
441.8971252441406 56.403656005859375 499.7820510864258 56.403656005859375 499.7820510864258 102.88811111450195 441.8971252441406 102.88811111450195
438.746826171875 56.22257614135742 497.23834228515625 56.22257614135742 497.23834228515625 105.2332763671875 438.746826171875 105.2332763671875
436.86663818359375 55.42938232421875 496.4047546386719 55.42938232421875 496.4047546386719 105.0318489074707 436.86663818359375 105.0318489074707
434.498779296875 57.571327209472656 492.5763854980469 57.571327209472656 492.5763854980469 105.27227783203125 434.498779296875 105.27227783203125
431.7520446777344 58.423805236816406 492.08612060546875 58.423805236816406 492.08612060546875 106.5705795288086 431.7520446777344 106.5705795288086
429.1866760253906 59.1237907409668 489.4519844055176 59.1237907409668 489.4519844055176 106.615234375 429.1866760253906 106.615234375
426.6106872558594 59.25372314453125 487.85901641845703 59.25372314453125 487.85901641845703 108.50809860229492 426.6106872558594 108.50809860229492
426.85150146484375 60.789588928222656 485.42094802856445 60.789588928222656 485.42094802856445 109.04765319824219 426.85150146484375 109.04765319824219
424.86859130859375 60.7895393371582 483.8357925415039 60.7895393371582 483.8357925415039 108.97520065307617 424.86859130859375 108.97520065307617
421.86767578125 60.958518981933594 481.8376274108887 60.958518981933594 481.8376274108887 110.09852600097656 421.86767578125 110.09852600097656
420.0838317871094 60.620689392089844 480.6613655090332 60.620689392089844 480.6613655090332 109.97185134887695 420.0838317871094 109.97185134887695
418.85357666015625 60.52971267700195 479.13056564331055 60.52971267700195 479.13056564331055 109.9710578918457 418.85357666015625 109.9710578918457
416.58270263671875 60.97932815551758 477.0709419250488 60.97932815551758 477.0709419250488 111.5975456237793 416.58270263671875 111.5975456237793
413.007080078125 61.87956619262695 474.12578201293945 61.87956619262695 474.12578201293945 112.73950958251953 413.007080078125 112.73950958251953
411.7713928222656 63.62639617919922 474.1889839172363 63.62639617919922 474.1889839172363 112.68851089477539 411.7713928222656 112.68851089477539
407.72625732421875 63.92461013793945 469.7265625 63.92461013793945 469.7265625 114.51403427124023 407.72625732421875 114.51403427124023
402.58135986328125 66.6072006225586 466.6170120239258 66.6072006225586 466.6170120239258 116.17071151733398 402.58135986328125 116.17071151733398
403.35992431640625 66.73896789550781 462.0294189453125 66.73896789550781 462.0294189453125 116.2732162475586 403.35992431640625 116.2732162475586
399.00787353515625 67.0571517944336 458.90482330322266 67.0571517944336 458.90482330322266 118.73063278198242 399.00787353515625 118.73063278198242
397.2862243652344 68.97441101074219 456.43408203125 68.97441101074219 456.43408203125 119.49233627319336 397.2862243652344 119.49233627319336
393.16864013671875 69.29585266113281 453.67166900634766 69.29585266113281 453.67166900634766 120.86258697509766 393.16864013671875 120.86258697509766
392.96966552734375 69.9429931640625 454.4301223754883 69.9429931640625 454.4301223754883 120.69037628173828 392.96966552734375 120.69037628173828
390.462646484375 70.65007019042969 452.25916290283203 70.65007019042969 452.25916290283203 122.55839538574219 390.462646484375 122.55839538574219
388.4375305175781 70.82093811035156 449.77545166015625 70.82093811035156 449.77545166015625 122.99601745605469 388.4375305175781 122.99601745605469
389.37408447265625 71.29893493652344 449.4923782348633 71.29893493652344 449.4923782348633 123.33304214477539 389.37408447265625 123.33304214477539
386.9452209472656 72.34223937988281 446.9166488647461 72.34223937988281 446.9166488647461 124.26663589477539 386.9452209472656 124.26663589477539
386.0541076660156 72.42103576660156 446.84886932373047 72.42103576660156 446.84886932373047 124.82825088500977 386.0541076660156 124.82825088500977
384.5630798339844 74.01609802246094 445.0505065917969 74.01609802246094 445.0505065917969 125.82843780517578 384.5630798339844 125.82843780517578
382.797119140625 75.03787994384766 442.3873291015625 75.03787994384766 442.3873291015625 127.11531066894531 382.797119140625 127.11531066894531
378.84332275390625 73.86433410644531 441.0291938781738 73.86433410644531 441.0291938781738 127.99382781982422 378.84332275390625 127.99382781982422
377.0557861328125 75.42562866210938 440.034423828125 75.42562866210938 440.034423828125 129.59186553955078 377.0557861328125 129.59186553955078
376.6441650390625 75.5017318725586 437.4594306945801 75.5017318725586 437.4594306945801 129.37936782836914 376.6441650390625 129.37936782836914
371.99615478515625 76.17564392089844 437.4798049926758 76.17564392089844 437.4798049926758 130.8139877319336 371.99615478515625 130.8139877319336
370.10247802734375 77.58851623535156 436.43421173095703 77.58851623535156 436.43421173095703 132.86908340454102 370.10247802734375 132.86908340454102
367.69696044921875 78.80997467041016 435.18955993652344 78.80997467041016 435.18955993652344 134.08291244506836 367.69696044921875 134.08291244506836
367.62811279296875 78.5186538696289 434.6521759033203 78.5186538696289 434.6521759033203 134.10467147827148 367.62811279296875 134.10467147827148
367.89044189453125 80.86627197265625 431.5173645019531 80.86627197265625 431.5173645019531 136.80439376831055 367.89044189453125 136.80439376831055
363.4105224609375 80.21416473388672 430.2302703857422 80.21416473388672 430.2302703857422 137.87743377685547 363.4105224609375 137.87743377685547
362.69036865234375 82.12890625 429.8758087158203 82.12890625 429.8758087158203 138.84980010986328 362.69036865234375 138.84980010986328
360.9794006347656 83.6058349609375 427.5676574707031 83.6058349609375 427.5676574707031 141.07783126831055 360.9794006347656 141.07783126831055
357.04595947265625 86.43136596679688 424.8250732421875 86.43136596679688 424.8250732421875 141.95492553710938 357.04595947265625 141.95492553710938
352.1335144042969 87.688720703125 423.0436706542969 87.688720703125 423.0436706542969 145.4855728149414 352.1335144042969 145.4855728149414
347.85504150390625 90.30462646484375 419.8270721435547 90.30462646484375 419.8270721435547 148.5157585144043 347.85504150390625 148.5157585144043
345.59075927734375 89.32035064697266 421.1678695678711 89.32035064697266 421.1678695678711 149.22761917114258 345.59075927734375 149.22761917114258
343.243408203125 90.75840759277344 419.55191802978516 90.75840759277344 419.55191802978516 152.1880111694336 343.243408203125 152.1880111694336
343.00140380859375 91.10897827148438 419.2448501586914 91.10897827148438 419.2448501586914 152.54886627197266 343.00140380859375 152.54886627197266
341.74664306640625 91.14910888671875 418.5817108154297 91.14910888671875 418.5817108154297 152.72779083251953 341.74664306640625 152.72779083251953
338.9978332519531 92.3923568725586 419.2720413208008 92.3923568725586 419.2720413208008 154.08980560302734 338.9978332519531 154.08980560302734
335.7693176269531 95.46246337890625 416.31260681152344 95.46246337890625 416.31260681152344 156.57404708862305 335.7693176269531 156.57404708862305
334.18951416015625 98.3263931274414 416.37306213378906 98.3263931274414 416.37306213378906 162.48876190185547 334.18951416015625 162.48876190185547
333.76519775390625 99.65010833740234 417.35774993896484 99.65010833740234 417.35774993896484 163.80866241455078 333.76519775390625 163.80866241455078
335.6622009277344 100.65511322021484 415.033203125 100.65511322021484 415.033203125 163.6469955444336 335.6622009277344 163.6469955444336
333.10101318359375 100.58658599853516 416.8711929321289 100.58658599853516 416.8711929321289 165.99620056152344 333.10101318359375 165.99620056152344
334.55401611328125 101.4950942993164 417.5764923095703 101.4950942993164 417.5764923095703 165.97499084472656 334.55401611328125 165.97499084472656
337.86370849609375 103.12022399902344 418.8363342285156 103.12022399902344 418.8363342285156 168.0126953125 337.86370849609375 168.0126953125
337.6461486816406 103.2332763671875 419.30787658691406 103.2332763671875 419.30787658691406 168.66932678222656 337.6461486816406 168.66932678222656
335.33270263671875 104.3171157836914 417.92098236083984 104.3171157836914 417.92098236083984 170.32604217529297 335.33270263671875 170.32604217529297
334.60894775390625 103.8785400390625 419.429443359375 103.8785400390625 419.429443359375 170.6261978149414 334.60894775390625 170.6261978149414
332.8973083496094 103.83467864990234 419.31422424316406 103.83467864990234 419.31422424316406 172.23512268066406 332.8973083496094 172.23512268066406
332.4802551269531 105.28709411621094 420.1449966430664 105.28709411621094 420.1449966430664 174.470703125 332.4802551269531 174.470703125
332.17987060546875 106.8868408203125 420.53692626953125 106.8868408203125 420.53692626953125 176.26139068603516 332.17987060546875 176.26139068603516
333.08404541015625 107.0697021484375 421.57828521728516 107.0697021484375 421.57828521728516 176.6921615600586 333.08404541015625 176.6921615600586
333.92333984375 108.47627258300781 422.48927307128906 108.47627258300781 422.48927307128906 178.37899017333984 333.92333984375 178.37899017333984
337.901611328125 110.00909423828125 423.4952163696289 110.00909423828125 423.4952163696289 177.91046142578125 337.901611328125 177.91046142578125
339.46527099609375 111.7629165649414 424.04368591308594 111.7629165649414 424.04368591308594 180.69393157958984 339.46527099609375 180.69393157958984
340.7676086425781 112.46998596191406 426.42382049560547 112.46998596191406 426.42382049560547 182.0606689453125 340.7676086425781 182.0606689453125
340.1088562011719 114.81712341308594 426.1024856567383 114.81712341308594 426.1024856567383 184.190185546875 340.1088562011719 184.190185546875
343.06890869140625 115.8078842163086 429.8410873413086 115.8078842163086 429.8410873413086 185.82654571533203 343.06890869140625 185.82654571533203
344.0958557128906 119.09063720703125 429.0619659423828 119.09063720703125 429.0619659423828 187.5766143798828 344.0958557128906 187.5766143798828
343.49139404296875 117.62449645996094 430.6688690185547 117.62449645996094 430.6688690185547 187.08055114746094 343.49139404296875 187.08055114746094
344.6611328125 119.06736755371094 432.1752166748047 119.06736755371094 432.1752166748047 189.47206115722656 344.6611328125 189.47206115722656
344.9032287597656 120.5928726196289 432.1801452636719 120.5928726196289 432.1801452636719 192.18476104736328 344.9032287597656 192.18476104736328
346.7418518066406 122.6002426147461 432.05745697021484 122.6002426147461 432.05745697021484 191.8582534790039 346.7418518066406 191.8582534790039
347.7842712402344 123.78682708740234 434.45664978027344 123.78682708740234 434.45664978027344 194.3538589477539 347.7842712402344 194.3538589477539
345.5752868652344 123.55135345458984 435.6349411010742 123.55135345458984 435.6349411010742 195.58463287353516 345.5752868652344 195.58463287353516
350.52593994140625 126.9491195678711 436.0169677734375 126.9491195678711 436.0169677734375 196.21976470947266 350.52593994140625 196.21976470947266
351.6522216796875 127.38433837890625 438.9626235961914 127.38433837890625 438.9626235961914 196.56768035888672 351.6522216796875 196.56768035888672
351.60498046875 127.12217712402344 440.9107208251953 127.12217712402344 440.9107208251953 199.45342254638672 351.60498046875 199.45342254638672
352.8638610839844 129.8323211669922 443.2540588378906 129.8323211669922 443.2540588378906 203.98433685302734 352.8638610839844 203.98433685302734
352.2991943359375 130.3438262939453 444.5974578857422 130.3438262939453 444.5974578857422 205.32044219970703 352.2991943359375 205.32044219970703
353.5838928222656 130.36538696289062 445.73968505859375 130.36538696289062 445.73968505859375 205.46392059326172 353.5838928222656 205.46392059326172
356.30511474609375 132.09030151367188 448.9090576171875 132.09030151367188 448.9090576171875 206.39781188964844 356.30511474609375 206.39781188964844
354.89434814453125 132.94712829589844 449.1304931640625 132.94712829589844 449.1304931640625 209.40802764892578 354.89434814453125 209.40802764892578
355.95074462890625 134.349365234375 451.62569427490234 134.349365234375 451.62569427490234 210.82089233398438 355.95074462890625 210.82089233398438
357.3001403808594 136.0263671875 452.82289123535156 136.0263671875 452.82289123535156 212.48653411865234 357.3001403808594 212.48653411865234
356.94000244140625 139.00062561035156 452.52442932128906 139.00062561035156 452.52442932128906 215.6663589477539 356.94000244140625 215.6663589477539
358.1476135253906 137.5011749267578 455.18444061279297 137.5011749267578 455.18444061279297 215.3035888671875 358.1476135253906 215.3035888671875
358.89892578125 139.99974060058594 455.6411895751953 139.99974060058594 455.6411895751953 217.62063598632812 358.89892578125 217.62063598632812
357.6065979003906 141.44308471679688 457.65860748291016 141.44308471679688 457.65860748291016 221.7437286376953 357.6065979003906 221.7437286376953
362.61553955078125 142.58108520507812 461.3859558105469 142.58108520507812 461.3859558105469 221.97044372558594 362.61553955078125 221.97044372558594
361.25445556640625 143.3100128173828 461.80674743652344 143.3100128173828 461.80674743652344 223.7234344482422 361.25445556640625 223.7234344482422
361.3785095214844 146.5654754638672 460.93177795410156 146.5654754638672 460.93177795410156 226.03191375732422 361.3785095214844 226.03191375732422
361.99853515625 146.2154083251953 463.7860107421875 146.2154083251953 463.7860107421875 229.19351959228516 361.99853515625 229.19351959228516
364.0846252441406 149.7916259765625 466.7831344604492 149.7916259765625 466.7831344604492 231.70842742919922 364.0846252441406 231.70842742919922
363.1587219238281 152.02366638183594 468.11900329589844 152.02366638183594 468.11900329589844 234.28849029541016 363.1587219238281 234.28849029541016
362.8916015625 152.01095581054688 471.26368713378906 152.01095581054688 471.26368713378906 236.28461456298828 362.8916015625 236.28461456298828
364.98126220703125 154.060546875 474.4559097290039 154.060546875 474.4559097290039 240.392578125 364.98126220703125 240.392578125
366.1988220214844 154.35301208496094 475.5249710083008 154.35301208496094 475.5249710083008 239.09688568115234 366.1988220214844 239.09688568115234
367.00830078125 154.6742401123047 476.5564956665039 154.6742401123047 476.5564956665039 241.8584747314453 367.00830078125 241.8584747314453
369.06268310546875 156.77703857421875 478.4482650756836 156.77703857421875 478.4482650756836 244.52608489990234 369.06268310546875 244.52608489990234
368.03466796875 157.71241760253906 479.1914520263672 157.71241760253906 479.1914520263672 245.05307006835938 368.03466796875 245.05307006835938
372.55853271484375 161.32244873046875 482.0138702392578 161.32244873046875 482.0138702392578 247.08689880371094 372.55853271484375 247.08689880371094
373.1055603027344 162.58106994628906 483.1057815551758 162.58106994628906 483.1057815551758 248.61510467529297 373.1055603027344 248.61510467529297
375.449951171875 164.12106323242188 488.36216735839844 164.12106323242188 488.36216735839844 251.44867706298828 375.449951171875 251.44867706298828
377.34381103515625 165.08843994140625 489.72052001953125 165.08843994140625 489.72052001953125 254.23954010009766 377.34381103515625 254.23954010009766
378.5162353515625 166.92913818359375 493.79083251953125 166.92913818359375 493.79083251953125 256.14222717285156 378.5162353515625 256.14222717285156
380.55596923828125 167.97372436523438 496.46400451660156 167.97372436523438 496.46400451660156 258.3698959350586 380.55596923828125 258.3698959350586
381.7122497558594 171.36111450195312 498.6813278198242 171.36111450195312 498.6813278198242 261.0409622192383 381.7122497558594 261.0409622192383
384.6448669433594 173.8441619873047 498.7013854980469 173.8441619873047 498.7013854980469 263.8630828857422 384.6448669433594 263.8630828857422
384.8460693359375 173.85791015625 505.1775665283203 173.85791015625 505.1775665283203 263.30653381347656 384.8460693359375 263.30653381347656
388.43988037109375 174.5515594482422 507.0804901123047 174.5515594482422 507.0804901123047 266.3314666748047 388.43988037109375 266.3314666748047
391.24176025390625 176.93951416015625 508.94246673583984 176.93951416015625 508.94246673583984 271.1902313232422 391.24176025390625 271.1902313232422
394.3594970703125 181.65219116210938 510.90936279296875 181.65219116210938 510.90936279296875 273.69251251220703 394.3594970703125 273.69251251220703
394.24517822265625 179.62313842773438 516.9215316772461 179.62313842773438 516.9215316772461 274.64981842041016 394.24517822265625 274.64981842041016
395.65966796875 181.26597595214844 518.9850616455078 181.26597595214844 518.9850616455078 277.8766174316406 395.65966796875 277.8766174316406
398.11767578125 184.4406280517578 522.7385711669922 184.4406280517578 522.7385711669922 281.85961151123047 398.11767578125 281.85961151123047
401.7306213378906 187.36001586914062 524.528190612793 187.36001586914062 524.528190612793 285.6292419433594 401.7306213378906 285.6292419433594
401.7709045410156 189.5703125 527.3096008300781 189.5703125 527.3096008300781 289.12862396240234 401.7709045410156 289.12862396240234
403.29119873046875 189.71609497070312 532.8408813476562 189.71609497070312 532.8408813476562 286.47801208496094 403.29119873046875 286.47801208496094
406.9130859375 192.537353515625 535.4137878417969 192.537353515625 535.4137878417969 294.1349334716797 406.9130859375 294.1349334716797
409.6979064941406 193.75228881835938 540.2744140625 193.75228881835938 540.2744140625 294.5081100463867 409.6979064941406 294.5081100463867
412.0299377441406 199.5944366455078 544.4774780273438 199.5944366455078 544.4774780273438 300.56146240234375 412.0299377441406 300.56146240234375
415.171875 200.6233673095703 550.3347778320312 200.6233673095703 550.3347778320312 303.14444732666016 415.171875 303.14444732666016
418.5079040527344 202.11976623535156 553.8161010742188 202.11976623535156 553.8161010742188 306.0096435546875 418.5079040527344 306.0096435546875
421.9556579589844 206.856201171875 557.8787231445312 206.856201171875 557.8787231445312 306.8632507324219 421.9556579589844 306.8632507324219
426.568115234375 212.86087036132812 565.6151580810547 212.86087036132812 565.6151580810547 313.40372467041016 426.568115234375 313.40372467041016
425.9476623535156 208.6915740966797 570.9626617431641 208.6915740966797 570.9626617431641 318.3923034667969 425.9476623535156 318.3923034667969
431.9950256347656 213.1105499267578 575.1826782226562 213.1105499267578 575.1826782226562 321.452392578125 431.9950256347656 321.452392578125
436.1129455566406 214.1826934814453 581.8597259521484 214.1826934814453 581.8597259521484 323.69610595703125 436.1129455566406 323.69610595703125
438.95086669921875 215.835693359375 585.7091064453125 215.835693359375 585.7091064453125 327.2125244140625 438.95086669921875 327.2125244140625
443.5902404785156 222.0647735595703 590.5815582275391 222.0647735595703 590.5815582275391 331.5618209838867 443.5902404785156 331.5618209838867
447.563232421875 220.430908203125 596.9983367919922 220.430908203125 596.9983367919922 334.97003173828125 447.563232421875 334.97003173828125
452.3558654785156 227.24227905273438 601.9025421142578 227.24227905273438 601.9025421142578 340.3015670776367 452.3558654785156 340.3015670776367
456.85540771484375 229.0330047607422 608.9579162597656 229.0330047607422 608.9579162597656 342.9523162841797 456.85540771484375 342.9523162841797
463.0216369628906 232.3529510498047 619.3408813476562 232.3529510498047 619.3408813476562 350.5104446411133 463.0216369628906 350.5104446411133
466.529296875 234.50393676757812 625.0838623046875 234.50393676757812 625.0838623046875 353.4565963745117 466.529296875 353.4565963745117
463.4439392089844 224.10769653320312 624.0151977539062 224.10769653320312 624.0151977539062 348.6919250488281 463.4439392089844 348.6919250488281
