279.0 189.0 299.0 189.0 299.0 241.0 279.0 241.0
279.7668762207031 189.42457580566406 298.9882469177246 189.42457580566406 298.9882469177246 239.5529327392578 279.7668762207031 239.5529327392578
280.78900146484375 190.11001586914062 299.97714614868164 190.11001586914062 299.97714614868164 241.0321388244629 280.78900146484375 241.0321388244629
281.57684326171875 191.24441528320312 301.44198989868164 191.24441528320312 301.44198989868164 242.11673736572266 281.57684326171875 242.11673736572266
282.41180419921875 190.74905395507812 301.57886505126953 190.74905395507812 301.57886505126953 241.0578498840332 282.41180419921875 241.0578498840332
283.27923583984375 188.71929931640625 301.54944229125977 188.71929931640625 301.54944229125977 240.75238800048828 283.27923583984375 240.75238800048828
284.03656005859375 189.30886840820312 301.97411155700684 189.30886840820312 301.97411155700684 240.47254180908203 284.03656005859375 240.47254180908203
284.654052734375 189.5249786376953 302.4633903503418 189.5249786376953 302.4633903503418 241.7007598876953 284.654052734375 241.7007598876953
285.7306213378906 192.12350463867188 303.95819664001465 192.12350463867188 303.95819664001465 241.10702514648438 285.7306213378906 241.10702514648438
288.55450439453125 190.60812377929688 306.58093643188477 190.60812377929688 306.58093643188477 241.21800994873047 288.55450439453125 241.21800994873047
289.85369873046875 190.60719299316406 308.6254405975342 190.60719299316406 308.6254405975342 240.07390975952148 289.85369873046875 240.07390975952148
290.837890625 190.2205047607422 310.2392692565918 190.2205047607422 310.2392692565918 239.7201271057129 290.837890625 239.7201271057129
292.8338317871094 190.30807495117188 312.1374282836914 190.30807495117188 312.1374282836914 240.55086135864258 292.8338317871094 240.55086135864258
292.26007080078125 191.31480407714844 312.1534938812256 191.31480407714844 312.1534938812256 241.42905807495117 292.26007080078125 241.42905807495117
295.43572998046875 191.97781372070312 314.7505741119385 191.97781372070312 314.7505741119385 241.83689880371094 295.43572998046875 241.83689880371094
296.83782958984375 191.56649780273438 316.924352645874 191.56649780273438 316.924352645874 244.9441146850586 296.83782958984375 244.9441146850586
298.14776611328125 190.7174835205078 316.9466133117676 190.7174835205078 316.9466133117676 245.44345474243164 298.14776611328125 245.44345474243164
301.05908203125 191.0726776123047 319.38228607177734 191.0726776123047 319.38228607177734 245.52704238891602 301.05908203125 245.52704238891602
302.0020751953125 193.0093536376953 320.3769416809082 193.0093536376953 320.3769416809082 246.43151473999023 302.0020751953125 246.43151473999023
303.03692626953125 195.68638610839844 321.15491676330566 195.68638610839844 321.15491676330566 249.84888458251953 303.03692626953125 249.84888458251953
302.9166564941406 195.41561889648438 322.1391086578369 195.41561889648438 322.1391086578369 249.16923141479492 302.9166564941406 249.16923141479492
303.8817443847656 194.58656311035156 323.108455657959 194.58656311035156 323.108455657959 249.66322326660156 303.8817443847656 249.66322326660156
304.0323791503906 195.23744201660156 324.44809341430664 195.23744201660156 324.44809341430664 248.66351699829102 304.0323791503906 248.66351699829102
304.53125 194.76901245117188 325.5630683898926 194.76901245117188 325.5630683898926 249.04258346557617 304.53125 249.04258346557617
305.92022705078125 197.0046844482422 327.60390281677246 197.0046844482422 327.60390281677246 251.32448959350586 305.92022705078125 251.32448959350586
305.503662109375 195.96475219726562 328.5834445953369 195.96475219726562 328.5834445953369 252.03700637817383 305.503662109375 252.03700637817383
308.93109130859375 195.36204528808594 328.327184677124 195.36204528808594 328.327184677124 250.9220962524414 308.93109130859375 250.9220962524414
310.389892578125 194.532958984375 328.8287239074707 194.532958984375 328.8287239074707 251.11766815185547 310.389892578125 251.11766815185547
311.3609313964844 194.70846557617188 330.3834571838379 194.70846557617188 330.3834571838379 253.2856330871582 311.3609313964844 253.2856330871582
312.3790588378906 198.19744873046875 332.2945671081543 198.19744873046875 332.2945671081543 254.77495193481445 312.3790588378906 254.77495193481445
312.55859375 198.7426300048828 333.43850326538086 198.7426300048828 333.43850326538086 254.0900001525879 312.55859375 254.0900001525879
313.85174560546875 198.80648803710938 334.9184741973877 198.80648803710938 334.9184741973877 251.8896369934082 313.85174560546875 251.8896369934082
314.6983642578125 196.9031524658203 335.7957134246826 196.9031524658203 335.7957134246826 253.3580665588379 314.6983642578125 253.3580665588379
315.53790283203125 199.09524536132812 338.8158435821533 199.09524536132812 338.8158435821533 255.39375686645508 315.53790283203125 255.39375686645508
317.65032958984375 199.1781768798828 339.4911308288574 199.1781768798828 339.4911308288574 254.8325538635254 317.65032958984375 254.8325538635254
318.75665283203125 197.61378479003906 339.111328125 197.61378479003906 339.111328125 256.38747787475586 318.75665283203125 256.38747787475586
321.45806884765625 195.0187225341797 341.600378036499 195.0187225341797 341.600378036499 258.5476531982422 321.45806884765625 258.5476531982422
323.59161376953125 197.24874877929688 343.1587886810303 197.24874877929688 343.1587886810303 258.2245559692383 323.59161376953125 258.2245559692383
324.6916809082031 198.65016174316406 344.6709632873535 198.65016174316406 344.6709632873535 258.8849334716797 324.6916809082031 258.8849334716797
326.0736999511719 200.1204833984375 345.91455841064453 200.1204833984375 345.91455841064453 259.48994064331055 326.0736999511719 259.48994064331055
328.26025390625 199.44126892089844 348.1310329437256 199.44126892089844 348.1310329437256 259.79087829589844 328.26025390625 259.79087829589844
329.22283935546875 198.87701416015625 349.9501075744629 198.87701416015625 349.9501075744629 260.55915451049805 329.22283935546875 260.55915451049805
330.6629638671875 200.12106323242188 351.6761360168457 200.12106323242188 351.6761360168457 260.0821723937988 330.6629638671875 260.0821723937988
333.4251403808594 200.9718017578125 353.49782943725586 200.9718017578125 353.49782943725586 261.1901741027832 333.4251403808594 261.1901741027832
334.33892822265625 202.61642456054688 354.5664920806885 202.61642456054688 354.5664920806885 261.4422302246094 334.33892822265625 261.4422302246094
335.03173828125 202.166748046875 354.4971809387207 202.166748046875 354.4971809387207 260.8005561828613 335.03173828125 260.8005561828613
338.0111389160156 201.99453735351562 356.83831214904785 201.99453735351562 356.83831214904785 260.4315986633301 338.0111389160156 260.4315986633301
338.00933837890625 201.75076293945312 358.5623664855957 201.75076293945312 358.5623664855957 260.86234283447266 338.00933837890625 260.86234283447266
339.0635986328125 201.1174774169922 358.84995460510254 201.1174774169922 358.84995460510254 261.0276641845703 339.0635986328125 261.0276641845703
341.1629333496094 205.14419555664062 360.7201328277588 205.14419555664062 360.7201328277588 263.5339164733887 341.1629333496094 263.5339164733887
342.86810302734375 204.1708526611328 362.1812515258789 204.1708526611328 362.1812515258789 262.94760513305664 342.86810302734375 262.94760513305664
344.12164306640625 202.65115356445312 364.3705177307129 202.65115356445312 364.3705177307129 262.31253814697266 344.12164306640625 262.31253814697266
345.45550537109375 204.0732879638672 365.4138488769531 204.0732879638672 365.4138488769531 263.66542053222656 345.45550537109375 263.66542053222656
345.7690734863281 203.71151733398438 366.95995712280273 203.71151733398438 366.95995712280273 265.3807678222656 345.7690734863281 265.3807678222656
349.78753662109375 204.8367156982422 369.6967124938965 204.8367156982422 369.6967124938965 265.68526458740234 349.78753662109375 265.68526458740234
351.06878662109375 205.696533203125 370.43035316467285 205.696533203125 370.43035316467285 266.27880859375 351.06878662109375 266.27880859375
352.091064453125 201.60519409179688 371.9205951690674 201.60519409179688 371.9205951690674 266.93983459472656 352.091064453125 266.93983459472656
353.9329833984375 203.6763916015625 373.80630111694336 203.6763916015625 373.80630111694336 264.92010498046875 353.9329833984375 264.92010498046875
355.43450927734375 203.80892944335938 374.80944442749023 203.80892944335938 374.80944442749023 265.75659942626953 355.43450927734375 265.75659942626953
355.2948303222656 203.30886840820312 376.519495010376 203.30886840820312 376.519495010376 267.73719787597656 355.2948303222656 267.73719787597656
357.6309509277344 206.2533416748047 377.7696876525879 206.2533416748047 377.7696876525879 268.71275329589844 357.6309509277344 268.71275329589844
359.77935791015625 209.9236297607422 379.62356758117676 209.9236297607422 379.62356758117676 268.6956253051758 359.77935791015625 268.6956253051758
360.47430419921875 209.8102264404297 380.8849449157715 209.8102264404297 380.8849449157715 268.25452041625977 360.47430419921875 268.25452041625977
362.0721435546875 210.47216796875 381.9752998352051 210.47216796875 381.9752998352051 267.977294921875 362.0721435546875 267.977294921875
363.7786865234375 207.75033569335938 385.0650215148926 207.75033569335938 385.0650215148926 265.00281524658203 363.7786865234375 265.00281524658203
365.3686218261719 206.6609344482422 386.98624420166016 206.6609344482422 386.98624420166016 268.1286087036133 365.3686218261719 268.1286087036133
366.73876953125 208.85107421875 387.86993408203125 208.85107421875 387.86993408203125 267.23827362060547 366.73876953125 267.23827362060547
368.3552551269531 210.1988067626953 389.33081436157227 210.1988067626953 389.33081436157227 269.18418884277344 368.3552551269531 269.18418884277344
370.27972412109375 210.0382843017578 391.04159927368164 210.0382843017578 391.04159927368164 268.3383331298828 370.27972412109375 268.3383331298828
370.4319152832031 210.06320190429688 391.1525764465332 210.06320190429688 391.1525764465332 269.2279281616211 370.4319152832031 269.2279281616211
372.4657287597656 210.2922821044922 392.8616237640381 210.2922821044922 392.8616237640381 270.81069564819336 372.4657287597656 270.81069564819336
374.368408203125 211.09481811523438 394.63595962524414 211.09481811523438 394.63595962524414 271.6192817687988 374.368408203125 271.6192817687988
374.8932189941406 213.0182647705078 396.2973289489746 213.0182647705078 396.2973289489746 271.52113342285156 374.8932189941406 271.52113342285156
375.26251220703125 213.16983032226562 396.0819511413574 213.16983032226562 396.0819511413574 275.0677299499512 375.26251220703125 275.0677299499512
376.11505126953125 211.51953125 396.8943748474121 211.51953125 396.8943748474121 272.82775115966797 376.11505126953125 272.82775115966797
377.78057861328125 212.7921142578125 398.56130027770996 212.7921142578125 398.56130027770996 272.0582466125488 377.78057861328125 272.0582466125488
380.2889099121094 212.1501922607422 401.09250831604004 212.1501922607422 401.09250831604004 273.770450592041 380.2889099121094 273.770450592041
380.31512451171875 212.00155639648438 402.0059471130371 212.00155639648438 402.0059471130371 276.41639709472656 380.31512451171875 276.41639709472656
383.8643493652344 214.43276977539062 405.01281929016113 214.43276977539062 405.01281929016113 277.34856033325195 383.8643493652344 277.34856033325195
384.4252624511719 215.681396484375 407.1402893066406 215.681396484375 407.1402893066406 278.6549186706543 384.4252624511719 278.6549186706543
387.175048828125 213.02978515625 407.65577507019043 213.02978515625 407.65577507019043 278.86731719970703 387.175048828125 278.86731719970703
387.05120849609375 212.52102661132812 407.81431007385254 212.52102661132812 407.81431007385254 279.0914840698242 387.05120849609375 279.0914840698242
387.37841796875 212.34481811523438 409.6161289215088 212.34481811523438 409.6161289215088 281.35196685791016 387.37841796875 281.35196685791016
390.5776062011719 219.2466278076172 412.5104503631592 219.2466278076172 412.5104503631592 280.721248626709 390.5776062011719 280.721248626709
391.6993408203125 222.2458953857422 414.25723457336426 222.2458953857422 414.25723457336426 281.4869728088379 391.6993408203125 281.4869728088379
392.86328125 219.5098876953125 416.2865505218506 219.5098876953125 416.2865505218506 280.60929107666016 392.86328125 280.60929107666016
395.642578125 219.80764770507812 417.9338722229004 219.80764770507812 417.9338722229004 280.2918815612793 395.642578125 280.2918815612793
397.0523986816406 220.183349609375 420.0753288269043 220.183349609375 420.0753288269043 282.5196304321289 397.0523986816406 282.5196304321289
398.74090576171875 222.9645538330078 422.7115783691406 222.9645538330078 422.7115783691406 283.1914749145508 398.74090576171875 283.1914749145508
399.7516784667969 219.17031860351562 423.51878929138184 219.17031860351562 423.51878929138184 284.34281158447266 399.7516784667969 284.34281158447266
402.01422119140625 219.8262176513672 424.9210891723633 219.8262176513672 424.9210891723633 284.2623596191406 402.01422119140625 284.2623596191406
403.51495361328125 218.75497436523438 425.46203994750977 218.75497436523438 425.46203994750977 287.21702575683594 403.51495361328125 287.21702575683594
405.0484313964844 219.86093139648438 427.9255084991455 219.86093139648438 427.9255084991455 285.91590118408203 405.0484313964844 285.91590118408203
404.7272644042969 222.8682098388672 429.22528648376465 222.8682098388672 429.22528648376465 288.75738525390625 404.7272644042969 288.75738525390625
406.2119140625 224.61178588867188 430.7717933654785 224.61178588867188 430.7717933654785 288.4033012390137 406.2119140625 288.4033012390137
408.249267578125 224.29525756835938 433.1487236022949 224.29525756835938 433.1487236022949 287.98064041137695 408.249267578125 287.98064041137695
410.8404235839844 224.42990112304688 434.13162422180176 224.42990112304688 434.13162422180176 285.8512992858887 410.8404235839844 285.8512992858887
411.4757385253906 223.25546264648438 436.41281509399414 223.25546264648438 436.41281509399414 286.94024658203125 411.4757385253906 286.94024658203125
415.0458984375 225.1621551513672 439.3951988220215 225.1621551513672 439.3951988220215 290.2445297241211 415.0458984375 290.2445297241211
416.86669921875 225.7379913330078 440.9892387390137 225.7379913330078 440.9892387390137 292.70208740234375 416.86669921875 292.70208740234375
418.5030212402344 226.853271484375 442.2808723449707 226.853271484375 442.2808723449707 291.5827178955078 418.5030212402344 291.5827178955078
420.2268981933594 225.39111328125 443.4012107849121 225.39111328125 443.4012107849121 292.2053680419922 420.2268981933594 292.2053680419922
421.850830078125 225.2158203125 444.98314666748047 225.2158203125 444.98314666748047 291.97959899902344 421.850830078125 291.97959899902344
422.73004150390625 225.89877319335938 447.2027778625488 225.89877319335938 447.2027778625488 294.80177307128906 422.73004150390625 294.80177307128906
424.91796875 227.683837890625 449.9522590637207 227.683837890625 449.9522590637207 295.4774627685547 424.91796875 295.4774627685547
427.7530212402344 229.4429168701172 453.2216911315918 229.4429168701172 453.2216911315918 296.9103088378906 427.7530212402344 296.9103088378906
430.47064208984375 229.31222534179688 454.6413154602051 229.31222534179688 454.6413154602051 295.99534606933594 430.47064208984375 295.99534606933594
433.44415283203125 227.481201171875 457.14794921875 227.481201171875 457.14794921875 294.1511001586914 433.44415283203125 294.1511001586914
436.2410583496094 227.8109893798828 459.0099468231201 227.8109893798828 459.0099468231201 295.14896392822266 436.2410583496094 295.14896392822266
437.91314697265625 230.4108123779297 460.167200088501 230.4108123779297 460.167200088501 295.9829330444336 437.91314697265625 295.9829330444336
439.85772705078125 232.7177734375 463.2498207092285 232.7177734375 463.2498207092285 297.19061279296875 439.85772705078125 297.19061279296875
442.1839904785156 234.0719757080078 465.2466678619385 234.0719757080078 465.2466678619385 297.22494888305664 442.1839904785156 297.22494888305664
443.830322265625 230.8252410888672 467.4185085296631 230.8252410888672 467.4185085296631 298.95616912841797 443.830322265625 298.95616912841797
445.5970764160156 231.0326385498047 468.1235179901123 231.0326385498047 468.1235179901123 297.5831298828125 445.5970764160156 297.5831298828125
447.51141357421875 231.7014923095703 470.2860908508301 231.7014923095703 470.2860908508301 299.2023239135742 447.51141357421875 299.2023239135742
450.582275390625 235.63790893554688 473.11016845703125 235.63790893554688 473.11016845703125 302.5458526611328 450.582275390625 302.5458526611328
452.04302978515625 235.98681640625 475.5760898590088 235.98681640625 475.5760898590088 304.13516998291016 452.04302978515625 304.13516998291016
453.66400146484375 235.13510131835938 476.0605659484863 235.13510131835938 476.0605659484863 304.52574157714844 453.66400146484375 304.52574157714844
454.08709716796875 235.35488891601562 476.6630172729492 235.35488891601562 476.6630172729492 301.14280700683594 454.08709716796875 301.14280700683594
455.51458740234375 237.07015991210938 477.9071960449219 237.07015991210938 477.9071960449219 302.7302017211914 455.51458740234375 302.7302017211914
456.77484130859375 240.22341918945312 480.1990776062012 240.22341918945312 480.1990776062012 306.1075744628906 456.77484130859375 306.1075744628906
468.45269775390625 236.71005249023438 489.62270736694336 236.71005249023438 489.62270736694336 306.62535858154297 468.45269775390625 306.62535858154297
467.37799072265625 239.82138061523438 492.9465961456299 239.82138061523438 492.9465961456299 312.5608673095703 467.37799072265625 312.5608673095703
471.75616455078125 236.03512573242188 491.5897731781006 236.03512573242188 491.5897731781006 305.05906677246094 471.75616455078125 305.05906677246094
473.0389099121094 234.87716674804688 493.58858489990234 234.87716674804688 493.58858489990234 304.9593811035156 473.0389099121094 304.9593811035156
472.86529541015625 234.7016143798828 494.36123275756836 234.7016143798828 494.36123275756836 306.7806854248047 472.86529541015625 306.7806854248047
474.1807556152344 236.5845947265625 495.5921287536621 236.5845947265625 495.5921287536621 308.86746978759766 474.1807556152344 308.86746978759766
476.8348083496094 241.0590362548828 496.4025764465332 241.0590362548828 496.4025764465332 310.3753890991211 476.8348083496094 310.3753890991211
476.8702087402344 244.5499267578125 497.8487548828125 244.5499267578125 497.8487548828125 312.79796600341797 476.8702087402344 312.79796600341797
486.4901428222656 236.0260467529297 514.2111320495605 236.0260467529297 514.2111320495605 308.10059356689453 486.4901428222656 308.10059356689453
495.58294677734375 245.3102569580078 518.8087425231934 245.3102569580078 518.8087425231934 312.08473205566406 495.58294677734375 312.08473205566406
495.81011962890625 249.06588745117188 520.5641975402832 249.06588745117188 520.5641975402832 317.35658264160156 495.81011962890625 317.35658264160156
496.001953125 246.55160522460938 520.6081924438477 246.55160522460938 520.6081924438477 315.51464080810547 496.001953125 315.51464080810547
499.68084716796875 244.94955444335938 524.9322700500488 244.94955444335938 524.9322700500488 315.14449310302734 499.68084716796875 315.14449310302734
503.76043701171875 246.4078369140625 529.6334114074707 246.4078369140625 529.6334114074707 315.89955139160156 503.76043701171875 315.89955139160156
506.4368591308594 246.9310302734375 531.1786651611328 246.9310302734375 531.1786651611328 315.20289611816406 506.4368591308594 315.20289611816406
505.6642150878906 251.3988494873047 534.5330696105957 251.3988494873047 534.5330696105957 326.45782470703125 505.6642150878906 326.45782470703125
511.3760681152344 253.2770233154297 540.763843536377 253.2770233154297 540.763843536377 329.68518829345703 511.3760681152344 329.68518829345703
512.5274658203125 247.3917236328125 542.0582485198975 247.3917236328125 542.0582485198975 324.1717071533203 512.5274658203125 324.1717071533203
525.4962158203125 253.90542602539062 551.0391883850098 253.90542602539062 551.0391883850098 325.29283142089844 525.4962158203125 325.29283142089844
527.53662109375 252.000732421875 552.6575565338135 252.000732421875 552.6575565338135 324.8408660888672 527.53662109375 324.8408660888672
528.2200317382812 256.6348571777344 554.6019191741943 256.6348571777344 554.6019191741943 331.72509002685547 528.2200317382812 331.72509002685547
530.4520263671875 254.28439331054688 557.282922744751 254.28439331054688 557.282922744751 331.28285217285156 530.4520263671875 331.28285217285156
532.0731201171875 252.235107421875 559.3679256439209 252.235107421875 559.3679256439209 328.4375762939453 532.0731201171875 328.4375762939453
535.1487426757812 249.5456085205078 562.2637519836426 249.5456085205078 562.2637519836426 324.62711334228516 535.1487426757812 324.62711334228516
540.9675903320312 253.9505157470703 569.0033264160156 253.9505157470703 569.0033264160156 329.4194030761719 540.9675903320312 329.4194030761719
542.6683959960938 258.6042785644531 570.6955814361572 258.6042785644531 570.6955814361572 333.3411178588867 542.6683959960938 333.3411178588867
545.376220703125 260.22796630859375 573.2694969177246 260.22796630859375 573.2694969177246 336.27076721191406 545.376220703125 336.27076721191406
547.8406372070312 258.1978454589844 576.186710357666 258.1978454589844 576.186710357666 332.7637405395508 547.8406372070312 332.7637405395508
550.357421875 257.90911865234375 578.2920169830322 257.90911865234375 578.2920169830322 332.1754150390625 550.357421875 332.1754150390625
552.45947265625 257.26824951171875 580.0571403503418 257.26824951171875 580.0571403503418 332.9082717895508 552.45947265625 332.9082717895508
555.0797119140625 257.8892822265625 580.8181037902832 257.8892822265625 580.8181037902832 329.8565139770508 555.0797119140625 329.8565139770508
560.8837280273438 260.8482666015625 585.7184791564941 260.8482666015625 585.7184791564941 332.9368133544922 560.8837280273438 332.9368133544922
563.1022338867188 258.6942138671875 588.234094619751 258.6942138671875 588.234094619751 331.21924591064453 563.1022338867188 331.21924591064453
568.1168212890625 257.30804443359375 591.9284801483154 257.30804443359375 591.9284801483154 330.70152282714844 568.1168212890625 330.70152282714844
571.7484130859375 262.09423828125 595.5072364807129 262.09423828125 595.5072364807129 333.43143463134766 571.7484130859375 333.43143463134766
574.0862426757812 268.7079772949219 600.8200263977051 268.7079772949219 600.8200263977051 340.77185821533203 574.0862426757812 340.77185821533203
575.2882080078125 270.11041259765625 602.4541893005371 270.11041259765625 602.4541893005371 342.6424026489258 575.2882080078125 342.6424026489258
586.5385131835938 259.20660400390625 609.4110908508301 259.20660400390625 609.4110908508301 330.96678161621094 586.5385131835938 330.96678161621094
586.6430053710938 262.5423278808594 611.0018329620361 262.5423278808594 611.0018329620361 334.4071578979492 586.6430053710938 334.4071578979492
