431.0 127.0 495.0 127.0 495.0 176.0 431.0 176.0
430.95654296875 128.0672607421875 496.4437713623047 128.0672607421875 496.4437713623047 175.712646484375 430.95654296875 175.712646484375
432.44903564453125 128.7251739501953 496.5664520263672 128.7251739501953 496.5664520263672 176.95856475830078 432.44903564453125 176.95856475830078
432.5877380371094 128.51698303222656 496.57490158081055 128.51698303222656 496.57490158081055 178.5238151550293 432.5877380371094 178.5238151550293
433.83966064453125 129.45199584960938 498.7876968383789 129.45199584960938 498.7876968383789 179.84241485595703 433.83966064453125 179.84241485595703
435.45574951171875 129.54541015625 501.4315872192383 129.54541015625 501.4315872192383 181.02116775512695 435.45574951171875 181.02116775512695
435.08843994140625 132.21527099609375 500.73621368408203 132.21527099609375 500.73621368408203 181.6656265258789 435.08843994140625 181.6656265258789
436.1936950683594 131.45016479492188 501.5386962890625 131.45016479492188 501.5386962890625 182.66968536376953 436.1936950683594 182.66968536376953
436.1402282714844 131.92306518554688 503.1915817260742 131.92306518554688 503.1915817260742 184.4656982421875 436.1402282714844 184.4656982421875
438.5137634277344 134.03150939941406 503.01063537597656 134.03150939941406 503.01063537597656 185.53223419189453 438.5137634277344 185.53223419189453
438.37921142578125 134.49215698242188 503.21112060546875 134.49215698242188 503.21112060546875 186.76724243164062 438.37921142578125 186.76724243164062
439.64794921875 135.6619415283203 504.57523345947266 135.6619415283203 504.57523345947266 188.6024627685547 439.64794921875 188.6024627685547
440.64898681640625 136.29647827148438 503.7457275390625 136.29647827148438 503.7457275390625 189.50128173828125 440.64898681640625 189.50128173828125
441.5855407714844 137.2207489013672 504.4448013305664 137.2207489013672 504.4448013305664 191.16912078857422 441.5855407714844 191.16912078857422
440.93023681640625 139.04324340820312 506.27864837646484 139.04324340820312 506.27864837646484 191.36332321166992 440.93023681640625 191.36332321166992
440.99127197265625 139.0768585205078 506.4285202026367 139.0768585205078 506.4285202026367 194.05041122436523 440.99127197265625 194.05041122436523
442.0367126464844 140.6763916015625 506.61920166015625 140.6763916015625 506.61920166015625 194.73956298828125 442.0367126464844 194.73956298828125
440.3414611816406 141.99794006347656 507.82337951660156 141.99794006347656 507.82337951660156 196.11153411865234 440.3414611816406 196.11153411865234
441.46954345703125 142.92794799804688 507.8546829223633 142.92794799804688 507.8546829223633 198.2749137878418 441.46954345703125 198.2749137878418
441.5791015625 142.85818481445312 508.0215759277344 142.85818481445312 508.0215759277344 199.15523529052734 441.5791015625 199.15523529052734
442.6603088378906 143.4086151123047 508.2510528564453 143.4086151123047 508.2510528564453 201.23912811279297 442.6603088378906 201.23912811279297
441.59259033203125 145.6458282470703 507.75462341308594 145.6458282470703 507.75462341308594 201.20677947998047 441.59259033203125 201.20677947998047
440.63519287109375 146.23292541503906 508.7882537841797 146.23292541503906 508.7882537841797 203.18779754638672 440.63519287109375 203.18779754638672
440.46160888671875 146.9130096435547 508.43836212158203 146.9130096435547 508.43836212158203 204.89649963378906 440.46160888671875 204.89649963378906
441.04876708984375 148.5741424560547 508.7432403564453 148.5741424560547 508.7432403564453 206.04756927490234 441.04876708984375 206.04756927490234
440.3428649902344 149.05471801757812 508.58233642578125 149.05471801757812 508.58233642578125 208.00249099731445 440.3428649902344 208.00249099731445
440.06561279296875 149.70140075683594 508.0558090209961 149.70140075683594 508.0558090209961 208.7973175048828 440.06561279296875 208.7973175048828
438.8163146972656 151.0671844482422 508.7404479980469 151.0671844482422 508.7404479980469 210.37303161621094 438.8163146972656 210.37303161621094
439.92535400390625 152.3555450439453 507.9931411743164 152.3555450439453 507.9931411743164 211.51073455810547 439.92535400390625 211.51073455810547
439.7117614746094 152.86676025390625 508.3523941040039 152.86676025390625 508.3523941040039 213.56239700317383 439.7117614746094 213.56239700317383
439.17388916015625 154.76429748535156 508.5058898925781 154.76429748535156 508.5058898925781 213.97410583496094 439.17388916015625 213.97410583496094
439.50372314453125 156.18124389648438 508.45711517333984 156.18124389648438 508.45711517333984 216.18142700195312 439.50372314453125 216.18142700195312
438.6394958496094 158.09335327148438 507.9682846069336 158.09335327148438 507.9682846069336 218.0767593383789 438.6394958496094 218.0767593383789
436.8128356933594 160.06593322753906 507.53580474853516 160.06593322753906 507.53580474853516 220.31792449951172 436.8128356933594 220.31792449951172
435.8898010253906 160.95094299316406 507.4137878417969 160.95094299316406 507.4137878417969 219.39313507080078 435.8898010253906 219.39313507080078
435.46112060546875 161.87991333007812 508.03475189208984 161.87991333007812 508.03475189208984 222.7635726928711 435.46112060546875 222.7635726928711
433.947265625 162.85450744628906 507.2852325439453 162.85450744628906 507.2852325439453 223.80059432983398 433.947265625 223.80059432983398
433.066162109375 166.40524291992188 505.196533203125 166.40524291992188 505.196533203125 225.31748580932617 433.066162109375 225.31748580932617
432.13446044921875 166.87744140625 506.98194885253906 166.87744140625 506.98194885253906 227.85271453857422 432.13446044921875 227.85271453857422
431.50885009765625 169.20281982421875 505.838623046875 169.20281982421875 505.838623046875 229.740478515625 431.50885009765625 229.740478515625
428.1661071777344 172.4834442138672 504.97733306884766 172.4834442138672 504.97733306884766 230.4723663330078 428.1661071777344 230.4723663330078
427.52862548828125 173.1756591796875 504.8538589477539 173.1756591796875 504.8538589477539 231.24958419799805 427.52862548828125 231.24958419799805
426.0809631347656 175.34742736816406 505.4224548339844 175.34742736816406 505.4224548339844 233.5541114807129 426.0809631347656 233.5541114807129
425.46856689453125 176.33790588378906 504.4895706176758 176.33790588378906 504.4895706176758 235.93952178955078 425.46856689453125 235.93952178955078
423.62811279296875 180.20664978027344 503.00386810302734 180.20664978027344 503.00386810302734 237.38149642944336 423.62811279296875 237.38149642944336
421.87664794921875 180.5665283203125 502.60084533691406 180.5665283203125 502.60084533691406 240.16096115112305 421.87664794921875 240.16096115112305
418.84112548828125 182.53543090820312 502.01924896240234 182.53543090820312 502.01924896240234 242.22438430786133 418.84112548828125 242.22438430786133
419.39776611328125 184.5323028564453 499.0707702636719 184.5323028564453 499.0707702636719 243.8233413696289 419.39776611328125 243.8233413696289
414.4386291503906 184.9204559326172 498.8263473510742 184.9204559326172 498.8263473510742 245.71607971191406 414.4386291503906 245.71607971191406
411.1588439941406 187.17904663085938 497.0374298095703 187.17904663085938 497.0374298095703 248.97237014770508 411.1588439941406 248.97237014770508
410.88446044921875 188.98110961914062 495.5257873535156 188.98110961914062 495.5257873535156 249.64981842041016 410.88446044921875 249.64981842041016
407.373291015625 190.49273681640625 494.12347412109375 190.49273681640625 494.12347412109375 254.37432098388672 407.373291015625 254.37432098388672
405.15679931640625 191.8319091796875 493.0260467529297 191.8319091796875 493.0260467529297 255.19957733154297 405.15679931640625 255.19957733154297
402.83575439453125 194.6167449951172 490.67382049560547 194.6167449951172 490.67382049560547 256.79850006103516 402.83575439453125 256.79850006103516
400.8258361816406 196.4532012939453 490.08641052246094 196.4532012939453 490.08641052246094 259.1488494873047 400.8258361816406 259.1488494873047
399.79925537109375 197.23519897460938 486.31656646728516 197.23519897460938 486.31656646728516 262.15699768066406 399.79925537109375 262.15699768066406
396.7477111816406 200.46585083007812 483.68689727783203 200.46585083007812 483.68689727783203 265.07865142822266 396.7477111816406 265.07865142822266
395.8013610839844 201.71864318847656 482.26145935058594 201.71864318847656 482.26145935058594 267.77758026123047 395.8013610839844 267.77758026123047
389.40484619140625 202.94203186035156 482.3834915161133 202.94203186035156 482.3834915161133 269.5225601196289 389.40484619140625 269.5225601196289
385.9637145996094 203.726806640625 479.62921142578125 203.726806640625 479.62921142578125 270.9573516845703 385.9637145996094 270.9573516845703
381.77313232421875 205.13125610351562 478.5439453125 205.13125610351562 478.5439453125 275.77185821533203 381.77313232421875 275.77185821533203
379.6849670410156 208.165283203125 473.9297180175781 208.165283203125 473.9297180175781 279.3236770629883 379.6849670410156 279.3236770629883
376.0015869140625 208.04324340820312 472.21954345703125 208.04324340820312 472.21954345703125 282.1524124145508 376.0015869140625 282.1524124145508
370.88104248046875 211.9656219482422 466.86808013916016 211.9656219482422 466.86808013916016 285.9462661743164 370.88104248046875 285.9462661743164
366.1928405761719 213.2004852294922 464.5220413208008 213.2004852294922 464.5220413208008 289.89599609375 366.1928405761719 289.89599609375
365.35894775390625 214.23941040039062 461.12767028808594 214.23941040039062 461.12767028808594 293.12207794189453 365.35894775390625 293.12207794189453
355.03936767578125 214.9873504638672 460.55291748046875 214.9873504638672 460.55291748046875 295.82139587402344 355.03936767578125 295.82139587402344
354.9584045410156 217.633544921875 454.9871063232422 217.633544921875 454.9871063232422 299.8380355834961 354.9584045410156 299.8380355834961
351.4749755859375 219.61532592773438 453.02085876464844 219.61532592773438 453.02085876464844 302.41241455078125 351.4749755859375 302.41241455078125
349.13482666015625 222.6940155029297 450.23226165771484 222.6940155029297 450.23226165771484 302.3486022949219 349.13482666015625 302.3486022949219
342.9022216796875 223.7172393798828 448.3091278076172 223.7172393798828 448.3091278076172 305.9582824707031 342.9022216796875 305.9582824707031
338.84918212890625 226.98452758789062 443.33343505859375 226.98452758789062 443.33343505859375 311.48223876953125 338.84918212890625 311.48223876953125
334.9092102050781 231.4324188232422 436.31336975097656 231.4324188232422 436.31336975097656 315.08433532714844 334.9092102050781 315.08433532714844
331.72613525390625 233.018798828125 433.7987594604492 233.018798828125 433.7987594604492 315.6549377441406 331.72613525390625 315.6549377441406
324.5439147949219 236.67074584960938 427.1160202026367 236.67074584960938 427.1160202026367 320.90525817871094 324.5439147949219 320.90525817871094
320.63763427734375 238.204833984375 424.4327621459961 238.204833984375 424.4327621459961 323.70082092285156 320.63763427734375 323.70082092285156
310.9981689453125 242.12435913085938 417.1149673461914 242.12435913085938 417.1149673461914 327.0773010253906 310.9981689453125 327.0773010253906
308.414794921875 243.841796875 414.48055267333984 243.841796875 414.48055267333984 330.62593841552734 308.414794921875 330.62593841552734
293.865234375 249.93862915039062 404.86163330078125 249.93862915039062 404.86163330078125 336.36842346191406 293.865234375 336.36842346191406
292.4217224121094 250.459716796875 405.5790100097656 250.459716796875 405.5790100097656 340.79087829589844 292.4217224121094 340.79087829589844
285.3533630371094 254.5198211669922 397.9847869873047 254.5198211669922 397.9847869873047 349.0433349609375 285.3533630371094 349.0433349609375
274.0230712890625 257.0899353027344 392.0090560913086 257.0899353027344 392.0090560913086 351.43299865722656 274.0230712890625 351.43299865722656
267.25311279296875 257.03515625 388.51678466796875 257.03515625 388.51678466796875 355.9041519165039 267.25311279296875 355.9041519165039
257.76373291015625 261.7769470214844 381.26912689208984 261.7769470214844 381.26912689208984 362.72364807128906 257.76373291015625 362.72364807128906
249.46823120117188 267.1144104003906 373.49119567871094 267.1144104003906 373.49119567871094 369.44702911376953 249.46823120117188 369.44702911376953
241.575439453125 269.8908386230469 367.77210998535156 269.8908386230469 367.77210998535156 374.7774124145508 241.575439453125 374.7774124145508
225.7755889892578 277.02880859375 354.4767303466797 277.02880859375 354.4767303466797 384.31068420410156 225.7755889892578 384.31068420410156
218.54769897460938 279.05889892578125 351.95164489746094 279.05889892578125 351.95164489746094 386.48155212402344 218.54769897460938 386.48155212402344
203.7809600830078 282.9122314453125 341.22007751464844 282.9122314453125 341.22007751464844 394.9130630493164 203.7809600830078 394.9130630493164
194.61154174804688 286.5279235839844 334.8079528808594 286.5279235839844 334.8079528808594 401.6214294433594 194.61154174804688 401.6214294433594
183.60330200195312 290.4588317871094 330.58599853515625 290.4588317871094 330.58599853515625 409.43468475341797 183.60330200195312 409.43468475341797
183.5809326171875 286.2010498046875 336.43373107910156 286.2010498046875 336.43373107910156 408.8486328125 183.5809326171875 408.8486328125
170.72518920898438 294.1638488769531 327.02980041503906 294.1638488769531 327.02980041503906 421.65342712402344 170.72518920898438 421.65342712402344
149.1365966796875 304.40472412109375 309.5671844482422 304.40472412109375 309.5671844482422 430.2653579711914 149.1365966796875 430.2653579711914
141.56155395507812 307.13885498046875 305.4633331298828 307.13885498046875 305.4633331298828 434.7359848022461 141.56155395507812 434.7359848022461
127.33614349365234 308.84234619140625 300.8723678588867 308.84234619140625 300.8723678588867 440.3313446044922 127.33614349365234 440.3313446044922
112.14109802246094 310.7649230957031 289.3601837158203 310.7649230957031 289.3601837158203 445.29994201660156 112.14109802246094 445.29994201660156
83.3796615600586 328.3931579589844 262.4632034301758 328.3931579589844 262.4632034301758 461.2935028076172 83.3796615600586 461.2935028076172
95.94038391113281 315.7519226074219 283.04014587402344 315.7519226074219 283.04014587402344 459.0 95.94038391113281 459.0
83.45459747314453 313.98193359375 272.86617279052734 313.98193359375 272.86617279052734 459.0 83.45459747314453 459.0
80.87092590332031 317.7999572753906 265.29571533203125 317.7999572753906 265.29571533203125 459.00001525878906 80.87092590332031 459.00001525878906
42.212791442871094 321.9857482910156 221.17040252685547 321.9857482910156 221.17040252685547 459.0 42.212791442871094 459.0
61.6406135559082 323.1236267089844 239.11195755004883 323.1236267089844 239.11195755004883 458.9999542236328 61.6406135559082 458.9999542236328
66.3399429321289 326.4061584472656 239.52397918701172 326.4061584472656 239.52397918701172 459.0000305175781 66.3399429321289 459.0000305175781
65.00056457519531 331.94561767578125 230.94932556152344 331.94561767578125 230.94932556152344 458.99998474121094 65.00056457519531 458.99998474121094
59.45861053466797 333.451904296875 223.44002532958984 333.451904296875 223.44002532958984 459.0000228881836 59.45861053466797 459.0000228881836
35.59734344482422 337.7021484375 194.02735137939453 337.7021484375 194.02735137939453 458.9999771118164 35.59734344482422 458.9999771118164
28.477426528930664 340.92333984375 182.7001895904541 340.92333984375 182.7001895904541 459.0 28.477426528930664 459.0
23.67611312866211 346.3556823730469 170.80352401733398 346.3556823730469 170.80352401733398 458.99998474121094 23.67611312866211 458.99998474121094
