511.0 74.0 538.0 74.0 538.0 125.0 511.0 125.0
512.0528564453125 74.49629211425781 538.4367179870605 74.49629211425781 538.4367179870605 125.17533874511719 512.0528564453125 125.17533874511719
512.950439453125 73.89946746826172 539.696008682251 73.89946746826172 539.696008682251 125.22427749633789 512.950439453125 125.22427749633789
513.0748901367188 73.96417236328125 540.5548896789551 73.96417236328125 540.5548896789551 125.39316940307617 513.0748901367188 125.39316940307617
514.58544921875 74.63040924072266 541.6367855072021 74.63040924072266 541.6367855072021 127.25724029541016 514.58544921875 127.25724029541016
515.311767578125 75.41631317138672 542.0376529693604 75.41631317138672 542.0376529693604 126.14997863769531 515.311767578125 126.14997863769531
515.9405517578125 74.58502960205078 543.3577880859375 74.58502960205078 543.3577880859375 125.0722541809082 515.9405517578125 125.0722541809082
517.106689453125 73.74644470214844 544.856128692627 73.74644470214844 544.856128692627 124.89012908935547 517.106689453125 124.89012908935547
517.9766845703125 74.69795227050781 546.1996803283691 74.69795227050781 546.1996803283691 125.31747436523438 517.9766845703125 125.31747436523438
518.8150634765625 75.5220947265625 546.6894073486328 75.5220947265625 546.6894073486328 126.52283096313477 518.8150634765625 126.52283096313477
519.4240112304688 75.42134094238281 547.5402336120605 75.42134094238281 547.5402336120605 126.25640106201172 519.4240112304688 126.25640106201172
519.580078125 76.72615814208984 547.8751335144043 76.72615814208984 547.8751335144043 128.17767333984375 519.580078125 128.17767333984375
520.986083984375 76.30207061767578 548.9883575439453 76.30207061767578 548.9883575439453 126.70226287841797 520.986083984375 126.70226287841797
522.3662109375 75.53627014160156 550.1436862945557 75.53627014160156 550.1436862945557 127.81136703491211 522.3662109375 127.81136703491211
523.583984375 76.28285217285156 551.9623012542725 76.28285217285156 551.9623012542725 128.80575942993164 523.583984375 128.80575942993164
523.4873657226562 76.68670654296875 551.1195793151855 76.68670654296875 551.1195793151855 127.60370635986328 523.4873657226562 127.60370635986328
524.0223999023438 77.76758575439453 552.5138759613037 77.76758575439453 552.5138759613037 127.45137405395508 524.0223999023438 127.45137405395508
525.8317260742188 78.642333984375 554.1124515533447 78.642333984375 554.1124515533447 129.17401123046875 525.8317260742188 129.17401123046875
525.0446166992188 76.81746673583984 554.2545833587646 76.81746673583984 554.2545833587646 127.02354049682617 525.0446166992188 127.02354049682617
526.178466796875 77.98434448242188 554.4211978912354 77.98434448242188 554.4211978912354 127.49613952636719 526.178466796875 127.49613952636719
526.8738403320312 77.93592834472656 554.8174953460693 77.93592834472656 554.8174953460693 128.0227394104004 526.8738403320312 128.0227394104004
527.46728515625 77.664306640625 555.6256198883057 77.664306640625 555.6256198883057 128.47336959838867 527.46728515625 128.47336959838867
528.985595703125 78.3859634399414 557.0606937408447 78.3859634399414 557.0606937408447 130.66884994506836 528.985595703125 130.66884994506836
529.1341552734375 77.43216705322266 556.6642913818359 77.43216705322266 556.6642913818359 129.51244735717773 529.1341552734375 129.51244735717773
529.4083862304688 78.18757629394531 557.5014305114746 78.18757629394531 557.5014305114746 129.78515243530273 529.4083862304688 129.78515243530273
529.944580078125 78.55999755859375 557.4353122711182 78.55999755859375 557.4353122711182 128.97650527954102 529.944580078125 128.97650527954102
529.3911743164062 78.8861312866211 558.3596611022949 78.8861312866211 558.3596611022949 130.43618774414062 529.3911743164062 130.43618774414062
530.271240234375 77.57647705078125 558.7325859069824 77.57647705078125 558.7325859069824 128.80596160888672 530.271240234375 128.80596160888672
530.5936279296875 78.46031188964844 558.4066867828369 78.46031188964844 558.4066867828369 129.30694961547852 530.5936279296875 129.30694961547852
531.8360595703125 78.62083435058594 559.1734409332275 78.62083435058594 559.1734409332275 130.4452362060547 531.8360595703125 130.4452362060547
531.1598510742188 77.56465148925781 559.4061317443848 77.56465148925781 559.4061317443848 130.77530670166016 531.1598510742188 130.77530670166016
532.3983154296875 77.86050415039062 560.5480346679688 77.86050415039062 560.5480346679688 130.07140350341797 532.3983154296875 130.07140350341797
532.728271484375 79.88807678222656 561.4644012451172 79.88807678222656 561.4644012451172 131.0813217163086 532.728271484375 131.0813217163086
533.6038818359375 78.84138488769531 563.3398532867432 78.84138488769531 563.3398532867432 132.6734848022461 533.6038818359375 132.6734848022461
533.8092041015625 78.80052185058594 563.0787506103516 78.80052185058594 563.0787506103516 132.0679588317871 533.8092041015625 132.0679588317871
533.9085083007812 80.25296783447266 563.032413482666 80.25296783447266 563.032413482666 130.99804306030273 533.9085083007812 130.99804306030273
534.0155029296875 79.52174377441406 564.3539543151855 79.52174377441406 564.3539543151855 133.45221328735352 534.0155029296875 133.45221328735352
535.0463256835938 79.11834716796875 565.4405097961426 79.11834716796875 565.4405097961426 133.0456771850586 535.0463256835938 133.0456771850586
535.2545166015625 80.4944076538086 564.6064453125 80.4944076538086 564.6064453125 133.70978927612305 535.2545166015625 133.70978927612305
535.6978759765625 79.8929443359375 565.2075157165527 79.8929443359375 565.2075157165527 132.5815544128418 535.6978759765625 132.5815544128418
536.9347534179688 83.52114868164062 567.4246883392334 83.52114868164062 567.4246883392334 132.46573638916016 536.9347534179688 132.46573638916016
536.8491821289062 80.02146911621094 566.4860591888428 80.02146911621094 566.4860591888428 134.35643768310547 536.8491821289062 134.35643768310547
537.2630615234375 82.4017105102539 566.6986141204834 82.4017105102539 566.6986141204834 136.13560485839844 537.2630615234375 136.13560485839844
537.2507934570312 82.50521850585938 565.659252166748 82.50521850585938 565.659252166748 136.05740356445312 537.2507934570312 136.05740356445312
537.5950927734375 83.36279296875 565.8627986907959 83.36279296875 565.8627986907959 135.96887969970703 537.5950927734375 135.96887969970703
537.397216796875 83.47305297851562 566.2815437316895 83.47305297851562 566.2815437316895 136.28371047973633 537.397216796875 136.28371047973633
536.8243408203125 82.66508483886719 565.528844833374 82.66508483886719 565.528844833374 134.68969345092773 536.8243408203125 134.68969345092773
537.349609375 83.5442123413086 565.6417484283447 83.5442123413086 565.6417484283447 135.88571166992188 537.349609375 135.88571166992188
537.513671875 83.30443572998047 565.3090629577637 83.30443572998047 565.3090629577637 135.32421875 537.513671875 135.32421875
537.3253784179688 82.687255859375 564.6456184387207 82.687255859375 564.6456184387207 136.62354278564453 537.3253784179688 136.62354278564453
537.4755859375 81.00798034667969 563.7132511138916 81.00798034667969 563.7132511138916 136.0024871826172 537.4755859375 136.0024871826172
536.9451904296875 81.47041320800781 564.9561100006104 81.47041320800781 564.9561100006104 135.9849624633789 536.9451904296875 135.9849624633789
537.3525390625 81.13959503173828 564.6540279388428 81.13959503173828 564.6540279388428 136.5586700439453 537.3525390625 136.5586700439453
537.8759155273438 82.02127838134766 565.1742668151855 82.02127838134766 565.1742668151855 136.101318359375 537.8759155273438 136.101318359375
537.6324462890625 81.6143569946289 564.6918067932129 81.6143569946289 564.6918067932129 135.9966278076172 537.6324462890625 135.9966278076172
538.0065307617188 79.76236724853516 565.2336120605469 79.76236724853516 565.2336120605469 135.27899932861328 538.0065307617188 135.27899932861328
538.2081298828125 80.95166015625 565.9130668640137 80.95166015625 565.9130668640137 135.15034103393555 538.2081298828125 135.15034103393555
538.0286865234375 80.97267150878906 565.4106178283691 80.97267150878906 565.4106178283691 135.01306915283203 538.0286865234375 135.01306915283203
538.7274169921875 82.75211334228516 566.9186458587646 82.75211334228516 566.9186458587646 135.2930145263672 538.7274169921875 135.2930145263672
538.9547119140625 81.6289291381836 566.6522560119629 81.6289291381836 566.6522560119629 134.90939331054688 538.9547119140625 134.90939331054688
538.8458251953125 81.82633972167969 566.555362701416 81.82633972167969 566.555362701416 134.47840118408203 538.8458251953125 134.47840118408203
538.8612060546875 82.3680191040039 567.5565242767334 82.3680191040039 567.5565242767334 134.42082595825195 538.8612060546875 134.42082595825195
539.2496948242188 80.42757415771484 567.4776458740234 80.42757415771484 567.4776458740234 132.52622985839844 539.2496948242188 132.52622985839844
538.9068603515625 80.21966552734375 567.452449798584 80.21966552734375 567.452449798584 131.7915267944336 538.9068603515625 131.7915267944336
539.8218994140625 82.2585678100586 569.7344055175781 82.2585678100586 569.7344055175781 134.01828002929688 539.8218994140625 134.01828002929688
538.6561279296875 80.88716125488281 568.9445381164551 80.88716125488281 568.9445381164551 132.23650741577148 538.6561279296875 132.23650741577148
539.2190551757812 80.88884735107422 570.4214839935303 80.88884735107422 570.4214839935303 134.85312271118164 539.2190551757812 134.85312271118164
539.4047241210938 81.13359069824219 569.347095489502 81.13359069824219 569.347095489502 133.48980331420898 539.4047241210938 133.48980331420898
539.5619506835938 80.59190368652344 569.2997035980225 80.59190368652344 569.2997035980225 132.63184356689453 539.5619506835938 132.63184356689453
540.6231689453125 80.6107177734375 569.7262172698975 80.6107177734375 569.7262172698975 133.4110221862793 540.6231689453125 133.4110221862793
540.781494140625 80.45490264892578 569.3677368164062 80.45490264892578 569.3677368164062 135.05057525634766 540.781494140625 135.05057525634766
541.2007446289062 79.9564208984375 570.3523044586182 79.9564208984375 570.3523044586182 133.42666625976562 541.2007446289062 133.42666625976562
541.7605590820312 81.20272827148438 569.8473567962646 81.20272827148438 569.8473567962646 134.19954299926758 541.7605590820312 134.19954299926758
542.1616821289062 79.77821350097656 570.208288192749 79.77821350097656 570.208288192749 132.69414520263672 542.1616821289062 132.69414520263672
542.2354736328125 80.6703872680664 570.5065250396729 80.6703872680664 570.5065250396729 135.00123596191406 542.2354736328125 135.00123596191406
543.21875 81.27473449707031 571.4374389648438 81.27473449707031 571.4374389648438 135.19722747802734 543.21875 135.19722747802734
544.1051025390625 80.38899993896484 572.0717735290527 80.38899993896484 572.0717735290527 135.0266456604004 544.1051025390625 135.0266456604004
545.0718994140625 82.27937316894531 573.1110420227051 82.27937316894531 573.1110420227051 136.83917999267578 545.0718994140625 136.83917999267578
545.1009521484375 80.2859878540039 573.472204208374 80.2859878540039 573.472204208374 136.2262725830078 545.1009521484375 136.2262725830078
545.1305541992188 81.26783752441406 573.6542816162109 81.26783752441406 573.6542816162109 136.95362854003906 545.1305541992188 136.95362854003906
546.2342529296875 80.27873229980469 574.5650939941406 80.27873229980469 574.5650939941406 136.46823501586914 546.2342529296875 136.46823501586914
545.8001708984375 81.60777282714844 574.2863655090332 81.60777282714844 574.2863655090332 138.26462173461914 545.8001708984375 138.26462173461914
546.1515502929688 82.02320861816406 575.334508895874 82.02320861816406 575.334508895874 137.35211563110352 546.1515502929688 137.35211563110352
547.3464965820312 81.37461853027344 576.5227241516113 81.37461853027344 576.5227241516113 138.1998062133789 547.3464965820312 138.1998062133789
546.6452026367188 81.1733627319336 576.3890323638916 81.1733627319336 576.3890323638916 137.83143615722656 546.6452026367188 137.83143615722656
547.7897338867188 81.22215270996094 576.3168640136719 81.22215270996094 576.3168640136719 138.44970321655273 547.7897338867188 138.44970321655273
547.4393920898438 82.33241271972656 575.5567512512207 82.33241271972656 575.5567512512207 137.98536682128906 547.4393920898438 137.98536682128906
547.0914306640625 82.62867736816406 575.2576637268066 82.62867736816406 575.2576637268066 139.61115264892578 547.0914306640625 139.61115264892578
545.1701049804688 82.7106704711914 574.6717319488525 82.7106704711914 574.6717319488525 139.33266830444336 545.1701049804688 139.33266830444336
544.9884033203125 83.84266662597656 574.0261878967285 83.84266662597656 574.0261878967285 139.25866317749023 544.9884033203125 139.25866317749023
542.6937255859375 83.67606353759766 572.705602645874 83.67606353759766 572.705602645874 138.21409606933594 542.6937255859375 138.21409606933594
541.8665771484375 82.39164733886719 571.3664741516113 82.39164733886719 571.3664741516113 137.8153419494629 541.8665771484375 137.8153419494629
540.1473388671875 82.49185180664062 569.9856758117676 82.49185180664062 569.9856758117676 136.06144332885742 540.1473388671875 136.06144332885742
539.0196533203125 81.93901824951172 569.060375213623 81.93901824951172 569.060375213623 134.91265869140625 539.0196533203125 134.91265869140625
539.5806884765625 82.46238708496094 568.46653175354 82.46238708496094 568.46653175354 135.87914657592773 539.5806884765625 135.87914657592773
537.7057495117188 83.4151611328125 568.183349609375 83.4151611328125 568.183349609375 135.29487228393555 537.7057495117188 135.29487228393555
536.988525390625 82.52193450927734 567.0016975402832 82.52193450927734 567.0016975402832 134.70088958740234 536.988525390625 134.70088958740234
537.7874755859375 84.23182678222656 567.713586807251 84.23182678222656 567.713586807251 134.8751449584961 537.7874755859375 134.8751449584961
535.2135009765625 82.80306243896484 566.2048435211182 82.80306243896484 566.2048435211182 133.77882385253906 535.2135009765625 133.77882385253906
536.0667724609375 83.5525894165039 566.1185855865479 83.5525894165039 566.1185855865479 134.07326889038086 536.0667724609375 134.07326889038086
536.7310180664062 84.2276382446289 566.0749568939209 84.2276382446289 566.0749568939209 136.504150390625 536.7310180664062 136.504150390625
533.0714111328125 81.95985412597656 563.4631767272949 81.95985412597656 563.4631767272949 133.48415756225586 533.0714111328125 133.48415756225586
534.3639526367188 84.5765380859375 564.2165679931641 84.5765380859375 564.2165679931641 135.2850112915039 534.3639526367188 135.2850112915039
532.124755859375 82.78521728515625 562.473316192627 82.78521728515625 562.473316192627 133.86243438720703 532.124755859375 133.86243438720703
533.5564575195312 83.93977355957031 563.9247779846191 83.93977355957031 563.9247779846191 133.46717071533203 533.5564575195312 133.46717071533203
532.812255859375 84.96696472167969 562.5951385498047 84.96696472167969 562.5951385498047 134.93024444580078 532.812255859375 134.93024444580078
533.34033203125 86.6859130859375 563.1603088378906 86.6859130859375 563.1603088378906 134.9698600769043 533.34033203125 134.9698600769043
532.6936645507812 87.12403869628906 562.5462989807129 87.12403869628906 562.5462989807129 135.16677474975586 532.6936645507812 135.16677474975586
533.1700439453125 88.03216552734375 562.173267364502 88.03216552734375 562.173267364502 136.28373336791992 533.1700439453125 136.28373336791992
532.8812255859375 88.57086944580078 562.4562015533447 88.57086944580078 562.4562015533447 137.28892517089844 532.8812255859375 137.28892517089844
532.6383666992188 89.0062255859375 562.2695713043213 89.0062255859375 562.2695713043213 136.26689910888672 532.6383666992188 136.26689910888672
532.7955322265625 89.06329345703125 562.036190032959 89.06329345703125 562.036190032959 137.8584213256836 532.7955322265625 137.8584213256836
532.0861206054688 89.88758850097656 561.9270572662354 89.88758850097656 561.9270572662354 136.41132736206055 532.0861206054688 136.41132736206055
533.9675903320312 90.89330291748047 562.3004703521729 90.89330291748047 562.3004703521729 138.42363739013672 533.9675903320312 138.42363739013672
532.8311767578125 90.63069915771484 561.8846340179443 90.63069915771484 561.8846340179443 137.7481231689453 532.8311767578125 137.7481231689453
533.1459350585938 91.67689514160156 562.8843784332275 91.67689514160156 562.8843784332275 138.45014190673828 533.1459350585938 138.45014190673828
533.0857543945312 89.9212875366211 562.3156681060791 89.9212875366211 562.3156681060791 136.56915664672852 533.0857543945312 136.56915664672852
532.0979614257812 90.64429473876953 562.2262001037598 90.64429473876953 562.2262001037598 136.49870681762695 532.0979614257812 136.49870681762695
533.4859619140625 92.49150085449219 563.0881385803223 92.49150085449219 563.0881385803223 139.3180809020996 533.4859619140625 139.3180809020996
533.93603515625 91.5022201538086 563.2431907653809 91.5022201538086 563.2431907653809 137.0333595275879 533.93603515625 137.0333595275879
533.2254638671875 91.35079193115234 562.3125 91.35079193115234 562.3125 138.77992248535156 533.2254638671875 138.77992248535156
534.9641723632812 92.6900405883789 563.1543521881104 92.6900405883789 563.1543521881104 140.08765029907227 534.9641723632812 140.08765029907227
534.4207763671875 91.47117614746094 562.7297668457031 91.47117614746094 562.7297668457031 138.2102394104004 534.4207763671875 138.2102394104004
534.6392822265625 91.50358581542969 563.1654052734375 91.50358581542969 563.1654052734375 137.44147872924805 534.6392822265625 137.44147872924805
534.7293701171875 91.5772933959961 561.6138668060303 91.5772933959961 561.6138668060303 140.01885986328125 534.7293701171875 140.01885986328125
534.2589721679688 90.00080871582031 560.2566108703613 90.00080871582031 560.2566108703613 139.10741806030273 534.2589721679688 139.10741806030273
533.4327392578125 90.0076904296875 560.2159214019775 90.0076904296875 560.2159214019775 138.35245513916016 533.4327392578125 138.35245513916016
533.8712158203125 87.621337890625 560.0902652740479 87.621337890625 560.0902652740479 137.14617156982422 533.8712158203125 137.14617156982422
531.9539184570312 87.71822357177734 559.081579208374 87.71822357177734 559.081579208374 134.83026123046875 531.9539184570312 134.83026123046875
533.3304443359375 87.81291198730469 560.6614189147949 87.81291198730469 560.6614189147949 133.78870010375977 533.3304443359375 133.78870010375977
532.5315551757812 87.5223388671875 559.857177734375 87.5223388671875 559.857177734375 134.13710403442383 532.5315551757812 134.13710403442383
533.9781494140625 88.24854278564453 560.982213973999 88.24854278564453 560.982213973999 136.13466262817383 533.9781494140625 136.13466262817383
534.0640869140625 87.2342300415039 561.0232200622559 87.2342300415039 561.0232200622559 136.9375 534.0640869140625 136.9375
533.55078125 86.21083068847656 560.9663791656494 86.21083068847656 560.9663791656494 135.8219757080078 533.55078125 135.8219757080078
533.9597778320312 86.67838287353516 560.9362545013428 86.67838287353516 560.9362545013428 137.63390731811523 533.9597778320312 137.63390731811523
533.6406860351562 87.01802825927734 561.3309631347656 87.01802825927734 561.3309631347656 137.78981399536133 533.6406860351562 137.78981399536133
533.48291015625 87.12564849853516 562.7765998840332 87.12564849853516 562.7765998840332 134.58285903930664 533.48291015625 134.58285903930664
533.6087036132812 85.38333129882812 561.9175968170166 85.38333129882812 561.9175968170166 135.3846321105957 533.6087036132812 135.3846321105957
533.093994140625 85.64454650878906 562.1396484375 85.64454650878906 562.1396484375 134.92728805541992 533.093994140625 134.92728805541992
532.7688598632812 85.78421783447266 562.524206161499 85.78421783447266 562.524206161499 133.10166931152344 532.7688598632812 133.10166931152344
532.4454956054688 85.98529052734375 561.9523773193359 85.98529052734375 561.9523773193359 133.39981842041016 532.4454956054688 133.39981842041016
533.2277221679688 86.45275115966797 562.2955474853516 86.45275115966797 562.2955474853516 134.39015197753906 533.2277221679688 134.39015197753906
532.4551391601562 85.85262298583984 562.2371215820312 85.85262298583984 562.2371215820312 134.06632614135742 532.4551391601562 134.06632614135742
533.2407836914062 85.9221420288086 561.8238773345947 85.9221420288086 561.8238773345947 135.04972457885742 533.2407836914062 135.04972457885742
533.6114501953125 86.08454895019531 562.4641914367676 86.08454895019531 562.4641914367676 134.89330291748047 533.6114501953125 134.89330291748047
533.5714721679688 87.00947570800781 562.9696044921875 87.00947570800781 562.9696044921875 136.10385513305664 533.5714721679688 136.10385513305664
532.9202880859375 87.1007308959961 562.3716430664062 87.1007308959961 562.3716430664062 136.30743789672852 532.9202880859375 136.30743789672852
533.6436767578125 86.67733001708984 562.6192264556885 86.67733001708984 562.6192264556885 135.8499526977539 533.6436767578125 135.8499526977539
532.7989501953125 86.93336486816406 562.5075073242188 86.93336486816406 562.5075073242188 137.59867477416992 532.7989501953125 137.59867477416992
532.1359252929688 86.2017822265625 562.7276268005371 86.2017822265625 562.7276268005371 135.64402389526367 532.1359252929688 135.64402389526367
533.0288696289062 86.71894073486328 564.0473327636719 86.71894073486328 564.0473327636719 137.4346923828125 533.0288696289062 137.4346923828125
531.8920288085938 85.04844665527344 562.2969856262207 85.04844665527344 562.2969856262207 138.1063995361328 531.8920288085938 138.1063995361328
533.742431640625 83.69090270996094 562.7631187438965 83.69090270996094 562.7631187438965 138.50768661499023 533.742431640625 138.50768661499023
533.9432373046875 84.86365509033203 563.62255859375 84.86365509033203 563.62255859375 138.88531112670898 533.9432373046875 138.88531112670898
533.4701538085938 84.30233001708984 563.0462951660156 84.30233001708984 563.0462951660156 138.33025360107422 533.4701538085938 138.33025360107422
534.9180908203125 83.9023666381836 563.6687316894531 83.9023666381836 563.6687316894531 138.2090606689453 534.9180908203125 138.2090606689453
533.7186889648438 84.72530364990234 563.7150764465332 84.72530364990234 563.7150764465332 137.41645431518555 533.7186889648438 137.41645431518555
533.1742553710938 85.29796600341797 564.2115592956543 85.29796600341797 564.2115592956543 136.79758071899414 533.1742553710938 136.79758071899414
531.1099853515625 86.23353576660156 563.5506057739258 86.23353576660156 563.5506057739258 135.72942352294922 531.1099853515625 135.72942352294922
534.7578125 87.28334045410156 565.4148979187012 87.28334045410156 565.4148979187012 136.29086303710938 534.7578125 136.29086303710938
528.0076293945312 90.44227600097656 561.9503288269043 90.44227600097656 561.9503288269043 135.2116928100586 528.0076293945312 135.2116928100586
519.7320556640625 91.52071380615234 552.738353729248 91.52071380615234 552.738353729248 134.035888671875 519.7320556640625 134.035888671875
509.5755920410156 92.69136810302734 541.172794342041 92.69136810302734 541.172794342041 134.12663650512695 509.5755920410156 134.12663650512695
501.44091796875 92.98638916015625 533.7459144592285 92.98638916015625 533.7459144592285 136.2943344116211 501.44091796875 136.2943344116211
492.27276611328125 92.73102569580078 524.9047889709473 92.73102569580078 524.9047889709473 136.91017150878906 492.27276611328125 136.91017150878906
485.28924560546875 92.88912963867188 518.2415771484375 92.88912963867188 518.2415771484375 135.33240509033203 485.28924560546875 135.33240509033203
474.87994384765625 92.73832702636719 507.31166076660156 92.73832702636719 507.31166076660156 139.6189308166504 474.87994384765625 139.6189308166504
474.98193359375 90.91947174072266 506.5518550872803 90.91947174072266 506.5518550872803 138.91509246826172 474.98193359375 138.91509246826172
477.96337890625 93.35676574707031 508.71072006225586 93.35676574707031 508.71072006225586 139.04198455810547 477.96337890625 139.04198455810547
477.5499572753906 91.70032501220703 506.942663192749 91.70032501220703 506.942663192749 139.88410186767578 477.5499572753906 139.88410186767578
479.71771240234375 94.01729583740234 508.4756717681885 94.01729583740234 508.4756717681885 140.7257080078125 479.71771240234375 140.7257080078125
480.54901123046875 95.3548812866211 508.9136047363281 95.3548812866211 508.9136047363281 140.43146133422852 480.54901123046875 140.43146133422852
481.0235900878906 92.36732482910156 508.24794578552246 92.36732482910156 508.24794578552246 140.2671127319336 481.0235900878906 140.2671127319336
480.99017333984375 95.6533203125 508.2145481109619 95.6533203125 508.2145481109619 141.52077102661133 480.99017333984375 141.52077102661133
480.2989196777344 92.79920196533203 507.5489616394043 92.79920196533203 507.5489616394043 140.15906524658203 480.2989196777344 140.15906524658203
481.3206481933594 94.05108642578125 508.5796298980713 94.05108642578125 508.5796298980713 141.2382049560547 481.3206481933594 141.2382049560547
479.92657470703125 91.53309631347656 506.82994079589844 91.53309631347656 506.82994079589844 138.90330505371094 479.92657470703125 138.90330505371094
480.64422607421875 91.22813415527344 507.9705448150635 91.22813415527344 507.9705448150635 138.8392562866211 480.64422607421875 138.8392562866211
480.101806640625 88.07960510253906 506.7616767883301 88.07960510253906 506.7616767883301 137.39689254760742 480.101806640625 137.39689254760742
479.56134033203125 87.70475769042969 506.2911262512207 87.70475769042969 506.2911262512207 138.19428253173828 479.56134033203125 138.19428253173828
479.1266174316406 87.35124206542969 505.7363471984863 87.35124206542969 505.7363471984863 137.6139907836914 479.1266174316406 137.6139907836914
480.20904541015625 87.67019653320312 506.84917640686035 87.67019653320312 506.84917640686035 137.99037551879883 480.20904541015625 137.99037551879883
479.67333984375 88.03201293945312 505.958797454834 88.03201293945312 505.958797454834 137.68225860595703 479.67333984375 137.68225860595703
479.96759033203125 87.25813293457031 506.22528648376465 87.25813293457031 506.22528648376465 136.8559455871582 479.96759033203125 136.8559455871582
479.6603088378906 86.02043151855469 505.8931484222412 86.02043151855469 505.8931484222412 135.57129287719727 479.6603088378906 135.57129287719727
479.8321228027344 86.99890899658203 506.073543548584 86.99890899658203 506.073543548584 136.56598281860352 479.8321228027344 136.56598281860352
480.18914794921875 85.6609115600586 506.25556564331055 85.6609115600586 506.25556564331055 134.89742279052734 480.18914794921875 134.89742279052734
478.642822265625 85.10313415527344 505.0356636047363 85.10313415527344 505.0356636047363 134.95621490478516 478.642822265625 134.95621490478516
479.13800048828125 85.01949310302734 505.2571220397949 85.01949310302734 505.2571220397949 134.35554885864258 479.13800048828125 134.35554885864258
478.4395446777344 85.2499771118164 505.0036811828613 85.2499771118164 505.0036811828613 135.4266128540039 478.4395446777344 135.4266128540039
477.6424255371094 86.06684875488281 504.50059509277344 86.06684875488281 504.50059509277344 136.79888153076172 477.6424255371094 136.79888153076172
478.187744140625 84.77604675292969 505.4219570159912 84.77604675292969 505.4219570159912 135.320068359375 478.187744140625 135.320068359375
478.00592041015625 82.80125427246094 505.0492515563965 82.80125427246094 505.0492515563965 133.8830337524414 478.00592041015625 133.8830337524414
476.54290771484375 83.4410629272461 503.8440456390381 83.4410629272461 503.8440456390381 135.0098114013672 476.54290771484375 135.0098114013672
477.6607971191406 84.03178405761719 505.21677017211914 84.03178405761719 505.21677017211914 136.16533660888672 477.6607971191406 136.16533660888672
477.3929748535156 83.49551391601562 504.9910583496094 83.49551391601562 504.9910583496094 135.62516403198242 477.3929748535156 135.62516403198242
475.78985595703125 82.98136901855469 503.5000820159912 82.98136901855469 503.5000820159912 135.32284927368164 475.78985595703125 135.32284927368164
475.44677734375 82.3458023071289 503.43720054626465 82.3458023071289 503.43720054626465 135.2165412902832 475.44677734375 135.2165412902832
475.9461364746094 82.64674377441406 504.5372123718262 82.64674377441406 504.5372123718262 136.59931182861328 475.9461364746094 136.59931182861328
474.2980041503906 82.53181457519531 502.63593101501465 82.53181457519531 502.63593101501465 136.50018692016602 474.2980041503906 136.50018692016602
474.8349609375 81.25584411621094 504.24859619140625 81.25584411621094 504.24859619140625 136.17010879516602 474.8349609375 136.17010879516602
474.97735595703125 82.45243835449219 503.8763999938965 82.45243835449219 503.8763999938965 135.44470977783203 474.97735595703125 135.44470977783203
474.9371032714844 81.83313751220703 504.3481864929199 81.83313751220703 504.3481864929199 135.46326446533203 474.9371032714844 135.46326446533203
475.890625 82.02741241455078 505.9288330078125 82.02741241455078 505.9288330078125 135.70774841308594 475.890625 135.70774841308594
475.626953125 82.14350891113281 505.18712425231934 82.14350891113281 505.18712425231934 133.8932113647461 475.626953125 133.8932113647461
476.99127197265625 83.41737365722656 507.3842010498047 83.41737365722656 507.3842010498047 136.10451889038086 476.99127197265625 136.10451889038086
478.0169372558594 82.69486999511719 507.38306617736816 82.69486999511719 507.38306617736816 137.45270538330078 478.0169372558594 137.45270538330078
479.954833984375 83.36600494384766 508.62555503845215 83.36600494384766 508.62555503845215 136.96767044067383 479.954833984375 136.96767044067383
480.2633361816406 83.82124328613281 509.4247989654541 83.82124328613281 509.4247989654541 136.14432525634766 480.2633361816406 136.14432525634766
480.84197998046875 81.93563079833984 511.0154056549072 81.93563079833984 511.0154056549072 138.01983642578125 480.84197998046875 138.01983642578125
483.7176818847656 86.50982666015625 513.3050441741943 86.50982666015625 513.3050441741943 139.6063461303711 483.7176818847656 139.6063461303711
483.6874084472656 82.88851165771484 513.3124942779541 82.88851165771484 513.3124942779541 137.3321647644043 483.6874084472656 137.3321647644043
485.323486328125 85.1556167602539 514.7433109283447 85.1556167602539 514.7433109283447 139.14239120483398 485.323486328125 139.14239120483398
486.7037048339844 84.18537902832031 515.9787559509277 84.18537902832031 515.9787559509277 139.6471290588379 486.7037048339844 139.6471290588379
488.323974609375 84.5890884399414 517.4697666168213 84.5890884399414 517.4697666168213 140.23869705200195 488.323974609375 140.23869705200195
489.16253662109375 84.63780212402344 517.9963035583496 84.63780212402344 517.9963035583496 140.02739715576172 489.16253662109375 140.02739715576172
490.6131896972656 83.7748794555664 518.6424045562744 83.7748794555664 518.6424045562744 137.78773880004883 490.6131896972656 137.78773880004883
491.8314514160156 82.5927505493164 518.6237697601318 82.5927505493164 518.6237697601318 136.2200164794922 491.8314514160156 136.2200164794922
491.61163330078125 81.78096008300781 519.9943294525146 81.78096008300781 519.9943294525146 138.1605453491211 491.61163330078125 138.1605453491211
491.1412048339844 80.49576568603516 520.3360481262207 80.49576568603516 520.3360481262207 136.94259643554688 491.1412048339844 136.94259643554688
492.1178283691406 81.95936584472656 521.6404209136963 81.95936584472656 521.6404209136963 136.72973251342773 492.1178283691406 136.72973251342773
489.8690490722656 80.2359390258789 521.0433464050293 80.2359390258789 521.0433464050293 136.28494262695312 489.8690490722656 136.28494262695312
489.2210998535156 78.95945739746094 519.9103889465332 78.95945739746094 519.9103889465332 136.92804336547852 489.2210998535156 136.92804336547852
488.3621520996094 79.54521179199219 519.8071346282959 79.54521179199219 519.8071346282959 136.37909317016602 488.3621520996094 136.37909317016602
487.3497619628906 82.85786437988281 518.5818691253662 82.85786437988281 518.5818691253662 137.9827117919922 487.3497619628906 137.9827117919922
485.53875732421875 82.06849670410156 517.7341499328613 82.06849670410156 517.7341499328613 137.62738800048828 485.53875732421875 137.62738800048828
484.517333984375 80.3476791381836 516.0543632507324 80.3476791381836 516.0543632507324 135.31007385253906 484.517333984375 135.31007385253906
483.0647888183594 82.70279693603516 515.4442100524902 82.70279693603516 515.4442100524902 137.87077713012695 483.0647888183594 137.87077713012695
481.55792236328125 81.58963775634766 513.4315299987793 81.58963775634766 513.4315299987793 136.6841812133789 481.55792236328125 136.6841812133789
480.27264404296875 82.41031646728516 513.2891006469727 82.41031646728516 513.2891006469727 139.09852981567383 480.27264404296875 139.09852981567383
480.06512451171875 84.51470947265625 512.1467819213867 84.51470947265625 512.1467819213867 139.24492645263672 480.06512451171875 139.24492645263672
478.56842041015625 79.98515319824219 509.804630279541 79.98515319824219 509.804630279541 137.59020233154297 478.56842041015625 137.59020233154297
475.78912353515625 79.56131744384766 507.11916732788086 79.56131744384766 507.11916732788086 137.7017364501953 475.78912353515625 137.7017364501953
473.86669921875 76.83882904052734 505.383846282959 76.83882904052734 505.383846282959 136.37115478515625 473.86669921875 136.37115478515625
471.9602966308594 78.83937072753906 502.8648490905762 78.83937072753906 502.8648490905762 137.2145767211914 471.9602966308594 137.2145767211914
472.12115478515625 78.63460540771484 502.99707984924316 78.63460540771484 502.99707984924316 136.9557342529297 472.12115478515625 136.9557342529297
470.427490234375 78.65789031982422 501.66905212402344 78.65789031982422 501.66905212402344 137.68167114257812 470.427490234375 137.68167114257812
468.9590759277344 77.0960693359375 500.7714424133301 77.0960693359375 500.7714424133301 137.1860237121582 468.9590759277344 137.1860237121582
465.68829345703125 80.61190032958984 498.1415214538574 80.61190032958984 498.1415214538574 140.3016357421875 465.68829345703125 140.3016357421875
463.52264404296875 84.25593566894531 497.3192558288574 84.25593566894531 497.3192558288574 141.28979873657227 463.52264404296875 141.28979873657227
462.23541259765625 80.40794372558594 495.0197982788086 80.40794372558594 495.0197982788086 140.6076431274414 462.23541259765625 140.6076431274414
460.50732421875 81.11478424072266 492.75973892211914 81.11478424072266 492.75973892211914 141.33965682983398 460.50732421875 141.33965682983398
461.20489501953125 80.59864807128906 490.6593780517578 80.59864807128906 490.6593780517578 139.5173568725586 461.20489501953125 139.5173568725586
459.854736328125 80.14137268066406 489.784423828125 80.14137268066406 489.784423828125 137.9020652770996 459.854736328125 137.9020652770996
459.571044921875 80.16182708740234 489.565637588501 80.16182708740234 489.565637588501 138.26638793945312 459.571044921875 138.26638793945312
459.06280517578125 80.43768310546875 488.8375701904297 80.43768310546875 488.8375701904297 139.24394989013672 459.06280517578125 139.24394989013672
458.60009765625 81.15269470214844 489.3970699310303 81.15269470214844 489.3970699310303 140.30069732666016 458.60009765625 140.30069732666016
457.3013610839844 81.37027740478516 488.44243812561035 81.37027740478516 488.44243812561035 140.47315216064453 457.3013610839844 140.47315216064453
457.50311279296875 81.6388931274414 488.2073574066162 81.6388931274414 488.2073574066162 138.73457717895508 457.50311279296875 138.73457717895508
455.35577392578125 77.8089599609375 486.7552738189697 77.8089599609375 486.7552738189697 138.1289176940918 455.35577392578125 138.1289176940918
456.08416748046875 78.0110855102539 487.15923500061035 78.0110855102539 487.15923500061035 138.71383666992188 456.08416748046875 138.71383666992188
455.8658752441406 79.76765441894531 485.7356376647949 79.76765441894531 485.7356376647949 140.45057678222656 455.8658752441406 140.45057678222656
455.452392578125 79.27291870117188 484.81911277770996 79.27291870117188 484.81911277770996 140.95366668701172 455.452392578125 140.95366668701172
454.377197265625 79.46015930175781 484.4517879486084 79.46015930175781 484.4517879486084 139.9254608154297 454.377197265625 139.9254608154297
454.0767517089844 80.0551528930664 483.8581123352051 80.0551528930664 483.8581123352051 139.85980224609375 454.0767517089844 139.85980224609375
454.01416015625 78.8394775390625 482.7248649597168 78.8394775390625 482.7248649597168 138.34577560424805 454.01416015625 138.34577560424805
453.2196350097656 78.6881332397461 482.67766761779785 78.6881332397461 482.67766761779785 137.04226684570312 453.2196350097656 137.04226684570312
453.3892517089844 75.77085876464844 481.99549293518066 75.77085876464844 481.99549293518066 136.34038543701172 453.3892517089844 136.34038543701172
452.9244079589844 76.88615417480469 482.282657623291 76.88615417480469 482.282657623291 136.9577865600586 452.9244079589844 136.9577865600586
452.34625244140625 75.6790771484375 481.0897674560547 75.6790771484375 481.0897674560547 136.3862075805664 452.34625244140625 136.3862075805664
452.86962890625 76.60554504394531 481.7652282714844 76.60554504394531 481.7652282714844 138.81873321533203 452.86962890625 138.81873321533203
453.48291015625 77.46376037597656 482.0995330810547 77.46376037597656 482.0995330810547 138.22243881225586 453.48291015625 138.22243881225586
453.5736389160156 76.57038116455078 482.1831760406494 76.57038116455078 482.1831760406494 138.12937927246094 453.5736389160156 138.12937927246094
453.6114196777344 76.9553451538086 482.50519943237305 76.9553451538086 482.50519943237305 137.02281188964844 453.6114196777344 137.02281188964844
453.86773681640625 76.60062408447266 483.1434020996094 76.60062408447266 483.1434020996094 137.34841918945312 453.86773681640625 137.34841918945312
453.7649841308594 77.1153335571289 484.269100189209 77.1153335571289 484.269100189209 136.04046249389648 453.7649841308594 136.04046249389648
453.7640075683594 77.16779327392578 484.167293548584 77.16779327392578 484.167293548584 137.22784423828125 453.7640075683594 137.22784423828125
453.6024475097656 77.58036804199219 483.81561851501465 77.58036804199219 483.81561851501465 135.7147674560547 453.6024475097656 135.7147674560547
453.4728088378906 77.65202331542969 484.18803787231445 77.65202331542969 484.18803787231445 133.56954193115234 453.4728088378906 133.56954193115234
454.06561279296875 77.01118469238281 485.4178466796875 77.01118469238281 485.4178466796875 133.70428085327148 454.06561279296875 133.70428085327148
454.0257873535156 76.89552307128906 485.7508430480957 76.89552307128906 485.7508430480957 133.02806091308594 454.0257873535156 133.02806091308594
454.05926513671875 77.53446197509766 485.8107261657715 77.53446197509766 485.8107261657715 132.28089904785156 454.05926513671875 132.28089904785156
454.7047424316406 74.79714965820312 486.71279525756836 74.79714965820312 486.71279525756836 131.18134689331055 454.7047424316406 131.18134689331055
455.59442138671875 74.92442321777344 487.1268672943115 74.92442321777344 487.1268672943115 131.8005142211914 455.59442138671875 131.8005142211914
456.060546875 73.46286010742188 487.65305519104004 73.46286010742188 487.65305519104004 131.35117721557617 456.060546875 131.35117721557617
456.20458984375 73.57179260253906 487.1894721984863 73.57179260253906 487.1894721984863 131.58820343017578 456.20458984375 131.58820343017578
457.32623291015625 74.33934020996094 487.5615749359131 74.33934020996094 487.5615749359131 133.9306182861328 457.32623291015625 133.9306182861328
457.7632751464844 74.23820495605469 488.127161026001 74.23820495605469 488.127161026001 133.0508155822754 457.7632751464844 133.0508155822754
457.72003173828125 74.56001281738281 487.72682189941406 74.56001281738281 487.72682189941406 131.3724021911621 457.72003173828125 131.3724021911621
459.0899963378906 74.52400970458984 489.3664741516113 74.52400970458984 489.3664741516113 132.28533172607422 459.0899963378906 132.28533172607422
458.746337890625 74.02812194824219 489.3669376373291 74.02812194824219 489.3669376373291 131.95141983032227 458.746337890625 131.95141983032227
459.8980407714844 72.65411376953125 490.0707664489746 72.65411376953125 490.0707664489746 130.28531646728516 459.8980407714844 130.28531646728516
459.82391357421875 74.10858154296875 490.3058052062988 74.10858154296875 490.3058052062988 132.03327560424805 459.82391357421875 132.03327560424805
461.347900390625 73.41484069824219 491.7151126861572 73.41484069824219 491.7151126861572 130.73089981079102 461.347900390625 130.73089981079102
460.8661193847656 74.50830078125 491.8661136627197 74.50830078125 491.8661136627197 130.33223724365234 460.8661193847656 130.33223724365234
461.71337890625 74.05848693847656 491.87571144104004 74.05848693847656 491.87571144104004 129.6947898864746 461.71337890625 129.6947898864746
462.3162536621094 75.2082748413086 492.61020851135254 75.2082748413086 492.61020851135254 129.92388153076172 462.3162536621094 129.92388153076172
461.22137451171875 74.0766372680664 491.47865867614746 74.0766372680664 491.47865867614746 130.42947387695312 461.22137451171875 130.42947387695312
461.37701416015625 73.56027221679688 492.64830017089844 73.56027221679688 492.64830017089844 129.89506912231445 461.37701416015625 129.89506912231445
461.785400390625 71.98181915283203 493.01856422424316 71.98181915283203 493.01856422424316 131.17199325561523 461.785400390625 131.17199325561523
461.87030029296875 70.8892822265625 493.7488651275635 70.8892822265625 493.7488651275635 130.85694122314453 461.87030029296875 130.85694122314453
462.04107666015625 71.15461730957031 493.4781799316406 71.15461730957031 493.4781799316406 130.07583236694336 462.04107666015625 130.07583236694336
463.7462463378906 72.85015869140625 494.7945613861084 72.85015869140625 494.7945613861084 130.85526275634766 463.7462463378906 130.85526275634766
463.5008850097656 72.70925903320312 493.8097267150879 72.70925903320312 493.8097267150879 129.91320037841797 463.5008850097656 129.91320037841797
464.0970764160156 71.35780334472656 495.10089683532715 71.35780334472656 495.10089683532715 130.33367538452148 464.0970764160156 130.33367538452148
465.035888671875 71.5557632446289 495.91575050354004 71.5557632446289 495.91575050354004 130.76306915283203 465.035888671875 130.76306915283203
466.2793884277344 71.1611328125 496.43072509765625 71.1611328125 496.43072509765625 130.63553619384766 466.2793884277344 130.63553619384766
466.9757385253906 69.81787872314453 496.59374046325684 69.81787872314453 496.59374046325684 129.4531135559082 466.9757385253906 129.4531135559082
466.68096923828125 70.00336456298828 498.00717544555664 70.00336456298828 498.00717544555664 127.3796157836914 466.68096923828125 127.3796157836914
467.38690185546875 71.31273651123047 497.3419647216797 71.31273651123047 497.3419647216797 127.1815414428711 467.38690185546875 127.1815414428711
467.5513610839844 70.56163024902344 497.105188369751 70.56163024902344 497.105188369751 126.81856536865234 467.5513610839844 126.81856536865234
468.32928466796875 71.8039779663086 497.42876625061035 71.8039779663086 497.42876625061035 126.89524459838867 468.32928466796875 126.89524459838867
468.4961853027344 71.27825927734375 498.3550262451172 71.27825927734375 498.3550262451172 126.59473419189453 468.4961853027344 126.59473419189453
468.5851135253906 68.26782989501953 499.1465721130371 68.26782989501953 499.1465721130371 125.10757446289062 468.5851135253906 125.10757446289062
468.1476135253906 66.99568176269531 499.3391876220703 66.99568176269531 499.3391876220703 125.60992813110352 468.1476135253906 125.60992813110352
469.92572021484375 69.03245544433594 500.3267879486084 69.03245544433594 500.3267879486084 127.7417984008789 469.92572021484375 127.7417984008789
469.9776306152344 68.51478576660156 500.6989231109619 68.51478576660156 500.6989231109619 124.70481872558594 469.9776306152344 124.70481872558594
470.06024169921875 66.59037017822266 500.5500602722168 66.59037017822266 500.5500602722168 124.18217849731445 470.06024169921875 124.18217849731445
471.5281677246094 68.7264404296875 502.0182228088379 68.7264404296875 502.0182228088379 125.49649047851562 471.5281677246094 125.49649047851562
472.85858154296875 67.46520233154297 502.8839874267578 67.46520233154297 502.8839874267578 124.53658294677734 472.85858154296875 124.53658294677734
472.0943908691406 66.08932495117188 502.233362197876 66.08932495117188 502.233362197876 123.36315155029297 472.0943908691406 123.36315155029297
473.58245849609375 67.9180908203125 503.6901512145996 67.9180908203125 503.6901512145996 125.6253776550293 473.58245849609375 125.6253776550293
473.96954345703125 66.49657440185547 504.2250061035156 66.49657440185547 504.2250061035156 123.87797164916992 473.96954345703125 123.87797164916992
474.78076171875 67.25215148925781 504.44940757751465 67.25215148925781 504.44940757751465 123.83353424072266 474.78076171875 123.83353424072266
474.03271484375 67.06024169921875 504.24927139282227 67.06024169921875 504.24927139282227 123.35810089111328 474.03271484375 123.35810089111328
474.9820861816406 67.48748779296875 503.96813011169434 67.48748779296875 503.96813011169434 122.95316314697266 474.9820861816406 122.95316314697266
475.29656982421875 68.62239837646484 504.3409881591797 68.62239837646484 504.3409881591797 123.36222457885742 475.29656982421875 123.36222457885742
476.02679443359375 68.21147155761719 504.69421768188477 68.21147155761719 504.69421768188477 122.02962875366211 476.02679443359375 122.02962875366211
474.9354553222656 66.694091796875 504.98940658569336 66.694091796875 504.98940658569336 122.2988166809082 474.9354553222656 122.2988166809082
476.210693359375 64.69439697265625 505.9425048828125 64.69439697265625 505.9425048828125 121.73337936401367 476.210693359375 121.73337936401367
476.9842224121094 63.230194091796875 506.7250156402588 63.230194091796875 506.7250156402588 119.40718841552734 476.9842224121094 119.40718841552734
476.7831115722656 65.07597351074219 506.3220024108887 65.07597351074219 506.3220024108887 121.49795150756836 476.7831115722656 121.49795150756836
478.340576171875 66.60479736328125 507.532470703125 66.60479736328125 507.532470703125 121.98173141479492 478.340576171875 121.98173141479492
478.30133056640625 64.09668731689453 507.70229148864746 64.09668731689453 507.70229148864746 119.61369705200195 478.30133056640625 119.61369705200195
478.8507385253906 64.2656021118164 507.68771743774414 64.2656021118164 507.68771743774414 119.70320129394531 478.8507385253906 119.70320129394531
479.7542419433594 65.03001403808594 508.659236907959 65.03001403808594 508.659236907959 119.66370010375977 479.7542419433594 119.66370010375977
480.86444091796875 63.00627517700195 509.8018913269043 63.00627517700195 509.8018913269043 117.66585922241211 480.86444091796875 117.66585922241211
481.58612060546875 64.60803985595703 509.40883445739746 64.60803985595703 509.40883445739746 119.86303329467773 481.58612060546875 119.86303329467773
481.99456787109375 62.84618377685547 510.7805881500244 62.84618377685547 510.7805881500244 117.2197380065918 481.99456787109375 117.2197380065918
481.24407958984375 62.631591796875 508.99725914001465 62.631591796875 508.99725914001465 116.5700454711914 481.24407958984375 116.5700454711914
