212.0 305.0 512.0 305.0 512.0 441.0 212.0 441.0
215.3724365234375 306.53021240234375 510.0900573730469 306.53021240234375 510.0900573730469 440.12254333496094 215.3724365234375 440.12254333496094
223.5355224609375 305.02423095703125 518.0320434570312 305.02423095703125 518.0320434570312 438.8222351074219 223.5355224609375 438.8222351074219
222.6008758544922 305.018798828125 519.2027435302734 305.018798828125 519.2027435302734 439.3819274902344 222.6008758544922 439.3819274902344
233.2274627685547 307.4712219238281 528.6192474365234 307.4712219238281 528.6192474365234 441.5201721191406 233.2274627685547 441.5201721191406
235.9306640625 305.579345703125 532.534423828125 305.579345703125 532.534423828125 440.0059814453125 235.9306640625 440.0059814453125
238.34814453125 304.1595153808594 533.21533203125 304.1595153808594 533.21533203125 437.5035400390625 238.34814453125 437.5035400390625
241.7376708984375 309.3307189941406 533.9794616699219 309.3307189941406 533.9794616699219 441.74560546875 241.7376708984375 441.74560546875
255.00186157226562 305.09881591796875 544.8271179199219 305.09881591796875 544.8271179199219 438.5121765136719 255.00186157226562 438.5121765136719
260.78167724609375 305.5506286621094 548.4048156738281 305.5506286621094 548.4048156738281 438.0244140625 260.78167724609375 438.0244140625
264.08245849609375 304.84185791015625 554.3955078125 304.84185791015625 554.3955078125 438.439208984375 264.08245849609375 438.439208984375
268.926025390625 304.61297607421875 558.1013488769531 304.61297607421875 558.1013488769531 437.74501037597656 268.926025390625 437.74501037597656
272.7400817871094 305.6885986328125 560.6661987304688 305.6885986328125 560.6661987304688 438.97174072265625 272.7400817871094 438.97174072265625
279.9807434082031 302.1946105957031 567.0068054199219 302.1946105957031 567.0068054199219 438.13604736328125 279.9807434082031 438.13604736328125
285.11114501953125 302.8049621582031 570.8245849609375 302.8049621582031 570.8245849609375 436.18035888671875 285.11114501953125 436.18035888671875
287.60748291015625 305.3577575683594 573.95068359375 305.3577575683594 573.95068359375 437.36293029785156 287.60748291015625 437.36293029785156
293.7891540527344 302.466552734375 579.4194946289062 302.466552734375 579.4194946289062 435.3427276611328 293.7891540527344 435.3427276611328
297.58258056640625 305.693359375 584.0147094726562 305.693359375 584.0147094726562 437.82269287109375 297.58258056640625 437.82269287109375
304.8836669921875 302.68017578125 586.0410766601562 302.68017578125 586.0410766601562 433.0334167480469 304.8836669921875 433.0334167480469
306.10345458984375 306.6471252441406 582.5846862792969 306.6471252441406 582.5846862792969 436.17694091796875 306.10345458984375 436.17694091796875
302.5718994140625 308.5986633300781 581.7960510253906 308.5986633300781 581.7960510253906 437.33636474609375 302.5718994140625 437.33636474609375
301.7799072265625 304.81298828125 579.8059387207031 304.81298828125 579.8059387207031 434.3313293457031 301.7799072265625 434.3313293457031
297.649169921875 303.43121337890625 577.8455200195312 303.43121337890625 577.8455200195312 434.8650207519531 297.649169921875 434.8650207519531
298.88275146484375 300.68145751953125 575.7974548339844 300.68145751953125 575.7974548339844 431.6263732910156 298.88275146484375 431.6263732910156
299.2760925292969 300.02850341796875 575.4645690917969 300.02850341796875 575.4645690917969 431.5391082763672 299.2760925292969 431.5391082763672
295.6959533691406 299.34466552734375 573.7384948730469 299.34466552734375 573.7384948730469 432.63221740722656 295.6959533691406 432.63221740722656
295.4122009277344 299.76556396484375 573.1650390625 299.76556396484375 573.1650390625 432.12620544433594 295.4122009277344 432.12620544433594
295.42083740234375 299.4548034667969 570.3344116210938 299.4548034667969 570.3344116210938 431.1789245605469 295.42083740234375 431.1789245605469
294.3974914550781 298.57464599609375 572.6067810058594 298.57464599609375 572.6067810058594 431.5800476074219 294.3974914550781 431.5800476074219
290.6402587890625 301.918212890625 566.5751342773438 301.918212890625 566.5751342773438 432.6817932128906 290.6402587890625 432.6817932128906
292.3697814941406 299.2226257324219 565.6812133789062 299.2226257324219 565.6812133789062 428.9049835205078 292.3697814941406 428.9049835205078
291.2147521972656 297.993896484375 566.3155212402344 297.993896484375 566.3155212402344 429.4588317871094 291.2147521972656 429.4588317871094
291.14324951171875 297.4242248535156 566.1750793457031 297.4242248535156 566.1750793457031 429.31056213378906 291.14324951171875 429.31056213378906
288.1235656738281 298.421630859375 565.3132019042969 298.421630859375 565.3132019042969 429.0319519042969 288.1235656738281 429.0319519042969
287.9559020996094 298.7734375 562.712890625 298.7734375 562.712890625 428.5634460449219 287.9559020996094 428.5634460449219
283.38568115234375 302.0638122558594 562.460205078125 302.0638122558594 562.460205078125 432.0629577636719 283.38568115234375 432.0629577636719
283.3288269042969 299.82672119140625 560.0473937988281 299.82672119140625 560.0473937988281 429.03321838378906 283.3288269042969 429.03321838378906
286.6064453125 297.8824462890625 562.5503845214844 297.8824462890625 562.5503845214844 427.77215576171875 286.6064453125 427.77215576171875
287.11602783203125 297.22027587890625 560.4197387695312 297.22027587890625 560.4197387695312 427.11363220214844 287.11602783203125 427.11363220214844
285.5638122558594 296.1141662597656 560.7966613769531 296.1141662597656 560.7966613769531 426.3216857910156 285.5638122558594 426.3216857910156
285.57122802734375 297.9342956542969 559.7980651855469 297.9342956542969 559.7980651855469 427.76092529296875 285.57122802734375 427.76092529296875
284.90362548828125 296.2259216308594 561.2343444824219 296.2259216308594 561.2343444824219 426.46044921875 284.90362548828125 426.46044921875
283.8868713378906 296.7943420410156 560.2496032714844 296.7943420410156 560.2496032714844 426.5374298095703 283.8868713378906 426.5374298095703
290.2268981933594 297.6941223144531 562.8050842285156 297.6941223144531 562.8050842285156 426.9185333251953 290.2268981933594 426.9185333251953
287.99072265625 297.26580810546875 557.5391540527344 297.26580810546875 557.5391540527344 426.8700866699219 287.99072265625 426.8700866699219
291.2430114746094 293.0550842285156 562.5617065429688 293.0550842285156 562.5617065429688 424.41534423828125 291.2430114746094 424.41534423828125
290.07757568359375 292.2503356933594 562.827392578125 292.2503356933594 562.827392578125 423.3302001953125 290.07757568359375 423.3302001953125
293.7230529785156 291.48883056640625 566.1035766601562 291.48883056640625 566.1035766601562 422.35166931152344 293.7230529785156 422.35166931152344
297.0735778808594 291.863525390625 565.1971740722656 291.863525390625 565.1971740722656 421.1987609863281 297.0735778808594 421.1987609863281
289.241943359375 293.2742614746094 562.2894897460938 293.2742614746094 562.2894897460938 421.93603515625 289.241943359375 421.93603515625
300.18463134765625 289.4727478027344 568.5468444824219 289.4727478027344 568.5468444824219 419.4713134765625 300.18463134765625 419.4713134765625
301.3495178222656 288.79547119140625 571.013671875 288.79547119140625 571.013671875 418.8988494873047 301.3495178222656 418.8988494873047
303.6040344238281 287.9977111816406 574.319091796875 287.9977111816406 574.319091796875 418.2971496582031 303.6040344238281 418.2971496582031
306.0869445800781 287.4884948730469 574.1576538085938 287.4884948730469 574.1576538085938 417.81248474121094 306.0869445800781 417.81248474121094
309.3017883300781 284.6466369628906 574.2330017089844 284.6466369628906 574.2330017089844 415.8058319091797 309.3017883300781 415.8058319091797
309.83404541015625 284.90234375 575.4737243652344 284.90234375 575.4737243652344 415.3866729736328 309.83404541015625 415.3866729736328
313.4540100097656 283.9212646484375 577.6274719238281 283.9212646484375 577.6274719238281 414.4649963378906 313.4540100097656 414.4649963378906
314.9841003417969 283.70794677734375 578.4041748046875 283.70794677734375 578.4041748046875 413.6875915527344 314.9841003417969 413.6875915527344
318.4581604003906 282.53607177734375 578.7403259277344 282.53607177734375 578.7403259277344 412.60357666015625 318.4581604003906 412.60357666015625
319.76300048828125 280.50103759765625 580.0787658691406 280.50103759765625 580.0787658691406 411.7937774658203 319.76300048828125 411.7937774658203
325.15545654296875 280.27044677734375 580.6946868896484 280.27044677734375 580.6946868896484 411.0974578857422 325.15545654296875 411.0974578857422
324.55120849609375 279.22808837890625 580.5954284667969 279.22808837890625 580.5954284667969 411.44883728027344 324.55120849609375 411.44883728027344
325.2762756347656 278.49810791015625 580.9693450927734 278.49810791015625 580.9693450927734 408.73902893066406 325.2762756347656 408.73902893066406
330.471435546875 278.0069274902344 578.0536651611328 278.0069274902344 578.0536651611328 406.35960388183594 330.471435546875 406.35960388183594
330.62384033203125 277.98602294921875 580.1517639160156 277.98602294921875 580.1517639160156 406.2007598876953 330.62384033203125 406.2007598876953
329.8943176269531 277.7425842285156 576.5205841064453 277.7425842285156 576.5205841064453 403.74816131591797 329.8943176269531 403.74816131591797
341.80364990234375 275.4006652832031 578.9690246582031 275.4006652832031 578.9690246582031 402.1248474121094 341.80364990234375 402.1248474121094
340.7633972167969 274.1691589355469 579.0840454101562 274.1691589355469 579.0840454101562 399.7427444458008 340.7633972167969 399.7427444458008
342.3077697753906 273.4183044433594 577.3585968017578 273.4183044433594 577.3585968017578 399.9413375854492 342.3077697753906 399.9413375854492
344.19744873046875 271.81146240234375 577.4289703369141 271.81146240234375 577.4289703369141 400.44178771972656 344.19744873046875 400.44178771972656
343.94305419921875 271.34857177734375 578.4434509277344 271.34857177734375 578.4434509277344 398.18180084228516 343.94305419921875 398.18180084228516
351.2169494628906 271.36846923828125 578.2811584472656 271.36846923828125 578.2811584472656 395.82828521728516 351.2169494628906 395.82828521728516
348.331787109375 270.75970458984375 576.0682067871094 270.75970458984375 576.0682067871094 395.1523208618164 348.331787109375 395.1523208618164
348.05291748046875 270.4957580566406 574.7637634277344 270.4957580566406 574.7637634277344 392.0188522338867 348.05291748046875 392.0188522338867
343.67694091796875 270.05816650390625 573.4662933349609 270.05816650390625 573.4662933349609 391.71089935302734 343.67694091796875 391.71089935302734
340.87841796875 270.7669677734375 570.8296661376953 270.7669677734375 570.8296661376953 391.6385955810547 340.87841796875 391.6385955810547
346.9267883300781 269.31072998046875 570.1518859863281 269.31072998046875 570.1518859863281 388.76564025878906 346.9267883300781 388.76564025878906
346.8978576660156 270.3366394042969 564.2064514160156 270.3366394042969 564.2064514160156 388.8774108886719 346.8978576660156 388.8774108886719
346.0683288574219 269.3006286621094 563.498291015625 269.3006286621094 563.498291015625 386.90343475341797 346.0683288574219 386.90343475341797
345.1566467285156 268.8277893066406 562.3350677490234 268.8277893066406 562.3350677490234 386.0712203979492 345.1566467285156 386.0712203979492
345.76568603515625 268.465087890625 558.2705230712891 268.465087890625 558.2705230712891 383.5446548461914 345.76568603515625 383.5446548461914
346.4721374511719 268.42364501953125 557.892333984375 268.42364501953125 557.892333984375 382.2889404296875 346.4721374511719 382.2889404296875
348.80224609375 265.1983337402344 560.5836486816406 265.1983337402344 560.5836486816406 381.4612731933594 348.80224609375 381.4612731933594
346.44805908203125 266.1984558105469 555.2758483886719 266.1984558105469 555.2758483886719 380.3271942138672 346.44805908203125 380.3271942138672
346.1280212402344 266.07196044921875 553.2796325683594 266.07196044921875 553.2796325683594 378.76641845703125 346.1280212402344 378.76641845703125
347.71337890625 265.2601318359375 552.5653381347656 265.2601318359375 552.5653381347656 377.6199493408203 347.71337890625 377.6199493408203
349.170654296875 263.6366271972656 550.5859222412109 263.6366271972656 550.5859222412109 374.79405212402344 349.170654296875 374.79405212402344
347.0832214355469 263.56292724609375 548.1723327636719 263.56292724609375 548.1723327636719 373.46453857421875 347.0832214355469 373.46453857421875
350.14251708984375 263.92791748046875 549.3227233886719 263.92791748046875 549.3227233886719 373.19956970214844 350.14251708984375 373.19956970214844
346.0440979003906 263.61761474609375 548.0094299316406 263.61761474609375 548.0094299316406 370.54937744140625 346.0440979003906 370.54937744140625
349.8804931640625 264.5169372558594 550.7782287597656 264.5169372558594 550.7782287597656 370.1486053466797 349.8804931640625 370.1486053466797
351.5306701660156 265.89349365234375 550.3254699707031 265.89349365234375 550.3254699707031 368.3262481689453 351.5306701660156 368.3262481689453
359.3963623046875 264.44573974609375 551.4427642822266 264.44573974609375 551.4427642822266 365.3820343017578 359.3963623046875 365.3820343017578
358.88409423828125 264.8858337402344 550.2594757080078 264.8858337402344 550.2594757080078 363.1402359008789 358.88409423828125 363.1402359008789
359.073486328125 268.7270202636719 546.4287872314453 268.7270202636719 546.4287872314453 364.3431091308594 359.073486328125 364.3431091308594
353.94146728515625 262.5731506347656 539.0506286621094 262.5731506347656 539.0506286621094 357.2971878051758 353.94146728515625 357.2971878051758
333.455078125 260.32830810546875 550.5746612548828 260.32830810546875 550.5746612548828 358.75575256347656 333.455078125 358.75575256347656
348.7877197265625 265.9698791503906 530.1347961425781 265.9698791503906 530.1347961425781 354.5784454345703 348.7877197265625 354.5784454345703
340.540771484375 242.74533081054688 508.0721740722656 242.74533081054688 508.0721740722656 341.8003463745117 340.540771484375 341.8003463745117
338.76068115234375 242.64572143554688 508.1689758300781 242.64572143554688 508.1689758300781 341.9203109741211 338.76068115234375 341.9203109741211
332.7880859375 241.6030731201172 498.0003356933594 241.6030731201172 498.0003356933594 338.5610656738281 332.7880859375 338.5610656738281
328.40447998046875 241.9237518310547 496.6321716308594 241.9237518310547 496.6321716308594 336.7908477783203 328.40447998046875 336.7908477783203
325.12396240234375 242.11538696289062 491.9042053222656 242.11538696289062 491.9042053222656 335.9338150024414 325.12396240234375 335.9338150024414
321.026611328125 239.97573852539062 487.7941589355469 239.97573852539062 487.7941589355469 332.95116424560547 321.026611328125 332.95116424560547
317.35888671875 238.07510375976562 482.1103973388672 238.07510375976562 482.1103973388672 331.3766403198242 317.35888671875 331.3766403198242
311.5544128417969 239.068359375 482.1380310058594 239.068359375 482.1380310058594 331.08750915527344 311.5544128417969 331.08750915527344
306.0185852050781 235.80380249023438 475.01220703125 235.80380249023438 475.01220703125 328.84727478027344 306.0185852050781 328.84727478027344
302.5151672363281 234.0220489501953 473.6942138671875 234.0220489501953 473.6942138671875 326.3906707763672 302.5151672363281 326.3906707763672
298.93218994140625 230.9756622314453 465.65342712402344 230.9756622314453 465.65342712402344 324.01119232177734 298.93218994140625 324.01119232177734
293.28302001953125 232.0522003173828 458.9385223388672 232.0522003173828 458.9385223388672 320.5937194824219 293.28302001953125 320.5937194824219
287.95733642578125 230.3740997314453 453.30809020996094 230.3740997314453 453.30809020996094 318.5777282714844 287.95733642578125 318.5777282714844
284.32470703125 230.1311798095703 446.89576721191406 230.1311798095703 446.89576721191406 317.50052642822266 284.32470703125 317.50052642822266
278.3160705566406 228.79745483398438 442.6388854980469 228.79745483398438 442.6388854980469 315.4493865966797 278.3160705566406 315.4493865966797
277.46502685546875 230.0397186279297 436.46299743652344 230.0397186279297 436.46299743652344 313.79932403564453 277.46502685546875 313.79932403564453
264.74127197265625 225.54782104492188 424.02146911621094 225.54782104492188 424.02146911621094 309.8750991821289 264.74127197265625 309.8750991821289
265.19110107421875 224.86154174804688 422.6337432861328 224.86154174804688 422.6337432861328 308.3045196533203 265.19110107421875 308.3045196533203
255.74325561523438 221.5414276123047 415.0172424316406 221.5414276123047 415.0172424316406 306.16011810302734 255.74325561523438 306.16011810302734
250.734375 224.26138305664062 404.2998962402344 224.26138305664062 404.2998962402344 303.88673400878906 250.734375 303.88673400878906
247.83316040039062 219.13949584960938 401.5366668701172 219.13949584960938 401.5366668701172 301.68605041503906 247.83316040039062 301.68605041503906
243.764404296875 223.73544311523438 396.7466583251953 223.73544311523438 396.7466583251953 302.1385192871094 243.764404296875 302.1385192871094
237.24459838867188 216.73751831054688 388.2174072265625 216.73751831054688 388.2174072265625 297.78367614746094 237.24459838867188 297.78367614746094
240.249755859375 215.8274383544922 381.4920349121094 215.8274383544922 381.4920349121094 295.3372039794922 240.249755859375 295.3372039794922
240.8909149169922 213.13015747070312 381.71051025390625 213.13015747070312 381.71051025390625 293.02325439453125 240.8909149169922 293.02325439453125
241.11911010742188 209.9081573486328 382.31646728515625 209.9081573486328 382.31646728515625 292.1869812011719 241.11911010742188 292.1869812011719
238.49404907226562 208.1476593017578 377.6769104003906 208.1476593017578 377.6769104003906 288.86370849609375 238.49404907226562 288.86370849609375
240.1706085205078 207.92770385742188 377.8581848144531 207.92770385742188 377.8581848144531 288.0878372192383 240.1706085205078 288.0878372192383
238.93679809570312 205.4947509765625 378.47491455078125 205.4947509765625 378.47491455078125 286.3570098876953 238.93679809570312 286.3570098876953
236.803955078125 204.70492553710938 374.5534210205078 204.70492553710938 374.5534210205078 284.9625244140625 236.803955078125 284.9625244140625
236.6744842529297 201.99246215820312 372.74891662597656 201.99246215820312 372.74891662597656 281.9796142578125 236.6744842529297 281.9796142578125
237.41549682617188 199.6649627685547 370.77452087402344 199.6649627685547 370.77452087402344 279.26904296875 237.41549682617188 279.26904296875
237.07418823242188 199.6378631591797 368.56459045410156 199.6378631591797 368.56459045410156 278.0168762207031 237.07418823242188 278.0168762207031
237.49240112304688 198.2120819091797 369.6163330078125 198.2120819091797 369.6163330078125 276.3351821899414 237.49240112304688 276.3351821899414
237.01541137695312 197.8649444580078 365.86143493652344 197.8649444580078 365.86143493652344 274.51119232177734 237.01541137695312 274.51119232177734
236.91549682617188 196.1781463623047 366.1086120605469 196.1781463623047 366.1086120605469 272.3150405883789 236.91549682617188 272.3150405883789
237.3531494140625 196.38308715820312 363.84129333496094 196.38308715820312 363.84129333496094 271.5852508544922 237.3531494140625 271.5852508544922
235.2592315673828 191.3352813720703 361.690673828125 191.3352813720703 361.690673828125 268.00592041015625 235.2592315673828 268.00592041015625
233.3991241455078 191.67333984375 357.3261032104492 191.67333984375 357.3261032104492 266.40106201171875 233.3991241455078 266.40106201171875
233.8363037109375 188.10092163085938 357.4552764892578 188.10092163085938 357.4552764892578 263.78916931152344 233.8363037109375 263.78916931152344
233.1238250732422 190.07302856445312 355.8509826660156 190.07302856445312 355.8509826660156 263.36375427246094 233.1238250732422 263.36375427246094
233.30459594726562 187.41673278808594 353.7904815673828 187.41673278808594 353.7904815673828 261.6807861328125 233.30459594726562 261.6807861328125
229.80099487304688 186.84939575195312 357.54174041748047 186.84939575195312 357.54174041748047 259.41504669189453 229.80099487304688 259.41504669189453
236.80722045898438 187.79544067382812 367.15565490722656 187.79544067382812 367.15565490722656 257.37535095214844 236.80722045898438 257.37535095214844
238.11825561523438 186.28543090820312 364.07337951660156 186.28543090820312 364.07337951660156 257.02893829345703 238.11825561523438 257.02893829345703
245.372802734375 183.88876342773438 367.58807373046875 183.88876342773438 367.58807373046875 255.2387237548828 245.372802734375 255.2387237548828
250.7870330810547 182.19845581054688 372.0805130004883 182.19845581054688 372.0805130004883 252.90851593017578 250.7870330810547 252.90851593017578
253.6532745361328 181.7058868408203 376.0459976196289 181.7058868408203 376.0459976196289 250.77593994140625 253.6532745361328 250.77593994140625
261.01617431640625 179.7559051513672 379.92942810058594 179.7559051513672 379.92942810058594 248.65377807617188 261.01617431640625 248.65377807617188
264.544921875 183.1702117919922 382.3099822998047 183.1702117919922 382.3099822998047 247.412841796875 264.544921875 247.412841796875
270.8945007324219 180.4535675048828 385.39281463623047 180.4535675048828 385.39281463623047 245.56158447265625 270.8945007324219 245.56158447265625
275.51116943359375 179.33950805664062 386.7211151123047 179.33950805664062 386.7211151123047 243.3341293334961 275.51116943359375 243.3341293334961
279.9978942871094 176.31072998046875 392.86582946777344 176.31072998046875 392.86582946777344 242.36139678955078 279.9978942871094 242.36139678955078
283.2862243652344 178.935302734375 396.97193908691406 178.935302734375 396.97193908691406 240.11181640625 283.2862243652344 240.11181640625
292.09149169921875 175.48667907714844 402.32679748535156 175.48667907714844 402.32679748535156 238.2279396057129 292.09149169921875 238.2279396057129
296.8458557128906 174.6951141357422 403.73411560058594 174.6951141357422 403.73411560058594 237.84267807006836 296.8458557128906 237.84267807006836
302.4394226074219 174.53944396972656 407.1880569458008 174.53944396972656 407.1880569458008 236.7321434020996 302.4394226074219 236.7321434020996
301.77276611328125 172.87295532226562 411.7839813232422 172.87295532226562 411.7839813232422 234.44165802001953 301.77276611328125 234.44165802001953
307.2427978515625 174.89356994628906 412.92625427246094 174.89356994628906 412.92625427246094 234.3257064819336 307.2427978515625 234.3257064819336
317.0091247558594 173.12161254882812 421.38023376464844 173.12161254882812 421.38023376464844 232.5562515258789 317.0091247558594 232.5562515258789
319.833984375 171.58786010742188 423.5315933227539 171.58786010742188 423.5315933227539 231.73561477661133 319.833984375 231.73561477661133
326.00579833984375 170.22811889648438 430.25850677490234 170.22811889648438 430.25850677490234 229.46985626220703 326.00579833984375 229.46985626220703
330.9190673828125 166.9659423828125 434.05655670166016 166.9659423828125 434.05655670166016 228.48873138427734 330.9190673828125 228.48873138427734
331.78131103515625 166.63436889648438 432.0646209716797 166.63436889648438 432.0646209716797 227.70369720458984 331.78131103515625 227.70369720458984
330.82598876953125 164.24746704101562 430.15122985839844 164.24746704101562 430.15122985839844 226.67418670654297 330.82598876953125 226.67418670654297
328.6052551269531 162.2636260986328 430.86183166503906 162.2636260986328 430.86183166503906 225.33110809326172 328.6052551269531 225.33110809326172
324.569580078125 162.22903442382812 431.17445373535156 162.22903442382812 431.17445373535156 222.02218627929688 324.569580078125 222.02218627929688
327.89752197265625 161.82809448242188 433.39019775390625 161.82809448242188 433.39019775390625 220.98538208007812 327.89752197265625 220.98538208007812
328.09814453125 164.64553833007812 437.9746856689453 164.64553833007812 437.9746856689453 219.0944938659668 328.09814453125 219.0944938659668
335.9267578125 160.10987854003906 442.5835418701172 160.10987854003906 442.5835418701172 217.94337463378906 335.9267578125 217.94337463378906
341.37493896484375 158.78118896484375 446.43936920166016 158.78118896484375 446.43936920166016 217.24040985107422 341.37493896484375 217.24040985107422
345.6466369628906 157.3152313232422 453.0250549316406 157.3152313232422 453.0250549316406 214.8956069946289 345.6466369628906 214.8956069946289
350.9231262207031 154.92874145507812 455.55332946777344 154.92874145507812 455.55332946777344 213.36306762695312 350.9231262207031 213.36306762695312
358.20526123046875 154.39614868164062 459.3529052734375 154.39614868164062 459.3529052734375 211.2364616394043 358.20526123046875 211.2364616394043
359.52239990234375 152.77871704101562 459.1798858642578 152.77871704101562 459.1798858642578 210.12866973876953 359.52239990234375 210.12866973876953
361.4853210449219 149.93348693847656 457.31446075439453 149.93348693847656 457.31446075439453 208.9627227783203 361.4853210449219 208.9627227783203
360.85003662109375 149.94949340820312 454.25868225097656 149.94949340820312 454.25868225097656 207.37904739379883 360.85003662109375 207.37904739379883
359.681396484375 147.60031127929688 452.28699493408203 147.60031127929688 452.28699493408203 206.2595443725586 359.681396484375 206.2595443725586
357.33685302734375 146.10177612304688 452.7107162475586 146.10177612304688 452.7107162475586 205.0320053100586 357.33685302734375 205.0320053100586
359.25482177734375 146.16148376464844 451.7820816040039 146.16148376464844 451.7820816040039 205.04027938842773 359.25482177734375 205.04027938842773
356.76580810546875 145.09283447265625 449.25038146972656 145.09283447265625 449.25038146972656 203.2429313659668 356.76580810546875 203.2429313659668
357.4271240234375 144.25424194335938 450.40098571777344 144.25424194335938 450.40098571777344 203.98881149291992 357.4271240234375 203.98881149291992
356.0527038574219 143.2021942138672 447.8497314453125 143.2021942138672 447.8497314453125 201.2323226928711 356.0527038574219 201.2323226928711
354.84930419921875 141.46316528320312 446.1658172607422 141.46316528320312 446.1658172607422 199.82722091674805 354.84930419921875 199.82722091674805
353.03912353515625 141.5631866455078 444.3893585205078 141.5631866455078 444.3893585205078 198.8275375366211 353.03912353515625 198.8275375366211
352.70794677734375 139.99005126953125 442.88734436035156 139.99005126953125 442.88734436035156 197.79806518554688 352.70794677734375 197.79806518554688
352.0871887207031 135.6365966796875 442.1819152832031 135.6365966796875 442.1819152832031 194.26263427734375 352.0871887207031 194.26263427734375
351.0189514160156 137.35000610351562 443.7060089111328 137.35000610351562 443.7060089111328 193.9697036743164 351.0189514160156 193.9697036743164
352.353759765625 137.1759490966797 449.17345428466797 137.1759490966797 449.17345428466797 191.20510482788086 352.353759765625 191.20510482788086
354.93914794921875 136.04486083984375 454.03114318847656 136.04486083984375 454.03114318847656 189.31325149536133 354.93914794921875 189.31325149536133
360.29486083984375 134.6911163330078 458.9371337890625 134.6911163330078 458.9371337890625 189.53980255126953 360.29486083984375 189.53980255126953
356.35809326171875 138.24583435058594 475.3224868774414 138.24583435058594 475.3224868774414 192.17628479003906 356.35809326171875 192.17628479003906
353.57281494140625 135.97906494140625 473.4902114868164 135.97906494140625 473.4902114868164 190.3415412902832 353.57281494140625 190.3415412902832
351.9864501953125 135.39956665039062 470.2898712158203 135.39956665039062 470.2898712158203 189.0303726196289 351.9864501953125 189.0303726196289
363.7319641113281 134.10433959960938 480.98365783691406 134.10433959960938 480.98365783691406 187.25836944580078 363.7319641113281 187.25836944580078
325.69091796875 141.789306640625 442.7532501220703 141.789306640625 442.7532501220703 194.85749053955078 325.69091796875 194.85749053955078
300.50726318359375 159.61465454101562 418.43009185791016 159.61465454101562 418.43009185791016 213.07292556762695 300.50726318359375 213.07292556762695
268.3699951171875 125.60942077636719 385.69344329833984 125.60942077636719 385.69344329833984 178.79598236083984 268.3699951171875 178.79598236083984
259.7821350097656 118.63368225097656 377.23303985595703 118.63368225097656 377.23303985595703 171.8780174255371 259.7821350097656 171.8780174255371
236.7118682861328 18.774734497070312 354.50675201416016 18.774734497070312 354.50675201416016 72.17501068115234 236.7118682861328 72.17501068115234
204.9533233642578 0.0 319.4394073486328 0.0 319.4394073486328 51.900291442871094 204.9533233642578 51.900291442871094
159.78720092773438 35.68345260620117 272.0431365966797 35.68345260620117 272.0431365966797 86.57274627685547 159.78720092773438 86.57274627685547
131.88270568847656 49.09727096557617 243.04375457763672 49.09727096557617 243.04375457763672 99.49021911621094 131.88270568847656 99.49021911621094
95.2231674194336 75.80958557128906 206.61322021484375 75.80958557128906 206.61322021484375 126.30634307861328 95.2231674194336 126.30634307861328
59.11088943481445 126.33149719238281 170.28293228149414 126.33149719238281 170.28293228149414 176.72942352294922 59.11088943481445 176.72942352294922
54.75529098510742 142.5721893310547 147.56943893432617 142.5721893310547 147.56943893432617 194.68169403076172 54.75529098510742 194.68169403076172
55.2149772644043 137.34703063964844 146.76272201538086 137.34703063964844 146.76272201538086 190.5448226928711 55.2149772644043 190.5448226928711
54.437721252441406 137.70553588867188 146.20838928222656 137.70553588867188 146.20838928222656 190.98397064208984 54.437721252441406 190.98397064208984
54.01508331298828 136.38986206054688 147.7575912475586 136.38986206054688 147.7575912475586 189.2479362487793 54.01508331298828 189.2479362487793
54.48551559448242 137.8794708251953 147.65407180786133 137.8794708251953 147.65407180786133 191.15628814697266 54.48551559448242 191.15628814697266
54.567649841308594 138.9952850341797 147.76953125 138.9952850341797 147.76953125 191.75940322875977 54.567649841308594 191.75940322875977
51.24951934814453 139.00518798828125 146.86184692382812 139.00518798828125 146.86184692382812 192.56914138793945 51.24951934814453 192.56914138793945
51.35117721557617 136.59295654296875 147.03247451782227 136.59295654296875 147.03247451782227 190.66390228271484 51.35117721557617 190.66390228271484
52.99684524536133 136.8800811767578 145.96350479125977 136.8800811767578 145.96350479125977 189.98186874389648 52.99684524536133 189.98186874389648
52.28986358642578 136.2857208251953 145.12052154541016 136.2857208251953 145.12052154541016 190.7604217529297 52.28986358642578 190.7604217529297
49.985198974609375 136.9821014404297 144.8127212524414 136.9821014404297 144.8127212524414 192.11728286743164 49.985198974609375 192.11728286743164
50.2092399597168 135.95724487304688 144.24108505249023 135.95724487304688 144.24108505249023 190.75983810424805 50.2092399597168 190.75983810424805
49.67658233642578 134.9310302734375 142.93172454833984 134.9310302734375 142.93172454833984 190.06957244873047 49.67658233642578 190.06957244873047
51.1766242980957 135.72911071777344 143.39963150024414 135.72911071777344 143.39963150024414 189.8647804260254 51.1766242980957 189.8647804260254
50.759010314941406 137.1508026123047 142.11785888671875 137.1508026123047 142.11785888671875 190.5423355102539 50.759010314941406 190.5423355102539
49.636268615722656 138.84323120117188 141.93470001220703 138.84323120117188 141.93470001220703 192.06481170654297 49.636268615722656 192.06481170654297
50.21421432495117 137.48919677734375 142.30337142944336 137.48919677734375 142.30337142944336 191.60758209228516 50.21421432495117 191.60758209228516
50.29817581176758 135.76785278320312 141.49312210083008 135.76785278320312 141.49312210083008 190.06591033935547 50.29817581176758 190.06591033935547
48.887691497802734 138.2586669921875 140.1832618713379 138.2586669921875 140.1832618713379 191.55388259887695 48.887691497802734 191.55388259887695
48.235015869140625 138.36679077148438 139.66332244873047 138.36679077148438 139.66332244873047 191.54063034057617 48.235015869140625 191.54063034057617
47.9150390625 137.663818359375 138.4677963256836 137.663818359375 138.4677963256836 190.54383087158203 47.9150390625 190.54383087158203
50.63322067260742 138.4985809326172 140.79622268676758 138.4985809326172 140.79622268676758 192.00371932983398 50.63322067260742 192.00371932983398
47.433589935302734 138.81015014648438 138.72479629516602 138.81015014648438 138.72479629516602 192.20146942138672 47.433589935302734 192.20146942138672
49.09990692138672 138.30056762695312 139.2575912475586 138.30056762695312 139.2575912475586 192.65877151489258 49.09990692138672 192.65877151489258
47.22874069213867 140.6785888671875 137.69012069702148 140.6785888671875 137.69012069702148 194.27401733398438 47.22874069213867 194.27401733398438
47.805625915527344 139.10342407226562 136.99591827392578 139.10342407226562 136.99591827392578 193.14833450317383 47.805625915527344 193.14833450317383
45.475257873535156 139.7289276123047 137.13938903808594 139.7289276123047 137.13938903808594 194.10904693603516 45.475257873535156 194.10904693603516
44.329376220703125 141.48324584960938 137.2375946044922 141.48324584960938 137.2375946044922 195.5749282836914 44.329376220703125 195.5749282836914
44.31403732299805 139.80520629882812 136.2732048034668 139.80520629882812 136.2732048034668 193.64188766479492 44.31403732299805 193.64188766479492
40.512752532958984 141.0724334716797 134.5625114440918 141.0724334716797 134.5625114440918 194.82159042358398 40.512752532958984 194.82159042358398
41.74789810180664 142.61224365234375 135.27522659301758 142.61224365234375 135.27522659301758 194.19377899169922 41.74789810180664 194.19377899169922
34.015411376953125 145.18453979492188 134.2043914794922 145.18453979492188 134.2043914794922 198.46553802490234 34.015411376953125 198.46553802490234
38.581787109375 153.90049743652344 136.05760192871094 153.90049743652344 136.05760192871094 207.76806259155273 38.581787109375 207.76806259155273
42.19839096069336 161.42379760742188 137.7806510925293 161.42379760742188 137.7806510925293 214.45394134521484 42.19839096069336 214.45394134521484
42.63654327392578 164.78799438476562 138.11370086669922 164.78799438476562 138.11370086669922 217.8599624633789 42.63654327392578 217.8599624633789
35.27986526489258 174.2563934326172 147.64609909057617 174.2563934326172 147.64609909057617 225.1957130432129 35.27986526489258 225.1957130432129
45.20069122314453 175.9603271484375 138.40412139892578 175.9603271484375 138.40412139892578 230.5890007019043 45.20069122314453 230.5890007019043
42.19089889526367 179.20086669921875 137.79433822631836 179.20086669921875 137.79433822631836 233.10133743286133 42.19089889526367 233.10133743286133
41.21933364868164 183.384033203125 137.17199325561523 183.384033203125 137.17199325561523 237.23554229736328 41.21933364868164 237.23554229736328
43.858741760253906 185.8555145263672 137.13168334960938 185.8555145263672 137.13168334960938 242.02206802368164 43.858741760253906 242.02206802368164
