564.0 160.0 597.0 160.0 597.0 250.0 564.0 250.0
560.1812744140625 161.11827087402344 592.4033508300781 161.11827087402344 592.4033508300781 248.16303253173828 560.1812744140625 248.16303253173828
555.6134033203125 160.13531494140625 587.8617134094238 160.13531494140625 587.8617134094238 248.1322021484375 555.6134033203125 248.1322021484375
549.8319091796875 166.36819458007812 579.470251083374 166.36819458007812 579.470251083374 254.2561264038086 549.8319091796875 254.2561264038086
545.9552612304688 162.24435424804688 573.8243160247803 162.24435424804688 573.8243160247803 250.73362731933594 545.9552612304688 250.73362731933594
542.0966796875 154.29510498046875 569.757251739502 154.29510498046875 569.757251739502 245.0991668701172 542.0966796875 245.0991668701172
537.02783203125 154.1864776611328 567.0070838928223 154.1864776611328 567.0070838928223 246.7745819091797 537.02783203125 246.7745819091797
529.5049438476562 153.20150756835938 560.0474967956543 153.20150756835938 560.0474967956543 248.55499267578125 529.5049438476562 248.55499267578125
525.7166748046875 156.15142822265625 556.5728759765625 156.15142822265625 556.5728759765625 249.8977508544922 525.7166748046875 249.8977508544922
518.9127197265625 159.5216827392578 549.9292411804199 159.5216827392578 549.9292411804199 249.41149139404297 518.9127197265625 249.41149139404297
516.8363037109375 159.24923706054688 546.2741947174072 159.24923706054688 546.2741947174072 245.42190551757812 516.8363037109375 245.42190551757812
510.70440673828125 151.4557342529297 542.3496036529541 151.4557342529297 542.3496036529541 243.02099609375 510.70440673828125 243.02099609375
507.2840881347656 150.7407989501953 539.4985237121582 150.7407989501953 539.4985237121582 240.95082092285156 507.2840881347656 240.95082092285156
502.93951416015625 150.8028564453125 535.0590858459473 150.8028564453125 535.0590858459473 239.18385314941406 502.93951416015625 239.18385314941406
499.54315185546875 153.8314208984375 532.2086486816406 153.8314208984375 532.2086486816406 242.2941436767578 499.54315185546875 242.2941436767578
496.418701171875 155.53981018066406 527.0850219726562 155.53981018066406 527.0850219726562 247.12737274169922 496.418701171875 247.12737274169922
494.5782165527344 153.95639038085938 523.8078498840332 153.95639038085938 523.8078498840332 248.60569763183594 494.5782165527344 248.60569763183594
491.7549743652344 149.715087890625 519.2526817321777 149.715087890625 519.2526817321777 247.11100006103516 491.7549743652344 247.11100006103516
487.49072265625 146.9108428955078 516.3315849304199 146.9108428955078 516.3315849304199 237.77810668945312 487.49072265625 237.77810668945312
485.15802001953125 146.42417907714844 515.0011177062988 146.42417907714844 515.0011177062988 236.8084945678711 485.15802001953125 236.8084945678711
479.11346435546875 146.35763549804688 508.7623291015625 146.35763549804688 508.7623291015625 233.14801788330078 479.11346435546875 233.14801788330078
475.36578369140625 148.4674530029297 506.14939880371094 148.4674530029297 506.14939880371094 236.7628173828125 475.36578369140625 236.7628173828125
473.31396484375 147.01162719726562 502.3924312591553 147.01162719726562 502.3924312591553 239.1963653564453 473.31396484375 239.1963653564453
468.526611328125 147.87953186035156 497.81304931640625 147.87953186035156 497.81304931640625 239.32880401611328 468.526611328125 239.32880401611328
466.4037170410156 146.7496337890625 495.1700248718262 146.7496337890625 495.1700248718262 237.38194274902344 466.4037170410156 237.38194274902344
466.2731018066406 144.70498657226562 494.569522857666 144.70498657226562 494.569522857666 235.6817626953125 466.2731018066406 235.6817626953125
460.7955017089844 142.887451171875 489.5846061706543 142.887451171875 489.5846061706543 228.09247589111328 460.7955017089844 228.09247589111328
458.6742248535156 144.49777221679688 488.50042724609375 144.49777221679688 488.50042724609375 230.0879364013672 458.6742248535156 230.0879364013672
455.0439453125 146.02328491210938 484.7004337310791 146.02328491210938 484.7004337310791 233.8124237060547 455.0439453125 233.8124237060547
454.5857849121094 147.1363067626953 483.51219177246094 147.1363067626953 483.51219177246094 231.4354248046875 454.5857849121094 231.4354248046875
449.5205078125 143.57196044921875 476.1986331939697 143.57196044921875 476.1986331939697 233.4087677001953 449.5205078125 233.4087677001953
448.31890869140625 143.7219696044922 475.72199058532715 143.7219696044922 475.72199058532715 230.51398468017578 448.31890869140625 230.51398468017578
442.4217224121094 136.67001342773438 470.0724678039551 136.67001342773438 470.0724678039551 225.83265686035156 442.4217224121094 225.83265686035156
440.20538330078125 136.74948120117188 468.1578731536865 136.74948120117188 468.1578731536865 225.8420867919922 440.20538330078125 225.8420867919922
435.9479064941406 140.15151977539062 464.2930793762207 140.15151977539062 464.2930793762207 225.0419158935547 435.9479064941406 225.0419158935547
432.797119140625 139.9497528076172 460.67782974243164 139.9497528076172 460.67782974243164 225.11468505859375 432.797119140625 225.11468505859375
429.5299377441406 139.21340942382812 460.23447608947754 139.21340942382812 460.23447608947754 224.85284423828125 429.5299377441406 224.85284423828125
427.869873046875 137.59677124023438 455.9018440246582 137.59677124023438 455.9018440246582 221.51818084716797 427.869873046875 221.51818084716797
424.21612548828125 135.06015014648438 454.02932357788086 135.06015014648438 454.02932357788086 219.18878936767578 424.21612548828125 219.18878936767578
421.08245849609375 133.81822204589844 449.62964820861816 133.81822204589844 449.62964820861816 214.9768295288086 421.08245849609375 214.9768295288086
417.8152770996094 135.4787139892578 447.6665897369385 135.4787139892578 447.6665897369385 217.23712158203125 417.8152770996094 217.23712158203125
415.78179931640625 134.77015686035156 444.393590927124 134.77015686035156 444.393590927124 217.48889923095703 415.78179931640625 217.48889923095703
414.17645263671875 137.0828399658203 443.37448501586914 137.0828399658203 443.37448501586914 219.31980895996094 414.17645263671875 219.31980895996094
412.635498046875 135.0812225341797 439.9340877532959 135.0812225341797 439.9340877532959 217.69378662109375 412.635498046875 217.69378662109375
410.6643981933594 134.09239196777344 437.3463020324707 134.09239196777344 437.3463020324707 220.54898071289062 410.6643981933594 220.54898071289062
406.73974609375 128.4317626953125 433.4493103027344 128.4317626953125 433.4493103027344 217.26116943359375 406.73974609375 217.26116943359375
401.3610534667969 130.0514678955078 428.3382377624512 130.0514678955078 428.3382377624512 215.75604248046875 401.3610534667969 215.75604248046875
398.94805908203125 131.52053833007812 426.63825607299805 131.52053833007812 426.63825607299805 216.03846740722656 398.94805908203125 216.03846740722656
395.11395263671875 134.8137969970703 423.03285217285156 134.8137969970703 423.03285217285156 219.5057601928711 395.11395263671875 219.5057601928711
390.3993835449219 131.30584716796875 418.86549949645996 131.30584716796875 418.86549949645996 219.4372100830078 390.3993835449219 219.4372100830078
388.45501708984375 130.26052856445312 416.54069900512695 130.26052856445312 416.54069900512695 213.276123046875 388.45501708984375 213.276123046875
387.3563537597656 129.07618713378906 415.3792610168457 129.07618713378906 415.3792610168457 209.53390502929688 387.3563537597656 209.53390502929688
382.98724365234375 130.6797332763672 412.83892250061035 130.6797332763672 412.83892250061035 210.08921813964844 382.98724365234375 210.08921813964844
379.6890563964844 131.16650390625 409.4833126068115 131.16650390625 409.4833126068115 214.9072723388672 379.6890563964844 214.9072723388672
379.0503845214844 133.13894653320312 407.83686447143555 133.13894653320312 407.83686447143555 215.36383819580078 379.0503845214844 215.36383819580078
377.46478271484375 131.19873046875 406.3338871002197 131.19873046875 406.3338871002197 218.94640350341797 377.46478271484375 218.94640350341797
374.5554504394531 128.57723999023438 402.163387298584 128.57723999023438 402.163387298584 212.2641143798828 374.5554504394531 212.2641143798828
372.5958557128906 127.25968933105469 401.25315856933594 127.25968933105469 401.25315856933594 212.7001495361328 372.5958557128906 212.7001495361328
369.90081787109375 125.0938720703125 396.93056297302246 125.0938720703125 396.93056297302246 208.35330963134766 369.90081787109375 208.35330963134766
366.06781005859375 124.8536376953125 394.4683494567871 124.8536376953125 394.4683494567871 211.7771987915039 366.06781005859375 211.7771987915039
362.0325622558594 125.64643859863281 390.8929252624512 125.64643859863281 390.8929252624512 212.16139221191406 362.0325622558594 212.16139221191406
359.80291748046875 126.43727111816406 388.2662296295166 126.43727111816406 388.2662296295166 210.98174285888672 359.80291748046875 210.98174285888672
356.30316162109375 122.84383392333984 385.1773986816406 122.84383392333984 385.1773986816406 205.76334381103516 356.30316162109375 205.76334381103516
354.6937255859375 121.52496337890625 383.4873390197754 121.52496337890625 383.4873390197754 204.58519744873047 354.6937255859375 204.58519744873047
350.6427307128906 122.65914154052734 379.8872318267822 122.65914154052734 379.8872318267822 206.2449188232422 350.6427307128906 206.2449188232422
348.52423095703125 125.77861022949219 377.7418155670166 125.77861022949219 377.7418155670166 209.69781494140625 348.52423095703125 209.69781494140625
348.8106689453125 126.9747543334961 376.0496940612793 126.9747543334961 376.0496940612793 209.4742431640625 348.8106689453125 209.4742431640625
346.8762512207031 123.51200103759766 372.93511962890625 123.51200103759766 372.93511962890625 206.78814697265625 346.8762512207031 206.78814697265625
343.8568115234375 121.29219818115234 370.690975189209 121.29219818115234 370.690975189209 206.08431243896484 343.8568115234375 206.08431243896484
343.5226745605469 119.31417083740234 370.0382022857666 119.31417083740234 370.0382022857666 204.32703399658203 343.5226745605469 204.32703399658203
338.15472412109375 119.2380599975586 364.95483016967773 119.2380599975586 364.95483016967773 202.78297424316406 338.15472412109375 202.78297424316406
335.5787353515625 121.6996841430664 362.8043098449707 121.6996841430664 362.8043098449707 202.88814544677734 335.5787353515625 202.88814544677734
332.78509521484375 123.00398254394531 358.95778465270996 123.00398254394531 358.95778465270996 204.38434600830078 332.78509521484375 204.38434600830078
331.2568664550781 122.07618713378906 358.4719181060791 122.07618713378906 358.4719181060791 205.1590347290039 331.2568664550781 205.1590347290039
330.52716064453125 119.64225769042969 357.1557426452637 119.64225769042969 357.1557426452637 201.7909393310547 330.52716064453125 201.7909393310547
327.494140625 115.96955871582031 354.46290016174316 115.96955871582031 354.46290016174316 197.77887725830078 327.494140625 197.77887725830078
326.69122314453125 115.92496490478516 354.41403579711914 115.92496490478516 354.41403579711914 198.6614227294922 326.69122314453125 198.6614227294922
322.145263671875 116.89664459228516 351.2333011627197 116.89664459228516 351.2333011627197 197.46247100830078 322.145263671875 197.46247100830078
321.16900634765625 118.06596374511719 349.308069229126 118.06596374511719 349.308069229126 195.96878051757812 321.16900634765625 195.96878051757812
318.1534118652344 117.5831069946289 345.58716773986816 117.5831069946289 345.58716773986816 194.85961151123047 318.1534118652344 194.85961151123047
314.05706787109375 116.69618225097656 342.12860107421875 116.69618225097656 342.12860107421875 196.69542694091797 314.05706787109375 196.69542694091797
311.45574951171875 114.79215240478516 338.753381729126 114.79215240478516 338.753381729126 195.06634521484375 311.45574951171875 195.06634521484375
308.5604553222656 116.3649673461914 335.94568824768066 116.3649673461914 335.94568824768066 195.0391387939453 308.5604553222656 195.0391387939453
306.63018798828125 117.1211929321289 333.62127685546875 117.1211929321289 333.62127685546875 194.744873046875 306.63018798828125 194.744873046875
302.985595703125 117.3999252319336 330.6876220703125 117.3999252319336 330.6876220703125 197.0692367553711 302.985595703125 197.0692367553711
301.93267822265625 117.9972152709961 330.15256118774414 117.9972152709961 330.15256118774414 196.69353485107422 301.93267822265625 196.69353485107422
300.34185791015625 117.57418060302734 328.42433166503906 117.57418060302734 328.42433166503906 195.9269561767578 300.34185791015625 195.9269561767578
297.0450744628906 113.87996673583984 326.0121269226074 113.87996673583984 326.0121269226074 193.6015625 297.0450744628906 193.6015625
295.6734924316406 113.60310363769531 325.54262351989746 113.60310363769531 325.54262351989746 192.1944808959961 295.6734924316406 192.1944808959961
294.2614440917969 115.17991638183594 322.5001335144043 115.17991638183594 322.5001335144043 190.20724487304688 294.2614440917969 190.20724487304688
292.06597900390625 115.7451400756836 319.9728889465332 115.7451400756836 319.9728889465332 193.27979278564453 292.06597900390625 193.27979278564453
290.8016357421875 116.8198471069336 318.0595054626465 116.8198471069336 318.0595054626465 197.32601928710938 290.8016357421875 197.32601928710938
289.976318359375 114.86067199707031 316.0020503997803 114.86067199707031 316.0020503997803 199.78104400634766 289.976318359375 199.78104400634766
289.8995666503906 114.7965087890625 314.9259948730469 114.7965087890625 314.9259948730469 202.33714294433594 289.8995666503906 202.33714294433594
289.73748779296875 110.40570068359375 313.83827781677246 110.40570068359375 313.83827781677246 190.6211395263672 289.73748779296875 190.6211395263672
289.47979736328125 111.22403717041016 313.53369522094727 111.22403717041016 313.53369522094727 192.7482681274414 289.47979736328125 192.7482681274414
286.57733154296875 112.38602447509766 317.37502670288086 112.38602447509766 317.37502670288086 196.37976837158203 286.57733154296875 196.37976837158203
284.3198547363281 113.1192626953125 314.4664249420166 113.1192626953125 314.4664249420166 195.3372039794922 284.3198547363281 195.3372039794922
283.32568359375 115.1766586303711 310.56139183044434 115.1766586303711 310.56139183044434 194.43164825439453 283.32568359375 194.43164825439453
276.5765075683594 107.2737045288086 307.673131942749 107.2737045288086 307.673131942749 192.08270263671875 276.5765075683594 192.08270263671875
278.3838806152344 112.1386947631836 308.1389503479004 112.1386947631836 308.1389503479004 198.4688720703125 278.3838806152344 198.4688720703125
275.7200927734375 116.28871154785156 306.7764701843262 116.28871154785156 306.7764701843262 202.72889709472656 275.7200927734375 202.72889709472656
284.76397705078125 115.7384033203125 316.4640922546387 115.7384033203125 316.4640922546387 202.19330596923828 284.76397705078125 202.19330596923828
276.2873229980469 110.1241455078125 307.96423721313477 110.1241455078125 307.96423721313477 196.5157699584961 276.2873229980469 196.5157699584961
276.7326965332031 110.58065032958984 308.5234489440918 110.58065032958984 308.5234489440918 197.28275299072266 276.7326965332031 197.28275299072266
276.5568542480469 118.78404235839844 308.02406311035156 118.78404235839844 308.02406311035156 206.07565307617188 276.5568542480469 206.07565307617188
274.1786193847656 112.87115478515625 304.74229431152344 112.87115478515625 304.74229431152344 200.7906494140625 274.1786193847656 200.7906494140625
270.6703186035156 108.7614974975586 300.0359134674072 108.7614974975586 300.0359134674072 198.8290023803711 270.6703186035156 198.8290023803711
257.8161315917969 107.23641204833984 283.6882381439209 107.23641204833984 283.6882381439209 198.47957611083984 257.8161315917969 198.47957611083984
255.82711791992188 107.87117004394531 280.80495834350586 107.87117004394531 280.80495834350586 196.47314453125 255.82711791992188 196.47314453125
254.4156036376953 109.60050964355469 280.13661193847656 109.60050964355469 280.13661193847656 196.54214477539062 254.4156036376953 196.54214477539062
251.1177978515625 106.78202819824219 276.60229873657227 106.78202819824219 276.60229873657227 194.65768432617188 251.1177978515625 194.65768432617188
250.17922973632812 104.77864074707031 275.9053649902344 104.77864074707031 275.9053649902344 193.26116180419922 250.17922973632812 193.26116180419922
246.84078979492188 103.33491516113281 271.78601455688477 103.33491516113281 271.78601455688477 185.84657287597656 246.84078979492188 185.84657287597656
245.16159057617188 103.51900482177734 271.24045181274414 103.51900482177734 271.24045181274414 186.0010757446289 245.16159057617188 186.0010757446289
242.31344604492188 104.8346176147461 268.84728622436523 104.8346176147461 268.84728622436523 187.07532501220703 242.31344604492188 187.07532501220703
241.3697052001953 106.40689849853516 268.0217933654785 106.40689849853516 268.0217933654785 189.3912124633789 241.3697052001953 189.3912124633789
239.2012481689453 106.4993896484375 265.35161781311035 106.4993896484375 265.35161781311035 188.53309631347656 239.2012481689453 188.53309631347656
236.63339233398438 102.8086929321289 261.94568252563477 102.8086929321289 261.94568252563477 184.48346710205078 236.63339233398438 184.48346710205078
236.01596069335938 102.34090423583984 261.08730697631836 102.34090423583984 261.08730697631836 183.84441375732422 236.01596069335938 183.84441375732422
234.70004272460938 103.04520416259766 260.66969871520996 103.04520416259766 260.66969871520996 184.1445541381836 234.70004272460938 184.1445541381836
231.6013946533203 105.6650390625 259.01844787597656 105.6650390625 259.01844787597656 183.298583984375 231.6013946533203 183.298583984375
228.3118133544922 107.7833480834961 256.1951332092285 107.7833480834961 256.1951332092285 184.72232818603516 228.3118133544922 184.72232818603516
226.689208984375 106.29415130615234 255.3857822418213 106.29415130615234 255.3857822418213 184.1900634765625 226.689208984375 184.1900634765625
225.14382934570312 103.21467590332031 253.67935752868652 103.21467590332031 253.67935752868652 179.92168426513672 225.14382934570312 179.92168426513672
223.34909057617188 102.3539047241211 252.63090896606445 102.3539047241211 252.63090896606445 180.14564514160156 223.34909057617188 180.14564514160156
222.7499542236328 102.58219146728516 251.4224147796631 102.58219146728516 251.4224147796631 177.95304107666016 222.7499542236328 177.95304107666016
220.32925415039062 103.46905517578125 249.42275619506836 103.46905517578125 249.42275619506836 179.53668212890625 220.32925415039062 179.53668212890625
219.6495361328125 105.68034362792969 248.71841430664062 105.68034362792969 248.71841430664062 181.04957580566406 219.6495361328125 181.04957580566406
217.745361328125 108.53962707519531 247.69425582885742 108.53962707519531 247.69425582885742 182.86234283447266 217.745361328125 182.86234283447266
217.2036590576172 106.327392578125 245.58676719665527 106.327392578125 245.58676719665527 180.50237274169922 217.2036590576172 180.50237274169922
214.9713897705078 103.57340240478516 242.61295700073242 103.57340240478516 242.61295700073242 181.92943572998047 214.9713897705078 181.92943572998047
213.614013671875 101.85411071777344 241.14846420288086 101.85411071777344 241.14846420288086 178.46652221679688 213.614013671875 178.46652221679688
211.10916137695312 101.51423645019531 238.92223167419434 101.51423645019531 238.92223167419434 178.0539321899414 211.10916137695312 178.0539321899414
209.29281616210938 102.5633773803711 238.8162441253662 102.5633773803711 238.8162441253662 179.51866912841797 209.29281616210938 179.51866912841797
207.8049774169922 104.14349365234375 237.72182083129883 104.14349365234375 237.72182083129883 182.10762786865234 207.8049774169922 182.10762786865234
205.96383666992188 102.39420318603516 234.00484085083008 102.39420318603516 234.00484085083008 176.7998275756836 205.96383666992188 176.7998275756836
204.8020477294922 101.65435028076172 233.47155380249023 101.65435028076172 233.47155380249023 176.34638214111328 204.8020477294922 176.34638214111328
202.75247192382812 98.63534545898438 231.14585494995117 98.63534545898438 231.14585494995117 171.0978240966797 202.75247192382812 171.0978240966797
201.88088989257812 99.4466323852539 229.51527404785156 99.4466323852539 229.51527404785156 170.86544036865234 201.88088989257812 170.86544036865234
199.9816436767578 100.07557678222656 227.80101585388184 100.07557678222656 227.80101585388184 172.11599731445312 199.9816436767578 172.11599731445312
198.79116821289062 101.52165985107422 226.86302185058594 101.52165985107422 226.86302185058594 173.00650024414062 198.79116821289062 173.00650024414062
197.34664916992188 103.05805969238281 225.65468215942383 103.05805969238281 225.65468215942383 175.88336181640625 197.34664916992188 175.88336181640625
195.56069946289062 99.44363403320312 223.0720329284668 99.44363403320312 223.0720329284668 173.58269500732422 195.56069946289062 173.58269500732422
195.0354461669922 99.93626403808594 222.4338436126709 99.93626403808594 222.4338436126709 173.69027709960938 195.0354461669922 173.69027709960938
192.3973846435547 95.66847229003906 219.16212463378906 95.66847229003906 219.16212463378906 167.79249572753906 192.3973846435547 167.79249572753906
191.21913146972656 97.04134368896484 217.40406227111816 97.04134368896484 217.40406227111816 166.5530776977539 191.21913146972656 166.5530776977539
188.8555450439453 99.77232360839844 214.70639610290527 99.77232360839844 214.70639610290527 167.32849884033203 188.8555450439453 167.32849884033203
187.63673400878906 101.44539642333984 213.2507781982422 101.44539642333984 213.2507781982422 169.0043182373047 187.63673400878906 169.0043182373047
186.1199951171875 100.3756103515625 211.45796585083008 100.3756103515625 211.45796585083008 168.23543548583984 186.1199951171875 168.23543548583984
183.27120971679688 97.81944274902344 208.64849281311035 97.81944274902344 208.64849281311035 165.90901947021484 183.27120971679688 165.90901947021484
182.5965576171875 98.3564682006836 207.88647842407227 98.3564682006836 207.88647842407227 168.20380401611328 182.5965576171875 168.20380401611328
182.14869689941406 98.33187103271484 207.14141464233398 98.33187103271484 207.14141464233398 167.77481842041016 182.14869689941406 167.77481842041016
180.59140014648438 98.5465316772461 205.53320693969727 98.5465316772461 205.53320693969727 170.12857818603516 180.59140014648438 170.12857818603516
178.8076934814453 100.91203308105469 203.11595916748047 100.91203308105469 203.11595916748047 173.33779907226562 178.8076934814453 173.33779907226562
178.36370849609375 100.14057159423828 202.38669967651367 100.14057159423828 202.38669967651367 172.63333129882812 178.36370849609375 172.63333129882812
175.97496032714844 95.52125549316406 199.55284118652344 95.52125549316406 199.55284118652344 171.28457641601562 175.97496032714844 171.28457641601562
175.78456115722656 96.18614196777344 199.10193824768066 96.18614196777344 199.10193824768066 169.93221282958984 175.78456115722656 169.93221282958984
174.32644653320312 95.53983306884766 197.94252395629883 95.53983306884766 197.94252395629883 169.6129913330078 174.32644653320312 169.6129913330078
171.77255249023438 95.92399597167969 196.96973037719727 95.92399597167969 196.96973037719727 171.19637298583984 171.77255249023438 171.19637298583984
169.8757781982422 94.3480224609375 195.04324340820312 94.3480224609375 195.04324340820312 170.44933319091797 169.8757781982422 170.44933319091797
168.6348419189453 94.98709869384766 194.0032444000244 94.98709869384766 194.0032444000244 171.23046875 168.6348419189453 171.23046875
167.78846740722656 93.37449645996094 193.02825736999512 93.37449645996094 193.02825736999512 169.84627532958984 167.78846740722656 169.84627532958984
164.5905303955078 91.62562561035156 191.11668014526367 91.62562561035156 191.11668014526367 163.70738983154297 164.5905303955078 163.70738983154297
162.52151489257812 91.23270416259766 189.33284950256348 91.23270416259766 189.33284950256348 165.06130981445312 162.52151489257812 165.06130981445312
161.45059204101562 93.46089172363281 187.97698402404785 93.46089172363281 187.97698402404785 168.78946685791016 161.45059204101562 168.78946685791016
160.32884216308594 94.69544982910156 187.02756881713867 94.69544982910156 187.02756881713867 169.68809509277344 160.32884216308594 169.68809509277344
159.43118286132812 94.66947937011719 185.6557502746582 94.66947937011719 185.6557502746582 169.64884185791016 159.43118286132812 169.64884185791016
157.61923217773438 91.8650131225586 183.2598533630371 91.8650131225586 183.2598533630371 167.20944213867188 157.61923217773438 167.20944213867188
156.99679565429688 90.47802734375 182.4958152770996 90.47802734375 182.4958152770996 165.85149383544922 156.99679565429688 165.85149383544922
156.31369018554688 89.54942321777344 181.36795234680176 89.54942321777344 181.36795234680176 162.85773468017578 156.31369018554688 162.85773468017578
154.16761779785156 90.02374267578125 179.91452598571777 90.02374267578125 179.91452598571777 163.3509979248047 154.16761779785156 163.3509979248047
152.74221801757812 90.64462280273438 178.77414894104004 90.64462280273438 178.77414894104004 163.03314971923828 152.74221801757812 163.03314971923828
149.69039916992188 92.4673843383789 175.9767608642578 92.4673843383789 175.9767608642578 162.8922348022461 149.69039916992188 162.8922348022461
149.28591918945312 92.16278839111328 176.15297317504883 92.16278839111328 176.15297317504883 164.22249603271484 149.28591918945312 164.22249603271484
147.69845581054688 90.8187484741211 174.59058570861816 90.8187484741211 174.59058570861816 163.38211059570312 147.69845581054688 163.38211059570312
146.63543701171875 87.81623840332031 172.60661697387695 87.81623840332031 172.60661697387695 159.83721923828125 146.63543701171875 159.83721923828125
145.7517852783203 88.22514343261719 171.6525821685791 88.22514343261719 171.6525821685791 159.85730743408203 145.7517852783203 159.85730743408203
145.07937622070312 88.02790832519531 170.73877906799316 88.02790832519531 170.73877906799316 161.19097900390625 145.07937622070312 161.19097900390625
143.42800903320312 91.10101318359375 169.53977394104004 91.10101318359375 169.53977394104004 163.5174331665039 143.42800903320312 163.5174331665039
142.3715362548828 91.6508560180664 167.83083152770996 91.6508560180664 167.83083152770996 164.19945526123047 142.3715362548828 164.19945526123047
141.77566528320312 91.30525970458984 166.8475456237793 91.30525970458984 166.8475456237793 163.57559204101562 141.77566528320312 163.57559204101562
140.90841674804688 88.46688842773438 164.38432502746582 88.46688842773438 164.38432502746582 162.9004364013672 140.90841674804688 162.9004364013672
139.29588317871094 87.73240661621094 163.02615547180176 87.73240661621094 163.02615547180176 160.11803436279297 139.29588317871094 160.11803436279297
137.4762420654297 87.19535827636719 161.7182502746582 87.19535827636719 161.7182502746582 159.39657592773438 137.4762420654297 159.39657592773438
135.4385986328125 89.9910659790039 159.94735717773438 89.9910659790039 159.94735717773438 162.88743591308594 135.4385986328125 162.88743591308594
135.0377960205078 88.31272888183594 158.53722190856934 88.31272888183594 158.53722190856934 161.44046020507812 135.0377960205078 161.44046020507812
132.39675903320312 85.22801208496094 157.53708267211914 85.22801208496094 157.53708267211914 158.80642700195312 132.39675903320312 158.80642700195312
131.1334686279297 84.18360137939453 156.1559944152832 84.18360137939453 156.1559944152832 157.10558319091797 131.1334686279297 157.10558319091797
130.39019775390625 84.33890533447266 155.68330001831055 84.33890533447266 155.68330001831055 156.47657775878906 130.39019775390625 156.47657775878906
128.09083557128906 85.5453872680664 153.9573268890381 85.5453872680664 153.9573268890381 156.93841552734375 128.09083557128906 156.93841552734375
127.17881774902344 86.70668029785156 153.9523105621338 86.70668029785156 153.9523105621338 160.03118896484375 127.17881774902344 160.03118896484375
127.16033935546875 87.80401611328125 153.33551025390625 87.80401611328125 153.33551025390625 157.67984008789062 127.16033935546875 157.67984008789062
125.22920227050781 88.42808532714844 151.48333740234375 88.42808532714844 151.48333740234375 161.3514633178711 125.22920227050781 161.3514633178711
124.15235900878906 86.46367645263672 150.3614158630371 86.46367645263672 150.3614158630371 160.72306060791016 124.15235900878906 160.72306060791016
124.14668273925781 85.28569030761719 149.31389617919922 85.28569030761719 149.31389617919922 158.11004638671875 124.14668273925781 158.11004638671875
122.88102722167969 86.23237609863281 147.47418022155762 86.23237609863281 147.47418022155762 159.96817016601562 122.88102722167969 159.96817016601562
121.53167724609375 86.03547668457031 147.0011501312256 86.03547668457031 147.0011501312256 159.1934356689453 121.53167724609375 159.1934356689453
119.1266860961914 87.056396484375 144.7610149383545 87.056396484375 144.7610149383545 159.3437271118164 119.1266860961914 159.3437271118164
118.32472229003906 86.03936767578125 143.6468162536621 86.03936767578125 143.6468162536621 159.19083404541016 118.32472229003906 159.19083404541016
117.57066345214844 84.30290222167969 143.0693702697754 84.30290222167969 143.0693702697754 158.31157684326172 117.57066345214844 158.31157684326172
116.95829772949219 83.2712631225586 142.6062889099121 83.2712631225586 142.6062889099121 156.3263397216797 116.95829772949219 156.3263397216797
115.5394515991211 82.55027770996094 141.5485954284668 82.55027770996094 141.5485954284668 155.46546173095703 115.5394515991211 155.46546173095703
114.04286193847656 83.9231185913086 140.31464004516602 83.9231185913086 140.31464004516602 155.97926330566406 114.04286193847656 155.97926330566406
114.09085845947266 84.59730529785156 140.17357635498047 84.59730529785156 140.17357635498047 155.67633056640625 114.09085845947266 155.67633056640625
112.60237121582031 87.25300598144531 138.23265075683594 87.25300598144531 138.23265075683594 157.71107482910156 112.60237121582031 157.71107482910156
111.9566421508789 86.10157012939453 137.73355293273926 86.10157012939453 137.73355293273926 159.13333892822266 111.9566421508789 159.13333892822266
109.58049011230469 83.8270034790039 135.31981468200684 83.8270034790039 135.31981468200684 157.92760467529297 109.58049011230469 157.92760467529297
109.22552490234375 83.38436889648438 134.66605758666992 83.38436889648438 134.66605758666992 158.62390899658203 109.22552490234375 158.62390899658203
108.73097229003906 82.24774169921875 134.23578262329102 82.24774169921875 134.23578262329102 156.02587890625 108.73097229003906 156.02587890625
106.35089111328125 83.08656311035156 132.1849822998047 83.08656311035156 132.1849822998047 155.9878692626953 106.35089111328125 155.9878692626953
104.3843765258789 85.34812927246094 129.63165855407715 85.34812927246094 129.63165855407715 156.99585723876953 104.3843765258789 156.99585723876953
103.11590576171875 84.83916473388672 129.15089797973633 84.83916473388672 129.15089797973633 155.11077117919922 103.11590576171875 155.11077117919922
101.77980041503906 82.29703521728516 127.71113204956055 82.29703521728516 127.71113204956055 152.55665588378906 101.77980041503906 152.55665588378906
100.56877136230469 81.91400146484375 126.14914321899414 81.91400146484375 126.14914321899414 151.64048767089844 100.56877136230469 151.64048767089844
98.78782653808594 81.46836853027344 124.04549217224121 81.46836853027344 124.04549217224121 151.14804077148438 98.78782653808594 151.14804077148438
93.24063873291016 82.26045227050781 118.04192161560059 82.26045227050781 118.04192161560059 152.69529724121094 93.24063873291016 152.69529724121094
90.85536193847656 83.04736328125 115.03053665161133 83.04736328125 115.03053665161133 153.27521514892578 90.85536193847656 153.27521514892578
90.24882507324219 82.65508270263672 113.59365844726562 82.65508270263672 113.59365844726562 150.41900634765625 90.24882507324219 150.41900634765625
87.88279724121094 82.66419982910156 112.572265625 82.66419982910156 112.572265625 154.27872467041016 87.88279724121094 154.27872467041016
87.19328308105469 82.49942016601562 111.7586784362793 82.49942016601562 111.7586784362793 152.3917465209961 87.19328308105469 152.3917465209961
86.93307495117188 77.57063293457031 111.50893020629883 77.57063293457031 111.50893020629883 148.33262634277344 86.93307495117188 148.33262634277344
85.61643981933594 78.77469635009766 110.0028190612793 78.77469635009766 110.0028190612793 149.6650390625 85.61643981933594 149.6650390625
84.58305358886719 79.08973693847656 109.9665641784668 79.08973693847656 109.9665641784668 151.56766510009766 84.58305358886719 151.56766510009766
83.44083404541016 81.208251953125 109.0366325378418 81.208251953125 109.0366325378418 153.639404296875 83.44083404541016 153.639404296875
82.93733215332031 82.9487533569336 106.84490966796875 82.9487533569336 106.84490966796875 151.83808135986328 82.93733215332031 151.83808135986328
81.89482116699219 81.82649230957031 105.86371231079102 81.82649230957031 105.86371231079102 152.59564208984375 81.89482116699219 152.59564208984375
80.49609375 79.86405944824219 104.12227439880371 79.86405944824219 104.12227439880371 151.611572265625 80.49609375 151.611572265625
79.89747619628906 80.8008041381836 103.50592613220215 80.8008041381836 103.50592613220215 152.01492309570312 79.89747619628906 152.01492309570312
78.43212127685547 81.5683364868164 102.87886428833008 81.5683364868164 102.87886428833008 155.24788665771484 78.43212127685547 155.24788665771484
77.30660247802734 81.07115173339844 101.9528980255127 81.07115173339844 101.9528980255127 155.48695373535156 77.30660247802734 155.48695373535156
76.27135467529297 82.36985778808594 100.54930305480957 82.36985778808594 100.54930305480957 154.24807739257812 76.27135467529297 154.24807739257812
75.4766845703125 78.8363265991211 99.6981315612793 78.8363265991211 99.6981315612793 149.97327423095703 75.4766845703125 149.97327423095703
74.49234008789062 76.9370346069336 98.21540832519531 76.9370346069336 98.21540832519531 144.83740997314453 74.49234008789062 144.83740997314453
73.8075180053711 77.19868469238281 97.8543701171875 77.19868469238281 97.8543701171875 144.94141387939453 73.8075180053711 144.94141387939453
73.30049133300781 76.6856918334961 98.02480697631836 76.6856918334961 98.02480697631836 145.4661636352539 73.30049133300781 145.4661636352539
72.53296661376953 78.791015625 96.7889289855957 78.791015625 96.7889289855957 147.8381118774414 72.53296661376953 147.8381118774414
71.68846130371094 81.2095947265625 95.7220516204834 81.2095947265625 95.7220516204834 151.30714416503906 71.68846130371094 151.30714416503906
70.10008239746094 80.05464172363281 95.06689453125 80.05464172363281 95.06689453125 151.54776763916016 70.10008239746094 151.54776763916016
69.3812484741211 77.57575988769531 92.7100944519043 77.57575988769531 92.7100944519043 149.53173828125 69.3812484741211 149.53173828125
69.46569061279297 78.1757583618164 93.18853378295898 78.1757583618164 93.18853378295898 148.81685638427734 69.46569061279297 148.81685638427734
68.80110931396484 77.72915649414062 92.42723846435547 77.72915649414062 92.42723846435547 146.15634155273438 68.80110931396484 146.15634155273438
68.680908203125 77.68025207519531 91.60795021057129 77.68025207519531 91.60795021057129 145.43099212646484 68.680908203125 145.43099212646484
66.99986267089844 79.33966064453125 90.29777526855469 79.33966064453125 90.29777526855469 145.3067398071289 66.99986267089844 145.3067398071289
65.74253845214844 80.05429077148438 88.94259643554688 80.05429077148438 88.94259643554688 145.99724578857422 65.74253845214844 145.99724578857422
63.46990966796875 78.05366516113281 86.52836990356445 78.05366516113281 86.52836990356445 140.5071678161621 63.46990966796875 140.5071678161621
62.83762741088867 76.20524597167969 85.655029296875 76.20524597167969 85.655029296875 137.9964256286621 62.83762741088867 137.9964256286621
60.28922653198242 75.4540786743164 82.2595443725586 75.4540786743164 82.2595443725586 138.61209106445312 60.28922653198242 138.61209106445312
59.3023796081543 76.02931213378906 82.48072052001953 76.02931213378906 82.48072052001953 140.87791442871094 59.3023796081543 140.87791442871094
57.4412841796875 79.11653137207031 80.86056327819824 79.11653137207031 80.86056327819824 145.0231170654297 57.4412841796875 145.0231170654297
57.1452751159668 78.2488784790039 80.53350830078125 78.2488784790039 80.53350830078125 145.05309295654297 57.1452751159668 145.05309295654297
55.935882568359375 76.4012680053711 78.48579978942871 76.4012680053711 78.48579978942871 144.2338409423828 55.935882568359375 144.2338409423828
55.32093048095703 76.18412017822266 78.13482856750488 76.18412017822266 78.13482856750488 144.68903350830078 55.32093048095703 144.68903350830078
54.37517166137695 76.41344451904297 77.48746871948242 76.41344451904297 77.48746871948242 145.24687957763672 54.37517166137695 145.24687957763672
53.83742141723633 76.55401611328125 77.26284599304199 76.55401611328125 77.26284599304199 143.21076202392578 53.83742141723633 143.21076202392578
51.63209915161133 76.54841613769531 75.45879364013672 76.54841613769531 75.45879364013672 142.90337371826172 51.63209915161133 142.90337371826172
50.72406768798828 76.83544158935547 74.1898078918457 76.83544158935547 74.1898078918457 142.56037139892578 50.72406768798828 142.56037139892578
49.16588592529297 75.5948486328125 72.7247543334961 75.5948486328125 72.7247543334961 139.93817901611328 49.16588592529297 139.93817901611328
49.07215118408203 74.15031433105469 72.18418502807617 74.15031433105469 72.18418502807617 138.48001098632812 49.07215118408203 138.48001098632812
48.067718505859375 73.51304626464844 71.61765480041504 73.51304626464844 71.61765480041504 138.45357513427734 48.067718505859375 138.45357513427734
46.78746032714844 74.23219299316406 70.7410774230957 74.23219299316406 70.7410774230957 139.03607940673828 46.78746032714844 139.03607940673828
45.934226989746094 77.25697326660156 69.28186416625977 77.25697326660156 69.28186416625977 139.1921043395996 45.934226989746094 139.1921043395996
45.79978942871094 77.53413391113281 69.70272445678711 77.53413391113281 69.70272445678711 140.76554107666016 45.79978942871094 140.76554107666016
43.9487190246582 76.41688537597656 68.46575355529785 76.41688537597656 68.46575355529785 141.11001586914062 43.9487190246582 141.11001586914062
41.985755920410156 73.27013397216797 65.80446243286133 73.27013397216797 65.80446243286133 137.70038604736328 41.985755920410156 137.70038604736328
41.19730758666992 72.41400146484375 65.25880813598633 72.41400146484375 65.25880813598633 137.66908264160156 41.19730758666992 137.66908264160156
40.10184860229492 75.21227264404297 64.43651580810547 75.21227264404297 64.43651580810547 138.45437622070312 40.10184860229492 138.45437622070312
39.855506896972656 75.91502380371094 63.65338897705078 75.91502380371094 63.65338897705078 137.95037078857422 39.855506896972656 137.95037078857422
38.266929626464844 74.26560974121094 62.3024787902832 74.26560974121094 62.3024787902832 136.1694107055664 38.266929626464844 136.1694107055664
37.489097595214844 73.94828796386719 62.082218170166016 73.94828796386719 62.082218170166016 137.3119125366211 37.489097595214844 137.3119125366211
35.3084602355957 72.7237319946289 59.57958221435547 72.7237319946289 59.57958221435547 133.8944091796875 35.3084602355957 133.8944091796875
34.494789123535156 71.71427917480469 59.8011360168457 71.71427917480469 59.8011360168457 132.7545509338379 34.494789123535156 132.7545509338379
33.20436477661133 72.82101440429688 58.79755401611328 72.82101440429688 58.79755401611328 132.78148651123047 33.20436477661133 132.78148651123047
32.526832580566406 74.52584075927734 58.69327163696289 74.52584075927734 58.69327163696289 134.67993545532227 32.526832580566406 134.67993545532227
31.91323471069336 74.13227844238281 56.924957275390625 74.13227844238281 56.924957275390625 130.67024993896484 31.91323471069336 130.67024993896484
29.965591430664062 72.7187271118164 54.02019119262695 72.7187271118164 54.02019119262695 128.19187927246094 29.965591430664062 128.19187927246094
29.222497940063477 70.8743667602539 53.22152519226074 70.8743667602539 53.22152519226074 124.76545715332031 29.222497940063477 124.76545715332031
28.9158878326416 71.3296127319336 51.9306697845459 71.3296127319336 51.9306697845459 123.27920913696289 28.9158878326416 123.27920913696289
27.3876953125 72.04496002197266 49.01064682006836 72.04496002197266 49.01064682006836 123.30171585083008 27.3876953125 123.30171585083008
25.55868148803711 72.5854721069336 47.72747039794922 72.5854721069336 47.72747039794922 123.60975646972656 25.55868148803711 123.60975646972656
25.030458450317383 73.07856750488281 47.71943664550781 73.07856750488281 47.71943664550781 127.04573822021484 25.030458450317383 127.04573822021484
23.726329803466797 72.46360778808594 45.622331619262695 72.46360778808594 45.622331619262695 122.92321395874023 23.726329803466797 122.92321395874023
24.034927368164062 72.22486877441406 46.05092239379883 72.22486877441406 46.05092239379883 122.21678924560547 24.034927368164062 122.21678924560547
23.82601547241211 73.6491470336914 45.03977966308594 73.6491470336914 45.03977966308594 122.90621948242188 23.82601547241211 122.90621948242188
22.868816375732422 72.892822265625 44.59833526611328 72.892822265625 44.59833526611328 122.96903610229492 22.868816375732422 122.96903610229492
21.104938507080078 77.05851745605469 44.141807556152344 77.05851745605469 44.141807556152344 130.1525115966797 21.104938507080078 130.1525115966797
21.238704681396484 78.3851089477539 43.70484733581543 78.3851089477539 43.70484733581543 130.6711883544922 21.238704681396484 130.6711883544922
19.11220359802246 79.92817687988281 42.45551300048828 79.92817687988281 42.45551300048828 135.50332260131836 19.11220359802246 135.50332260131836
18.358823776245117 81.15602111816406 42.09965705871582 81.15602111816406 42.09965705871582 135.48606872558594 18.358823776245117 135.48606872558594
17.494970321655273 81.2657699584961 40.04771423339844 81.2657699584961 40.04771423339844 134.50457763671875 17.494970321655273 134.50457763671875
16.32729721069336 84.71268463134766 38.48887634277344 84.71268463134766 38.48887634277344 137.62631225585938 16.32729721069336 137.62631225585938
15.132543563842773 83.09911346435547 37.02862739562988 83.09911346435547 37.02862739562988 135.36691665649414 15.132543563842773 135.36691665649414
14.65068244934082 84.4820785522461 36.40916442871094 84.4820785522461 36.40916442871094 136.2412338256836 14.65068244934082 136.2412338256836
14.302279472351074 85.46728515625 35.267457008361816 85.46728515625 35.267457008361816 137.87056350708008 14.302279472351074 137.87056350708008
12.83244800567627 82.49002075195312 34.529250144958496 82.49002075195312 34.529250144958496 135.29913330078125 12.83244800567627 135.29913330078125
10.735673904418945 77.67719268798828 32.16356086730957 77.67719268798828 32.16356086730957 136.11691284179688 10.735673904418945 136.11691284179688
10.200718879699707 79.101806640625 32.27713489532471 79.101806640625 32.27713489532471 134.90199661254883 10.200718879699707 134.90199661254883
9.148277282714844 77.41921997070312 30.933698654174805 77.41921997070312 30.933698654174805 134.19544219970703 9.148277282714844 134.19544219970703
