477.0 262.0 513.0 262.0 513.0 364.0 477.0 364.0
475.1011657714844 262.6195373535156 510.69100189208984 262.6195373535156 510.69100189208984 363.2550735473633 475.1011657714844 363.2550735473633
472.4676818847656 263.0382385253906 508.8032646179199 263.0382385253906 508.8032646179199 362.3116455078125 472.4676818847656 362.3116455078125
471.2852478027344 262.9404296875 506.04322052001953 262.9404296875 506.04322052001953 361.6568832397461 471.2852478027344 361.6568832397461
468.4510803222656 264.4232177734375 502.8166809082031 264.4232177734375 502.8166809082031 362.6314697265625 468.4510803222656 362.6314697265625
467.1210021972656 264.49053955078125 501.0212707519531 264.49053955078125 501.0212707519531 362.5420608520508 467.1210021972656 362.5420608520508
464.7386779785156 263.9319763183594 498.3991813659668 263.9319763183594 498.3991813659668 360.0885772705078 464.7386779785156 360.0885772705078
463.95697021484375 265.29681396484375 497.74857330322266 265.29681396484375 497.74857330322266 358.71485900878906 463.95697021484375 358.71485900878906
462.77996826171875 266.0870666503906 497.3711929321289 266.0870666503906 497.3711929321289 356.9009552001953 462.77996826171875 356.9009552001953
461.99755859375 264.77227783203125 495.94809341430664 264.77227783203125 495.94809341430664 356.75257110595703 461.99755859375 356.75257110595703
460.20220947265625 266.4101867675781 494.58720779418945 266.4101867675781 494.58720779418945 360.6908645629883 460.20220947265625 360.6908645629883
459.5674743652344 267.57330322265625 494.04945373535156 267.57330322265625 494.04945373535156 356.3345489501953 459.5674743652344 356.3345489501953
458.54681396484375 268.4693908691406 492.9615058898926 268.4693908691406 492.9615058898926 356.9777526855469 458.54681396484375 356.9777526855469
458.8414611816406 265.18511962890625 492.57880783081055 265.18511962890625 492.57880783081055 359.88228607177734 458.8414611816406 359.88228607177734
456.8602600097656 266.7312316894531 490.9839057922363 266.7312316894531 490.9839057922363 357.6073303222656 456.8602600097656 357.6073303222656
454.1357421875 265.2917785644531 489.85582733154297 265.2917785644531 489.85582733154297 354.1741943359375 454.1357421875 354.1741943359375
451.0283203125 265.6023254394531 487.62589263916016 265.6023254394531 487.62589263916016 352.78773498535156 451.0283203125 352.78773498535156
452.14031982421875 267.03643798828125 488.5793991088867 267.03643798828125 488.5793991088867 356.7281723022461 452.14031982421875 356.7281723022461
449.94451904296875 256.85467529296875 487.24279022216797 256.85467529296875 487.24279022216797 362.5330810546875 449.94451904296875 362.5330810546875
452.23016357421875 261.0196228027344 487.3297653198242 261.0196228027344 487.3297653198242 354.1510314941406 452.23016357421875 354.1510314941406
450.10406494140625 264.06134033203125 485.9097595214844 264.06134033203125 485.9097595214844 350.8716049194336 450.10406494140625 350.8716049194336
451.687255859375 263.6596374511719 486.9541206359863 263.6596374511719 486.9541206359863 353.5204544067383 451.687255859375 353.5204544067383
452.2012634277344 262.81085205078125 487.535701751709 262.81085205078125 487.535701751709 350.7863235473633 452.2012634277344 350.7863235473633
453.6500549316406 262.826171875 488.90019607543945 262.826171875 488.90019607543945 353.03421783447266 453.6500549316406 353.03421783447266
454.2406311035156 261.40521240234375 488.2935447692871 261.40521240234375 488.2935447692871 350.9378890991211 454.2406311035156 350.9378890991211
453.9407653808594 262.5502014160156 488.5644721984863 262.5502014160156 488.5644721984863 353.2312774658203 453.9407653808594 353.2312774658203
453.9315490722656 261.281005859375 488.5269889831543 261.281005859375 488.5269889831543 353.1589050292969 453.9315490722656 353.1589050292969
453.214599609375 261.1048278808594 488.5456886291504 261.1048278808594 488.5456886291504 352.25695037841797 453.214599609375 352.25695037841797
454.0992736816406 262.6178894042969 488.8020553588867 262.6178894042969 488.8020553588867 351.7360076904297 454.0992736816406 351.7360076904297
455.3655700683594 262.2609558105469 489.4854316711426 262.2609558105469 489.4854316711426 354.1055374145508 455.3655700683594 354.1055374145508
456.4956970214844 260.9130859375 490.39451599121094 260.9130859375 490.39451599121094 353.61978912353516 456.4956970214844 353.61978912353516
456.5257873535156 258.38092041015625 490.11224365234375 258.38092041015625 490.11224365234375 350.8808135986328 456.5257873535156 350.8808135986328
457.2451171875 256.54388427734375 490.1917533874512 256.54388427734375 490.1917533874512 347.82704162597656 457.2451171875 347.82704162597656
456.63409423828125 250.8731231689453 489.9440116882324 250.8731231689453 489.9440116882324 341.4599914550781 456.63409423828125 341.4599914550781
452.69781494140625 241.1298828125 488.8504867553711 241.1298828125 488.8504867553711 343.56241607666016 452.69781494140625 343.56241607666016
457.2620544433594 251.63424682617188 489.3429527282715 251.63424682617188 489.3429527282715 342.2948532104492 457.2620544433594 342.2948532104492
453.0071716308594 240.97579956054688 486.0167694091797 240.97579956054688 486.0167694091797 338.14086151123047 453.0071716308594 338.14086151123047
452.40997314453125 242.78421020507812 485.42463302612305 242.78421020507812 485.42463302612305 337.5095520019531 452.40997314453125 337.5095520019531
451.3634338378906 243.00741577148438 485.1524353027344 243.00741577148438 485.1524353027344 340.39781951904297 451.3634338378906 340.39781951904297
449.7823791503906 231.95751953125 485.5820121765137 231.95751953125 485.5820121765137 333.38978576660156 449.7823791503906 333.38978576660156
456.06524658203125 232.5537567138672 488.78410720825195 232.5537567138672 488.78410720825195 327.06046295166016 456.06524658203125 327.06046295166016
456.8543395996094 236.9019317626953 490.06590270996094 236.9019317626953 490.06590270996094 329.8936309814453 456.8543395996094 329.8936309814453
454.67889404296875 234.6308135986328 488.8622360229492 234.6308135986328 488.8622360229492 328.85596466064453 454.67889404296875 328.85596466064453
455.5089416503906 239.30126953125 489.72472763061523 239.30126953125 489.72472763061523 335.69879150390625 455.5089416503906 335.69879150390625
453.61114501953125 241.12063598632812 488.02037811279297 241.12063598632812 488.02037811279297 335.6761016845703 453.61114501953125 335.6761016845703
454.4510803222656 234.26400756835938 488.66415786743164 234.26400756835938 488.66415786743164 328.5803985595703 454.4510803222656 328.5803985595703
455.81158447265625 238.71585083007812 489.23565673828125 238.71585083007812 489.23565673828125 331.3359069824219 455.81158447265625 331.3359069824219
455.97760009765625 230.02847290039062 489.0730094909668 230.02847290039062 489.0730094909668 323.7781066894531 455.97760009765625 323.7781066894531
455.64208984375 232.2837371826172 489.20986557006836 232.2837371826172 489.20986557006836 324.84032440185547 455.64208984375 324.84032440185547
449.5218811035156 240.6268768310547 483.63548278808594 240.6268768310547 483.63548278808594 332.8788757324219 449.5218811035156 332.8788757324219
448.8558654785156 238.1612091064453 483.51569747924805 238.1612091064453 483.51569747924805 332.182373046875 448.8558654785156 332.182373046875
450.94403076171875 231.58395385742188 484.49637603759766 231.58395385742188 484.49637603759766 325.78306579589844 450.94403076171875 325.78306579589844
452.238525390625 235.5576629638672 485.15899658203125 235.5576629638672 485.15899658203125 329.9412155151367 452.238525390625 329.9412155151367
453.99835205078125 232.30184936523438 486.74755096435547 232.30184936523438 486.74755096435547 323.54649353027344 453.99835205078125 323.54649353027344
455.9501953125 231.7906951904297 487.93247985839844 231.7906951904297 487.93247985839844 323.38775634765625 455.9501953125 323.38775634765625
463.34454345703125 224.6776123046875 494.88628578186035 224.6776123046875 494.88628578186035 310.9349822998047 463.34454345703125 310.9349822998047
462.89288330078125 224.16189575195312 494.13494300842285 224.16189575195312 494.13494300842285 308.5749969482422 462.89288330078125 308.5749969482422
462.93475341796875 226.4986114501953 493.633243560791 226.4986114501953 493.633243560791 313.18370819091797 462.93475341796875 313.18370819091797
462.072021484375 221.46572875976562 493.9168453216553 221.46572875976562 493.9168453216553 307.0585479736328 462.072021484375 307.0585479736328
462.5716247558594 230.1824493408203 494.1787300109863 230.1824493408203 494.1787300109863 317.5324249267578 462.5716247558594 317.5324249267578
462.38262939453125 231.0429229736328 494.36950302124023 231.0429229736328 494.36950302124023 318.3997116088867 462.38262939453125 318.3997116088867
464.7269592285156 227.8553466796875 495.95327377319336 227.8553466796875 495.95327377319336 311.5606231689453 464.7269592285156 311.5606231689453
466.51611328125 213.9002227783203 498.8411331176758 213.9002227783203 498.8411331176758 296.7817840576172 466.51611328125 296.7817840576172
468.010498046875 213.7262725830078 499.9766788482666 213.7262725830078 499.9766788482666 296.8633804321289 468.010498046875 296.8633804321289
468.7994079589844 204.41043090820312 502.34382247924805 204.41043090820312 502.34382247924805 289.1914749145508 468.7994079589844 289.1914749145508
468.349365234375 209.86471557617188 500.72203826904297 209.86471557617188 500.72203826904297 294.0780792236328 468.349365234375 294.0780792236328
471.4652404785156 209.85592651367188 503.9101791381836 209.85592651367188 503.9101791381836 292.7569046020508 471.4652404785156 292.7569046020508
471.58380126953125 207.27688598632812 504.43511962890625 207.27688598632812 504.43511962890625 292.5505828857422 471.58380126953125 292.5505828857422
469.65008544921875 209.41610717773438 502.33325958251953 209.41610717773438 502.33325958251953 294.1328659057617 469.65008544921875 294.1328659057617
472.9056091308594 204.74771118164062 505.49041748046875 204.74771118164062 505.49041748046875 291.3886184692383 472.9056091308594 291.3886184692383
471.9562072753906 202.86978149414062 504.6338195800781 202.86978149414062 504.6338195800781 290.12205505371094 471.9562072753906 290.12205505371094
472.57025146484375 198.6375732421875 506.02919006347656 198.6375732421875 506.02919006347656 288.0924835205078 472.57025146484375 288.0924835205078
473.542724609375 202.09446716308594 506.1644477844238 202.09446716308594 506.1644477844238 289.9950866699219 473.542724609375 289.9950866699219
473.8052673339844 199.35203552246094 506.2558708190918 199.35203552246094 506.2558708190918 289.4641342163086 473.8052673339844 289.4641342163086
474.68475341796875 197.50448608398438 507.64600372314453 197.50448608398438 507.64600372314453 285.6692352294922 474.68475341796875 285.6692352294922
475.1922912597656 198.09390258789062 507.96352767944336 198.09390258789062 507.96352767944336 286.21189880371094 475.1922912597656 286.21189880371094
474.820068359375 201.8449249267578 507.0230484008789 201.8449249267578 507.0230484008789 289.3703308105469 474.820068359375 289.3703308105469
473.23193359375 198.207763671875 505.89794921875 198.207763671875 505.89794921875 285.2898406982422 473.23193359375 285.2898406982422
473.04388427734375 196.79318237304688 506.4055061340332 196.79318237304688 506.4055061340332 285.6892852783203 473.04388427734375 285.6892852783203
473.9767150878906 196.40182495117188 508.17376708984375 196.40182495117188 508.17376708984375 284.5167007446289 473.9767150878906 284.5167007446289
473.02545166015625 191.5325164794922 507.4028129577637 191.5325164794922 507.4028129577637 283.1117858886719 473.02545166015625 283.1117858886719
472.4505920410156 193.08285522460938 507.18699645996094 193.08285522460938 507.18699645996094 284.8691864013672 472.4505920410156 284.8691864013672
472.2412109375 193.42572021484375 506.71129608154297 193.42572021484375 506.71129608154297 285.8083190917969 472.2412109375 285.8083190917969
470.78631591796875 195.61245727539062 505.18333435058594 195.61245727539062 505.18333435058594 286.9465637207031 470.78631591796875 286.9465637207031
470.3287048339844 192.76145935058594 504.91307830810547 192.76145935058594 504.91307830810547 284.57068634033203 470.3287048339844 284.57068634033203
468.98895263671875 193.29568481445312 503.299560546875 193.29568481445312 503.299560546875 284.01734161376953 468.98895263671875 284.01734161376953
470.48736572265625 187.27114868164062 504.8846740722656 187.27114868164062 504.8846740722656 276.98094940185547 470.48736572265625 276.98094940185547
468.92254638671875 187.60919189453125 503.93262100219727 187.60919189453125 503.93262100219727 279.32801055908203 468.92254638671875 279.32801055908203
470.67987060546875 188.4188995361328 505.42859649658203 188.4188995361328 505.42859649658203 279.5502624511719 470.67987060546875 279.5502624511719
470.91552734375 190.20199584960938 505.42267990112305 190.20199584960938 505.42267990112305 280.7830352783203 470.91552734375 280.7830352783203
475.0149841308594 178.25001525878906 509.22830963134766 178.25001525878906 509.22830963134766 275.1877746582031 475.0149841308594 275.1877746582031
471.6136779785156 184.08470153808594 506.01114654541016 184.08470153808594 506.01114654541016 276.91615295410156 471.6136779785156 276.91615295410156
473.924072265625 175.2183837890625 507.77074813842773 175.2183837890625 507.77074813842773 271.11729431152344 473.924072265625 271.11729431152344
475.34271240234375 180.37277221679688 509.3526077270508 180.37277221679688 509.3526077270508 276.73413848876953 475.34271240234375 276.73413848876953
474.45013427734375 168.00650024414062 508.46097564697266 168.00650024414062 508.46097564697266 264.37054443359375 474.45013427734375 264.37054443359375
471.21337890625 174.9202880859375 505.3785400390625 174.9202880859375 505.3785400390625 267.05345153808594 471.21337890625 267.05345153808594
470.8975524902344 179.7474365234375 504.7081489562988 179.7474365234375 504.7081489562988 273.1741714477539 470.8975524902344 273.1741714477539
473.8893127441406 184.2247772216797 507.8589553833008 184.2247772216797 507.8589553833008 275.2517395019531 473.8893127441406 275.2517395019531
472.4576110839844 184.11929321289062 505.6881980895996 184.11929321289062 505.6881980895996 277.2247848510742 472.4576110839844 277.2247848510742
478.2197265625 165.54806518554688 509.6620330810547 165.54806518554688 509.6620330810547 255.27352905273438 478.2197265625 255.27352905273438
473.5003967285156 181.90908813476562 507.26784896850586 181.90908813476562 507.26784896850586 270.86937713623047 473.5003967285156 270.86937713623047
471.7265625 180.6312255859375 506.0955276489258 180.6312255859375 506.0955276489258 270.28501892089844 471.7265625 270.28501892089844
471.909912109375 183.2913818359375 506.66822052001953 183.2913818359375 506.66822052001953 275.14298248291016 471.909912109375 275.14298248291016
472.53125 179.0692596435547 507.39733123779297 179.0692596435547 507.39733123779297 272.64542388916016 472.53125 272.64542388916016
471.08477783203125 180.19131469726562 505.7861747741699 180.19131469726562 505.7861747741699 274.08272552490234 471.08477783203125 274.08272552490234
470.6734924316406 180.33456420898438 505.7993049621582 180.33456420898438 505.7993049621582 272.97918701171875 470.6734924316406 272.97918701171875
470.524658203125 180.8422393798828 505.14045333862305 180.8422393798828 505.14045333862305 274.2183609008789 470.524658203125 274.2183609008789
470.1287536621094 183.4314422607422 504.6074752807617 183.4314422607422 504.6074752807617 274.19091796875 470.1287536621094 274.19091796875
472.021240234375 179.33460998535156 506.8446350097656 179.33460998535156 506.8446350097656 272.0443801879883 472.021240234375 272.0443801879883
470.56689453125 179.8091583251953 505.08118438720703 179.8091583251953 505.08118438720703 272.76918029785156 470.56689453125 272.76918029785156
469.8804626464844 178.07730102539062 504.78833389282227 178.07730102539062 504.78833389282227 272.8753662109375 469.8804626464844 272.8753662109375
468.75933837890625 175.8090057373047 503.9725456237793 175.8090057373047 503.9725456237793 271.75476837158203 468.75933837890625 271.75476837158203
467.9312438964844 178.6498565673828 503.8926429748535 178.6498565673828 503.8926429748535 275.03167724609375 467.9312438964844 275.03167724609375
468.9144592285156 176.12820434570312 505.2193298339844 176.12820434570312 505.2193298339844 274.2121810913086 468.9144592285156 274.2121810913086
468.64849853515625 177.88665771484375 504.8187026977539 177.88665771484375 504.8187026977539 274.44190979003906 468.64849853515625 274.44190979003906
470.2152404785156 174.4420928955078 506.2808609008789 174.4420928955078 506.2808609008789 271.6370086669922 470.2152404785156 271.6370086669922
469.41900634765625 173.61819458007812 505.57673263549805 173.61819458007812 505.57673263549805 271.6195526123047 469.41900634765625 271.6195526123047
469.4649963378906 175.24058532714844 505.96185302734375 175.24058532714844 505.96185302734375 272.5950927734375 469.4649963378906 272.5950927734375
468.25128173828125 176.3687744140625 504.06560134887695 176.3687744140625 504.06560134887695 273.10428619384766 468.25128173828125 273.10428619384766
467.56927490234375 174.64353942871094 504.2741470336914 174.64353942871094 504.2741470336914 271.7188491821289 467.56927490234375 271.7188491821289
467.1722717285156 176.96884155273438 503.96671295166016 176.96884155273438 503.96671295166016 273.7500762939453 467.1722717285156 273.7500762939453
467.38592529296875 177.337646484375 504.0384750366211 177.337646484375 504.0384750366211 275.0461120605469 467.38592529296875 275.0461120605469
467.9853515625 176.06826782226562 505.8056106567383 176.06826782226562 505.8056106567383 274.1758270263672 467.9853515625 274.1758270263672
468.74169921875 174.79852294921875 505.5375289916992 174.79852294921875 505.5375289916992 273.8731231689453 468.74169921875 273.8731231689453
468.63580322265625 178.59408569335938 504.5392646789551 178.59408569335938 504.5392646789551 274.42032623291016 468.63580322265625 274.42032623291016
468.33349609375 176.88253784179688 504.54088973999023 176.88253784179688 504.54088973999023 273.19813537597656 468.33349609375 273.19813537597656
470.43292236328125 174.57186889648438 506.0898666381836 174.57186889648438 506.0898666381836 273.96531677246094 470.43292236328125 273.96531677246094
468.18157958984375 173.999755859375 504.5111427307129 173.999755859375 504.5111427307129 273.7452697753906 468.18157958984375 273.7452697753906
468.8348083496094 176.973388671875 505.2411994934082 176.973388671875 505.2411994934082 274.7622604370117 468.8348083496094 274.7622604370117
468.16522216796875 176.64352416992188 505.02067947387695 176.64352416992188 505.02067947387695 273.77040100097656 468.16522216796875 273.77040100097656
469.17022705078125 177.98851013183594 505.1065979003906 177.98851013183594 505.1065979003906 273.2249069213867 469.17022705078125 273.2249069213867
469.31854248046875 177.65176391601562 505.0127639770508 177.65176391601562 505.0127639770508 272.12062072753906 469.31854248046875 272.12062072753906
469.4747619628906 179.05885314941406 505.73645401000977 179.05885314941406 505.73645401000977 274.4457321166992 469.4747619628906 274.4457321166992
467.8109436035156 179.44100952148438 504.0679054260254 179.44100952148438 504.0679054260254 273.2971954345703 467.8109436035156 273.2971954345703
467.5850524902344 177.18832397460938 503.75626373291016 177.18832397460938 503.75626373291016 272.32007598876953 467.5850524902344 272.32007598876953
467.6014709472656 177.88339233398438 503.4977340698242 177.88339233398438 503.4977340698242 274.21021270751953 467.6014709472656 274.21021270751953
467.925537109375 178.12603759765625 503.8489074707031 178.12603759765625 503.8489074707031 271.9830551147461 467.925537109375 271.9830551147461
466.55328369140625 176.1814727783203 502.7339096069336 176.1814727783203 502.7339096069336 270.6138916015625 466.55328369140625 270.6138916015625
467.9735412597656 179.9014892578125 503.60840606689453 179.9014892578125 503.60840606689453 272.0664520263672 467.9735412597656 272.0664520263672
470.12384033203125 178.95474243164062 505.46247482299805 178.95474243164062 505.46247482299805 271.8627395629883 470.12384033203125 271.8627395629883
469.0558166503906 179.18846130371094 504.57381439208984 179.18846130371094 504.57381439208984 273.1246032714844 469.0558166503906 273.1246032714844
468.94940185546875 179.7804718017578 504.3852958679199 179.7804718017578 504.3852958679199 272.94246673583984 468.94940185546875 272.94246673583984
468.6941833496094 180.9293212890625 504.18592071533203 180.9293212890625 504.18592071533203 274.3220977783203 468.6941833496094 274.3220977783203
469.29425048828125 180.11570739746094 504.96827697753906 180.11570739746094 504.96827697753906 272.3728790283203 469.29425048828125 272.3728790283203
471.15606689453125 178.40322875976562 506.7069282531738 178.40322875976562 506.7069282531738 270.41810607910156 471.15606689453125 270.41810607910156
466.95733642578125 181.37957763671875 502.3926315307617 181.37957763671875 502.3926315307617 272.39369201660156 466.95733642578125 272.39369201660156
469.1856994628906 176.86880493164062 504.84276580810547 176.86880493164062 504.84276580810547 268.812255859375 469.1856994628906 268.812255859375
468.55572509765625 180.08572387695312 503.7703399658203 180.08572387695312 503.7703399658203 271.3981399536133 468.55572509765625 271.3981399536133
468.4002380371094 180.9148406982422 504.0747375488281 180.9148406982422 504.0747375488281 271.6750183105469 468.4002380371094 271.6750183105469
467.977783203125 183.9845428466797 503.2777442932129 183.9845428466797 503.2777442932129 275.09810638427734 467.977783203125 275.09810638427734
466.82623291015625 180.61805725097656 502.6348075866699 180.61805725097656 502.6348075866699 273.50382232666016 466.82623291015625 273.50382232666016
469.8401794433594 182.46517944335938 505.24695587158203 182.46517944335938 505.24695587158203 274.6935806274414 469.8401794433594 274.6935806274414
468.14605712890625 177.9508056640625 503.85477447509766 177.9508056640625 503.85477447509766 272.0692596435547 468.14605712890625 272.0692596435547
467.41943359375 178.6088409423828 503.7400245666504 178.6088409423828 503.7400245666504 272.6466522216797 467.41943359375 272.6466522216797
469.95684814453125 181.79940795898438 506.4259452819824 181.79940795898438 506.4259452819824 275.5567855834961 469.95684814453125 275.5567855834961
467.8486328125 179.22262573242188 504.60443115234375 179.22262573242188 504.60443115234375 273.61180114746094 467.8486328125 273.61180114746094
467.7586975097656 179.44192504882812 504.6906204223633 179.44192504882812 504.6906204223633 273.64820861816406 467.7586975097656 273.64820861816406
468.83770751953125 177.15438842773438 505.68871307373047 177.15438842773438 505.68871307373047 271.5122528076172 468.83770751953125 271.5122528076172
468.77276611328125 177.48365783691406 505.6987991333008 177.48365783691406 505.6987991333008 270.6465759277344 468.77276611328125 270.6465759277344
470.08428955078125 179.5947723388672 506.7588691711426 179.5947723388672 506.7588691711426 272.6890869140625 470.08428955078125 272.6890869140625
467.22735595703125 177.55398559570312 503.5863952636719 177.55398559570312 503.5863952636719 271.7893524169922 467.22735595703125 271.7893524169922
468.28131103515625 176.68356323242188 505.3464775085449 176.68356323242188 505.3464775085449 270.22692108154297 468.28131103515625 270.22692108154297
469.6829528808594 178.606689453125 506.3438186645508 178.606689453125 506.3438186645508 273.0559768676758 469.6829528808594 273.0559768676758
467.06695556640625 177.39947509765625 504.3164710998535 177.39947509765625 504.3164710998535 273.1775360107422 467.06695556640625 273.1775360107422
468.28765869140625 177.1818389892578 504.70128631591797 177.1818389892578 504.70128631591797 271.70719146728516 468.28765869140625 271.70719146728516
466.914794921875 179.1771240234375 503.68671798706055 179.1771240234375 503.68671798706055 273.94947814941406 466.914794921875 273.94947814941406
467.19482421875 178.93112182617188 503.6108512878418 178.93112182617188 503.6108512878418 272.63858795166016 467.19482421875 272.63858795166016
468.9794921875 180.27127075195312 505.76062393188477 180.27127075195312 505.76062393188477 274.1716995239258 468.9794921875 274.1716995239258
468.41632080078125 178.8351593017578 505.7781181335449 178.8351593017578 505.7781181335449 273.11209869384766 468.41632080078125 273.11209869384766
468.73980712890625 180.91439819335938 505.6475296020508 180.91439819335938 505.6475296020508 273.55235290527344 468.73980712890625 273.55235290527344
468.9725036621094 178.65020751953125 505.68879318237305 178.65020751953125 505.68879318237305 270.60555267333984 468.9725036621094 270.60555267333984
468.3345642089844 180.07566833496094 505.1441535949707 180.07566833496094 505.1441535949707 273.08289337158203 468.3345642089844 273.08289337158203
469.99603271484375 179.6617889404297 506.75950622558594 179.6617889404297 506.75950622558594 272.9585266113281 469.99603271484375 272.9585266113281
469.4712829589844 176.03616333007812 506.5816116333008 176.03616333007812 506.5816116333008 269.06871032714844 469.4712829589844 269.06871032714844
467.94281005859375 178.0692901611328 504.06921768188477 178.0692901611328 504.06921768188477 269.5889892578125 467.94281005859375 269.5889892578125
470.61737060546875 182.0899200439453 506.32808685302734 182.0899200439453 506.32808685302734 272.2288818359375 470.61737060546875 272.2288818359375
469.2000427246094 180.11135864257812 504.832462310791 180.11135864257812 504.832462310791 269.9968719482422 469.2000427246094 269.9968719482422
470.0172424316406 179.3612823486328 505.4041976928711 179.3612823486328 505.4041976928711 270.1096954345703 470.0172424316406 270.1096954345703
469.695068359375 181.39942932128906 505.458438873291 181.39942932128906 505.458438873291 271.78857421875 469.695068359375 271.78857421875
470.0333557128906 180.8608856201172 505.4531555175781 180.8608856201172 505.4531555175781 270.46785736083984 470.0333557128906 270.46785736083984
470.172607421875 178.99411010742188 505.5770568847656 178.99411010742188 505.5770568847656 270.5802459716797 470.172607421875 270.5802459716797
469.8456115722656 179.82217407226562 505.4830207824707 179.82217407226562 505.4830207824707 270.50401306152344 469.8456115722656 270.50401306152344
471.16510009765625 179.05551147460938 507.07585525512695 179.05551147460938 507.07585525512695 269.53904724121094 471.16510009765625 269.53904724121094
469.14404296875 182.56033325195312 504.9047317504883 182.56033325195312 504.9047317504883 273.2167510986328 469.14404296875 273.2167510986328
471.29608154296875 180.5414276123047 507.16487884521484 180.5414276123047 507.16487884521484 271.37744903564453 471.29608154296875 271.37744903564453
470.92303466796875 181.06675720214844 506.7849807739258 181.06675720214844 506.7849807739258 270.21199798583984 470.92303466796875 270.21199798583984
469.76458740234375 180.88333129882812 505.29271697998047 180.88333129882812 505.29271697998047 269.78887939453125 469.76458740234375 269.78887939453125
469.84661865234375 179.6240234375 505.20739364624023 179.6240234375 505.20739364624023 269.0937957763672 469.84661865234375 269.0937957763672
469.3690490722656 178.5324249267578 505.1530990600586 178.5324249267578 505.1530990600586 267.86190032958984 469.3690490722656 267.86190032958984
470.13427734375 179.14608764648438 505.8560028076172 179.14608764648438 505.8560028076172 270.2914047241211 470.13427734375 270.2914047241211
471.20172119140625 182.50790405273438 507.47955322265625 182.50790405273438 507.47955322265625 273.7482452392578 471.20172119140625 273.7482452392578
470.44000244140625 181.53968811035156 506.9520492553711 181.53968811035156 506.9520492553711 273.87147521972656 470.44000244140625 273.87147521972656
468.05279541015625 177.4689483642578 504.7544174194336 177.4689483642578 504.7544174194336 269.6021041870117 468.05279541015625 269.6021041870117
469.77020263671875 176.54922485351562 507.38969802856445 176.54922485351562 507.38969802856445 270.44517517089844 469.77020263671875 270.44517517089844
468.3599548339844 178.97409057617188 505.60428619384766 178.97409057617188 505.60428619384766 272.75191497802734 468.3599548339844 272.75191497802734
468.9228515625 176.8619842529297 506.31071853637695 176.8619842529297 506.31071853637695 269.89044189453125 468.9228515625 269.89044189453125
467.6123046875 179.21412658691406 504.4225730895996 179.21412658691406 504.4225730895996 271.11753845214844 467.6123046875 271.11753845214844
468.4754943847656 181.7571258544922 504.32061767578125 181.7571258544922 504.32061767578125 271.52610778808594 468.4754943847656 271.52610778808594
470.02276611328125 181.02444458007812 505.60257720947266 181.02444458007812 505.60257720947266 269.6975784301758 470.02276611328125 269.6975784301758
468.52874755859375 181.92617797851562 503.64347076416016 181.92617797851562 503.64347076416016 270.1102828979492 468.52874755859375 270.1102828979492
470.01904296875 182.74197387695312 505.44357681274414 182.74197387695312 505.44357681274414 272.15281677246094 470.01904296875 272.15281677246094
469.5476989746094 182.0131378173828 505.6966438293457 182.0131378173828 505.6966438293457 272.8643569946289 469.5476989746094 272.8643569946289
468.83740234375 181.47665405273438 504.74817276000977 181.47665405273438 504.74817276000977 272.2851867675781 468.83740234375 272.2851867675781
470.55694580078125 178.26083374023438 505.42142486572266 178.26083374023438 505.42142486572266 267.37664794921875 470.55694580078125 267.37664794921875
469.1507873535156 181.6735076904297 504.4973945617676 181.6735076904297 504.4973945617676 269.2981185913086 469.1507873535156 269.2981185913086
469.4623107910156 181.1396942138672 504.26725006103516 181.1396942138672 504.26725006103516 268.693115234375 469.4623107910156 268.693115234375
470.2049865722656 183.8623504638672 505.23628997802734 183.8623504638672 505.23628997802734 270.50706481933594 470.2049865722656 270.50706481933594
469.29852294921875 181.7947235107422 504.71668243408203 181.7947235107422 504.71668243408203 268.51136016845703 469.29852294921875 268.51136016845703
470.8103942871094 180.7074737548828 505.71717071533203 180.7074737548828 505.71717071533203 268.0533447265625 470.8103942871094 268.0533447265625
470.5736389160156 183.0311279296875 505.8887710571289 183.0311279296875 505.8887710571289 270.5189971923828 470.5736389160156 270.5189971923828
470.11456298828125 181.8604278564453 505.74141693115234 181.8604278564453 505.74141693115234 270.7470474243164 470.11456298828125 270.7470474243164
469.3243103027344 178.94198608398438 505.40817642211914 178.94198608398438 505.40817642211914 268.8874969482422 469.3243103027344 268.8874969482422
468.7032775878906 178.76318359375 505.1529769897461 178.76318359375 505.1529769897461 268.88441467285156 468.7032775878906 268.88441467285156
469.5755920410156 178.39633178710938 505.8917541503906 178.39633178710938 505.8917541503906 268.11475372314453 469.5755920410156 268.11475372314453
470.223388671875 179.50076293945312 507.3593330383301 179.50076293945312 507.3593330383301 269.7716598510742 470.223388671875 269.7716598510742
468.9833068847656 180.34329223632812 504.92543029785156 180.34329223632812 504.92543029785156 268.44923400878906 468.9833068847656 268.44923400878906
470.1551208496094 178.1770782470703 507.2042236328125 178.1770782470703 507.2042236328125 267.0440368652344 470.1551208496094 267.0440368652344
468.7164001464844 177.30575561523438 505.66651153564453 177.30575561523438 505.66651153564453 266.8888626098633 468.7164001464844 266.8888626098633
470.55389404296875 179.08282470703125 506.9346809387207 179.08282470703125 506.9346809387207 267.43028259277344 470.55389404296875 267.43028259277344
470.35888671875 180.72796630859375 507.26448822021484 180.72796630859375 507.26448822021484 270.49371337890625 470.35888671875 270.49371337890625
469.18304443359375 179.690673828125 506.21971130371094 179.690673828125 506.21971130371094 271.2191696166992 469.18304443359375 271.2191696166992
470.39886474609375 177.74771118164062 507.2241973876953 177.74771118164062 507.2241973876953 269.5887908935547 470.39886474609375 269.5887908935547
468.7315979003906 177.09042358398438 506.13455963134766 177.09042358398438 506.13455963134766 269.6602096557617 468.7315979003906 269.6602096557617
467.43927001953125 174.68515014648438 504.61274337768555 174.68515014648438 504.61274337768555 267.8551712036133 467.43927001953125 267.8551712036133
469.6407775878906 176.8452911376953 507.58823013305664 176.8452911376953 507.58823013305664 270.2312774658203 469.6407775878906 270.2312774658203
468.92620849609375 178.31076049804688 506.44994354248047 178.31076049804688 506.44994354248047 271.9318313598633 468.92620849609375 271.9318313598633
469.80712890625 176.47828674316406 506.76562118530273 176.47828674316406 506.76562118530273 268.96378326416016 469.80712890625 268.96378326416016
468.50555419921875 179.76400756835938 506.0849075317383 179.76400756835938 506.0849075317383 271.75120544433594 468.50555419921875 271.75120544433594
469.825927734375 174.66000366210938 507.6336898803711 174.66000366210938 507.6336898803711 268.5742721557617 469.825927734375 268.5742721557617
469.36944580078125 170.66778564453125 507.37677001953125 170.66778564453125 507.37677001953125 265.44927978515625 469.36944580078125 265.44927978515625
468.54962158203125 175.56280517578125 506.1090316772461 175.56280517578125 506.1090316772461 268.86341857910156 468.54962158203125 268.86341857910156
468.6944274902344 178.6869354248047 506.03995513916016 178.6869354248047 506.03995513916016 272.6975402832031 468.6944274902344 272.6975402832031
467.79827880859375 176.94613647460938 505.1480178833008 176.94613647460938 505.1480178833008 271.09156036376953 467.79827880859375 271.09156036376953
470.78167724609375 174.40194702148438 507.91585540771484 174.40194702148438 507.91585540771484 268.2069091796875 470.78167724609375 268.2069091796875
468.19915771484375 177.68099975585938 505.68985748291016 177.68099975585938 505.68985748291016 273.4409942626953 468.19915771484375 273.4409942626953
467.9894104003906 177.519775390625 505.2162399291992 177.519775390625 505.2162399291992 273.91292572021484 467.9894104003906 273.91292572021484
468.33441162109375 179.76821899414062 505.6175117492676 179.76821899414062 505.6175117492676 273.9305725097656 468.33441162109375 273.9305725097656
468.96600341796875 179.7421112060547 505.31704330444336 179.7421112060547 505.31704330444336 273.54483795166016 468.96600341796875 273.54483795166016
467.9619140625 177.13241577148438 504.59638595581055 177.13241577148438 504.59638595581055 269.57981872558594 467.9619140625 269.57981872558594
468.4493103027344 180.46470642089844 505.10042572021484 180.46470642089844 505.10042572021484 271.8753204345703 468.4493103027344 271.8753204345703
468.85760498046875 180.7886199951172 505.0444450378418 180.7886199951172 505.0444450378418 273.3961181640625 468.85760498046875 273.3961181640625
468.00213623046875 177.85191345214844 504.26304626464844 177.85191345214844 504.26304626464844 271.019287109375 468.00213623046875 271.019287109375
469.1480407714844 179.34153747558594 505.3199882507324 179.34153747558594 505.3199882507324 270.9138488769531 469.1480407714844 270.9138488769531
469.3489685058594 173.8933868408203 506.42000579833984 173.8933868408203 506.42000579833984 267.38677978515625 469.3489685058594 267.38677978515625
468.2643127441406 177.39505004882812 505.4653968811035 177.39505004882812 505.4653968811035 271.197265625 468.2643127441406 271.197265625
468.779541015625 177.22193908691406 505.67589569091797 177.22193908691406 505.67589569091797 271.4189910888672 468.779541015625 271.4189910888672
468.8755798339844 177.31944274902344 506.2089958190918 177.31944274902344 506.2089958190918 271.9566421508789 468.8755798339844 271.9566421508789
468.60711669921875 178.9237060546875 505.93921661376953 178.9237060546875 505.93921661376953 273.74642181396484 468.60711669921875 273.74642181396484
468.3768615722656 178.21273803710938 506.2386016845703 178.21273803710938 506.2386016845703 274.3900604248047 468.3768615722656 274.3900604248047
467.9810485839844 179.0692138671875 505.2774772644043 179.0692138671875 505.2774772644043 273.7979507446289 467.9810485839844 273.7979507446289
467.77667236328125 178.2872314453125 504.9851303100586 178.2872314453125 504.9851303100586 272.2025909423828 467.77667236328125 272.2025909423828
467.6961975097656 179.2210693359375 504.8412399291992 179.2210693359375 504.8412399291992 272.62386322021484 467.6961975097656 272.62386322021484
468.16259765625 174.6269073486328 504.8061332702637 174.6269073486328 504.8061332702637 270.7472915649414 468.16259765625 270.7472915649414
470.10137939453125 176.5750732421875 506.8920783996582 176.5750732421875 506.8920783996582 271.3709945678711 470.10137939453125 271.3709945678711
