540.0 328.0 581.0 328.0 581.0 451.0 540.0 451.0
538.1127319335938 328.6413269042969 577.0575332641602 328.6413269042969 577.0575332641602 452.4216003417969 538.1127319335938 452.4216003417969
530.9927368164062 330.99395751953125 572.5215873718262 330.99395751953125 572.5215873718262 456.151123046875 530.9927368164062 456.151123046875
524.1848754882812 327.7632751464844 566.9814224243164 327.7632751464844 566.9814224243164 456.15289306640625 524.1848754882812 456.15289306640625
521.8656005859375 328.3953857421875 565.0837326049805 328.3953857421875 565.0837326049805 455.553466796875 521.8656005859375 455.553466796875
517.0655517578125 325.12359619140625 560.0487442016602 325.12359619140625 560.0487442016602 454.0731506347656 517.0655517578125 454.0731506347656
514.2357788085938 328.25775146484375 557.0813827514648 328.25775146484375 557.0813827514648 456.79454040527344 514.2357788085938 456.79454040527344
506.30499267578125 327.0684509277344 549.4724807739258 327.0684509277344 549.4724807739258 456.5708923339844 506.30499267578125 456.5708923339844
505.9916076660156 323.633544921875 549.4122734069824 323.633544921875 549.4122734069824 453.8955078125 505.9916076660156 453.8955078125
502.85626220703125 324.2030944824219 546.7294502258301 324.2030944824219 546.7294502258301 455.8226318359375 502.85626220703125 455.8226318359375
497.1978454589844 325.705810546875 538.1768951416016 325.705810546875 538.1768951416016 457.555419921875 497.1978454589844 457.555419921875
495.08685302734375 326.724609375 534.927116394043 326.724609375 534.927116394043 458.5149841308594 495.08685302734375 458.5149841308594
493.81842041015625 323.2301330566406 531.0874557495117 323.2301330566406 531.0874557495117 456.717041015625 493.81842041015625 456.717041015625
494.76666259765625 324.6240234375 531.5990295410156 324.6240234375 531.5990295410156 456.4020690917969 494.76666259765625 456.4020690917969
493.86163330078125 328.05535888671875 528.2624816894531 328.05535888671875 528.2624816894531 456.7450256347656 493.86163330078125 456.7450256347656
494.355224609375 333.35009765625 528.3060302734375 333.35009765625 528.3060302734375 458.6686248779297 494.355224609375 458.6686248779297
483.54364013671875 333.431640625 523.9854049682617 333.431640625 523.9854049682617 457.5162582397461 483.54364013671875 457.5162582397461
454.141357421875 337.49066162109375 495.37682342529297 337.49066162109375 495.37682342529297 455.03922271728516 454.141357421875 455.03922271728516
456.267578125 333.6600646972656 497.82445907592773 333.6600646972656 497.82445907592773 457.01551055908203 456.267578125 457.01551055908203
458.128173828125 328.20281982421875 499.71851348876953 328.20281982421875 499.71851348876953 452.97381591796875 458.128173828125 452.97381591796875
454.85858154296875 319.7374267578125 496.9430236816406 319.7374267578125 496.9430236816406 445.99073791503906 454.85858154296875 445.99073791503906
445.022216796875 327.52508544921875 488.6774139404297 327.52508544921875 488.6774139404297 458.49066162109375 445.022216796875 458.49066162109375
442.5008850097656 328.06182861328125 485.9961624145508 328.06182861328125 485.9961624145508 458.5476531982422 442.5008850097656 458.5476531982422
439.3326110839844 326.75115966796875 483.3611831665039 326.75115966796875 483.3611831665039 458.8368835449219 439.3326110839844 458.8368835449219
437.238037109375 327.7122802734375 480.5526313781738 327.7122802734375 480.5526313781738 457.6560516357422 437.238037109375 457.6560516357422
434.3731384277344 325.58001708984375 478.5484085083008 325.58001708984375 478.5484085083008 458.10581970214844 434.3731384277344 458.10581970214844
429.03350830078125 326.4471740722656 474.3144760131836 326.4471740722656 474.3144760131836 457.37615966796875 429.03350830078125 457.37615966796875
427.56524658203125 322.27978515625 471.411075592041 322.27978515625 471.411075592041 456.6741027832031 427.56524658203125 456.6741027832031
421.88934326171875 323.12237548828125 464.0602111816406 323.12237548828125 464.0602111816406 459.82154846191406 421.88934326171875 459.82154846191406
417.74066162109375 325.5814514160156 463.5198631286621 325.5814514160156 463.5198631286621 457.44744873046875 417.74066162109375 457.44744873046875
413.0023498535156 328.9707946777344 457.9310073852539 328.9707946777344 457.9310073852539 457.35345458984375 413.0023498535156 457.35345458984375
407.194580078125 329.16302490234375 453.3997383117676 329.16302490234375 453.3997383117676 459.3216247558594 407.194580078125 459.3216247558594
397.7481384277344 327.8060607910156 445.4898147583008 327.8060607910156 445.4898147583008 455.39027404785156 397.7481384277344 455.39027404785156
392.525146484375 323.95220947265625 438.1996383666992 323.95220947265625 438.1996383666992 455.18202209472656 392.525146484375 455.18202209472656
388.03997802734375 324.05718994140625 432.27433013916016 324.05718994140625 432.27433013916016 454.53594970703125 388.03997802734375 454.53594970703125
383.33978271484375 327.64813232421875 427.0308532714844 327.64813232421875 427.0308532714844 455.5162124633789 383.33978271484375 455.5162124633789
379.7726135253906 325.9981384277344 422.11138916015625 325.9981384277344 422.11138916015625 455.2734375 379.7726135253906 455.2734375
376.0103454589844 324.9169616699219 418.4773292541504 324.9169616699219 418.4773292541504 454.93577575683594 376.0103454589844 454.93577575683594
368.6914978027344 320.45697021484375 412.5468521118164 320.45697021484375 412.5468521118164 455.1090087890625 368.6914978027344 455.1090087890625
366.4910888671875 322.16461181640625 410.95037841796875 322.16461181640625 410.95037841796875 455.7577209472656 366.4910888671875 455.7577209472656
361.4898986816406 321.3536071777344 406.25859451293945 321.3536071777344 406.25859451293945 455.672119140625 361.4898986816406 455.672119140625
357.39654541015625 320.807861328125 402.1032028198242 320.807861328125 402.1032028198242 457.40052795410156 357.39654541015625 457.40052795410156
349.69500732421875 325.34161376953125 394.01412200927734 325.34161376953125 394.01412200927734 457.5423278808594 349.69500732421875 457.5423278808594
346.7562561035156 326.0978698730469 390.9296989440918 326.0978698730469 390.9296989440918 453.8213348388672 346.7562561035156 453.8213348388672
341.254150390625 320.8346862792969 383.0998878479004 320.8346862792969 383.0998878479004 455.26686096191406 341.254150390625 455.26686096191406
334.0361022949219 319.6019287109375 379.1705665588379 319.6019287109375 379.1705665588379 456.4955291748047 334.0361022949219 456.4955291748047
330.9881286621094 319.8854675292969 376.38191986083984 319.8854675292969 376.38191986083984 455.4026336669922 330.9881286621094 455.4026336669922
326.51275634765625 320.46978759765625 369.2474670410156 320.46978759765625 369.2474670410156 453.75367736816406 326.51275634765625 453.75367736816406
323.27154541015625 323.1198425292969 367.11328887939453 323.1198425292969 367.11328887939453 452.89463806152344 323.27154541015625 452.89463806152344
315.04046630859375 322.1024475097656 361.0921745300293 322.1024475097656 361.0921745300293 455.142333984375 315.04046630859375 455.142333984375
312.10943603515625 324.9172668457031 357.1442451477051 324.9172668457031 357.1442451477051 456.0868225097656 312.10943603515625 456.0868225097656
308.8724060058594 323.87835693359375 352.1432914733887 323.87835693359375 352.1432914733887 454.7334442138672 308.8724060058594 454.7334442138672
306.9948425292969 325.42816162109375 349.0581703186035 325.42816162109375 349.0581703186035 453.76243591308594 306.9948425292969 453.76243591308594
303.8642578125 324.1698303222656 345.8935737609863 324.1698303222656 345.8935737609863 453.264404296875 303.8642578125 453.264404296875
300.87945556640625 319.89453125 342.9627876281738 319.89453125 342.9627876281738 449.2490692138672 300.87945556640625 449.2490692138672
298.2781677246094 321.18603515625 340.01939392089844 321.18603515625 340.01939392089844 450.7932891845703 298.2781677246094 450.7932891845703
292.7755432128906 317.6250305175781 335.50521087646484 317.6250305175781 335.50521087646484 450.4018096923828 292.7755432128906 450.4018096923828
285.86822509765625 309.67401123046875 329.3579521179199 309.67401123046875 329.3579521179199 446.9185028076172 285.86822509765625 446.9185028076172
285.85089111328125 311.76849365234375 327.0520553588867 311.76849365234375 327.0520553588867 447.8775329589844 285.85089111328125 447.8775329589844
278.7215881347656 304.79351806640625 322.20384216308594 304.79351806640625 322.20384216308594 446.40447998046875 278.7215881347656 446.40447998046875
272.7720947265625 307.202880859375 318.07391357421875 307.202880859375 318.07391357421875 443.1082763671875 272.7720947265625 443.1082763671875
270.00909423828125 308.55133056640625 314.2891426086426 308.55133056640625 314.2891426086426 444.07997131347656 270.00909423828125 444.07997131347656
266.25982666015625 303.910400390625 306.27629470825195 303.910400390625 306.27629470825195 439.6994171142578 266.25982666015625 439.6994171142578
264.95635986328125 303.59796142578125 303.5140151977539 303.59796142578125 303.5140151977539 440.55860900878906 264.95635986328125 440.55860900878906
260.7132568359375 302.33489990234375 298.4137954711914 302.33489990234375 298.4137954711914 440.54559326171875 260.7132568359375 440.54559326171875
254.90060424804688 306.1139221191406 294.2847099304199 306.1139221191406 294.2847099304199 438.9530334472656 254.90060424804688 438.9530334472656
251.014404296875 307.2726135253906 290.4175033569336 307.2726135253906 290.4175033569336 436.5211181640625 251.014404296875 436.5211181640625
248.14968872070312 308.46832275390625 288.4940414428711 308.46832275390625 288.4940414428711 435.30589294433594 248.14968872070312 435.30589294433594
242.6012420654297 312.22003173828125 284.6031608581543 312.22003173828125 284.6031608581543 439.1365966796875 242.6012420654297 439.1365966796875
240.0743408203125 309.80047607421875 281.0142288208008 309.80047607421875 281.0142288208008 436.90511322021484 240.0743408203125 436.90511322021484
237.08901977539062 306.9951171875 276.2549743652344 306.9951171875 276.2549743652344 433.2467803955078 237.08901977539062 433.2467803955078
235.345458984375 307.9580993652344 272.75255966186523 307.9580993652344 272.75255966186523 432.7562713623047 235.345458984375 432.7562713623047
232.22402954101562 308.46221923828125 268.45313262939453 308.46221923828125 268.45313262939453 433.9305877685547 232.22402954101562 433.9305877685547
230.2052459716797 309.76361083984375 267.79844665527344 309.76361083984375 267.79844665527344 433.9175796508789 230.2052459716797 433.9175796508789
224.4485626220703 312.0023193359375 263.1487503051758 312.0023193359375 263.1487503051758 432.96053314208984 224.4485626220703 432.96053314208984
220.78955078125 312.58636474609375 259.9383964538574 312.58636474609375 259.9383964538574 430.03279876708984 220.78955078125 430.03279876708984
217.94210815429688 313.0658264160156 256.74852752685547 313.0658264160156 256.74852752685547 429.48497772216797 217.94210815429688 429.48497772216797
217.9082489013672 312.7874450683594 255.41132354736328 312.7874450683594 255.41132354736328 430.85597229003906 217.9082489013672 430.85597229003906
217.3819122314453 312.220458984375 254.84241104125977 312.220458984375 254.84241104125977 426.5420150756836 217.3819122314453 426.5420150756836
213.8251495361328 313.0285949707031 251.25339126586914 313.0285949707031 251.25339126586914 425.3131866455078 213.8251495361328 425.3131866455078
212.376953125 317.3698425292969 249.98496627807617 317.3698425292969 249.98496627807617 430.1937561035156 212.376953125 430.1937561035156
209.28271484375 317.88702392578125 247.07769775390625 317.88702392578125 247.07769775390625 431.27183532714844 209.28271484375 431.27183532714844
207.27322387695312 315.3033752441406 245.12268829345703 315.3033752441406 245.12268829345703 428.8516387939453 207.27322387695312 428.8516387939453
202.3749237060547 316.5353088378906 238.8572654724121 316.5353088378906 238.8572654724121 430.9723663330078 202.3749237060547 430.9723663330078
199.954833984375 317.7439880371094 236.00201797485352 317.7439880371094 236.00201797485352 431.86683654785156 199.954833984375 431.86683654785156
199.40499877929688 318.5313415527344 234.39566040039062 318.5313415527344 234.39566040039062 430.3133850097656 199.40499877929688 430.3133850097656
198.9593048095703 318.1884460449219 234.10895538330078 318.1884460449219 234.10895538330078 429.1944122314453 198.9593048095703 429.1944122314453
197.78738403320312 318.65228271484375 232.49410247802734 318.65228271484375 232.49410247802734 427.3306427001953 197.78738403320312 427.3306427001953
198.34866333007812 321.0469665527344 231.84363174438477 321.0469665527344 231.84363174438477 429.49182891845703 198.34866333007812 429.49182891845703
197.84295654296875 319.6614685058594 231.22733688354492 319.6614685058594 231.22733688354492 425.20204162597656 197.84295654296875 425.20204162597656
198.0100860595703 321.1238708496094 230.97407150268555 321.1238708496094 230.97407150268555 424.99501037597656 198.0100860595703 424.99501037597656
196.83889770507812 322.0838928222656 229.90923309326172 322.0838928222656 229.90923309326172 422.0036926269531 196.83889770507812 422.0036926269531
197.23641967773438 321.8280334472656 229.61587524414062 321.8280334472656 229.61587524414062 423.7709426879883 197.23641967773438 423.7709426879883
197.17445373535156 320.2298278808594 230.20558166503906 320.2298278808594 230.20558166503906 421.72767639160156 197.17445373535156 421.72767639160156
196.71859741210938 319.1493835449219 229.99605560302734 319.1493835449219 229.99605560302734 422.2494354248047 196.71859741210938 422.2494354248047
198.62945556640625 319.85821533203125 231.2213134765625 319.85821533203125 231.2213134765625 424.8219451904297 198.62945556640625 424.8219451904297
196.5692596435547 321.318603515625 230.96056747436523 321.318603515625 230.96056747436523 425.227294921875 196.5692596435547 425.227294921875
196.94552612304688 319.5605773925781 230.8781509399414 319.5605773925781 230.8781509399414 423.2112350463867 196.94552612304688 423.2112350463867
197.11659240722656 318.9403991699219 230.73264694213867 318.9403991699219 230.73264694213867 422.39927673339844 197.11659240722656 422.39927673339844
195.9235076904297 317.9503479003906 230.4211082458496 317.9503479003906 230.4211082458496 420.65282440185547 195.9235076904297 420.65282440185547
193.9942169189453 316.60418701171875 228.5416488647461 316.60418701171875 228.5416488647461 420.24635314941406 193.9942169189453 420.24635314941406
194.87278747558594 318.17657470703125 229.35352325439453 318.17657470703125 229.35352325439453 422.4792022705078 194.87278747558594 422.4792022705078
193.72702026367188 315.80633544921875 228.50172424316406 315.80633544921875 228.50172424316406 420.1303253173828 193.72702026367188 420.1303253173828
192.8924102783203 315.8537902832031 227.23787689208984 315.8537902832031 227.23787689208984 418.8900680541992 192.8924102783203 418.8900680541992
191.242919921875 312.913818359375 225.43558502197266 312.913818359375 225.43558502197266 415.49168395996094 191.242919921875 415.49168395996094
190.94937133789062 315.60174560546875 224.9083366394043 315.60174560546875 224.9083366394043 417.47850036621094 190.94937133789062 417.47850036621094
190.1595001220703 314.7034912109375 224.35022354125977 314.7034912109375 224.35022354125977 417.2755126953125 190.1595001220703 417.2755126953125
189.84622192382812 314.93511962890625 223.44232940673828 314.93511962890625 223.44232940673828 415.72328186035156 189.84622192382812 415.72328186035156
190.44277954101562 317.7848205566406 224.2428207397461 317.7848205566406 224.2428207397461 419.18479919433594 190.44277954101562 419.18479919433594
192.31455993652344 314.8525085449219 225.43355560302734 314.8525085449219 225.43355560302734 414.2093505859375 192.31455993652344 414.2093505859375
191.78524780273438 316.69866943359375 225.23597717285156 316.69866943359375 225.23597717285156 417.0507049560547 191.78524780273438 417.0507049560547
192.29354858398438 315.2361755371094 226.2298126220703 315.2361755371094 226.2298126220703 417.0448226928711 192.29354858398438 417.0448226928711
194.2834014892578 315.573974609375 228.54387664794922 315.573974609375 228.54387664794922 417.7853240966797 194.2834014892578 417.7853240966797
192.9595184326172 313.9642028808594 226.8475341796875 313.9642028808594 226.8475341796875 415.00730895996094 192.9595184326172 415.00730895996094
190.9469451904297 312.89813232421875 224.64300918579102 312.89813232421875 224.64300918579102 413.9861602783203 190.9469451904297 413.9861602783203
189.79873657226562 314.78570556640625 223.89390563964844 314.78570556640625 223.89390563964844 417.071044921875 189.79873657226562 417.071044921875
189.65267944335938 313.3699645996094 224.21232223510742 313.3699645996094 224.21232223510742 417.04872131347656 189.65267944335938 417.04872131347656
188.6518096923828 314.3923034667969 222.6687240600586 314.3923034667969 222.6687240600586 416.44287109375 188.6518096923828 416.44287109375
185.23849487304688 317.76202392578125 219.09632110595703 317.76202392578125 219.09632110595703 419.3353271484375 185.23849487304688 419.3353271484375
185.874755859375 314.7994689941406 219.2589340209961 314.7994689941406 219.2589340209961 414.9518280029297 185.874755859375 414.9518280029297
181.7683563232422 313.80560302734375 215.4041519165039 313.80560302734375 215.4041519165039 414.71280670166016 181.7683563232422 414.71280670166016
178.52676391601562 315.98443603515625 211.97058868408203 315.98443603515625 211.97058868408203 416.3157196044922 178.52676391601562 416.3157196044922
177.30702209472656 316.8272399902344 210.24853134155273 316.8272399902344 210.24853134155273 415.65159606933594 177.30702209472656 415.65159606933594
175.86044311523438 314.8206787109375 208.0587158203125 314.8206787109375 208.0587158203125 411.4153289794922 175.86044311523438 411.4153289794922
175.70938110351562 312.5401916503906 207.52310180664062 312.5401916503906 207.52310180664062 407.98118591308594 175.70938110351562 407.98118591308594
173.09120178222656 313.71514892578125 205.0392551422119 313.71514892578125 205.0392551422119 409.55914306640625 173.09120178222656 409.55914306640625
170.9805145263672 316.0636291503906 203.07285690307617 316.0636291503906 203.07285690307617 412.3404846191406 170.9805145263672 412.3404846191406
172.83436584472656 312.58770751953125 204.4760036468506 312.58770751953125 204.4760036468506 407.51243591308594 172.83436584472656 407.51243591308594
173.2448272705078 310.7472229003906 204.6283416748047 310.7472229003906 204.6283416748047 404.89759063720703 173.2448272705078 404.89759063720703
174.324462890625 312.9383239746094 205.81149291992188 312.9383239746094 205.81149291992188 407.3992462158203 174.324462890625 407.3992462158203
173.15744018554688 314.8548889160156 204.65770530700684 314.8548889160156 204.65770530700684 409.3555221557617 173.15744018554688 409.3555221557617
170.99774169921875 316.84490966796875 202.8184757232666 316.84490966796875 202.8184757232666 412.3069534301758 170.99774169921875 412.3069534301758
174.79635620117188 315.752197265625 206.09615516662598 315.752197265625 206.09615516662598 409.6514434814453 174.79635620117188 409.6514434814453
174.6848602294922 315.59716796875 205.89789390563965 315.59716796875 205.89789390563965 409.23612213134766 174.6848602294922 409.23612213134766
174.42214965820312 315.0072021484375 205.7047576904297 315.0072021484375 205.7047576904297 408.8548812866211 174.42214965820312 408.8548812866211
175.77651977539062 313.0728759765625 207.1036262512207 313.0728759765625 207.1036262512207 407.0540466308594 175.77651977539062 407.0540466308594
175.7635498046875 311.3791809082031 206.70781326293945 311.3791809082031 206.70781326293945 404.2118225097656 175.7635498046875 404.2118225097656
174.3788299560547 314.097900390625 205.77191734313965 314.097900390625 205.77191734313965 408.2770080566406 174.3788299560547 408.2770080566406
175.56033325195312 309.8888244628906 207.60154342651367 309.8888244628906 207.60154342651367 406.0122985839844 175.56033325195312 406.0122985839844
175.7666473388672 308.30499267578125 207.50335121154785 308.30499267578125 207.50335121154785 403.5149459838867 175.7666473388672 403.5149459838867
173.84300231933594 317.3912048339844 205.54296493530273 317.3912048339844 205.54296493530273 412.4909439086914 173.84300231933594 412.4909439086914
175.15261840820312 313.8281555175781 206.9606819152832 313.8281555175781 206.9606819152832 409.25218963623047 175.15261840820312 409.25218963623047
173.4366912841797 314.2935791015625 205.58678436279297 314.2935791015625 205.58678436279297 410.7436981201172 173.4366912841797 410.7436981201172
172.38644409179688 310.37310791015625 204.87334060668945 310.37310791015625 204.87334060668945 407.8336410522461 172.38644409179688 407.8336410522461
170.6422882080078 315.5985412597656 202.82338333129883 315.5985412597656 202.82338333129883 412.1416702270508 170.6422882080078 412.1416702270508
171.24427795410156 313.04107666015625 203.26012420654297 313.04107666015625 203.26012420654297 411.69207763671875 171.24427795410156 411.69207763671875
170.71034240722656 309.501220703125 202.86108016967773 309.501220703125 202.86108016967773 408.1765594482422 170.71034240722656 408.1765594482422
160.3192138671875 313.182861328125 193.15836334228516 313.182861328125 193.15836334228516 411.7001419067383 160.3192138671875 411.7001419067383
154.43368530273438 311.2747802734375 188.07386779785156 311.2747802734375 188.07386779785156 412.19515228271484 154.43368530273438 412.19515228271484
151.9915313720703 312.94171142578125 185.38883209228516 312.94171142578125 185.38883209228516 413.13343811035156 151.9915313720703 413.13343811035156
153.87074279785156 310.81878662109375 187.3866844177246 310.81878662109375 187.3866844177246 411.3664321899414 153.87074279785156 411.3664321899414
155.84423828125 310.8114318847656 189.80421829223633 310.8114318847656 189.80421829223633 412.6911849975586 155.84423828125 412.6911849975586
153.46148681640625 304.89776611328125 187.96990203857422 304.89776611328125 187.96990203857422 408.4228286743164 153.46148681640625 408.4228286743164
153.86888122558594 304.57818603515625 188.80976486206055 304.57818603515625 188.80976486206055 409.4006576538086 153.86888122558594 409.4006576538086
149.9336700439453 303.63763427734375 185.76377868652344 303.63763427734375 185.76377868652344 411.1277847290039 149.9336700439453 411.1277847290039
151.13925170898438 305.0579528808594 187.1516876220703 305.0579528808594 187.1516876220703 413.09507751464844 151.13925170898438 413.09507751464844
149.612060546875 303.2731018066406 186.15240478515625 303.2731018066406 186.15240478515625 412.8939514160156 149.612060546875 412.8939514160156
147.49655151367188 299.74993896484375 184.12289810180664 299.74993896484375 184.12289810180664 409.62879943847656 147.49655151367188 409.62879943847656
144.13792419433594 300.492919921875 181.04357528686523 300.492919921875 181.04357528686523 411.2096939086914 144.13792419433594 411.2096939086914
142.83364868164062 297.8593444824219 179.4653091430664 297.8593444824219 179.4653091430664 407.75415802001953 142.83364868164062 407.75415802001953
142.11827087402344 297.14239501953125 178.70731353759766 297.14239501953125 178.70731353759766 406.90936279296875 142.11827087402344 406.90936279296875
142.86587524414062 298.312255859375 179.1522216796875 298.312255859375 179.1522216796875 407.17112731933594 142.86587524414062 407.17112731933594
141.44583129882812 300.08270263671875 176.9416961669922 300.08270263671875 176.9416961669922 406.57012939453125 141.44583129882812 406.57012939453125
140.097900390625 297.81634521484375 175.72716522216797 297.81634521484375 175.72716522216797 404.7039794921875 140.097900390625 404.7039794921875
138.21694946289062 298.21209716796875 173.8918228149414 298.21209716796875 173.8918228149414 405.2365493774414 138.21694946289062 405.2365493774414
137.54115295410156 298.10479736328125 173.02669525146484 298.10479736328125 173.02669525146484 404.56124114990234 137.54115295410156 404.56124114990234
134.7033233642578 296.7035217285156 170.77507781982422 296.7035217285156 170.77507781982422 404.91859436035156 134.7033233642578 404.91859436035156
131.79725646972656 295.2412109375 167.91272735595703 295.2412109375 167.91272735595703 403.58744049072266 131.79725646972656 403.58744049072266
131.83168029785156 297.75115966796875 167.34869003295898 297.75115966796875 167.34869003295898 404.30201721191406 131.83168029785156 404.30201721191406
131.62033081054688 297.4962463378906 166.87126922607422 297.4962463378906 166.87126922607422 403.24888610839844 131.62033081054688 403.24888610839844
130.18701171875 295.99188232421875 165.594482421875 295.99188232421875 165.594482421875 402.21412658691406 130.18701171875 402.21412658691406
130.8084259033203 294.75225830078125 166.06830596923828 294.75225830078125 166.06830596923828 400.53172302246094 130.8084259033203 400.53172302246094
130.36033630371094 293.55511474609375 166.50442123413086 293.55511474609375 166.50442123413086 401.98719787597656 130.36033630371094 401.98719787597656
130.4276123046875 294.2596740722656 166.98739624023438 294.2596740722656 166.98739624023438 403.93885803222656 130.4276123046875 403.93885803222656
131.0201873779297 292.7567138671875 168.09697341918945 292.7567138671875 168.09697341918945 403.98690032958984 131.0201873779297 403.98690032958984
131.7613525390625 293.21063232421875 168.75110244750977 293.21063232421875 168.75110244750977 404.1797103881836 131.7613525390625 404.1797103881836
131.648193359375 290.98370361328125 169.03219604492188 290.98370361328125 169.03219604492188 403.13553619384766 131.648193359375 403.13553619384766
132.447998046875 291.5169372558594 169.36361694335938 291.5169372558594 169.36361694335938 402.2636184692383 132.447998046875 402.2636184692383
133.63003540039062 292.4864807128906 169.9420166015625 292.4864807128906 169.9420166015625 401.42225646972656 133.63003540039062 401.42225646972656
131.89437866210938 289.7640686035156 168.60223007202148 289.7640686035156 168.60223007202148 399.88745880126953 131.89437866210938 399.88745880126953
131.7703857421875 289.0480651855469 168.31402206420898 289.0480651855469 168.31402206420898 398.6788024902344 131.7703857421875 398.6788024902344
132.0806884765625 284.7325134277344 168.63113403320312 284.7325134277344 168.63113403320312 394.38368225097656 132.0806884765625 394.38368225097656
131.65052795410156 287.4627990722656 168.1812973022461 287.4627990722656 168.1812973022461 397.05493927001953 131.65052795410156 397.05493927001953
132.43838500976562 288.04705810546875 168.83428955078125 288.04705810546875 168.83428955078125 397.23460388183594 132.43838500976562 397.23460388183594
132.4200897216797 287.03692626953125 168.70381927490234 287.03692626953125 168.70381927490234 395.88795471191406 132.4200897216797 395.88795471191406
130.8606719970703 285.96295166015625 167.19052505493164 285.96295166015625 167.19052505493164 394.95235443115234 130.8606719970703 394.95235443115234
131.6687774658203 286.72650146484375 168.14923858642578 286.72650146484375 168.14923858642578 396.16773986816406 131.6687774658203 396.16773986816406
130.2637481689453 286.0786437988281 166.81604385375977 286.0786437988281 166.81604385375977 395.7353820800781 130.2637481689453 395.7353820800781
130.4678955078125 281.22698974609375 167.05691528320312 281.22698974609375 167.05691528320312 390.993896484375 130.4678955078125 390.993896484375
129.8633270263672 282.5001525878906 166.20011520385742 282.5001525878906 166.20011520385742 391.51036834716797 129.8633270263672 391.51036834716797
130.97222900390625 282.41778564453125 167.4896354675293 282.41778564453125 167.4896354675293 391.96986389160156 130.97222900390625 391.96986389160156
129.932373046875 282.961669921875 165.8413200378418 282.961669921875 165.8413200378418 390.68836975097656 129.932373046875 390.68836975097656
130.24208068847656 282.6451416015625 166.16730117797852 282.6451416015625 166.16730117797852 390.420654296875 130.24208068847656 390.420654296875
131.0966796875 283.6273193359375 166.4811897277832 283.6273193359375 166.4811897277832 389.78070068359375 131.0966796875 389.78070068359375
129.98995971679688 282.4576721191406 165.74810028076172 282.4576721191406 165.74810028076172 389.73194885253906 129.98995971679688 389.73194885253906
130.70150756835938 278.1535949707031 166.5267791748047 278.1535949707031 166.5267791748047 385.62926483154297 130.70150756835938 385.62926483154297
131.6702117919922 278.86578369140625 167.37627410888672 278.86578369140625 167.37627410888672 385.9838104248047 131.6702117919922 385.9838104248047
130.53952026367188 277.11627197265625 166.16265869140625 277.11627197265625 166.16265869140625 383.9855194091797 130.53952026367188 383.9855194091797
132.7332763671875 271.47332763671875 168.77849578857422 271.47332763671875 168.77849578857422 379.60882568359375 132.7332763671875 379.60882568359375
133.5648956298828 272.630859375 169.96243286132812 272.630859375 169.96243286132812 381.82330322265625 133.5648956298828 381.82330322265625
133.48416137695312 272.34027099609375 169.8725471496582 272.34027099609375 169.8725471496582 381.50526428222656 133.48416137695312 381.50526428222656
135.37521362304688 273.0263671875 172.07257461547852 273.0263671875 172.07257461547852 383.11830139160156 135.37521362304688 383.11830139160156
135.2485809326172 271.66302490234375 172.52912521362305 271.66302490234375 172.52912521362305 383.5045166015625 135.2485809326172 383.5045166015625
138.57421875 271.57611083984375 175.23662185668945 271.57611083984375 175.23662185668945 381.5631866455078 138.57421875 381.5631866455078
138.88211059570312 270.0344543457031 175.1931381225586 270.0344543457031 175.1931381225586 378.08350372314453 138.88211059570312 378.08350372314453
137.7205810546875 263.2369079589844 173.68464279174805 263.2369079589844 173.68464279174805 370.80516815185547 137.7205810546875 370.80516815185547
137.43528747558594 262.2402648925781 172.8198585510254 262.2402648925781 172.8198585510254 368.3938674926758 137.43528747558594 368.3938674926758
137.0926971435547 260.56585693359375 172.04804611206055 260.56585693359375 172.04804611206055 365.43180084228516 137.0926971435547 365.43180084228516
138.09735107421875 260.25506591796875 172.50152206420898 260.25506591796875 172.50152206420898 363.4674835205078 138.09735107421875 363.4674835205078
138.0131072998047 263.4764404296875 171.93517684936523 263.4764404296875 171.93517684936523 365.2425537109375 138.0131072998047 365.2425537109375
139.92051696777344 262.08514404296875 173.87658309936523 262.08514404296875 173.87658309936523 363.9532470703125 139.92051696777344 363.9532470703125
137.76803588867188 262.12554931640625 171.50397109985352 262.12554931640625 171.50397109985352 363.333251953125 137.76803588867188 363.333251953125
138.34263610839844 260.3727111816406 171.77270889282227 260.3727111816406 171.77270889282227 360.66282653808594 138.34263610839844 360.66282653808594
140.0758056640625 259.94647216796875 173.1428108215332 259.94647216796875 173.1428108215332 359.14737701416016 140.0758056640625 359.14737701416016
139.7700653076172 259.9875793457031 173.01004791259766 259.9875793457031 173.01004791259766 359.7074279785156 139.7700653076172 359.7074279785156
139.79275512695312 257.52825927734375 173.0164566040039 257.52825927734375 173.0164566040039 357.58426666259766 139.79275512695312 357.58426666259766
140.08395385742188 259.34857177734375 173.27799606323242 259.34857177734375 173.27799606323242 358.9305877685547 140.08395385742188 358.9305877685547
140.77651977539062 258.8241271972656 174.03321075439453 258.8241271972656 174.03321075439453 358.41627502441406 140.77651977539062 358.41627502441406
140.81179809570312 260.52703857421875 174.02753067016602 260.52703857421875 174.02753067016602 360.1741256713867 140.81179809570312 360.1741256713867
137.62939453125 253.54122924804688 170.9106330871582 253.54122924804688 170.9106330871582 353.3848419189453 137.62939453125 353.3848419189453
140.06497192382812 256.19927978515625 173.28632354736328 256.19927978515625 173.28632354736328 354.56029510498047 140.06497192382812 354.56029510498047
139.20204162597656 255.6703643798828 172.47943115234375 255.6703643798828 172.47943115234375 355.2239532470703 139.20204162597656 355.2239532470703
139.02505493164062 253.456298828125 171.84297943115234 253.456298828125 171.84297943115234 352.9026870727539 139.02505493164062 352.9026870727539
136.95347595214844 252.48666381835938 169.52682495117188 252.48666381835938 169.52682495117188 350.2066116333008 136.95347595214844 350.2066116333008
137.4071502685547 254.1953125 169.49039840698242 254.1953125 169.49039840698242 350.44496154785156 137.4071502685547 350.44496154785156
136.99009704589844 256.98065185546875 168.47850608825684 256.98065185546875 168.47850608825684 351.9556579589844 136.99009704589844 351.9556579589844
137.37548828125 255.0993194580078 168.79568481445312 255.0993194580078 168.79568481445312 349.3598098754883 137.37548828125 349.3598098754883
138.9503631591797 256.81219482421875 170.2993049621582 256.81219482421875 170.2993049621582 351.62750244140625 138.9503631591797 351.62750244140625
138.9463653564453 255.9602813720703 170.4726619720459 255.9602813720703 170.4726619720459 350.91798400878906 138.9463653564453 350.91798400878906
138.77137756347656 253.2557830810547 169.8937530517578 253.2557830810547 169.8937530517578 346.59720611572266 138.77137756347656 346.59720611572266
139.18057250976562 250.4907989501953 170.6449031829834 250.4907989501953 170.6449031829834 344.69349670410156 139.18057250976562 344.69349670410156
140.7781524658203 252.9154052734375 172.95495986938477 252.9154052734375 172.95495986938477 344.7017364501953 140.7781524658203 344.7017364501953
139.71328735351562 253.57321166992188 172.006591796875 253.57321166992188 172.006591796875 342.43700408935547 139.71328735351562 342.43700408935547
141.36521911621094 251.25692749023438 173.19584274291992 251.25692749023438 173.19584274291992 339.4293670654297 141.36521911621094 339.4293670654297
143.59584045410156 253.42831420898438 174.3067512512207 253.42831420898438 174.3067512512207 341.34239959716797 143.59584045410156 341.34239959716797
138.8900604248047 245.7057342529297 171.35065460205078 245.7057342529297 171.35065460205078 332.8641357421875 138.8900604248047 332.8641357421875
139.72830200195312 249.3015899658203 171.5480899810791 249.3015899658203 171.5480899810791 335.0818099975586 139.72830200195312 335.0818099975586
137.96347045898438 233.3379364013672 168.9536018371582 233.3379364013672 168.9536018371582 326.3082580566406 137.96347045898438 326.3082580566406
137.497314453125 240.392822265625 169.1653938293457 240.392822265625 169.1653938293457 327.9565963745117 137.497314453125 327.9565963745117
137.3272705078125 244.80648803710938 168.53419494628906 244.80648803710938 168.53419494628906 328.2749786376953 137.3272705078125 328.2749786376953
135.9022216796875 243.54818725585938 167.29928016662598 243.54818725585938 167.29928016662598 327.85728454589844 135.9022216796875 327.85728454589844
136.03993225097656 244.58407592773438 166.59277725219727 244.58407592773438 166.59277725219727 327.2731475830078 136.03993225097656 327.2731475830078
136.32589721679688 244.3351593017578 166.93572998046875 244.3351593017578 166.93572998046875 326.31908416748047 136.32589721679688 326.31908416748047
137.07247924804688 245.55410766601562 167.78786087036133 245.55410766601562 167.78786087036133 329.0273666381836 137.07247924804688 329.0273666381836
136.54959106445312 240.32040405273438 167.27312660217285 240.32040405273438 167.27312660217285 323.99998474121094 136.54959106445312 323.99998474121094
136.26751708984375 236.7193603515625 167.85437393188477 236.7193603515625 167.85437393188477 322.4857864379883 136.26751708984375 322.4857864379883
137.11062622070312 240.03482055664062 168.19962120056152 240.03482055664062 168.19962120056152 324.3143310546875 137.11062622070312 324.3143310546875
136.0439453125 238.90286254882812 167.30648231506348 238.90286254882812 167.30648231506348 322.64862060546875 136.0439453125 322.64862060546875
130.92861938476562 239.181884765625 161.21372413635254 239.181884765625 161.21372413635254 323.5284423828125 130.92861938476562 323.5284423828125
129.1547393798828 231.8488006591797 160.47450637817383 231.8488006591797 160.47450637817383 320.87062072753906 129.1547393798828 320.87062072753906
127.30421447753906 239.26040649414062 157.60696983337402 239.26040649414062 157.60696983337402 320.7445526123047 127.30421447753906 320.7445526123047
127.36912536621094 239.82278442382812 159.0479278564453 239.82278442382812 159.0479278564453 320.5573043823242 127.36912536621094 320.5573043823242
126.8172378540039 232.84286499023438 157.75502395629883 232.84286499023438 157.75502395629883 315.75138092041016 126.8172378540039 315.75138092041016
126.40116119384766 234.81930541992188 157.12285232543945 234.81930541992188 157.12285232543945 316.7954635620117 126.40116119384766 316.7954635620117
127.62342834472656 225.8084716796875 158.7942008972168 225.8084716796875 158.7942008972168 311.58568572998047 127.62342834472656 311.58568572998047
126.41510009765625 225.7501983642578 155.79161643981934 225.7501983642578 155.79161643981934 312.3337936401367 126.41510009765625 312.3337936401367
126.60398864746094 223.67837524414062 156.75333213806152 223.67837524414062 156.75333213806152 312.2493591308594 126.60398864746094 312.2493591308594
126.24320983886719 224.39376831054688 155.78333473205566 224.39376831054688 155.78333473205566 311.35477447509766 126.24320983886719 311.35477447509766
125.48143005371094 220.4417724609375 155.45470809936523 220.4417724609375 155.45470809936523 312.52142333984375 125.48143005371094 312.52142333984375
124.68868255615234 223.5519256591797 154.44934844970703 223.5519256591797 154.44934844970703 313.0183792114258 124.68868255615234 313.0183792114258
127.11732482910156 228.5637664794922 156.32079124450684 228.5637664794922 156.32079124450684 313.50882720947266 127.11732482910156 313.50882720947266
126.19384765625 228.1631622314453 156.65964126586914 228.1631622314453 156.65964126586914 317.1080627441406 126.19384765625 317.1080627441406
125.84415435791016 228.88589477539062 156.39627265930176 228.88589477539062 156.39627265930176 315.3906478881836 125.84415435791016 315.3906478881836
125.29239654541016 230.0264892578125 155.57544708251953 230.0264892578125 155.57544708251953 315.11680603027344 125.29239654541016 315.11680603027344
126.57315826416016 228.8944854736328 156.21198844909668 228.8944854736328 156.21198844909668 314.3441162109375 126.57315826416016 314.3441162109375
126.0733413696289 229.61874389648438 155.2454662322998 229.61874389648438 155.2454662322998 315.06778717041016 126.0733413696289 315.06778717041016
125.18223571777344 225.32113647460938 155.44790267944336 225.32113647460938 155.44790267944336 313.60730743408203 125.18223571777344 313.60730743408203
124.25614166259766 229.3829803466797 154.0165672302246 229.3829803466797 154.0165672302246 314.06587982177734 124.25614166259766 314.06587982177734
121.7218246459961 222.27999877929688 151.60605239868164 222.27999877929688 151.60605239868164 310.9853286743164 121.7218246459961 310.9853286743164
118.29252624511719 216.5104522705078 148.18263626098633 216.5104522705078 148.18263626098633 308.2756042480469 118.29252624511719 308.2756042480469
116.9845199584961 218.4281768798828 147.53969192504883 218.4281768798828 147.53969192504883 307.58631134033203 116.9845199584961 307.58631134033203
111.7032699584961 214.51583862304688 143.29948043823242 214.51583862304688 143.29948043823242 303.45143127441406 111.7032699584961 303.45143127441406
110.24967193603516 211.46066284179688 141.64628791809082 211.46066284179688 141.64628791809082 300.3759994506836 110.24967193603516 300.3759994506836
109.1928939819336 209.70773315429688 140.740385055542 209.70773315429688 140.740385055542 298.5466079711914 109.1928939819336 298.5466079711914
108.6552505493164 205.18490600585938 140.44537734985352 205.18490600585938 140.44537734985352 296.7416763305664 108.6552505493164 296.7416763305664
108.34525299072266 199.05685424804688 140.14376640319824 199.05685424804688 140.14376640319824 293.7130813598633 108.34525299072266 293.7130813598633
106.67767333984375 201.7054901123047 138.60982131958008 201.7054901123047 138.60982131958008 296.9473342895508 106.67767333984375 296.9473342895508
107.41532897949219 193.68991088867188 139.3728790283203 193.68991088867188 139.3728790283203 289.56248474121094 107.41532897949219 289.56248474121094
105.42724609375 188.9871063232422 138.23411178588867 188.9871063232422 138.23411178588867 287.4076232910156 105.42724609375 287.4076232910156
105.80815124511719 192.4401092529297 139.05115127563477 192.4401092529297 139.05115127563477 292.1690368652344 105.80815124511719 292.1690368652344
105.8973388671875 190.36807250976562 139.42078399658203 190.36807250976562 139.42078399658203 290.93833923339844 105.8973388671875 290.93833923339844
104.91114807128906 190.69981384277344 138.0259017944336 190.69981384277344 138.0259017944336 290.04400634765625 104.91114807128906 290.04400634765625
105.7072525024414 193.5599822998047 139.36766052246094 193.5599822998047 139.36766052246094 291.6318664550781 105.7072525024414 291.6318664550781
104.11332702636719 194.2740020751953 138.94338989257812 194.2740020751953 138.94338989257812 290.36334228515625 104.11332702636719 290.36334228515625
103.98284912109375 185.45562744140625 137.7973518371582 185.45562744140625 137.7973518371582 286.89906311035156 103.98284912109375 286.89906311035156
100.03350830078125 189.8970489501953 134.26397705078125 189.8970489501953 134.26397705078125 292.58837890625 100.03350830078125 292.58837890625
97.98665618896484 191.1684112548828 132.08344268798828 191.1684112548828 132.08344268798828 293.45870208740234 97.98665618896484 293.45870208740234
95.89541625976562 189.0811767578125 130.6573829650879 189.0811767578125 130.6573829650879 293.36700439453125 95.89541625976562 293.36700439453125
94.74116516113281 190.0343780517578 129.4664306640625 190.0343780517578 129.4664306640625 294.21009826660156 94.74116516113281 294.21009826660156
92.9515609741211 189.73773193359375 127.68970108032227 189.73773193359375 127.68970108032227 293.9520721435547 92.9515609741211 293.9520721435547
91.82185363769531 188.32479858398438 127.1292610168457 188.32479858398438 127.1292610168457 294.24694061279297 91.82185363769531 294.24694061279297
86.57557678222656 187.4458770751953 122.16349029541016 187.4458770751953 122.16349029541016 294.20953369140625 86.57557678222656 294.20953369140625
82.49349975585938 186.3231201171875 118.72418975830078 186.3231201171875 118.72418975830078 295.0151138305664 82.49349975585938 295.0151138305664
77.83806610107422 181.33944702148438 114.43478393554688 181.33944702148438 114.43478393554688 291.12952423095703 77.83806610107422 291.12952423095703
73.5896987915039 182.8085479736328 110.03689575195312 182.8085479736328 110.03689575195312 292.15006256103516 73.5896987915039 292.15006256103516
72.67700958251953 183.15478515625 108.57873153686523 183.15478515625 108.57873153686523 290.85987854003906 72.67700958251953 290.85987854003906
61.80012130737305 181.74472045898438 97.26695251464844 181.74472045898438 97.26695251464844 288.14513397216797 61.80012130737305 288.14513397216797
67.99649810791016 183.2667999267578 103.15997314453125 183.2667999267578 103.15997314453125 288.7571563720703 67.99649810791016 288.7571563720703
59.4533576965332 179.88925170898438 94.72835922241211 179.88925170898438 94.72835922241211 285.7141876220703 59.4533576965332 285.7141876220703
57.01245880126953 179.37008666992188 92.1888313293457 179.37008666992188 92.1888313293457 284.8991394042969 57.01245880126953 284.8991394042969
56.82282638549805 175.89442443847656 91.96346664428711 175.89442443847656 91.96346664428711 281.31627655029297 56.82282638549805 281.31627655029297
54.54692459106445 176.27650451660156 90.27079010009766 176.27650451660156 90.27079010009766 283.44803619384766 54.54692459106445 283.44803619384766
54.6843147277832 174.3088836669922 90.57515335083008 174.3088836669922 90.57515335083008 281.9813461303711 54.6843147277832 281.9813461303711
53.09733963012695 173.03488159179688 88.70181655883789 173.03488159179688 88.70181655883789 279.84825897216797 53.09733963012695 279.84825897216797
53.72857666015625 174.5950164794922 89.0654411315918 174.5950164794922 89.0654411315918 280.6055603027344 53.72857666015625 280.6055603027344
53.82233810424805 175.9584503173828 88.74696731567383 175.9584503173828 88.74696731567383 280.7322769165039 53.82233810424805 280.7322769165039
54.4413948059082 173.19332885742188 89.63199615478516 173.19332885742188 89.63199615478516 278.7650833129883 54.4413948059082 278.7650833129883
52.56119918823242 172.193115234375 87.48587417602539 172.193115234375 87.48587417602539 276.9670867919922 52.56119918823242 276.9670867919922
55.13019561767578 174.76376342773438 89.7737922668457 174.76376342773438 89.7737922668457 278.6945037841797 55.13019561767578 278.6945037841797
56.32819747924805 175.40463256835938 90.89441680908203 175.40463256835938 90.89441680908203 279.1032409667969 56.32819747924805 279.1032409667969
58.0475959777832 173.36581420898438 92.83695602416992 173.36581420898438 92.83695602416992 277.7338562011719 58.0475959777832 277.7338562011719
59.540252685546875 175.81976318359375 93.89051818847656 175.81976318359375 93.89051818847656 278.87052154541016 59.540252685546875 278.87052154541016
62.62902069091797 172.4532928466797 97.38236999511719 172.4532928466797 97.38236999511719 276.7133026123047 62.62902069091797 276.7133026123047
66.7635269165039 173.8541259765625 102.51115417480469 173.8541259765625 102.51115417480469 281.0969696044922 66.7635269165039 281.0969696044922
67.1549301147461 171.8411865234375 102.76986694335938 171.8411865234375 102.76986694335938 276.77811431884766 67.1549301147461 276.77811431884766
69.62444305419922 178.1262969970703 105.03385925292969 178.1262969970703 105.03385925292969 280.2575378417969 69.62444305419922 280.2575378417969
69.03065490722656 173.19192504882812 103.98756408691406 173.19192504882812 103.98756408691406 278.06261444091797 69.03065490722656 278.06261444091797
70.9014892578125 173.20748901367188 105.6556167602539 173.20748901367188 105.6556167602539 277.46984100341797 70.9014892578125 277.46984100341797
75.92680358886719 174.98410034179688 110.95780181884766 174.98410034179688 110.95780181884766 280.0770721435547 75.92680358886719 280.0770721435547
77.28608703613281 178.22171020507812 111.3275032043457 178.22171020507812 111.3275032043457 280.18580627441406 77.28608703613281 280.18580627441406
77.72096252441406 174.24124145507812 112.24126052856445 174.24124145507812 112.24126052856445 277.7146759033203 77.72096252441406 277.7146759033203
77.1111068725586 174.71591186523438 111.54290771484375 174.71591186523438 111.54290771484375 278.68458557128906 77.1111068725586 278.68458557128906
80.24589538574219 172.13882446289062 115.79921340942383 172.13882446289062 115.79921340942383 278.26039123535156 80.24589538574219 278.26039123535156
81.52021789550781 168.831298828125 117.68921661376953 168.831298828125 117.68921661376953 275.3427276611328 81.52021789550781 275.3427276611328
86.34233093261719 166.8106231689453 123.00503158569336 166.8106231689453 123.00503158569336 270.3979034423828 86.34233093261719 270.3979034423828
86.9751968383789 162.6385955810547 122.7458381652832 162.6385955810547 122.7458381652832 268.4996032714844 86.9751968383789 268.4996032714844
90.05290985107422 165.5758819580078 126.2393798828125 165.5758819580078 126.2393798828125 267.2659606933594 90.05290985107422 267.2659606933594
90.5286636352539 165.0413360595703 126.79210662841797 165.0413360595703 126.79210662841797 265.247802734375 90.5286636352539 265.247802734375
91.49241638183594 165.39059448242188 127.4159927368164 165.39059448242188 127.4159927368164 269.01586151123047 91.49241638183594 269.01586151123047
93.10230255126953 158.65419006347656 128.24258422851562 158.65419006347656 128.24258422851562 264.07501220703125 93.10230255126953 264.07501220703125
95.39082336425781 163.28453063964844 131.9529685974121 163.28453063964844 131.9529685974121 266.47164154052734 95.39082336425781 266.47164154052734
93.6999740600586 163.6130828857422 130.08008575439453 163.6130828857422 130.08008575439453 267.26837158203125 93.6999740600586 267.26837158203125
95.32136535644531 160.88980102539062 130.9622573852539 160.88980102539062 130.9622573852539 267.8124313354492 95.32136535644531 267.8124313354492
95.22831726074219 158.94558715820312 130.0430564880371 158.94558715820312 130.0430564880371 263.38976287841797 95.22831726074219 263.38976287841797
96.06495666503906 157.92388916015625 130.5858383178711 157.92388916015625 130.5858383178711 261.4864959716797 96.06495666503906 261.4864959716797
96.72319030761719 160.62051391601562 130.6241455078125 160.62051391601562 130.6241455078125 262.32334899902344 96.72319030761719 262.32334899902344
96.08499908447266 158.7664337158203 129.87220001220703 158.7664337158203 129.87220001220703 260.1280059814453 96.08499908447266 260.1280059814453
96.12556457519531 157.2706756591797 129.6930274963379 157.2706756591797 129.6930274963379 257.9730224609375 96.12556457519531 257.9730224609375
95.71405029296875 151.30599975585938 128.8988151550293 151.30599975585938 128.8988151550293 250.8602523803711 95.71405029296875 250.8602523803711
97.5479736328125 156.36134338378906 132.25560760498047 156.36134338378906 132.25560760498047 252.05630493164062 97.5479736328125 252.05630493164062
95.24454498291016 147.99122619628906 128.4071044921875 147.99122619628906 128.4071044921875 247.4788589477539 95.24454498291016 247.4788589477539
96.7905502319336 153.55947875976562 130.26616668701172 153.55947875976562 130.26616668701172 251.14930725097656 96.7905502319336 251.14930725097656
98.91810607910156 157.3446044921875 132.5126609802246 157.3446044921875 132.5126609802246 250.41448974609375 98.91810607910156 250.41448974609375
96.17839050292969 149.5848846435547 128.44549179077148 149.5848846435547 128.44549179077148 246.3861541748047 96.17839050292969 246.3861541748047
99.05999755859375 148.10076904296875 132.20040130615234 148.10076904296875 132.20040130615234 239.88076782226562 99.05999755859375 239.88076782226562
96.06681060791016 141.2925262451172 128.26104736328125 141.2925262451172 128.26104736328125 237.87520599365234 96.06681060791016 237.87520599365234
97.75308990478516 140.78994750976562 130.25354766845703 140.78994750976562 130.25354766845703 238.29129791259766 97.75308990478516 238.29129791259766
95.11479187011719 143.61474609375 127.72484588623047 143.61474609375 127.72484588623047 241.44489288330078 95.11479187011719 241.44489288330078
95.6595458984375 139.71243286132812 127.80947875976562 139.71243286132812 127.80947875976562 236.16221618652344 95.6595458984375 236.16221618652344
94.61845397949219 139.36129760742188 126.6469612121582 139.36129760742188 126.6469612121582 235.44679260253906 94.61845397949219 235.44679260253906
94.69502258300781 136.8021697998047 126.65269470214844 136.8021697998047 126.65269470214844 232.6751708984375 94.69502258300781 232.6751708984375
96.02954864501953 134.46981811523438 127.90513229370117 134.46981811523438 127.90513229370117 230.09654998779297 96.02954864501953 230.09654998779297
94.90168762207031 132.35494995117188 126.4294376373291 132.35494995117188 126.4294376373291 226.93817901611328 94.90168762207031 226.93817901611328
95.33042907714844 133.2109375 126.63013648986816 133.2109375 126.63013648986816 227.11003875732422 95.33042907714844 227.11003875732422
94.81846618652344 130.30215454101562 126.05296325683594 130.30215454101562 126.05296325683594 224.00562286376953 94.81846618652344 224.00562286376953
97.53504943847656 130.921630859375 128.7971649169922 130.921630859375 128.7971649169922 224.70795440673828 97.53504943847656 224.70795440673828
97.05802917480469 132.890625 128.53164100646973 132.890625 128.53164100646973 227.31143188476562 97.05802917480469 227.31143188476562
98.36152648925781 129.51492309570312 129.58298683166504 129.51492309570312 129.58298683166504 223.1792755126953 98.36152648925781 223.1792755126953
100.39839935302734 130.92373657226562 131.3330364227295 130.92373657226562 131.3330364227295 223.72762298583984 100.39839935302734 223.72762298583984
101.2924575805664 128.3473663330078 132.06400680541992 128.3473663330078 132.06400680541992 220.6619873046875 101.2924575805664 220.6619873046875
101.99671936035156 133.3392791748047 132.40078735351562 133.3392791748047 132.40078735351562 224.55145263671875 101.99671936035156 224.55145263671875
103.10028076171875 128.29539489746094 133.85069274902344 128.29539489746094 133.85069274902344 220.54660034179688 103.10028076171875 220.54660034179688
102.46281433105469 127.49822998046875 132.9511318206787 127.49822998046875 132.9511318206787 218.96315002441406 102.46281433105469 218.96315002441406
103.67601013183594 126.99609375 134.57564735412598 126.99609375 134.57564735412598 219.6949691772461 103.67601013183594 219.6949691772461
104.94580078125 127.82450866699219 136.4400749206543 127.82450866699219 136.4400749206543 222.3072967529297 104.94580078125 222.3072967529297
105.60379791259766 127.30892181396484 137.2922077178955 127.30892181396484 137.2922077178955 222.37411499023438 105.60379791259766 222.37411499023438
105.1175537109375 125.50318908691406 136.7592315673828 125.50318908691406 136.7592315673828 220.42819213867188 105.1175537109375 220.42819213867188
106.0514144897461 130.09249877929688 137.89282608032227 130.09249877929688 137.89282608032227 223.7624053955078 106.0514144897461 223.7624053955078
106.4934310913086 123.0301284790039 138.8568572998047 123.0301284790039 138.8568572998047 220.12037658691406 106.4934310913086 220.12037658691406
108.09864807128906 128.5790557861328 140.92948532104492 128.5790557861328 140.92948532104492 223.74708557128906 108.09864807128906 223.74708557128906
109.3864517211914 124.55157470703125 141.71090698242188 124.55157470703125 141.71090698242188 219.53822326660156 109.3864517211914 219.53822326660156
108.38134765625 123.4388427734375 140.62698364257812 123.4388427734375 140.62698364257812 220.7378921508789 108.38134765625 220.7378921508789
111.20674133300781 124.064453125 143.46421813964844 124.064453125 143.46421813964844 218.7063446044922 111.20674133300781 218.7063446044922
111.37398529052734 116.2315444946289 143.25745010375977 116.2315444946289 143.25745010375977 212.68356323242188 111.37398529052734 212.68356323242188
111.21512603759766 121.5862045288086 143.48065948486328 121.5862045288086 143.48065948486328 218.89070892333984 111.21512603759766 218.89070892333984
111.35197448730469 117.34891510009766 144.43290328979492 117.34891510009766 144.43290328979492 216.59168243408203 111.35197448730469 216.59168243408203
113.4959716796875 113.82426452636719 146.30729293823242 113.82426452636719 146.30729293823242 212.08078002929688 113.4959716796875 212.08078002929688
111.29881286621094 121.0984878540039 143.91349029541016 121.0984878540039 143.91349029541016 217.11016845703125 111.29881286621094 217.11016845703125
114.11808013916016 118.12156677246094 146.03799629211426 118.12156677246094 146.03799629211426 213.66486358642578 114.11808013916016 213.66486358642578
117.44694519042969 121.3835678100586 149.17242813110352 121.3835678100586 149.17242813110352 214.4670867919922 117.44694519042969 214.4670867919922
118.21075439453125 118.73146057128906 150.18703651428223 118.73146057128906 150.18703651428223 212.08709716796875 118.21075439453125 212.08709716796875
119.24361419677734 116.3265380859375 150.84003448486328 116.3265380859375 150.84003448486328 210.42987823486328 119.24361419677734 210.42987823486328
120.6569595336914 118.77911376953125 151.58700942993164 118.77911376953125 151.58700942993164 213.43312072753906 120.6569595336914 213.43312072753906
120.9495620727539 119.7275390625 151.38204765319824 119.7275390625 151.38204765319824 212.59071350097656 120.9495620727539 212.59071350097656
122.18168640136719 118.39759826660156 152.2061882019043 118.39759826660156 152.2061882019043 211.06925201416016 122.18168640136719 211.06925201416016
123.28023529052734 117.32193756103516 152.92667961120605 117.32193756103516 152.92667961120605 212.4456329345703 123.28023529052734 212.4456329345703
123.79251861572266 120.6705093383789 153.92614364624023 120.6705093383789 153.92614364624023 213.15850067138672 123.79251861572266 213.15850067138672
126.70902252197266 119.4216537475586 156.30464553833008 119.4216537475586 156.30464553833008 213.58202362060547 126.70902252197266 213.58202362060547
125.7564697265625 114.5267333984375 155.7223777770996 114.5267333984375 155.7223777770996 211.4708709716797 125.7564697265625 211.4708709716797
125.6995620727539 115.68701171875 154.77070426940918 115.68701171875 154.77070426940918 209.56574249267578 125.6995620727539 209.56574249267578
126.97041320800781 117.2846450805664 156.99406814575195 117.2846450805664 156.99406814575195 212.27600860595703 126.97041320800781 212.27600860595703
126.39689636230469 114.10408020019531 156.84490394592285 114.10408020019531 156.84490394592285 212.48968505859375 126.39689636230469 212.48968505859375
126.17501068115234 112.55171966552734 155.88548469543457 112.55171966552734 155.88548469543457 209.79802703857422 126.17501068115234 209.79802703857422
127.20829772949219 115.54664611816406 157.12432861328125 115.54664611816406 157.12432861328125 211.23854064941406 127.20829772949219 211.23854064941406
127.8594741821289 117.87235260009766 157.95842742919922 117.87235260009766 157.95842742919922 214.3350372314453 127.8594741821289 214.3350372314453
128.05055236816406 114.55082702636719 158.17262840270996 114.55082702636719 158.17262840270996 212.60000610351562 128.05055236816406 212.60000610351562
129.52072143554688 110.4560775756836 158.7822265625 110.4560775756836 158.7822265625 207.80821228027344 129.52072143554688 207.80821228027344
127.87052917480469 108.8679428100586 158.02831649780273 108.8679428100586 158.02831649780273 206.836181640625 127.87052917480469 206.836181640625
128.9883270263672 107.37928771972656 158.9762020111084 107.37928771972656 158.9762020111084 208.1875762939453 128.9883270263672 208.1875762939453
128.7417449951172 104.21051025390625 159.4644012451172 104.21051025390625 159.4644012451172 206.06056213378906 128.7417449951172 206.06056213378906
129.5452117919922 112.29793548583984 159.52739334106445 112.29793548583984 159.52739334106445 212.17587280273438 129.5452117919922 212.17587280273438
129.5572967529297 111.94432067871094 159.40810585021973 111.94432067871094 159.40810585021973 211.545654296875 129.5572967529297 211.545654296875
128.15048217773438 106.7772445678711 158.50996017456055 106.7772445678711 158.50996017456055 207.84723663330078 128.15048217773438 207.84723663330078
128.10824584960938 111.49007415771484 157.99666213989258 111.49007415771484 157.99666213989258 210.47533416748047 128.10824584960938 210.47533416748047
129.68325805664062 108.3658447265625 160.1700839996338 108.3658447265625 160.1700839996338 208.24574279785156 129.68325805664062 208.24574279785156
128.4918212890625 104.85041809082031 157.93997192382812 104.85041809082031 157.93997192382812 205.45993041992188 128.4918212890625 205.45993041992188
127.91566467285156 115.4688949584961 157.92814254760742 115.4688949584961 157.92814254760742 215.29107666015625 127.91566467285156 215.29107666015625
129.5330047607422 114.3573226928711 159.6017189025879 114.3573226928711 159.6017189025879 215.38297271728516 129.5330047607422 215.38297271728516
128.7430877685547 114.186767578125 158.3001194000244 114.186767578125 158.3001194000244 214.03667449951172 128.7430877685547 214.03667449951172
129.37452697753906 115.67195129394531 159.61512184143066 115.67195129394531 159.61512184143066 215.98765563964844 129.37452697753906 215.98765563964844
130.00112915039062 116.77424621582031 160.65253067016602 116.77424621582031 160.65253067016602 217.378662109375 130.00112915039062 217.378662109375
130.97665405273438 115.4284896850586 162.11292457580566 115.4284896850586 162.11292457580566 218.8306655883789 130.97665405273438 218.8306655883789
128.0424041748047 114.27082824707031 159.0233917236328 114.27082824707031 159.0233917236328 214.90493774414062 128.0424041748047 214.90493774414062
132.6763153076172 102.6552963256836 165.57147216796875 102.6552963256836 165.57147216796875 201.34073638916016 132.6763153076172 201.34073638916016
129.9109344482422 107.4555892944336 162.0556182861328 107.4555892944336 162.0556182861328 208.22232055664062 129.9109344482422 208.22232055664062
129.84207153320312 96.40895080566406 163.10372161865234 96.40895080566406 163.10372161865234 196.19387817382812 129.84207153320312 196.19387817382812
133.54954528808594 94.4719467163086 166.07467651367188 94.4719467163086 166.07467651367188 197.43936920166016 133.54954528808594 197.43936920166016
134.24537658691406 91.5915298461914 166.0101318359375 91.5915298461914 166.0101318359375 197.8444366455078 134.24537658691406 197.8444366455078
132.50555419921875 96.73279571533203 164.60861587524414 96.73279571533203 164.60861587524414 204.89315032958984 132.50555419921875 204.89315032958984
133.23199462890625 96.49147033691406 164.985107421875 96.49147033691406 164.985107421875 202.98678588867188 133.23199462890625 202.98678588867188
130.86032104492188 103.3794937133789 163.27956771850586 103.3794937133789 163.27956771850586 202.9710922241211 130.86032104492188 202.9710922241211
131.43453979492188 97.57511138916016 162.22083473205566 97.57511138916016 162.22083473205566 203.18444061279297 131.43453979492188 203.18444061279297
130.48341369628906 96.27948760986328 162.5287742614746 96.27948760986328 162.5287742614746 201.51351928710938 130.48341369628906 201.51351928710938
130.8089599609375 94.20919036865234 163.23635864257812 94.20919036865234 163.23635864257812 199.52265167236328 130.8089599609375 199.52265167236328
131.51571655273438 97.40571594238281 162.83269691467285 97.40571594238281 162.83269691467285 205.39287567138672 131.51571655273438 205.39287567138672
129.88412475585938 99.17704772949219 163.4216537475586 99.17704772949219 163.4216537475586 201.8621063232422 129.88412475585938 201.8621063232422
131.9847412109375 91.30599212646484 164.9827766418457 91.30599212646484 164.9827766418457 194.826171875 131.9847412109375 194.826171875
130.29776000976562 95.32527160644531 162.95662689208984 95.32527160644531 162.95662689208984 199.38311004638672 130.29776000976562 199.38311004638672
131.21401977539062 91.18035125732422 162.45274353027344 91.18035125732422 162.45274353027344 199.08995819091797 131.21401977539062 199.08995819091797
