302.0 74.0 338.0 74.0 338.0 144.0 302.0 144.0
301.9354553222656 74.49945068359375 338.5917205810547 74.49945068359375 338.5917205810547 142.84850311279297 301.9354553222656 142.84850311279297
301.8175048828125 75.42465209960938 337.5998725891113 75.42465209960938 337.5998725891113 143.9346923828125 301.8175048828125 143.9346923828125
302.11065673828125 76.35138702392578 337.54126739501953 76.35138702392578 337.54126739501953 145.21466827392578 302.11065673828125 145.21466827392578
301.4813537597656 75.84136199951172 336.7720718383789 75.84136199951172 336.7720718383789 144.61610412597656 301.4813537597656 144.61610412597656
302.086181640625 76.92069244384766 337.37581634521484 76.92069244384766 337.37581634521484 145.11956024169922 302.086181640625 145.11956024169922
302.3834228515625 77.58687591552734 337.83144760131836 77.58687591552734 337.83144760131836 146.67742156982422 302.3834228515625 146.67742156982422
302.0471496582031 76.95587158203125 337.4329948425293 76.95587158203125 337.4329948425293 145.3882064819336 302.0471496582031 145.3882064819336
302.704833984375 78.25111389160156 337.82799530029297 78.25111389160156 337.82799530029297 145.99224853515625 302.704833984375 145.99224853515625
303.728759765625 77.81050109863281 338.7035369873047 77.81050109863281 338.7035369873047 146.1711883544922 303.728759765625 146.1711883544922
303.2510681152344 78.21260070800781 338.31148529052734 78.21260070800781 338.31148529052734 146.85684204101562 303.2510681152344 146.85684204101562
303.318359375 79.03657531738281 338.8875160217285 79.03657531738281 338.8875160217285 148.32733154296875 303.318359375 148.32733154296875
304.02435302734375 78.18614959716797 339.25922775268555 78.18614959716797 339.25922775268555 148.15850067138672 304.02435302734375 148.15850067138672
304.2027282714844 77.47997283935547 339.1685371398926 77.47997283935547 339.1685371398926 147.90131378173828 304.2027282714844 147.90131378173828
304.910400390625 76.73878479003906 340.43090057373047 76.73878479003906 340.43090057373047 147.5555419921875 304.910400390625 147.5555419921875
305.53973388671875 77.52360534667969 341.27930068969727 77.52360534667969 341.27930068969727 147.07461547851562 305.53973388671875 147.07461547851562
305.409423828125 78.70873260498047 342.15563583374023 78.70873260498047 342.15563583374023 144.83750915527344 305.409423828125 144.83750915527344
305.8277893066406 77.28268432617188 340.82625579833984 77.28268432617188 340.82625579833984 146.48535919189453 305.8277893066406 146.48535919189453
307.1658630371094 77.55683898925781 342.591365814209 77.55683898925781 342.591365814209 148.06541442871094 307.1658630371094 148.06541442871094
306.46575927734375 76.94703674316406 342.4382095336914 76.94703674316406 342.4382095336914 148.0054931640625 306.46575927734375 148.0054931640625
307.32843017578125 78.08694458007812 343.44687271118164 78.08694458007812 343.44687271118164 148.087646484375 307.32843017578125 148.087646484375
308.3932800292969 78.36270141601562 344.5170669555664 78.36270141601562 344.5170669555664 149.61561584472656 308.3932800292969 149.61561584472656
307.83648681640625 78.24201965332031 343.76319885253906 78.24201965332031 343.76319885253906 150.25918579101562 307.83648681640625 150.25918579101562
307.9204406738281 77.28219604492188 344.341251373291 77.28219604492188 344.341251373291 148.6440887451172 307.9204406738281 148.6440887451172
307.8653259277344 76.9183349609375 344.0222587585449 76.9183349609375 344.0222587585449 149.56996154785156 307.8653259277344 149.56996154785156
307.5166320800781 76.48956298828125 344.2886161804199 76.48956298828125 344.2886161804199 150.67757415771484 307.5166320800781 150.67757415771484
307.8651428222656 78.04618835449219 344.6926727294922 78.04618835449219 344.6926727294922 150.19285583496094 307.8651428222656 150.19285583496094
308.0443420410156 78.6119613647461 343.9002265930176 78.6119613647461 343.9002265930176 151.10884857177734 308.0443420410156 151.10884857177734
308.756591796875 77.6682357788086 344.3827438354492 77.6682357788086 344.3827438354492 148.75462341308594 308.756591796875 148.75462341308594
308.91314697265625 79.4382553100586 344.5650978088379 79.4382553100586 344.5650978088379 149.51876831054688 308.91314697265625 149.51876831054688
309.7093811035156 79.21822357177734 345.79083251953125 79.21822357177734 345.79083251953125 149.3766098022461 309.7093811035156 149.3766098022461
307.93963623046875 78.80535888671875 343.9365768432617 78.80535888671875 343.9365768432617 148.41282653808594 307.93963623046875 148.41282653808594
309.51715087890625 78.47977447509766 345.7682991027832 78.47977447509766 345.7682991027832 150.79415893554688 309.51715087890625 150.79415893554688
308.31915283203125 78.65406799316406 344.2034606933594 78.65406799316406 344.2034606933594 149.24917602539062 308.31915283203125 149.24917602539062
308.7254333496094 78.86175537109375 344.96834564208984 78.86175537109375 344.96834564208984 150.8076400756836 308.7254333496094 150.8076400756836
308.3168029785156 79.01112365722656 344.50650787353516 79.01112365722656 344.50650787353516 149.66659545898438 308.3168029785156 149.66659545898438
309.5552062988281 79.91096496582031 345.8711128234863 79.91096496582031 345.8711128234863 150.52520751953125 309.5552062988281 150.52520751953125
307.86236572265625 80.27383422851562 344.1408996582031 80.27383422851562 344.1408996582031 151.90286254882812 307.86236572265625 151.90286254882812
308.59527587890625 78.95819091796875 345.15137481689453 78.95819091796875 345.15137481689453 151.57503509521484 308.59527587890625 151.57503509521484
309.3741455078125 79.5121078491211 345.4831123352051 79.5121078491211 345.4831123352051 152.99698638916016 309.3741455078125 152.99698638916016
310.33502197265625 79.27849578857422 346.97664642333984 79.27849578857422 346.97664642333984 151.4476776123047 310.33502197265625 151.4476776123047
309.150390625 79.537353515625 345.76176834106445 79.537353515625 345.76176834106445 154.70267486572266 309.150390625 154.70267486572266
308.89483642578125 78.04458618164062 346.0905418395996 78.04458618164062 346.0905418395996 153.4453353881836 308.89483642578125 153.4453353881836
308.72442626953125 79.3702621459961 345.47529220581055 79.3702621459961 345.47529220581055 154.05413818359375 308.72442626953125 154.05413818359375
292.49542236328125 81.06575012207031 333.5549659729004 81.06575012207031 333.5549659729004 151.20470428466797 292.49542236328125 151.20470428466797
270.3824157714844 80.95043182373047 311.5224914550781 80.95043182373047 311.5224914550781 150.1649627685547 270.3824157714844 150.1649627685547
251.9338836669922 81.997802734375 292.7875442504883 81.997802734375 292.7875442504883 152.4483184814453 251.9338836669922 152.4483184814453
232.893310546875 81.28230285644531 273.5796432495117 81.28230285644531 273.5796432495117 149.932373046875 232.893310546875 149.932373046875
208.16500854492188 85.12507629394531 249.4549674987793 85.12507629394531 249.4549674987793 151.88143920898438 208.16500854492188 151.88143920898438
194.9965362548828 82.50245666503906 235.4523696899414 82.50245666503906 235.4523696899414 156.40625 194.9965362548828 156.40625
196.07510375976562 82.29243469238281 233.76084518432617 82.29243469238281 233.76084518432617 156.2702178955078 196.07510375976562 156.2702178955078
195.6573944091797 82.44239807128906 233.64315032958984 82.44239807128906 233.64315032958984 157.07095336914062 195.6573944091797 157.07095336914062
195.8888702392578 81.228515625 233.8065643310547 81.228515625 233.8065643310547 156.8001937866211 195.8888702392578 156.8001937866211
196.26663208007812 81.2747573852539 233.41776275634766 81.2747573852539 233.41776275634766 157.82522583007812 196.26663208007812 157.82522583007812
195.75570678710938 82.25181579589844 233.80998992919922 82.25181579589844 233.80998992919922 158.8126678466797 195.75570678710938 158.8126678466797
196.0494384765625 82.30192565917969 233.54581832885742 82.30192565917969 233.54581832885742 159.39105224609375 196.0494384765625 159.39105224609375
195.95669555664062 82.0874252319336 233.13096237182617 82.0874252319336 233.13096237182617 159.79689025878906 195.95669555664062 159.79689025878906
195.68896484375 81.42445373535156 233.5457534790039 81.42445373535156 233.5457534790039 160.02085876464844 195.68896484375 160.02085876464844
195.5241241455078 82.31623840332031 233.53230667114258 82.31623840332031 233.53230667114258 159.52716064453125 195.5241241455078 159.52716064453125
194.94642639160156 82.73535919189453 234.4011001586914 82.73535919189453 234.4011001586914 160.44878387451172 194.94642639160156 160.44878387451172
171.08926391601562 85.48057556152344 213.8570899963379 85.48057556152344 213.8570899963379 159.2487030029297 171.08926391601562 159.2487030029297
154.2958221435547 83.0375747680664 196.0627784729004 83.0375747680664 196.0627784729004 161.02265167236328 154.2958221435547 161.02265167236328
156.24533081054688 85.29934692382812 195.518798828125 85.29934692382812 195.518798828125 162.05150604248047 156.24533081054688 162.05150604248047
156.50735473632812 86.5635757446289 195.12747955322266 86.5635757446289 195.12747955322266 161.9383544921875 156.50735473632812 161.9383544921875
156.71560668945312 86.45155334472656 195.55926895141602 86.45155334472656 195.55926895141602 161.6070327758789 156.71560668945312 161.6070327758789
142.64508056640625 88.69801330566406 186.6728057861328 88.69801330566406 186.6728057861328 163.49608612060547 142.64508056640625 163.49608612060547
123.0633544921875 88.61283874511719 165.6874656677246 88.61283874511719 165.6874656677246 162.32837677001953 123.0633544921875 162.32837677001953
107.29753112792969 88.37875366210938 152.68655395507812 88.37875366210938 152.68655395507812 164.91439056396484 107.29753112792969 164.91439056396484
110.32662200927734 87.75346374511719 151.36521911621094 87.75346374511719 151.36521911621094 166.29861450195312 110.32662200927734 166.29861450195312
111.5615463256836 88.44842529296875 150.58558654785156 88.44842529296875 150.58558654785156 167.9400634765625 111.5615463256836 167.9400634765625
111.3143310546875 88.1907730102539 150.47530364990234 88.1907730102539 150.47530364990234 167.2314453125 111.3143310546875 167.2314453125
110.63082122802734 88.45565032958984 150.1477165222168 88.45565032958984 150.1477165222168 166.56978607177734 110.63082122802734 166.56978607177734
110.93924713134766 87.72818756103516 149.9701690673828 87.72818756103516 149.9701690673828 166.6530532836914 110.93924713134766 166.6530532836914
110.4784164428711 88.88868713378906 150.40689086914062 88.88868713378906 150.40689086914062 167.0753173828125 110.4784164428711 167.0753173828125
109.75870513916016 89.25074768066406 150.1168670654297 89.25074768066406 150.1168670654297 168.16293334960938 109.75870513916016 168.16293334960938
108.4845962524414 90.9713363647461 150.53286361694336 90.9713363647461 150.53286361694336 168.90543365478516 108.4845962524414 168.90543365478516
108.7548828125 90.3817138671875 149.04610061645508 90.3817138671875 149.04610061645508 168.3234100341797 108.7548828125 168.3234100341797
108.38645935058594 91.4336166381836 148.86530303955078 91.4336166381836 148.86530303955078 169.90348052978516 108.38645935058594 169.90348052978516
109.20062255859375 91.44621276855469 148.4255142211914 91.44621276855469 148.4255142211914 170.40299224853516 109.20062255859375 170.40299224853516
108.7294692993164 90.91250610351562 148.24965286254883 90.91250610351562 148.24965286254883 169.3751678466797 108.7294692993164 169.3751678466797
109.47077941894531 92.05802917480469 148.65744018554688 92.05802917480469 148.65744018554688 171.05763244628906 109.47077941894531 171.05763244628906
109.58612060546875 93.74929809570312 148.457275390625 93.74929809570312 148.457275390625 169.79627227783203 109.58612060546875 169.79627227783203
109.5494155883789 92.6113052368164 148.85003662109375 92.6113052368164 148.85003662109375 169.92559051513672 109.5494155883789 169.92559051513672
110.1249008178711 93.78382873535156 149.77240371704102 93.78382873535156 149.77240371704102 171.3597412109375 110.1249008178711 171.3597412109375
109.69166564941406 94.61167907714844 148.91510772705078 94.61167907714844 148.91510772705078 171.68243408203125 109.69166564941406 171.68243408203125
110.604248046875 95.35676574707031 148.92652893066406 95.35676574707031 148.92652893066406 172.33323669433594 110.604248046875 172.33323669433594
110.7310791015625 95.0859603881836 149.302001953125 95.0859603881836 149.302001953125 172.52918243408203 110.7310791015625 172.52918243408203
110.85494232177734 95.14020538330078 149.70403289794922 95.14020538330078 149.70403289794922 172.72492218017578 110.85494232177734 172.72492218017578
110.86466217041016 95.35704040527344 149.25973892211914 95.35704040527344 149.25973892211914 172.4392852783203 110.86466217041016 172.4392852783203
111.06705474853516 94.97078704833984 149.62883758544922 94.97078704833984 149.62883758544922 173.01036071777344 111.06705474853516 173.01036071777344
84.64327239990234 97.07478332519531 130.3867950439453 97.07478332519531 130.3867950439453 173.3273468017578 84.64327239990234 173.3273468017578
62.13220977783203 99.99076843261719 106.73666763305664 99.99076843261719 106.73666763305664 174.82489776611328 62.13220977783203 174.82489776611328
47.831756591796875 98.11729431152344 93.7775993347168 98.11729431152344 93.7775993347168 174.48334503173828 47.831756591796875 174.48334503173828
48.80830764770508 99.1607894897461 92.60803604125977 99.1607894897461 92.60803604125977 175.5455551147461 48.80830764770508 175.5455551147461
49.091331481933594 99.0542984008789 89.91322708129883 99.0542984008789 89.91322708129883 176.94264221191406 49.091331481933594 176.94264221191406
49.81868362426758 100.39876556396484 90.91610717773438 100.39876556396484 90.91610717773438 177.30817413330078 49.81868362426758 177.30817413330078
49.94155502319336 99.2725830078125 90.33517837524414 99.2725830078125 90.33517837524414 176.32054138183594 49.94155502319336 176.32054138183594
49.860958099365234 100.42402648925781 90.03911209106445 100.42402648925781 90.03911209106445 176.39025115966797 49.860958099365234 176.39025115966797
50.550071716308594 100.38020324707031 91.11105346679688 100.38020324707031 91.11105346679688 177.57432556152344 50.550071716308594 177.57432556152344
51.34288787841797 100.51664733886719 91.2215576171875 100.51664733886719 91.2215576171875 178.4815673828125 51.34288787841797 178.4815673828125
50.620147705078125 99.79731750488281 91.93981170654297 99.79731750488281 91.93981170654297 178.97168731689453 50.620147705078125 178.97168731689453
50.2785758972168 100.14234161376953 91.72978591918945 100.14234161376953 91.72978591918945 178.22745513916016 50.2785758972168 178.22745513916016
51.2789306640625 102.09904479980469 90.92269897460938 102.09904479980469 90.92269897460938 178.97476196289062 51.2789306640625 178.97476196289062
51.72559356689453 101.28936004638672 92.6722526550293 101.28936004638672 92.6722526550293 180.33737182617188 51.72559356689453 180.33737182617188
52.14360427856445 102.7242202758789 92.58627319335938 102.7242202758789 92.58627319335938 181.5254135131836 52.14360427856445 181.5254135131836
52.56547927856445 103.24436950683594 93.4362564086914 103.24436950683594 93.4362564086914 180.4413070678711 52.56547927856445 180.4413070678711
53.26921463012695 103.73063659667969 93.49951553344727 103.73063659667969 93.49951553344727 181.6497039794922 53.26921463012695 181.6497039794922
53.66743850708008 103.37809753417969 93.9594841003418 103.37809753417969 93.9594841003418 183.1639633178711 53.66743850708008 183.1639633178711
53.866058349609375 103.4952621459961 94.81134796142578 103.4952621459961 94.81134796142578 182.5696029663086 53.866058349609375 182.5696029663086
53.254150390625 101.92912292480469 94.44651412963867 101.92912292480469 94.44651412963867 182.26769256591797 53.254150390625 182.26769256591797
54.28034591674805 102.9839859008789 95.82279586791992 102.9839859008789 95.82279586791992 184.62391662597656 54.28034591674805 184.62391662597656
54.314697265625 103.59979248046875 96.61526107788086 103.59979248046875 96.61526107788086 183.2774429321289 54.314697265625 183.2774429321289
55.6779899597168 103.7442626953125 96.25282287597656 103.7442626953125 96.25282287597656 184.08260345458984 55.6779899597168 184.08260345458984
55.86029052734375 101.89271545410156 96.62129592895508 101.89271545410156 96.62129592895508 184.05850219726562 55.86029052734375 184.05850219726562
55.958091735839844 102.91389465332031 96.95703125 102.91389465332031 96.95703125 185.7950439453125 55.958091735839844 185.7950439453125
55.90191650390625 103.64910888671875 97.33347702026367 103.64910888671875 97.33347702026367 184.8432846069336 55.90191650390625 184.8432846069336
56.22473907470703 104.69151306152344 96.94306945800781 104.69151306152344 96.94306945800781 185.66632080078125 56.22473907470703 185.66632080078125
56.57694625854492 103.0143051147461 96.64630889892578 103.0143051147461 96.64630889892578 184.64490509033203 56.57694625854492 184.64490509033203
56.98503494262695 103.35231018066406 97.85476303100586 103.35231018066406 97.85476303100586 186.30706787109375 56.98503494262695 186.30706787109375
55.47721481323242 102.02830505371094 98.78547668457031 102.02830505371094 98.78547668457031 185.33970642089844 55.47721481323242 185.33970642089844
56.336143493652344 102.85050964355469 98.59238052368164 102.85050964355469 98.59238052368164 186.42576599121094 56.336143493652344 186.42576599121094
56.522552490234375 103.47444915771484 97.49427795410156 103.47444915771484 97.49427795410156 187.6001739501953 56.522552490234375 187.6001739501953
56.902587890625 104.54756164550781 98.65861129760742 104.54756164550781 98.65861129760742 186.37615966796875 56.902587890625 186.37615966796875
56.49462127685547 105.14876556396484 98.1950912475586 105.14876556396484 98.1950912475586 186.7560806274414 56.49462127685547 186.7560806274414
57.203758239746094 104.33961486816406 99.2054557800293 104.33961486816406 99.2054557800293 186.10308837890625 57.203758239746094 186.10308837890625
57.69916915893555 104.73905181884766 99.00938415527344 104.73905181884766 99.00938415527344 187.30635833740234 57.69916915893555 187.30635833740234
57.56976318359375 105.7911148071289 100.40205001831055 105.7911148071289 100.40205001831055 187.94566345214844 57.56976318359375 187.94566345214844
58.628875732421875 104.92115783691406 100.4192123413086 104.92115783691406 100.4192123413086 188.65563201904297 58.628875732421875 188.65563201904297
58.01288604736328 104.03230285644531 101.60351943969727 104.03230285644531 101.60351943969727 186.1208953857422 58.01288604736328 186.1208953857422
58.762428283691406 104.849365234375 102.0691909790039 104.849365234375 102.0691909790039 188.25714111328125 58.762428283691406 188.25714111328125
59.46735763549805 104.54571533203125 101.77875137329102 104.54571533203125 101.77875137329102 190.2132110595703 59.46735763549805 190.2132110595703
59.769447326660156 105.34104919433594 101.95544815063477 105.34104919433594 101.95544815063477 191.39334869384766 59.769447326660156 191.39334869384766
59.59453201293945 105.13908386230469 102.48599243164062 105.13908386230469 102.48599243164062 190.35900115966797 59.59453201293945 190.35900115966797
60.57740020751953 104.12435150146484 103.10963821411133 104.12435150146484 103.10963821411133 192.2165985107422 60.57740020751953 192.2165985107422
60.19185256958008 104.9401626586914 103.1968765258789 104.9401626586914 103.1968765258789 191.92964935302734 60.19185256958008 191.92964935302734
60.32637405395508 105.52796936035156 103.84394454956055 105.52796936035156 103.84394454956055 191.38092803955078 60.32637405395508 191.38092803955078
60.56945037841797 106.70991516113281 104.00595092773438 106.70991516113281 104.00595092773438 193.2828826904297 60.56945037841797 193.2828826904297
61.150306701660156 106.1079330444336 104.26566314697266 106.1079330444336 104.26566314697266 193.33099365234375 61.150306701660156 193.33099365234375
61.18772506713867 106.12409973144531 103.58303833007812 106.12409973144531 103.58303833007812 193.6614990234375 61.18772506713867 193.6614990234375
60.84123611450195 107.41217041015625 103.5474967956543 107.41217041015625 103.5474967956543 193.86973571777344 60.84123611450195 193.86973571777344
60.794769287109375 106.59033203125 103.19391632080078 106.59033203125 103.19391632080078 194.0436553955078 60.794769287109375 194.0436553955078
61.461883544921875 107.4230728149414 103.13317108154297 107.4230728149414 103.13317108154297 195.14344787597656 61.461883544921875 195.14344787597656
61.838661193847656 107.86741638183594 103.18458557128906 107.86741638183594 103.18458557128906 194.55550384521484 61.838661193847656 194.55550384521484
61.203758239746094 109.24491882324219 103.25446319580078 109.24491882324219 103.25446319580078 195.3325424194336 61.203758239746094 195.3325424194336
61.636756896972656 109.4908676147461 103.55996704101562 109.4908676147461 103.55996704101562 194.94951629638672 61.636756896972656 194.94951629638672
62.24672317504883 109.83375549316406 102.98981475830078 109.83375549316406 102.98981475830078 195.3508071899414 62.24672317504883 195.3508071899414
61.572059631347656 110.38044738769531 103.45766830444336 110.38044738769531 103.45766830444336 194.8535614013672 61.572059631347656 194.8535614013672
60.65980911254883 105.6680679321289 105.70498657226562 105.6680679321289 105.70498657226562 192.3875274658203 60.65980911254883 192.3875274658203
61.34096145629883 90.79307556152344 105.76295471191406 90.79307556152344 105.76295471191406 180.49224090576172 61.34096145629883 180.49224090576172
61.45966339111328 86.65280151367188 104.19966506958008 86.65280151367188 104.19966506958008 172.7226104736328 61.45966339111328 172.7226104736328
62.16402053833008 85.87613677978516 104.8729476928711 85.87613677978516 104.8729476928711 174.17035675048828 62.16402053833008 174.17035675048828
61.57512283325195 87.31754302978516 105.46682357788086 87.31754302978516 105.46682357788086 174.2925033569336 61.57512283325195 174.2925033569336
60.6484260559082 86.03681945800781 104.89585494995117 86.03681945800781 104.89585494995117 173.5621337890625 60.6484260559082 173.5621337890625
61.001190185546875 86.45089721679688 104.25893020629883 86.45089721679688 104.25893020629883 175.98501586914062 61.001190185546875 175.98501586914062
60.76688766479492 86.2544174194336 104.85705947875977 86.2544174194336 104.85705947875977 174.33567810058594 60.76688766479492 174.33567810058594
61.0635986328125 87.99918365478516 104.27498245239258 87.99918365478516 104.27498245239258 176.2365493774414 61.0635986328125 176.2365493774414
61.22832107543945 87.54085540771484 104.22547149658203 87.54085540771484 104.22547149658203 177.5195541381836 61.22832107543945 177.5195541381836
60.65972137451172 87.20809173583984 104.30679321289062 87.20809173583984 104.30679321289062 176.50099182128906 60.65972137451172 176.50099182128906
60.03858184814453 87.54019165039062 104.18656921386719 87.54019165039062 104.18656921386719 177.6254425048828 60.03858184814453 177.6254425048828
60.78184127807617 87.61767578125 104.23878860473633 87.61767578125 104.23878860473633 178.9711685180664 60.78184127807617 178.9711685180664
58.71730422973633 82.6098403930664 105.69647216796875 82.6098403930664 105.69647216796875 177.1725311279297 58.71730422973633 177.1725311279297
58.995635986328125 71.55538177490234 105.30236053466797 71.55538177490234 105.30236053466797 165.8893280029297 58.995635986328125 165.8893280029297
58.789573669433594 62.56526565551758 104.95807266235352 62.56526565551758 104.95807266235352 155.8646583557129 58.789573669433594 155.8646583557129
58.44007110595703 63.08173751831055 103.7221450805664 63.08173751831055 103.7221450805664 154.53408432006836 58.44007110595703 154.53408432006836
57.83675003051758 65.32256317138672 103.70133972167969 65.32256317138672 103.70133972167969 154.6772003173828 57.83675003051758 154.6772003173828
58.73737716674805 63.59967803955078 104.46299362182617 63.59967803955078 104.46299362182617 155.48287200927734 58.73737716674805 155.48287200927734
58.509986877441406 63.431190490722656 104.26509857177734 63.431190490722656 104.26509857177734 155.96385192871094 58.509986877441406 155.96385192871094
59.487091064453125 64.2658920288086 105.4006233215332 64.2658920288086 105.4006233215332 157.66565704345703 59.487091064453125 157.66565704345703
59.92517852783203 64.91343688964844 105.33699035644531 64.91343688964844 105.33699035644531 157.5267333984375 59.92517852783203 157.5267333984375
60.03045654296875 65.78962707519531 104.93819427490234 65.78962707519531 104.93819427490234 158.2283706665039 60.03045654296875 158.2283706665039
60.89990997314453 66.71315002441406 105.99699783325195 66.71315002441406 105.99699783325195 157.97573852539062 60.89990997314453 157.97573852539062
59.685203552246094 55.81028366088867 107.49122619628906 55.81028366088867 107.49122619628906 151.38856887817383 59.685203552246094 151.38856887817383
59.81953811645508 41.74331283569336 107.17123031616211 41.74331283569336 107.17123031616211 137.7928581237793 59.81953811645508 137.7928581237793
59.80146408081055 36.636348724365234 105.91390991210938 36.636348724365234 105.91390991210938 129.61016464233398 59.80146408081055 129.61016464233398
60.84773635864258 38.02550506591797 106.01454544067383 38.02550506591797 106.01454544067383 130.55990600585938 60.84773635864258 130.55990600585938
61.28160858154297 37.376014709472656 107.46921920776367 37.376014709472656 107.46921920776367 129.46965789794922 61.28160858154297 129.46965789794922
60.83837890625 39.27890396118164 106.24581146240234 39.27890396118164 106.24581146240234 131.05104446411133 60.83837890625 131.05104446411133
61.15930938720703 39.79065704345703 105.76627731323242 39.79065704345703 105.76627731323242 131.96080780029297 61.15930938720703 131.96080780029297
60.574485778808594 38.74858474731445 105.81875610351562 38.74858474731445 105.81875610351562 132.05798721313477 60.574485778808594 132.05798721313477
61.137718200683594 39.309776306152344 106.37747573852539 39.309776306152344 106.37747573852539 133.69297790527344 61.137718200683594 133.69297790527344
60.459495544433594 40.823970794677734 106.43530654907227 40.823970794677734 106.43530654907227 133.95907974243164 60.459495544433594 133.95907974243164
61.07878494262695 40.57202911376953 108.00677490234375 40.57202911376953 108.00677490234375 134.30364990234375 61.07878494262695 134.30364990234375
61.537437438964844 24.958505630493164 109.40948867797852 24.958505630493164 109.40948867797852 122.57921028137207 61.537437438964844 122.57921028137207
61.223602294921875 13.184209823608398 109.62163162231445 13.184209823608398 109.62163162231445 112.58981132507324 61.223602294921875 112.58981132507324
61.264801025390625 16.502792358398438 107.2373275756836 16.502792358398438 107.2373275756836 110.91845703125 61.264801025390625 110.91845703125
61.11600875854492 16.59622573852539 107.3646354675293 16.59622573852539 107.3646354675293 111.4632682800293 61.11600875854492 111.4632682800293
61.0756950378418 16.25271987915039 108.49954223632812 16.25271987915039 108.49954223632812 111.13856887817383 61.0756950378418 111.13856887817383
61.0370979309082 16.880769729614258 108.7001724243164 16.880769729614258 108.7001724243164 112.18573951721191 61.0370979309082 112.18573951721191
61.757598876953125 16.89731788635254 108.04402923583984 16.89731788635254 108.04402923583984 114.16902351379395 61.757598876953125 114.16902351379395
61.19982147216797 16.76116943359375 108.43777465820312 16.76116943359375 108.43777465820312 114.90703582763672 61.19982147216797 114.90703582763672
61.745460510253906 18.567020416259766 108.368896484375 18.567020416259766 108.368896484375 116.36361312866211 61.745460510253906 116.36361312866211
61.201194763183594 17.481075286865234 109.31264877319336 17.481075286865234 109.31264877319336 117.08015060424805 61.201194763183594 117.08015060424805
61.35890579223633 18.7789306640625 109.0308837890625 18.7789306640625 109.0308837890625 117.78047180175781 61.35890579223633 117.78047180175781
61.6881217956543 19.96959686279297 108.3241958618164 19.96959686279297 108.3241958618164 120.10440826416016 61.6881217956543 120.10440826416016
61.71686553955078 19.644123077392578 108.19755172729492 19.644123077392578 108.19755172729492 120.18732070922852 61.71686553955078 120.18732070922852
61.05963897705078 22.507823944091797 107.688232421875 22.507823944091797 107.688232421875 119.87002182006836 61.05963897705078 119.87002182006836
61.89555740356445 22.00003433227539 108.23616790771484 22.00003433227539 108.23616790771484 120.79628372192383 61.89555740356445 120.79628372192383
62.078834533691406 21.380294799804688 108.38963317871094 21.380294799804688 108.38963317871094 122.13528442382812 62.078834533691406 122.13528442382812
61.6312141418457 21.7005558013916 108.67912292480469 21.7005558013916 108.67912292480469 120.95554542541504 61.6312141418457 120.95554542541504
62.51569747924805 23.404918670654297 108.51114654541016 23.404918670654297 108.51114654541016 122.72385025024414 62.51569747924805 122.72385025024414
62.8815803527832 22.183338165283203 109.26582717895508 22.183338165283203 109.26582717895508 121.99111557006836 62.8815803527832 121.99111557006836
62.896148681640625 24.037954330444336 108.84772491455078 24.037954330444336 108.84772491455078 124.43192863464355 62.896148681640625 124.43192863464355
62.4301643371582 25.019643783569336 109.4901123046875 25.019643783569336 109.4901123046875 126.78442192077637 62.4301643371582 126.78442192077637
62.21299362182617 24.364778518676758 109.11503219604492 24.364778518676758 109.11503219604492 124.62120246887207 62.21299362182617 124.62120246887207
63.683143615722656 25.45037269592285 110.22271347045898 25.45037269592285 110.22271347045898 126.48594093322754 63.683143615722656 126.48594093322754
64.34598541259766 26.696094512939453 110.23778533935547 26.696094512939453 110.23778533935547 126.54602432250977 64.34598541259766 126.54602432250977
64.3080062866211 27.57390785217285 111.54132080078125 27.57390785217285 111.54132080078125 126.67996406555176 64.3080062866211 126.67996406555176
64.76334381103516 28.479040145874023 111.55721664428711 28.479040145874023 111.55721664428711 128.42624473571777 64.76334381103516 128.42624473571777
64.52919006347656 28.691974639892578 111.79639434814453 28.691974639892578 111.79639434814453 129.13928604125977 64.52919006347656 129.13928604125977
64.67157745361328 29.705032348632812 111.84722900390625 29.705032348632812 111.84722900390625 129.27806091308594 64.67157745361328 129.27806091308594
64.7354736328125 30.7883358001709 111.73189544677734 30.7883358001709 111.73189544677734 129.6986598968506 64.7354736328125 129.6986598968506
64.9363784790039 31.51907730102539 111.89302062988281 31.51907730102539 111.89302062988281 131.36360549926758 64.9363784790039 131.36360549926758
65.71161651611328 31.156143188476562 112.68499374389648 31.156143188476562 112.68499374389648 130.46609497070312 65.71161651611328 130.46609497070312
65.02867126464844 32.24262619018555 111.8891487121582 32.24262619018555 111.8891487121582 132.35402297973633 65.02867126464844 132.35402297973633
66.31513214111328 32.3108024597168 112.98099899291992 32.3108024597168 112.98099899291992 132.09307479858398 66.31513214111328 132.09307479858398
64.74773406982422 33.198219299316406 112.3138427734375 33.198219299316406 112.3138427734375 133.02324676513672 64.74773406982422 133.02324676513672
65.7870101928711 33.093772888183594 112.32964324951172 33.093772888183594 112.32964324951172 133.9830093383789 65.7870101928711 133.9830093383789
65.94635009765625 33.95209503173828 112.64290618896484 33.95209503173828 112.64290618896484 135.55321502685547 65.94635009765625 135.55321502685547
65.90926361083984 33.84605407714844 112.95536804199219 33.84605407714844 112.95536804199219 136.2626190185547 65.90926361083984 136.2626190185547
66.20098876953125 34.84618377685547 112.74171447753906 34.84618377685547 112.74171447753906 137.40860748291016 66.20098876953125 137.40860748291016
66.8856430053711 35.070709228515625 114.32535934448242 35.070709228515625 114.32535934448242 136.7278289794922 66.8856430053711 136.7278289794922
67.9052505493164 34.992225646972656 114.96500015258789 34.992225646972656 114.96500015258789 137.8711929321289 67.9052505493164 137.8711929321289
68.25364685058594 36.87306594848633 114.77077865600586 36.87306594848633 114.77077865600586 139.21976852416992 68.25364685058594 139.21976852416992
68.84061431884766 37.622703552246094 115.75209426879883 37.622703552246094 115.75209426879883 140.01968383789062 68.84061431884766 140.01968383789062
68.09916687011719 37.21029281616211 115.96742248535156 37.21029281616211 115.96742248535156 140.87382888793945 68.09916687011719 140.87382888793945
68.4657974243164 37.113304138183594 116.57977294921875 37.113304138183594 116.57977294921875 142.0177230834961 68.4657974243164 142.0177230834961
69.3614273071289 37.44458770751953 117.57018280029297 37.44458770751953 117.57018280029297 142.62635040283203 69.3614273071289 142.62635040283203
70.12284851074219 36.883941650390625 118.22442626953125 36.883941650390625 118.22442626953125 144.04637908935547 70.12284851074219 144.04637908935547
71.01029968261719 38.03596115112305 118.39695358276367 38.03596115112305 118.39695358276367 145.29352951049805 71.01029968261719 145.29352951049805
70.65211486816406 38.71703338623047 119.48955535888672 38.71703338623047 119.48955535888672 144.86237335205078 70.65211486816406 144.86237335205078
70.83802795410156 39.33359909057617 119.75610733032227 39.33359909057617 119.75610733032227 144.60535049438477 70.83802795410156 144.60535049438477
71.12004089355469 39.68199920654297 120.08895111083984 39.68199920654297 120.08895111083984 145.19437408447266 71.12004089355469 145.19437408447266
71.03135681152344 40.19984817504883 120.03009414672852 40.19984817504883 120.03009414672852 144.60568618774414 71.03135681152344 144.60568618774414
71.55274963378906 41.842132568359375 121.30430603027344 41.842132568359375 121.30430603027344 145.07400512695312 71.55274963378906 145.07400512695312
71.12512969970703 40.22081756591797 120.92502212524414 40.22081756591797 120.92502212524414 147.69229888916016 71.12512969970703 147.69229888916016
71.22896575927734 40.70075607299805 122.31031036376953 40.70075607299805 122.31031036376953 146.4717674255371 71.22896575927734 146.4717674255371
72.47605895996094 42.217079162597656 122.18123626708984 42.217079162597656 122.18123626708984 147.0521011352539 72.47605895996094 147.0521011352539
73.28889465332031 43.05005645751953 123.39508819580078 43.05005645751953 123.39508819580078 148.33557891845703 73.28889465332031 148.33557891845703
73.01187896728516 42.833778381347656 123.16548156738281 42.833778381347656 123.16548156738281 148.58807373046875 73.01187896728516 148.58807373046875
73.81419372558594 41.84778594970703 124.59211730957031 41.84778594970703 124.59211730957031 149.82415008544922 73.81419372558594 149.82415008544922
73.87895965576172 43.05973815917969 125.08413696289062 43.05973815917969 125.08413696289062 150.17539978027344 73.87895965576172 150.17539978027344
74.83125305175781 42.311920166015625 126.12718200683594 42.311920166015625 126.12718200683594 150.58241271972656 74.83125305175781 150.58241271972656
76.30554962158203 45.40227508544922 126.49273300170898 45.40227508544922 126.49273300170898 151.62950897216797 76.30554962158203 151.62950897216797
76.00690460205078 46.292354583740234 127.55585479736328 46.292354583740234 127.55585479736328 152.07213973999023 76.00690460205078 152.07213973999023
76.73074340820312 47.4815673828125 127.38180541992188 47.4815673828125 127.38180541992188 153.63761138916016 76.73074340820312 153.63761138916016
78.02506256103516 46.82819747924805 128.52317810058594 46.82819747924805 128.52317810058594 152.05073165893555 78.02506256103516 152.05073165893555
79.47480010986328 48.651222229003906 129.77882766723633 48.651222229003906 129.77882766723633 156.87871551513672 79.47480010986328 156.87871551513672
79.9661636352539 48.27001953125 129.08492279052734 48.27001953125 129.08492279052734 157.63690185546875 79.9661636352539 157.63690185546875
80.38832092285156 50.45720672607422 130.94858932495117 50.45720672607422 130.94858932495117 157.33641815185547 80.38832092285156 157.33641815185547
81.3967056274414 52.417022705078125 129.9312744140625 52.417022705078125 129.9312744140625 159.33114624023438 81.3967056274414 159.33114624023438
82.56977844238281 52.27294921875 131.6926498413086 52.27294921875 131.6926498413086 159.5004119873047 82.56977844238281 159.5004119873047
82.75700378417969 54.07810592651367 132.2610740661621 54.07810592651367 132.2610740661621 160.32323837280273 82.75700378417969 160.32323837280273
82.83493041992188 52.4491081237793 132.67321014404297 52.4491081237793 132.67321014404297 162.00566482543945 82.83493041992188 162.00566482543945
83.43135833740234 51.791351318359375 134.5709686279297 51.791351318359375 134.5709686279297 161.75318908691406 83.43135833740234 161.75318908691406
84.5224380493164 52.940147399902344 134.9143524169922 52.940147399902344 134.9143524169922 163.4386444091797 84.5224380493164 163.4386444091797
84.54273986816406 54.69316482543945 134.98296356201172 54.69316482543945 134.98296356201172 162.8911247253418 84.54273986816406 162.8911247253418
85.06538391113281 54.8356819152832 135.1752052307129 54.8356819152832 135.1752052307129 164.75439834594727 85.06538391113281 164.75439834594727
85.52919006347656 53.521881103515625 135.839599609375 53.521881103515625 135.839599609375 166.6238555908203 85.52919006347656 166.6238555908203
86.74394226074219 54.87389373779297 136.6374969482422 54.87389373779297 136.6374969482422 165.78675842285156 86.74394226074219 165.78675842285156
86.09905242919922 54.68926239013672 137.09252548217773 54.68926239013672 137.09252548217773 166.34207153320312 86.09905242919922 166.34207153320312
87.06455993652344 55.7431755065918 137.6647605895996 55.7431755065918 137.6647605895996 166.9772605895996 87.06455993652344 166.9772605895996
87.264892578125 55.5004997253418 138.15637969970703 55.5004997253418 138.15637969970703 167.4177131652832 87.264892578125 167.4177131652832
87.66447448730469 55.73682403564453 139.1839828491211 55.73682403564453 139.1839828491211 169.15514373779297 87.66447448730469 169.15514373779297
88.87828063964844 55.8372802734375 140.41173934936523 55.8372802734375 140.41173934936523 170.39261627197266 88.87828063964844 170.39261627197266
88.95343017578125 58.4848518371582 140.25253295898438 58.4848518371582 140.25253295898438 169.90578842163086 88.95343017578125 169.90578842163086
89.39064025878906 57.05317306518555 141.26334381103516 57.05317306518555 141.26334381103516 167.80856704711914 89.39064025878906 167.80856704711914
89.81124114990234 56.506553649902344 141.67472457885742 56.506553649902344 141.67472457885742 172.07530212402344 89.81124114990234 172.07530212402344
89.79131317138672 58.88084030151367 141.57822036743164 58.88084030151367 141.57822036743164 171.58198928833008 89.79131317138672 171.58198928833008
90.04913330078125 60.70384979248047 142.87654876708984 60.70384979248047 142.87654876708984 170.75019073486328 90.04913330078125 170.75019073486328
90.50386047363281 60.641082763671875 143.85732650756836 60.641082763671875 143.85732650756836 171.40894317626953 90.50386047363281 171.40894317626953
90.97352600097656 60.883323669433594 144.29003143310547 60.883323669433594 144.29003143310547 172.54034423828125 90.97352600097656 172.54034423828125
91.21089172363281 62.269813537597656 144.24438095092773 62.269813537597656 144.24438095092773 172.8221435546875 91.21089172363281 172.8221435546875
92.08544921875 62.680877685546875 145.3478012084961 62.680877685546875 145.3478012084961 171.84559631347656 92.08544921875 171.84559631347656
93.54278564453125 63.4781608581543 146.10295486450195 63.4781608581543 146.10295486450195 172.85195541381836 93.54278564453125 172.85195541381836
93.22657012939453 62.047157287597656 147.349853515625 62.047157287597656 147.349853515625 173.91048431396484 93.22657012939453 173.91048431396484
93.50350952148438 63.82773971557617 147.32612991333008 63.82773971557617 147.32612991333008 174.4792137145996 93.50350952148438 174.4792137145996
94.10121154785156 64.99042510986328 148.3091583251953 64.99042510986328 148.3091583251953 176.3354721069336 94.10121154785156 176.3354721069336
95.89283752441406 64.72428131103516 150.1410789489746 64.72428131103516 150.1410789489746 175.6416778564453 95.89283752441406 175.6416778564453
96.52381896972656 65.2442855834961 150.89317321777344 65.2442855834961 150.89317321777344 178.94026947021484 96.52381896972656 178.94026947021484
96.774658203125 64.4937515258789 152.06755447387695 64.4937515258789 152.06755447387695 179.74840545654297 96.774658203125 179.74840545654297
97.37521362304688 66.73988342285156 152.5823860168457 66.73988342285156 152.5823860168457 180.6720962524414 97.37521362304688 180.6720962524414
98.59898376464844 66.16865539550781 153.24795150756836 66.16865539550781 153.24795150756836 182.34300994873047 98.59898376464844 182.34300994873047
99.19586944580078 65.92173767089844 153.81546020507812 65.92173767089844 153.81546020507812 183.79086303710938 99.19586944580078 183.79086303710938
99.180908203125 67.55052947998047 154.53268432617188 67.55052947998047 154.53268432617188 184.41163635253906 99.180908203125 184.41163635253906
101.38457489013672 68.1937026977539 155.5058937072754 68.1937026977539 155.5058937072754 185.1078109741211 101.38457489013672 185.1078109741211
101.38200378417969 67.80659484863281 155.70346450805664 67.80659484863281 155.70346450805664 188.01162719726562 101.38200378417969 188.01162719726562
102.57078552246094 69.20350646972656 156.3453826904297 69.20350646972656 156.3453826904297 187.8338165283203 102.57078552246094 187.8338165283203
101.58689880371094 70.9122543334961 156.2458953857422 70.9122543334961 156.2458953857422 189.7391357421875 101.58689880371094 189.7391357421875
101.99755859375 72.18818664550781 156.1878433227539 72.18818664550781 156.1878433227539 190.3701934814453 101.99755859375 190.3701934814453
102.9017333984375 74.3974380493164 156.15929412841797 74.3974380493164 156.15929412841797 191.3571319580078 102.9017333984375 191.3571319580078
103.82359313964844 73.45719909667969 158.30700302124023 73.45719909667969 158.30700302124023 190.96698760986328 103.82359313964844 190.96698760986328
104.62361907958984 73.51506042480469 158.69732666015625 73.51506042480469 158.69732666015625 193.6666488647461 104.62361907958984 193.6666488647461
105.99482727050781 75.04046630859375 158.9372787475586 75.04046630859375 158.9372787475586 194.4261474609375 105.99482727050781 194.4261474609375
105.51527404785156 74.86256408691406 159.3900604248047 74.86256408691406 159.3900604248047 192.85487365722656 105.51527404785156 192.85487365722656
106.2530746459961 76.68839263916016 159.42498779296875 76.68839263916016 159.42498779296875 194.4872817993164 106.2530746459961 194.4872817993164
106.1166000366211 77.34793090820312 160.3454132080078 77.34793090820312 160.3454132080078 196.00894165039062 106.1166000366211 196.00894165039062
106.59791564941406 75.83387756347656 160.34814834594727 75.83387756347656 160.34814834594727 196.92494201660156 106.59791564941406 196.92494201660156
106.71440124511719 77.68658447265625 160.41360092163086 77.68658447265625 160.41360092163086 199.09922790527344 106.71440124511719 199.09922790527344
107.33271789550781 76.83406829833984 161.72961044311523 76.83406829833984 161.72961044311523 197.3925018310547 107.33271789550781 197.3925018310547
105.24809265136719 76.23006439208984 162.67691802978516 76.23006439208984 162.67691802978516 199.67554473876953 105.24809265136719 199.67554473876953
105.9506607055664 78.37152099609375 161.87442779541016 78.37152099609375 161.87442779541016 201.0224380493164 105.9506607055664 201.0224380493164
106.94667053222656 78.12586975097656 162.11023712158203 78.12586975097656 162.11023712158203 200.73037719726562 106.94667053222656 200.73037719726562
106.64083099365234 78.51960754394531 161.5002670288086 78.51960754394531 161.5002670288086 203.2256622314453 106.64083099365234 203.2256622314453
106.4999771118164 80.0466537475586 162.6351203918457 80.0466537475586 162.6351203918457 200.58199310302734 106.4999771118164 200.58199310302734
105.2366714477539 65.18097686767578 163.5223274230957 65.18097686767578 163.5223274230957 196.38256072998047 105.2366714477539 196.38256072998047
104.95036315917969 54.5789794921875 163.65570831298828 54.5789794921875 163.65570831298828 186.67149353027344 104.95036315917969 186.67149353027344
104.72023010253906 52.25547409057617 161.18704986572266 52.25547409057617 161.18704986572266 177.78015518188477 104.72023010253906 177.78015518188477
104.44256591796875 53.514183044433594 161.37934494018555 53.514183044433594 161.37934494018555 178.5137710571289 104.44256591796875 178.5137710571289
104.6562728881836 53.74998092651367 162.25065231323242 53.74998092651367 162.25065231323242 176.7752342224121 104.6562728881836 176.7752342224121
103.4180908203125 54.022552490234375 161.8036003112793 54.022552490234375 161.8036003112793 178.01030731201172 103.4180908203125 178.01030731201172
104.76213073730469 55.53715896606445 162.12096786499023 55.53715896606445 162.12096786499023 178.0487174987793 104.76213073730469 178.0487174987793
104.67170715332031 54.664222717285156 162.0394058227539 54.664222717285156 162.0394058227539 177.84000396728516 104.67170715332031 177.84000396728516
104.897705078125 56.900352478027344 162.62217330932617 56.900352478027344 162.62217330932617 176.7010498046875 104.897705078125 176.7010498046875
103.92501068115234 58.01439666748047 162.49423599243164 58.01439666748047 162.49423599243164 179.09535217285156 103.92501068115234 179.09535217285156
104.35721588134766 58.3701171875 163.07498168945312 58.3701171875 163.07498168945312 179.81507873535156 104.35721588134766 179.81507873535156
106.0007553100586 60.47211837768555 162.6861114501953 60.47211837768555 162.6861114501953 181.59711837768555 106.0007553100586 181.59711837768555
108.2528305053711 60.17859649658203 164.8965187072754 60.17859649658203 164.8965187072754 180.29756927490234 108.2528305053711 180.29756927490234
107.29447937011719 59.91779327392578 165.97079849243164 59.91779327392578 165.97079849243164 177.5880584716797 107.29447937011719 177.5880584716797
106.0810546875 62.20752716064453 165.36776733398438 62.20752716064453 165.36776733398438 179.56668090820312 106.0810546875 179.56668090820312
106.79612731933594 60.04747772216797 166.30956268310547 60.04747772216797 166.30956268310547 180.85855102539062 106.79612731933594 180.85855102539062
109.24778747558594 62.5948600769043 165.62377166748047 62.5948600769043 165.62377166748047 184.61693954467773 109.24778747558594 184.61693954467773
110.23896789550781 62.55694580078125 166.41172790527344 62.55694580078125 166.41172790527344 184.62596130371094 110.23896789550781 184.62596130371094
108.35914611816406 63.11609649658203 166.75311660766602 63.11609649658203 166.75311660766602 182.32660675048828 108.35914611816406 182.32660675048828
109.92771911621094 65.24418640136719 167.20700454711914 65.24418640136719 167.20700454711914 184.50959014892578 109.92771911621094 184.50959014892578
111.19950103759766 64.5453872680664 167.72973251342773 64.5453872680664 167.72973251342773 185.12384033203125 111.19950103759766 185.12384033203125
112.4781494140625 66.63346862792969 168.21321487426758 66.63346862792969 168.21321487426758 189.64370727539062 112.4781494140625 189.64370727539062
113.35435485839844 67.6673812866211 169.5518035888672 67.6673812866211 169.5518035888672 187.8343963623047 113.35435485839844 187.8343963623047
112.84272766113281 67.81404113769531 170.08447647094727 67.81404113769531 170.08447647094727 188.9040069580078 112.84272766113281 188.9040069580078
113.07826232910156 69.52354431152344 170.44025039672852 69.52354431152344 170.44025039672852 192.52328491210938 113.07826232910156 192.52328491210938
113.59578704833984 70.3775405883789 171.4732894897461 70.3775405883789 171.4732894897461 193.5628890991211 113.59578704833984 193.5628890991211
113.78599548339844 70.32771301269531 172.32637786865234 70.32771301269531 172.32637786865234 190.88729858398438 113.78599548339844 190.88729858398438
113.95149230957031 71.69794464111328 171.6953582763672 71.69794464111328 171.6953582763672 192.79190063476562 113.95149230957031 192.79190063476562
114.63420104980469 71.09927368164062 172.8602638244629 71.09927368164062 172.8602638244629 192.87522888183594 114.63420104980469 192.87522888183594
114.38868713378906 72.70182037353516 172.6612777709961 72.70182037353516 172.6612777709961 193.93934631347656 114.38868713378906 193.93934631347656
115.2384262084961 73.19256591796875 173.62204360961914 73.19256591796875 173.62204360961914 195.2993392944336 115.2384262084961 195.2993392944336
115.0326156616211 74.54950714111328 173.6397705078125 74.54950714111328 173.6397705078125 195.30538940429688 115.0326156616211 195.30538940429688
116.54643249511719 74.04014587402344 174.6345672607422 74.04014587402344 174.6345672607422 196.30828857421875 116.54643249511719 196.30828857421875
116.77247619628906 77.20118713378906 175.1506118774414 77.20118713378906 175.1506118774414 197.3698501586914 116.77247619628906 197.3698501586914
118.3482437133789 77.77493286132812 176.16377639770508 77.77493286132812 176.16377639770508 198.38711547851562 118.3482437133789 198.38711547851562
116.62083435058594 77.69397735595703 175.32898712158203 77.69397735595703 175.32898712158203 198.15586853027344 116.62083435058594 198.15586853027344
117.53387451171875 79.1363754272461 176.39132690429688 79.1363754272461 176.39132690429688 199.73334503173828 117.53387451171875 199.73334503173828
119.79570007324219 80.08705139160156 178.1232681274414 80.08705139160156 178.1232681274414 199.3231964111328 119.79570007324219 199.3231964111328
119.3836669921875 80.81263732910156 179.06526947021484 80.81263732910156 179.06526947021484 200.64835357666016 119.3836669921875 200.64835357666016
119.73030853271484 81.23284149169922 178.71603393554688 81.23284149169922 178.71603393554688 203.16031646728516 119.73030853271484 203.16031646728516
119.86271667480469 82.52740478515625 179.3279800415039 82.52740478515625 179.3279800415039 203.57093811035156 119.86271667480469 203.57093811035156
119.4845962524414 84.54956817626953 179.1695327758789 84.54956817626953 179.1695327758789 202.86837005615234 119.4845962524414 202.86837005615234
124.50858306884766 83.54376220703125 183.29859924316406 83.54376220703125 183.29859924316406 202.721435546875 124.50858306884766 202.721435546875
119.8252944946289 85.01850891113281 180.2062873840332 85.01850891113281 180.2062873840332 203.5615005493164 119.8252944946289 203.5615005493164
121.5347671508789 85.22782897949219 181.66700744628906 85.22782897949219 181.66700744628906 203.697998046875 121.5347671508789 203.697998046875
122.8924331665039 86.95707702636719 181.69914627075195 86.95707702636719 181.69914627075195 203.8303451538086 122.8924331665039 203.8303451538086
121.95744323730469 87.40251159667969 181.45121002197266 87.40251159667969 181.45121002197266 204.3491439819336 121.95744323730469 204.3491439819336
123.4570083618164 88.53831481933594 183.6433868408203 88.53831481933594 183.6433868408203 203.9825439453125 123.4570083618164 203.9825439453125
122.0921401977539 90.49026489257812 182.607177734375 90.49026489257812 182.607177734375 205.9597625732422 122.0921401977539 205.9597625732422
122.5865478515625 91.40354919433594 183.87299346923828 91.40354919433594 183.87299346923828 206.42344665527344 122.5865478515625 206.42344665527344
120.79083251953125 89.58317565917969 183.178955078125 89.58317565917969 183.178955078125 206.1492156982422 120.79083251953125 206.1492156982422
121.24774169921875 91.64690399169922 183.38253784179688 91.64690399169922 183.38253784179688 207.0377960205078 121.24774169921875 207.0377960205078
120.5761947631836 92.107421875 183.19189453125 92.107421875 183.19189453125 207.4564208984375 120.5761947631836 207.4564208984375
120.39616394042969 94.81013488769531 182.53573989868164 94.81013488769531 182.53573989868164 208.88170623779297 120.39616394042969 208.88170623779297
120.30997467041016 95.12191009521484 183.1673583984375 95.12191009521484 183.1673583984375 209.9352264404297 120.30997467041016 209.9352264404297
120.76261901855469 95.48600769042969 183.37107849121094 95.48600769042969 183.37107849121094 209.72018432617188 120.76261901855469 209.72018432617188
119.9658432006836 97.55426025390625 182.7988624572754 97.55426025390625 182.7988624572754 212.51956939697266 119.9658432006836 212.51956939697266
120.54225158691406 98.27464294433594 183.17723083496094 98.27464294433594 183.17723083496094 214.3747787475586 120.54225158691406 214.3747787475586
119.3897705078125 99.64390563964844 183.1857795715332 99.64390563964844 183.1857795715332 219.89962768554688 119.3897705078125 219.89962768554688
119.26115417480469 99.31745910644531 183.34784698486328 99.31745910644531 183.34784698486328 219.7745361328125 119.26115417480469 219.7745361328125
119.00563049316406 101.96829986572266 183.48788452148438 101.96829986572266 183.48788452148438 223.34867095947266 119.00563049316406 223.34867095947266
119.02180480957031 100.7676010131836 184.40369415283203 100.7676010131836 184.40369415283203 220.5151824951172 119.02180480957031 220.5151824951172
119.94710540771484 103.04417419433594 184.11930084228516 103.04417419433594 184.11930084228516 224.96424102783203 119.94710540771484 224.96424102783203
117.80218505859375 106.0619888305664 182.54000091552734 106.0619888305664 182.54000091552734 228.8928451538086 117.80218505859375 228.8928451538086
119.49909973144531 103.53959655761719 184.57803344726562 103.53959655761719 184.57803344726562 230.33438110351562 119.49909973144531 230.33438110351562
119.0734634399414 105.2105941772461 183.9993896484375 105.2105941772461 183.9993896484375 233.3754653930664 119.0734634399414 233.3754653930664
115.34859466552734 107.00053405761719 182.26790618896484 107.00053405761719 182.26790618896484 238.88613891601562 115.34859466552734 238.88613891601562
116.90130615234375 108.38142395019531 183.64279174804688 108.38142395019531 183.64279174804688 242.70709228515625 116.90130615234375 242.70709228515625
117.80335998535156 107.9385757446289 185.84654998779297 107.9385757446289 185.84654998779297 246.78607940673828 117.80335998535156 246.78607940673828
115.8680419921875 110.4144287109375 185.21388244628906 110.4144287109375 185.21388244628906 249.58740234375 115.8680419921875 249.58740234375
118.45466613769531 109.7747573852539 188.23533630371094 109.7747573852539 188.23533630371094 246.6434097290039 118.45466613769531 246.6434097290039
117.506103515625 110.26802825927734 187.79359436035156 110.26802825927734 187.79359436035156 251.97513580322266 117.506103515625 251.97513580322266
119.04994201660156 113.13764953613281 188.62889862060547 113.13764953613281 188.62889862060547 250.8281707763672 119.04994201660156 250.8281707763672
118.44549560546875 114.07772064208984 188.1080780029297 114.07772064208984 188.1080780029297 253.52642059326172 118.44549560546875 253.52642059326172
118.53853607177734 117.71202087402344 187.0856704711914 117.71202087402344 187.0856704711914 255.4141387939453 118.53853607177734 255.4141387939453
119.23681640625 118.50054931640625 187.44979095458984 118.50054931640625 187.44979095458984 256.6336669921875 119.23681640625 256.6336669921875
122.41357421875 119.14705657958984 191.02748107910156 119.14705657958984 191.02748107910156 258.55904388427734 122.41357421875 258.55904388427734
121.48078918457031 118.47865295410156 190.79791259765625 118.47865295410156 190.79791259765625 260.67845153808594 121.48078918457031 260.67845153808594
123.203857421875 121.33711242675781 193.02882385253906 121.33711242675781 193.02882385253906 264.39259338378906 123.203857421875 264.39259338378906
125.5168685913086 123.22007751464844 192.96365356445312 123.22007751464844 192.96365356445312 265.87635803222656 125.5168685913086 265.87635803222656
126.02531433105469 121.97216796875 194.02869415283203 121.97216796875 194.02869415283203 264.6644744873047 126.02531433105469 264.6644744873047
124.4374771118164 122.24021911621094 194.34976959228516 122.24021911621094 194.34976959228516 266.8610534667969 124.4374771118164 266.8610534667969
126.58857727050781 122.01530456542969 194.3873291015625 122.01530456542969 194.3873291015625 264.4042663574219 126.58857727050781 264.4042663574219
125.29656982421875 125.26860046386719 192.6941375732422 125.26860046386719 192.6941375732422 266.5697784423828 125.29656982421875 266.5697784423828
126.47499084472656 124.4987564086914 194.1333999633789 124.4987564086914 194.1333999633789 268.87415313720703 126.47499084472656 268.87415313720703
128.0167999267578 125.6182861328125 194.9443359375 125.6182861328125 194.9443359375 269.8696594238281 128.0167999267578 269.8696594238281
126.45755767822266 129.6116943359375 194.58265686035156 129.6116943359375 194.58265686035156 271.9860534667969 126.45755767822266 271.9860534667969
127.5301284790039 130.29891967773438 194.88990783691406 130.29891967773438 194.88990783691406 273.772705078125 127.5301284790039 273.772705078125
132.0040740966797 129.5171661376953 198.70208740234375 129.5171661376953 198.70208740234375 271.5921630859375 132.0040740966797 271.5921630859375
129.02395629882812 132.5811004638672 196.39910888671875 132.5811004638672 196.39910888671875 273.7854766845703 129.02395629882812 273.7854766845703
130.85108947753906 133.87606811523438 198.18414306640625 133.87606811523438 198.18414306640625 274.6497344970703 130.85108947753906 274.6497344970703
131.54103088378906 135.73342895507812 197.77447509765625 135.73342895507812 197.77447509765625 275.823974609375 131.54103088378906 275.823974609375
132.50418090820312 138.3495635986328 200.76206970214844 138.3495635986328 200.76206970214844 279.80860900878906 132.50418090820312 279.80860900878906
133.52069091796875 136.96932983398438 201.8445816040039 136.96932983398438 201.8445816040039 280.82081604003906 133.52069091796875 280.82081604003906
134.78860473632812 138.6590576171875 203.16148376464844 138.6590576171875 203.16148376464844 282.5566711425781 134.78860473632812 282.5566711425781
136.9137420654297 138.60110473632812 205.72042846679688 138.60110473632812 205.72042846679688 284.7338562011719 136.9137420654297 284.7338562011719
136.88577270507812 140.5174102783203 206.90033721923828 140.5174102783203 206.90033721923828 286.1929016113281 136.88577270507812 286.1929016113281
137.76370239257812 143.1376190185547 207.62195587158203 143.1376190185547 207.62195587158203 289.89576721191406 137.76370239257812 289.89576721191406
139.1846923828125 144.9741973876953 209.21729278564453 144.9741973876953 209.21729278564453 292.84881591796875 139.1846923828125 292.84881591796875
139.87603759765625 143.6142120361328 211.42900848388672 143.6142120361328 211.42900848388672 294.244873046875 139.87603759765625 294.244873046875
142.1121826171875 146.98434448242188 212.28578186035156 146.98434448242188 212.28578186035156 295.31971740722656 142.1121826171875 295.31971740722656
144.11968994140625 149.95498657226562 213.49686431884766 149.95498657226562 213.49686431884766 299.8559112548828 144.11968994140625 299.8559112548828
145.68661499023438 149.47286987304688 216.1753692626953 149.47286987304688 216.1753692626953 300.92059326171875 145.68661499023438 300.92059326171875
150.56234741210938 148.3761444091797 224.52735137939453 148.3761444091797 224.52735137939453 299.62757873535156 150.56234741210938 299.62757873535156
148.146728515625 154.00950622558594 218.5748748779297 154.00950622558594 218.5748748779297 307.04725646972656 148.146728515625 307.04725646972656
150.25405883789062 154.4635772705078 220.49868774414062 154.4635772705078 220.49868774414062 310.89300537109375 150.25405883789062 310.89300537109375
150.05282592773438 158.07627868652344 219.81342315673828 158.07627868652344 219.81342315673828 311.9073486328125 150.05282592773438 311.9073486328125
153.90011596679688 159.68080139160156 223.27889251708984 159.68080139160156 223.27889251708984 313.1155242919922 153.90011596679688 313.1155242919922
152.3291473388672 158.87588500976562 221.43971252441406 158.87588500976562 221.43971252441406 313.83624267578125 152.3291473388672 313.83624267578125
151.7535400390625 160.9041290283203 222.11026763916016 160.9041290283203 222.11026763916016 313.21311950683594 151.7535400390625 313.21311950683594
154.03134155273438 161.4912109375 223.64137268066406 161.4912109375 223.64137268066406 317.8300476074219 154.03134155273438 317.8300476074219
158.14218139648438 160.14132690429688 227.62415313720703 160.14132690429688 227.62415313720703 315.40460205078125 158.14218139648438 315.40460205078125
155.4591827392578 163.01466369628906 224.93802642822266 163.01466369628906 224.93802642822266 315.47499084472656 155.4591827392578 315.47499084472656
159.19107055664062 161.7274627685547 229.8788070678711 161.7274627685547 229.8788070678711 319.0699920654297 159.19107055664062 319.0699920654297
159.23013305664062 162.12478637695312 230.84738159179688 162.12478637695312 230.84738159179688 323.1559143066406 159.23013305664062 323.1559143066406
159.19528198242188 162.39688110351562 231.7779083251953 162.39688110351562 231.7779083251953 327.4247131347656 159.19528198242188 327.4247131347656
158.5374755859375 164.17904663085938 231.5544204711914 164.17904663085938 231.5544204711914 330.2147674560547 158.5374755859375 330.2147674560547
158.560546875 165.27017211914062 232.41622924804688 165.27017211914062 232.41622924804688 326.5697784423828 158.560546875 326.5697784423828
158.4069061279297 166.2243194580078 231.33808135986328 166.2243194580078 231.33808135986328 333.6544647216797 158.4069061279297 333.6544647216797
159.46250915527344 164.97769165039062 233.80548095703125 164.97769165039062 233.80548095703125 329.4768524169922 159.46250915527344 329.4768524169922
160.91212463378906 163.58731079101562 238.1742706298828 163.58731079101562 238.1742706298828 328.90716552734375 160.91212463378906 328.90716552734375
161.27035522460938 166.482177734375 235.99801635742188 166.482177734375 235.99801635742188 330.3524932861328 161.27035522460938 330.3524932861328
159.20956420898438 157.0420379638672 238.1147232055664 157.0420379638672 238.1147232055664 332.5602264404297 159.20956420898438 332.5602264404297
159.4261474609375 150.2728729248047 236.1352310180664 150.2728729248047 236.1352310180664 325.26373291015625 159.4261474609375 325.26373291015625
159.14122009277344 141.08255004882812 236.78050231933594 141.08255004882812 236.78050231933594 319.7708740234375 159.14122009277344 319.7708740234375
159.19540405273438 133.04806518554688 236.63518524169922 133.04806518554688 236.63518524169922 313.1083221435547 159.19540405273438 313.1083221435547
156.2915496826172 129.44967651367188 233.49314880371094 129.44967651367188 233.49314880371094 306.14593505859375 156.2915496826172 306.14593505859375
157.20343017578125 123.22581481933594 235.52748107910156 123.22581481933594 235.52748107910156 303.46961975097656 157.20343017578125 303.46961975097656
157.38925170898438 116.0412368774414 236.73069763183594 116.0412368774414 236.73069763183594 296.01807403564453 157.38925170898438 296.01807403564453
156.4984893798828 109.6213150024414 235.53463745117188 109.6213150024414 235.53463745117188 287.5196762084961 156.4984893798828 287.5196762084961
154.95262145996094 97.8497314453125 235.36299896240234 97.8497314453125 235.36299896240234 280.39434814453125 154.95262145996094 280.39434814453125
156.47010803222656 105.26947021484375 236.44070434570312 105.26947021484375 236.44070434570312 276.36473083496094 156.47010803222656 276.36473083496094
161.81661987304688 110.4637451171875 238.6063690185547 110.4637451171875 238.6063690185547 284.5924377441406 161.81661987304688 284.5924377441406
158.84829711914062 110.58738708496094 235.83914184570312 110.58738708496094 235.83914184570312 281.6388702392578 158.84829711914062 281.6388702392578
159.0758819580078 111.98908996582031 236.34808349609375 111.98908996582031 236.34808349609375 282.25392150878906 159.0758819580078 282.25392150878906
159.54733276367188 113.21156311035156 237.33834075927734 113.21156311035156 237.33834075927734 280.5382995605469 159.54733276367188 280.5382995605469
161.47079467773438 114.2928695678711 238.16539764404297 114.2928695678711 238.16539764404297 282.6679153442383 161.47079467773438 282.6679153442383
160.11325073242188 115.83399963378906 237.02857971191406 115.83399963378906 237.02857971191406 283.96800231933594 160.11325073242188 283.96800231933594
160.48910522460938 119.30584716796875 238.42420196533203 119.30584716796875 238.42420196533203 285.64830017089844 160.48910522460938 285.64830017089844
161.0233612060547 119.90446472167969 239.26275634765625 119.90446472167969 239.26275634765625 285.6685333251953 161.0233612060547 285.6685333251953
161.14309692382812 123.85113525390625 238.38384246826172 123.85113525390625 238.38384246826172 287.1465759277344 161.14309692382812 287.1465759277344
163.41973876953125 127.74052429199219 239.36863708496094 127.74052429199219 239.36863708496094 290.78919982910156 163.41973876953125 290.78919982910156
161.36434936523438 123.02067565917969 240.20311737060547 123.02067565917969 240.20311737060547 291.3854217529297 161.36434936523438 291.3854217529297
165.83963012695312 108.475341796875 245.4771728515625 108.475341796875 245.4771728515625 285.81353759765625 165.83963012695312 285.81353759765625
163.53733825683594 105.2328109741211 244.0476837158203 105.2328109741211 244.0476837158203 278.26622772216797 163.53733825683594 278.26622772216797
162.6334991455078 99.90264129638672 242.79381561279297 99.90264129638672 242.79381561279297 271.60042572021484 162.6334991455078 271.60042572021484
163.66354370117188 85.46674346923828 244.75708770751953 85.46674346923828 244.75708770751953 269.96207427978516 163.66354370117188 269.96207427978516
166.55564880371094 83.80240631103516 246.14969635009766 83.80240631103516 246.14969635009766 261.93004608154297 166.55564880371094 261.93004608154297
164.8883819580078 78.19419860839844 244.52898406982422 78.19419860839844 244.52898406982422 254.7964630126953 164.8883819580078 254.7964630126953
166.0255126953125 67.2385025024414 249.76953125 67.2385025024414 249.76953125 252.63323211669922 166.0255126953125 252.63323211669922
166.50808715820312 64.49465942382812 247.8277359008789 64.49465942382812 247.8277359008789 242.21588134765625 166.50808715820312 242.21588134765625
166.30123901367188 65.26729583740234 247.615966796875 65.26729583740234 247.615966796875 239.03137969970703 166.30123901367188 239.03137969970703
165.23150634765625 64.92333221435547 248.0264663696289 64.92333221435547 248.0264663696289 237.8072738647461 165.23150634765625 237.8072738647461
165.8538055419922 65.60257720947266 250.0088653564453 65.60257720947266 250.0088653564453 243.40409088134766 165.8538055419922 243.40409088134766
166.70046997070312 68.08934020996094 249.1500015258789 68.08934020996094 249.1500015258789 246.48826599121094 166.70046997070312 246.48826599121094
167.48509216308594 68.66239929199219 251.0445098876953 68.66239929199219 251.0445098876953 252.03712463378906 167.48509216308594 252.03712463378906
168.1534423828125 72.56156158447266 250.4744644165039 72.56156158447266 250.4744644165039 252.3259048461914 168.1534423828125 252.3259048461914
172.14208984375 74.2825698852539 254.14786529541016 74.2825698852539 254.14786529541016 250.03893280029297 172.14208984375 250.03893280029297
172.73480224609375 75.9609146118164 252.8475799560547 75.9609146118164 252.8475799560547 255.84093475341797 172.73480224609375 255.84093475341797
174.45071411132812 75.07643127441406 256.6485900878906 75.07643127441406 256.6485900878906 253.4717559814453 174.45071411132812 253.4717559814453
174.56161499023438 76.911865234375 255.10021209716797 76.911865234375 255.10021209716797 259.6347351074219 174.56161499023438 259.6347351074219
176.65902709960938 77.72098541259766 259.3942413330078 77.72098541259766 259.3942413330078 254.6226577758789 176.65902709960938 254.6226577758789
176.3477325439453 79.5129623413086 258.1360168457031 79.5129623413086 258.1360168457031 263.35462188720703 176.3477325439453 263.35462188720703
178.82510375976562 81.69169616699219 259.63218688964844 81.69169616699219 259.63218688964844 263.10516357421875 178.82510375976562 263.10516357421875
178.38461303710938 82.62653350830078 260.72704315185547 82.62653350830078 260.72704315185547 263.42525482177734 178.38461303710938 263.42525482177734
180.40235900878906 83.33223724365234 263.1962890625 83.33223724365234 263.1962890625 267.4991989135742 180.40235900878906 267.4991989135742
180.88687133789062 84.6394271850586 263.8712692260742 84.6394271850586 263.8712692260742 265.2942581176758 180.88687133789062 265.2942581176758
185.7240447998047 83.80763244628906 268.77486419677734 83.80763244628906 268.77486419677734 270.9222869873047 185.7240447998047 270.9222869873047
185.33261108398438 86.57308197021484 270.0100860595703 86.57308197021484 270.0100860595703 269.24280548095703 185.33261108398438 269.24280548095703
189.3496551513672 86.70005798339844 274.9612045288086 86.70005798339844 274.9612045288086 270.4055480957031 189.3496551513672 270.4055480957031
191.32177734375 87.78004455566406 278.1278381347656 87.78004455566406 278.1278381347656 273.7693786621094 191.32177734375 273.7693786621094
192.4639892578125 90.68257141113281 277.70237731933594 90.68257141113281 277.70237731933594 274.85462951660156 192.4639892578125 274.85462951660156
195.37228393554688 91.32675170898438 281.06526947021484 91.32675170898438 281.06526947021484 276.88487243652344 195.37228393554688 276.88487243652344
198.22360229492188 91.77064514160156 285.6797409057617 91.77064514160156 285.6797409057617 277.7622833251953 198.22360229492188 277.7622833251953
199.60079956054688 94.03633117675781 285.2520065307617 94.03633117675781 285.2520065307617 279.4052276611328 199.60079956054688 279.4052276611328
200.5663604736328 94.8051986694336 287.2930450439453 94.8051986694336 287.2930450439453 281.35778045654297 200.5663604736328 281.35778045654297
201.1614532470703 96.49581909179688 286.5733413696289 96.49581909179688 286.5733413696289 280.6334228515625 201.1614532470703 280.6334228515625
203.27932739257812 97.59910583496094 289.9147186279297 97.59910583496094 289.9147186279297 277.3883361816406 203.27932739257812 277.3883361816406
205.77035522460938 101.92316436767578 289.00331115722656 101.92316436767578 289.00331115722656 283.8603286743164 205.77035522460938 283.8603286743164
208.11917114257812 102.96418762207031 290.06224822998047 102.96418762207031 290.06224822998047 286.48536682128906 208.11917114257812 286.48536682128906
206.034423828125 105.39095306396484 289.19727325439453 105.39095306396484 289.19727325439453 287.22081756591797 206.034423828125 287.22081756591797
207.3341827392578 103.18614196777344 291.05481719970703 103.18614196777344 291.05481719970703 282.92662048339844 207.3341827392578 282.92662048339844
206.5500946044922 104.66398620605469 291.64666748046875 104.66398620605469 291.64666748046875 284.9570007324219 206.5500946044922 284.9570007324219
209.623046875 107.54364013671875 292.44287872314453 107.54364013671875 292.44287872314453 290.10040283203125 209.623046875 290.10040283203125
209.24478149414062 108.08708190917969 292.7049102783203 108.08708190917969 292.7049102783203 289.97303771972656 209.24478149414062 289.97303771972656
207.2958984375 110.36492919921875 290.3509063720703 110.36492919921875 290.3509063720703 291.7010803222656 207.2958984375 291.7010803222656
212.0011749267578 114.68672180175781 293.9709243774414 114.68672180175781 293.9709243774414 292.05816650390625 212.0011749267578 292.05816650390625
211.9704132080078 114.90190124511719 294.66746520996094 114.90190124511719 294.66746520996094 296.60255432128906 211.9704132080078 296.60255432128906
212.32876586914062 111.75642395019531 296.41029357910156 111.75642395019531 296.41029357910156 300.5336456298828 212.32876586914062 300.5336456298828
211.09237670898438 113.0198974609375 296.2901077270508 113.0198974609375 296.2901077270508 305.3147888183594 211.09237670898438 305.3147888183594
215.2468719482422 114.32735443115234 300.3730697631836 114.32735443115234 300.3730697631836 309.92264556884766 215.2468719482422 309.92264556884766
212.0824432373047 113.5395736694336 298.2336730957031 113.5395736694336 298.2336730957031 312.8021469116211 212.0824432373047 312.8021469116211
216.4706573486328 118.65357971191406 300.0029754638672 118.65357971191406 300.0029754638672 312.24192810058594 216.4706573486328 312.24192810058594
214.120361328125 121.02497863769531 297.53328704833984 121.02497863769531 297.53328704833984 316.84307861328125 214.120361328125 316.84307861328125
218.70907592773438 122.47187805175781 300.87025451660156 122.47187805175781 300.87025451660156 314.66078186035156 218.70907592773438 314.66078186035156
214.95693969726562 122.40995788574219 300.3134002685547 122.40995788574219 300.3134002685547 315.6072235107422 214.95693969726562 315.6072235107422
218.9049072265625 121.63725280761719 303.3567352294922 121.63725280761719 303.3567352294922 318.67347717285156 218.9049072265625 318.67347717285156
219.41763305664062 117.6545639038086 304.60913848876953 117.6545639038086 304.60913848876953 325.9655990600586 219.41763305664062 325.9655990600586
222.3135223388672 115.67738342285156 307.94132232666016 115.67738342285156 307.94132232666016 313.05442810058594 222.3135223388672 313.05442810058594
222.72705078125 104.23319244384766 312.6020050048828 104.23319244384766 312.6020050048828 307.7901840209961 222.72705078125 307.7901840209961
222.5795440673828 99.18465423583984 309.8138732910156 99.18465423583984 309.8138732910156 302.91541290283203 222.5795440673828 302.91541290283203
219.4197998046875 90.12232208251953 308.26025390625 90.12232208251953 308.26025390625 297.46183013916016 219.4197998046875 297.46183013916016
224.6293182373047 90.06428527832031 312.89261627197266 90.06428527832031 312.89261627197266 292.2114715576172 224.6293182373047 292.2114715576172
223.9400634765625 91.53943634033203 313.4730682373047 91.53943634033203 313.4730682373047 291.17125701904297 223.9400634765625 291.17125701904297
226.89712524414062 85.96728515625 318.26232147216797 85.96728515625 318.26232147216797 289.5201416015625 226.89712524414062 289.5201416015625
230.134521484375 101.29667663574219 316.93382263183594 101.29667663574219 316.93382263183594 299.61390686035156 230.134521484375 299.61390686035156
231.99832153320312 106.0501480102539 318.79139709472656 106.0501480102539 318.79139709472656 303.19986724853516 231.99832153320312 303.19986724853516
227.29238891601562 103.60311126708984 317.96089935302734 103.60311126708984 317.96089935302734 307.10938262939453 227.29238891601562 307.10938262939453
226.70166015625 97.29070281982422 321.6303482055664 97.29070281982422 321.6303482055664 306.33289337158203 226.70166015625 306.33289337158203
227.1715087890625 92.78132629394531 325.79981994628906 92.78132629394531 325.79981994628906 306.1253204345703 227.1715087890625 306.1253204345703
230.9869842529297 97.20272064208984 326.16395568847656 97.20272064208984 326.16395568847656 313.64571380615234 230.9869842529297 313.64571380615234
227.66983032226562 87.46949768066406 329.00487518310547 87.46949768066406 329.00487518310547 317.44354248046875 227.66983032226562 317.44354248046875
226.5991973876953 96.12628936767578 327.3929214477539 96.12628936767578 327.3929214477539 325.04064178466797 226.5991973876953 325.04064178466797
230.3740234375 95.4091567993164 332.0759582519531 95.4091567993164 332.0759582519531 323.0403366088867 230.3740234375 323.0403366088867
229.5820770263672 90.65021514892578 333.94800567626953 90.65021514892578 333.94800567626953 319.8613510131836 229.5820770263672 319.8613510131836
230.3984375 102.9767837524414 332.2598190307617 102.9767837524414 332.2598190307617 327.4164352416992 230.3984375 327.4164352416992
228.3411102294922 107.39054870605469 326.0854721069336 107.39054870605469 326.0854721069336 333.657470703125 228.3411102294922 333.657470703125
234.7742156982422 100.24820709228516 333.26885986328125 100.24820709228516 333.26885986328125 328.42053985595703 234.7742156982422 328.42053985595703
235.34957885742188 91.84212493896484 340.1840133666992 91.84212493896484 340.1840133666992 322.61441802978516 235.34957885742188 322.61441802978516
230.58993530273438 86.37491607666016 336.7503128051758 86.37491607666016 336.7503128051758 321.81400299072266 230.58993530273438 321.81400299072266
227.06057739257812 83.92051696777344 330.1859817504883 83.92051696777344 330.1859817504883 319.2091827392578 227.06057739257812 319.2091827392578
230.56521606445312 69.43429565429688 333.2770309448242 69.43429565429688 333.2770309448242 309.30816650390625 230.56521606445312 309.30816650390625
233.55712890625 62.15259552001953 336.60076904296875 62.15259552001953 336.60076904296875 295.97037506103516 233.55712890625 295.97037506103516
240.47998046875 55.644195556640625 352.5927963256836 55.644195556640625 352.5927963256836 291.47784423828125 240.47998046875 291.47784423828125
226.4222412109375 55.479881286621094 331.7019805908203 55.479881286621094 331.7019805908203 290.4609603881836 226.4222412109375 290.4609603881836
236.8420867919922 41.42695999145508 344.25804138183594 41.42695999145508 344.25804138183594 280.24345779418945 236.8420867919922 280.24345779418945
236.3379364013672 27.327373504638672 344.49178314208984 27.327373504638672 344.49178314208984 269.5420951843262 236.3379364013672 269.5420951843262
239.8125762939453 14.979568481445312 350.7814254760742 14.979568481445312 350.7814254760742 265.07347106933594 239.8125762939453 265.07347106933594
237.46109008789062 12.75493049621582 350.5297317504883 12.75493049621582 350.5297317504883 263.5083179473877 237.46109008789062 263.5083179473877
238.53244018554688 5.527590751647949 351.0116729736328 5.527590751647949 351.0116729736328 260.14653301239014 238.53244018554688 260.14653301239014
237.02481079101562 4.146200656890869 349.72215270996094 4.146200656890869 349.72215270996094 254.17615365982056 237.02481079101562 254.17615365982056
236.25253295898438 0.9926818609237671 350.66248321533203 0.9926818609237671 350.66248321533203 255.88704526424408 236.25253295898438 255.88704526424408
236.5742645263672 0.0 356.4406433105469 0.0 356.4406433105469 258.02703857421875 236.5742645263672 258.02703857421875
228.1128692626953 0.0 338.4784698486328 0.0 338.4784698486328 248.37393188476562 228.1128692626953 248.37393188476562
234.8838653564453 0.0 343.9028091430664 0.0 343.9028091430664 244.38034057617188 234.8838653564453 244.38034057617188
244.616943359375 0.0 349.5460968017578 0.0 349.5460968017578 242.54562377929688 244.616943359375 242.54562377929688
242.9088897705078 0.0 343.1927032470703 0.0 343.1927032470703 239.2585906982422 242.9088897705078 239.2585906982422
249.84375 0.0 348.303466796875 0.0 348.303466796875 230.91830444335938 249.84375 230.91830444335938
250.27993774414062 0.0 342.5486602783203 0.0 342.5486602783203 225.7860565185547 250.27993774414062 225.7860565185547
251.77273559570312 0.0 344.1904983520508 0.0 344.1904983520508 221.4973602294922 251.77273559570312 221.4973602294922
250.47421264648438 0.0 343.25836181640625 0.0 343.25836181640625 215.56686401367188 250.47421264648438 215.56686401367188
252.6005401611328 0.0 347.9872741699219 0.0 347.9872741699219 215.1469268798828 252.6005401611328 215.1469268798828
255.541259765625 0.0 351.6038818359375 0.0 351.6038818359375 214.87918090820312 255.541259765625 214.87918090820312
257.0726013183594 0.0 355.40667724609375 0.0 355.40667724609375 216.6195068359375 257.0726013183594 216.6195068359375
256.6982727050781 0.0 354.9469757080078 0.0 354.9469757080078 220.3051300048828 256.6982727050781 220.3051300048828
256.52203369140625 0.0 355.87998962402344 0.0 355.87998962402344 222.1046142578125 256.52203369140625 222.1046142578125
259.0940856933594 0.0 361.78868865966797 0.0 361.78868865966797 222.2764892578125 259.0940856933594 222.2764892578125
257.6129455566406 0.10177917778491974 361.4893341064453 0.10177917778491974 361.4893341064453 223.50473327934742 257.6129455566406 223.50473327934742
256.4813232421875 1.9126724004745483 359.8371810913086 1.9126724004745483 359.8371810913086 223.56745755672455 256.4813232421875 223.56745755672455
257.0117492675781 4.523878574371338 359.60923767089844 4.523878574371338 359.60923767089844 227.45994424819946 257.0117492675781 227.45994424819946
259.5184020996094 7.4059739112854 360.7857360839844 7.4059739112854 360.7857360839844 233.0776505470276 259.5184020996094 233.0776505470276
260.3677673339844 7.56497049331665 364.44154357910156 7.56497049331665 364.44154357910156 234.95217752456665 260.3677673339844 234.95217752456665
262.5417785644531 10.674821853637695 366.54906463623047 10.674821853637695 366.54906463623047 237.94476509094238 262.5417785644531 237.94476509094238
262.74468994140625 16.317129135131836 366.26953125 16.317129135131836 366.26953125 244.67787742614746 262.74468994140625 244.67787742614746
263.61322021484375 14.636987686157227 369.1769561767578 14.636987686157227 369.1769561767578 243.54799842834473 263.61322021484375 243.54799842834473
265.17059326171875 19.33864974975586 370.30006408691406 19.33864974975586 370.30006408691406 251.91735458374023 265.17059326171875 251.91735458374023
264.844970703125 16.795574188232422 373.14991760253906 16.795574188232422 373.14991760253906 253.73749923706055 264.844970703125 253.73749923706055
268.447998046875 24.1478328704834 374.70802307128906 24.1478328704834 374.70802307128906 259.5686550140381 268.447998046875 259.5686550140381
274.4753112792969 27.94414710998535 379.4457092285156 27.94414710998535 379.4457092285156 260.8396854400635 274.4753112792969 260.8396854400635
277.15850830078125 28.882638931274414 384.52110290527344 28.882638931274414 384.52110290527344 261.3096866607666 277.15850830078125 261.3096866607666
280.6748962402344 35.01462936401367 387.7504119873047 35.01462936401367 387.7504119873047 264.6316947937012 280.6748962402344 264.6316947937012
280.21453857421875 35.298980712890625 386.7865219116211 35.298980712890625 386.7865219116211 268.41021728515625 280.21453857421875 268.41021728515625
283.20635986328125 33.5928955078125 391.6391143798828 33.5928955078125 391.6391143798828 263.1082763671875 283.20635986328125 263.1082763671875
284.5423278808594 36.66643142700195 391.4549255371094 36.66643142700195 391.4549255371094 264.32065200805664 284.5423278808594 264.32065200805664
287.1701965332031 33.43867874145508 392.70069122314453 33.43867874145508 392.70069122314453 264.46191787719727 287.1701965332031 264.46191787719727
288.4088439941406 26.432659149169922 395.9253463745117 26.432659149169922 395.9253463745117 264.34106063842773 288.4088439941406 264.34106063842773
291.4719543457031 23.931194305419922 398.3336639404297 23.931194305419922 398.3336639404297 251.56164169311523 291.4719543457031 251.56164169311523
291.1931457519531 10.116601943969727 398.73682403564453 10.116601943969727 398.73682403564453 252.7924747467041 291.1931457519531 252.7924747467041
293.45281982421875 10.38537883758545 401.7368392944336 10.38537883758545 401.7368392944336 249.92317485809326 293.45281982421875 249.92317485809326
298.57415771484375 3.9963088035583496 407.3078155517578 3.9963088035583496 407.3078155517578 243.51046895980835 298.57415771484375 243.51046895980835
296.4920654296875 0.8862320184707642 407.4514617919922 0.8862320184707642 407.4514617919922 242.3170486688614 296.4920654296875 242.3170486688614
298.9284362792969 1.9609267711639404 411.07313537597656 1.9609267711639404 411.07313537597656 244.86273646354675 298.9284362792969 244.86273646354675
297.53729248046875 1.3145859241485596 412.20294189453125 1.3145859241485596 412.20294189453125 249.21017003059387 297.53729248046875 249.21017003059387
301.99432373046875 5.472756862640381 412.6911163330078 5.472756862640381 412.6911163330078 254.24179983139038 301.99432373046875 254.24179983139038
302.12188720703125 7.444766044616699 412.3323745727539 7.444766044616699 412.3323745727539 258.3756437301636 302.12188720703125 258.3756437301636
304.42816162109375 13.078641891479492 415.24361419677734 13.078641891479492 415.24361419677734 266.205472946167 304.42816162109375 266.205472946167
304.79547119140625 13.221559524536133 418.89695739746094 13.221559524536133 418.89695739746094 267.8776569366455 304.79547119140625 267.8776569366455
308.31024169921875 11.84589958190918 422.24681091308594 11.84589958190918 422.24681091308594 271.44450187683105 308.31024169921875 271.44450187683105
305.7248229980469 18.150930404663086 419.4661102294922 18.150930404663086 419.4661102294922 282.27745628356934 305.7248229980469 282.27745628356934
309.17681884765625 18.530757904052734 425.01180267333984 18.530757904052734 425.01180267333984 278.12380599975586 309.17681884765625 278.12380599975586
312.7124938964844 22.416305541992188 427.8120803833008 22.416305541992188 427.8120803833008 277.3388671875 312.7124938964844 277.3388671875
312.82562255859375 19.39535140991211 433.6917724609375 19.39535140991211 433.6917724609375 280.21511459350586 312.82562255859375 280.21511459350586
298.5984802246094 37.678836822509766 420.2491912841797 37.678836822509766 420.2491912841797 301.46887588500977 298.5984802246094 301.46887588500977
298.4681091308594 31.13962173461914 422.9231872558594 31.13962173461914 422.9231872558594 298.1272315979004 298.4681091308594 298.1272315979004
275.56939697265625 41.73244857788086 404.53106689453125 41.73244857788086 404.53106689453125 303.8995018005371 275.56939697265625 303.8995018005371
273.3273620605469 34.6505241394043 406.1870422363281 34.6505241394043 406.1870422363281 305.6256217956543 273.3273620605469 305.6256217956543
254.20858764648438 41.30415725708008 390.05799865722656 41.30415725708008 390.05799865722656 315.09489822387695 254.20858764648438 315.09489822387695
251.4243621826172 39.955467224121094 385.0723114013672 39.955467224121094 385.0723114013672 313.5432357788086 251.4243621826172 313.5432357788086
233.3706512451172 46.22576141357422 372.45338439941406 46.22576141357422 372.45338439941406 323.40950775146484 233.3706512451172 323.40950775146484
227.05111694335938 45.94070816040039 365.66070556640625 45.94070816040039 365.66070556640625 325.1511573791504 227.05111694335938 325.1511573791504
215.0118865966797 48.581268310546875 354.3017120361328 48.581268310546875 354.3017120361328 330.09588623046875 215.0118865966797 330.09588623046875
204.5641632080078 56.32984161376953 340.9982147216797 56.32984161376953 340.9982147216797 337.9226760864258 204.5641632080078 337.9226760864258
199.78662109375 41.425758361816406 343.4703674316406 41.425758361816406 343.4703674316406 328.4750442504883 199.78662109375 328.4750442504883
185.7216796875 52.33549118041992 328.5633239746094 52.33549118041992 328.5633239746094 345.0055351257324 185.7216796875 345.0055351257324
180.36264038085938 57.12811279296875 323.7506561279297 57.12811279296875 323.7506561279297 351.3135986328125 180.36264038085938 351.3135986328125
166.20970153808594 70.6927719116211 306.27195739746094 70.6927719116211 306.27195739746094 357.48091888427734 166.20970153808594 357.48091888427734
162.92483520507812 64.85498046875 307.3143005371094 64.85498046875 307.3143005371094 348.6412658691406 162.92483520507812 348.6412658691406
153.52212524414062 68.91349792480469 296.2110595703125 68.91349792480469 296.2110595703125 356.94337463378906 153.52212524414062 356.94337463378906
148.313232421875 65.38417053222656 287.7510528564453 65.38417053222656 287.7510528564453 355.5767364501953 148.313232421875 355.5767364501953
152.04556274414062 70.08655548095703 291.0976257324219 70.08655548095703 291.0976257324219 355.7360305786133 152.04556274414062 355.7360305786133
158.003662109375 65.40559387207031 293.3911437988281 65.40559387207031 293.3911437988281 358.21763610839844 158.003662109375 358.21763610839844
156.32492065429688 74.26530456542969 290.66607666015625 74.26530456542969 290.66607666015625 365.43638610839844 156.32492065429688 365.43638610839844
160.11537170410156 74.10846710205078 295.93943786621094 74.10846710205078 295.93943786621094 368.36966705322266 160.11537170410156 368.36966705322266
167.0443115234375 88.1122817993164 299.3462829589844 88.1122817993164 299.3462829589844 373.46378326416016 167.0443115234375 373.46378326416016
161.9970245361328 96.90022277832031 294.01463317871094 96.90022277832031 294.01463317871094 381.2905731201172 161.9970245361328 381.2905731201172
161.0247802734375 98.88011169433594 296.9467315673828 98.88011169433594 296.9467315673828 385.55967712402344 161.0247802734375 385.55967712402344
166.48123168945312 98.39045715332031 301.7947998046875 98.39045715332031 301.7947998046875 384.50697326660156 166.48123168945312 384.50697326660156
171.9803466796875 103.5895767211914 306.1921081542969 103.5895767211914 306.1921081542969 389.10636138916016 171.9803466796875 389.10636138916016
175.2856903076172 102.6850357055664 308.9197235107422 102.6850357055664 308.9197235107422 389.75330352783203 175.2856903076172 389.75330352783203
