273.0 133.0 305.0 133.0 305.0 171.0 273.0 171.0
273.8849792480469 133.80532836914062 305.194278717041 133.80532836914062 305.194278717041 172.17528915405273 273.8849792480469 172.17528915405273
273.8882751464844 132.48898315429688 304.86806297302246 132.48898315429688 304.86806297302246 171.0777473449707 273.8882751464844 171.0777473449707
274.4427795410156 133.09469604492188 305.0420837402344 133.09469604492188 305.0420837402344 171.09433364868164 274.4427795410156 171.09433364868164
274.1966857910156 132.9658660888672 305.62250328063965 132.9658660888672 305.62250328063965 170.9533576965332 274.1966857910156 170.9533576965332
275.55548095703125 134.04000854492188 306.1711006164551 134.04000854492188 306.1711006164551 171.63243103027344 275.55548095703125 171.63243103027344
276.0925598144531 134.9047393798828 307.1375427246094 134.9047393798828 307.1375427246094 172.27029037475586 276.0925598144531 172.27029037475586
276.04681396484375 134.42605590820312 307.2714385986328 134.42605590820312 307.2714385986328 171.76590728759766 276.04681396484375 171.76590728759766
276.3917541503906 135.02835083007812 308.24596214294434 135.02835083007812 308.24596214294434 171.38879013061523 276.3917541503906 171.38879013061523
276.9016418457031 134.55368041992188 309.11524200439453 134.55368041992188 309.11524200439453 171.71981048583984 276.9016418457031 171.71981048583984
276.90399169921875 135.59921264648438 308.71807289123535 135.59921264648438 308.71807289123535 173.28324127197266 276.90399169921875 173.28324127197266
278.16558837890625 135.5095977783203 310.4130554199219 135.5095977783203 310.4130554199219 173.09677505493164 278.16558837890625 173.09677505493164
279.0462951660156 136.3343963623047 310.9653739929199 136.3343963623047 310.9653739929199 174.23829650878906 279.0462951660156 174.23829650878906
278.98614501953125 134.59097290039062 311.21550369262695 134.59097290039062 311.21550369262695 173.89363861083984 278.98614501953125 173.89363861083984
279.3768310546875 135.13290405273438 311.9561424255371 135.13290405273438 311.9561424255371 173.52433395385742 279.3768310546875 173.52433395385742
280.10516357421875 135.19387817382812 311.3667335510254 135.19387817382812 311.3667335510254 172.8525733947754 280.10516357421875 172.8525733947754
280.26019287109375 136.59458923339844 312.64875411987305 136.59458923339844 312.64875411987305 175.0559959411621 280.26019287109375 175.0559959411621
280.74041748046875 136.9189910888672 312.5180721282959 136.9189910888672 312.5180721282959 174.65494537353516 280.74041748046875 174.65494537353516
282.39886474609375 137.59695434570312 313.93995094299316 137.59695434570312 313.93995094299316 175.05198287963867 282.39886474609375 175.05198287963867
281.25604248046875 136.29840087890625 313.2990036010742 136.29840087890625 313.2990036010742 174.66851425170898 281.25604248046875 174.66851425170898
282.851318359375 136.4727325439453 315.0206298828125 136.4727325439453 315.0206298828125 174.6192970275879 282.851318359375 174.6192970275879
284.2376403808594 136.43365478515625 316.4700393676758 136.43365478515625 316.4700393676758 175.18852996826172 284.2376403808594 175.18852996826172
283.15191650390625 136.06552124023438 315.7781219482422 136.06552124023438 315.7781219482422 174.76381301879883 283.15191650390625 174.76381301879883
283.99566650390625 137.31590270996094 316.392276763916 137.31590270996094 316.392276763916 175.8884506225586 283.99566650390625 175.8884506225586
284.23187255859375 135.3151092529297 316.5215377807617 135.3151092529297 316.5215377807617 174.63172149658203 284.23187255859375 174.63172149658203
285.23583984375 134.85086059570312 316.9931240081787 134.85086059570312 316.9931240081787 174.26852798461914 285.23583984375 174.26852798461914
285.2359313964844 136.1791229248047 318.5606460571289 136.1791229248047 318.5606460571289 175.56194686889648 285.2359313964844 175.56194686889648
285.4212341308594 136.9616241455078 318.89713287353516 136.9616241455078 318.89713287353516 174.49484634399414 285.4212341308594 174.49484634399414
286.4428405761719 137.42050170898438 319.7015609741211 137.42050170898438 319.7015609741211 176.8309555053711 286.4428405761719 176.8309555053711
286.159423828125 136.1930389404297 320.3075485229492 136.1930389404297 320.3075485229492 175.62104034423828 286.159423828125 175.62104034423828
287.3441467285156 136.9354248046875 320.6702766418457 136.9354248046875 320.6702766418457 175.6001853942871 287.3441467285156 175.6001853942871
286.7410583496094 136.88247680664062 321.02901458740234 136.88247680664062 321.02901458740234 175.90689086914062 286.7410583496094 175.90689086914062
287.2242126464844 137.8092041015625 321.66869354248047 137.8092041015625 321.66869354248047 176.03081512451172 287.2242126464844 176.03081512451172
287.52130126953125 137.7254638671875 322.5391960144043 137.7254638671875 322.5391960144043 176.64096069335938 287.52130126953125 176.64096069335938
287.95458984375 136.92178344726562 323.2284355163574 136.92178344726562 323.2284355163574 176.87201690673828 287.95458984375 176.87201690673828
288.3880310058594 138.10629272460938 323.0667495727539 138.10629272460938 323.0667495727539 176.3462142944336 288.3880310058594 176.3462142944336
289.7388916015625 137.4891357421875 324.01493072509766 137.4891357421875 324.01493072509766 176.99210357666016 289.7388916015625 176.99210357666016
290.2222595214844 137.9307403564453 323.8315200805664 137.9307403564453 323.8315200805664 177.4521369934082 290.2222595214844 177.4521369934082
290.45294189453125 138.09805297851562 325.71324920654297 138.09805297851562 325.71324920654297 177.84414672851562 290.45294189453125 177.84414672851562
290.154541015625 137.9799041748047 326.0097999572754 137.9799041748047 326.0097999572754 177.49944305419922 290.154541015625 177.49944305419922
291.60784912109375 139.1935577392578 326.7439727783203 139.1935577392578 326.7439727783203 177.9865379333496 291.60784912109375 177.9865379333496
291.98260498046875 138.62326049804688 326.8806343078613 138.62326049804688 326.8806343078613 178.45249938964844 291.98260498046875 178.45249938964844
292.5544738769531 139.66720581054688 326.43191146850586 139.66720581054688 326.43191146850586 178.24810791015625 292.5544738769531 178.24810791015625
292.9740905761719 139.39566040039062 327.6604461669922 139.39566040039062 327.6604461669922 179.28971481323242 292.9740905761719 179.28971481323242
294.3909606933594 139.89312744140625 328.39966201782227 139.89312744140625 328.39966201782227 178.71315002441406 294.3909606933594 178.71315002441406
293.87457275390625 139.24606323242188 329.0290756225586 139.24606323242188 329.0290756225586 178.47840881347656 293.87457275390625 178.47840881347656
295.32867431640625 139.89503479003906 329.39501190185547 139.89503479003906 329.39501190185547 179.86450958251953 295.32867431640625 179.86450958251953
296.19073486328125 140.25868225097656 330.2555923461914 140.25868225097656 330.2555923461914 179.63816452026367 296.19073486328125 179.63816452026367
296.775390625 140.1039276123047 330.2530860900879 140.1039276123047 330.2530860900879 179.6587905883789 296.775390625 179.6587905883789
296.66839599609375 139.90908813476562 331.16422271728516 139.90908813476562 331.16422271728516 179.6538200378418 296.66839599609375 179.6538200378418
296.75360107421875 141.2901611328125 331.8365592956543 141.2901611328125 331.8365592956543 179.4631805419922 296.75360107421875 179.4631805419922
297.60394287109375 141.50259399414062 333.3162612915039 141.50259399414062 333.3162612915039 179.41358184814453 297.60394287109375 179.41358184814453
298.0164794921875 140.52041625976562 332.58256912231445 140.52041625976562 332.58256912231445 179.21906661987305 298.0164794921875 179.21906661987305
299.2701110839844 141.21426391601562 333.4969596862793 141.21426391601562 333.4969596862793 180.67893600463867 299.2701110839844 180.67893600463867
298.80767822265625 140.79876708984375 333.95769119262695 140.79876708984375 333.95769119262695 180.41423797607422 298.80767822265625 180.41423797607422
299.35418701171875 141.71347045898438 334.7863311767578 141.71347045898438 334.7863311767578 180.3148078918457 299.35418701171875 180.3148078918457
300.1335144042969 140.80319213867188 335.1900215148926 140.80319213867188 335.1900215148926 180.5880012512207 300.1335144042969 180.5880012512207
301.4069519042969 141.86453247070312 335.9284973144531 141.86453247070312 335.9284973144531 181.90345001220703 301.4069519042969 181.90345001220703
301.56536865234375 141.84793090820312 336.6305122375488 141.84793090820312 336.6305122375488 181.61731719970703 301.56536865234375 181.61731719970703
302.08538818359375 141.0067138671875 336.66598892211914 141.0067138671875 336.66598892211914 181.18259811401367 302.08538818359375 181.18259811401367
302.46624755859375 140.982177734375 337.94568634033203 140.982177734375 337.94568634033203 181.58924102783203 302.46624755859375 181.58924102783203
303.1502380371094 142.28353881835938 338.59066009521484 142.28353881835938 338.59066009521484 181.92132568359375 303.1502380371094 181.92132568359375
303.1016540527344 141.1033935546875 338.87043380737305 141.1033935546875 338.87043380737305 181.79576873779297 303.1016540527344 181.79576873779297
304.5254821777344 141.80880737304688 339.99735260009766 141.80880737304688 339.99735260009766 183.35507202148438 304.5254821777344 183.35507202148438
305.3580322265625 143.21826171875 341.3763542175293 143.21826171875 341.3763542175293 185.08914184570312 305.3580322265625 185.08914184570312
305.418701171875 142.9476776123047 341.9233703613281 142.9476776123047 341.9233703613281 184.40521621704102 305.418701171875 184.40521621704102
305.50421142578125 141.91941833496094 342.4279975891113 141.91941833496094 342.4279975891113 183.05040740966797 305.50421142578125 183.05040740966797
306.72442626953125 142.2223663330078 342.8872184753418 142.2223663330078 342.8872184753418 183.61672592163086 306.72442626953125 183.61672592163086
307.3878479003906 142.0906524658203 343.1309928894043 142.0906524658203 343.1309928894043 184.58627319335938 307.3878479003906 184.58627319335938
308.4296875 143.21466064453125 344.4665641784668 143.21466064453125 344.4665641784668 185.11201858520508 308.4296875 185.11201858520508
308.3966064453125 143.69833374023438 344.6734199523926 143.69833374023438 344.6734199523926 185.16483688354492 308.3966064453125 185.16483688354492
308.84503173828125 143.70860290527344 344.66332244873047 143.70860290527344 344.66332244873047 186.38820266723633 308.84503173828125 186.38820266723633
308.7947692871094 143.6421661376953 345.89784240722656 143.6421661376953 345.89784240722656 185.82834243774414 308.7947692871094 185.82834243774414
308.83953857421875 144.583740234375 346.82360458374023 144.583740234375 346.82360458374023 186.0459442138672 308.83953857421875 186.0459442138672
310.5885009765625 143.72695922851562 347.4765739440918 143.72695922851562 347.4765739440918 186.93074417114258 310.5885009765625 186.93074417114258
311.39825439453125 144.4287567138672 347.14587783813477 144.4287567138672 347.14587783813477 185.02174758911133 311.39825439453125 185.02174758911133
311.60498046875 143.8284454345703 348.11072158813477 143.8284454345703 348.11072158813477 186.4117317199707 311.60498046875 186.4117317199707
312.202880859375 144.0365753173828 349.50195693969727 144.0365753173828 349.50195693969727 185.53351211547852 312.202880859375 185.53351211547852
311.9264831542969 145.6701202392578 349.01287841796875 145.6701202392578 349.01287841796875 189.31822204589844 311.9264831542969 189.31822204589844
314.0549621582031 146.31112670898438 350.3688735961914 146.31112670898438 350.3688735961914 189.05556106567383 314.0549621582031 189.05556106567383
313.74700927734375 144.67251586914062 351.10531997680664 144.67251586914062 351.10531997680664 188.07538604736328 313.74700927734375 188.07538604736328
314.8275451660156 145.85670471191406 351.9192428588867 145.85670471191406 351.9192428588867 187.7152976989746 314.8275451660156 187.7152976989746
314.9903869628906 145.6524658203125 352.3591499328613 145.6524658203125 352.3591499328613 188.4697380065918 314.9903869628906 188.4697380065918
316.5937805175781 144.9068603515625 352.0427436828613 144.9068603515625 352.0427436828613 187.77073287963867 316.5937805175781 187.77073287963867
316.580078125 146.1695556640625 353.2151184082031 146.1695556640625 353.2151184082031 188.4549446105957 316.580078125 188.4549446105957
317.5057373046875 145.17323303222656 354.17066192626953 145.17323303222656 354.17066192626953 188.12073516845703 317.5057373046875 188.12073516845703
317.1710205078125 145.58914184570312 354.60009002685547 145.58914184570312 354.60009002685547 189.75276947021484 317.1710205078125 189.75276947021484
318.0605163574219 146.5994415283203 355.1442565917969 146.5994415283203 355.1442565917969 189.07803344726562 318.0605163574219 189.07803344726562
318.76800537109375 145.73460388183594 356.7638626098633 145.73460388183594 356.7638626098633 189.35224151611328 318.76800537109375 189.35224151611328
319.424560546875 146.07009887695312 356.7863540649414 146.07009887695312 356.7863540649414 189.79362869262695 319.424560546875 189.79362869262695
319.82586669921875 147.75155639648438 357.877872467041 147.75155639648438 357.877872467041 190.01940155029297 319.82586669921875 190.01940155029297
320.1768493652344 147.3680877685547 358.016845703125 147.3680877685547 358.016845703125 190.44308853149414 320.1768493652344 190.44308853149414
321.48651123046875 147.79757690429688 358.9600028991699 147.79757690429688 358.9600028991699 191.23066329956055 321.48651123046875 191.23066329956055
321.8638000488281 148.60118103027344 359.7478256225586 148.60118103027344 359.7478256225586 191.49050521850586 321.8638000488281 191.49050521850586
323.23431396484375 148.2454376220703 359.5084648132324 148.2454376220703 359.5084648132324 191.0954933166504 323.23431396484375 191.0954933166504
323.45098876953125 148.72987365722656 360.75572967529297 148.72987365722656 360.75572967529297 192.40620803833008 323.45098876953125 192.40620803833008
323.67340087890625 148.54531860351562 361.4057426452637 148.54531860351562 361.4057426452637 191.90173721313477 323.67340087890625 191.90173721313477
326.02935791015625 150.96974182128906 361.4040336608887 150.96974182128906 361.4040336608887 192.7295150756836 326.02935791015625 192.7295150756836
325.597412109375 149.64126586914062 361.8483657836914 149.64126586914062 361.8483657836914 192.19174575805664 325.597412109375 192.19174575805664
326.533447265625 149.5185546875 362.8393783569336 149.5185546875 362.8393783569336 193.10971450805664 326.533447265625 193.10971450805664
327.20501708984375 150.02159118652344 363.5083770751953 150.02159118652344 363.5083770751953 193.38513565063477 327.20501708984375 193.38513565063477
327.0282897949219 150.5321502685547 363.9786796569824 150.5321502685547 363.9786796569824 193.4032096862793 327.0282897949219 193.4032096862793
328.1178283691406 150.72886657714844 365.1195259094238 150.72886657714844 365.1195259094238 194.74570083618164 328.1178283691406 194.74570083618164
328.33990478515625 151.65725708007812 365.6228256225586 151.65725708007812 365.6228256225586 195.35044479370117 328.33990478515625 195.35044479370117
329.75787353515625 150.6863555908203 365.6027069091797 150.6863555908203 365.6027069091797 194.22291946411133 329.75787353515625 194.22291946411133
330.09552001953125 151.00912475585938 366.4360122680664 151.00912475585938 366.4360122680664 194.75399017333984 330.09552001953125 194.75399017333984
329.84197998046875 151.8075408935547 367.63623428344727 151.8075408935547 367.63623428344727 195.76277923583984 329.84197998046875 195.76277923583984
330.09552001953125 152.06935119628906 369.0282859802246 152.06935119628906 369.0282859802246 195.5664939880371 330.09552001953125 195.5664939880371
330.8636474609375 152.3104248046875 368.8300476074219 152.3104248046875 368.8300476074219 195.62586975097656 330.8636474609375 195.62586975097656
331.65875244140625 151.75289916992188 369.78572845458984 151.75289916992188 369.78572845458984 196.07410430908203 331.65875244140625 196.07410430908203
333.5433044433594 151.5448760986328 370.33312606811523 151.5448760986328 370.33312606811523 196.44989395141602 333.5433044433594 196.44989395141602
332.9580078125 152.9128875732422 370.3476448059082 152.9128875732422 370.3476448059082 198.22389221191406 332.9580078125 198.22389221191406
333.5055847167969 152.83242797851562 371.6172866821289 152.83242797851562 371.6172866821289 196.8459243774414 333.5055847167969 196.8459243774414
334.2748107910156 153.42398071289062 370.8353462219238 153.42398071289062 370.8353462219238 198.09252166748047 334.2748107910156 198.09252166748047
335.303466796875 153.39486694335938 372.30650329589844 153.39486694335938 372.30650329589844 197.3588981628418 335.303466796875 197.3588981628418
334.870361328125 153.03665161132812 372.45439529418945 153.03665161132812 372.45439529418945 198.79713439941406 334.870361328125 198.79713439941406
336.0159606933594 153.25062561035156 373.66878509521484 153.25062561035156 373.66878509521484 198.44736099243164 336.0159606933594 198.44736099243164
335.98797607421875 153.78515625 374.1071243286133 153.78515625 374.1071243286133 199.2496566772461 335.98797607421875 199.2496566772461
337.33441162109375 154.42469787597656 374.8052635192871 154.42469787597656 374.8052635192871 199.01818466186523 337.33441162109375 199.01818466186523
337.9250793457031 154.4532012939453 375.82656478881836 154.4532012939453 375.82656478881836 200.1276969909668 337.9250793457031 200.1276969909668
339.28582763671875 155.88949584960938 376.3340148925781 155.88949584960938 376.3340148925781 199.8083610534668 339.28582763671875 199.8083610534668
339.1040344238281 156.7238311767578 377.66881942749023 156.7238311767578 377.66881942749023 200.54283142089844 339.1040344238281 200.54283142089844
339.4053649902344 155.80953979492188 379.0502014160156 155.80953979492188 379.0502014160156 200.57435989379883 339.4053649902344 200.57435989379883
340.7176208496094 156.368408203125 378.3730888366699 156.368408203125 378.3730888366699 200.4664077758789 340.7176208496094 200.4664077758789
340.97845458984375 156.36276245117188 379.15946197509766 156.36276245117188 379.15946197509766 201.38990020751953 340.97845458984375 201.38990020751953
342.1832580566406 157.6773681640625 380.1371612548828 157.6773681640625 380.1371612548828 201.28075408935547 342.1832580566406 201.28075408935547
342.1705322265625 156.906494140625 380.88878631591797 156.906494140625 380.88878631591797 201.41158294677734 342.1705322265625 201.41158294677734
342.8352966308594 156.94973754882812 381.6257858276367 156.94973754882812 381.6257858276367 202.5910301208496 342.8352966308594 202.5910301208496
343.2232971191406 158.53158569335938 382.1097640991211 158.53158569335938 382.1097640991211 202.37616729736328 343.2232971191406 202.37616729736328
343.753662109375 157.04965209960938 383.1251907348633 157.04965209960938 383.1251907348633 202.4946060180664 343.753662109375 202.4946060180664
343.6259460449219 157.52499389648438 383.7919807434082 157.52499389648438 383.7919807434082 202.95183944702148 343.6259460449219 202.95183944702148
345.2815246582031 158.62680053710938 385.0402488708496 158.62680053710938 385.0402488708496 203.1439094543457 345.2815246582031 203.1439094543457
345.81439208984375 158.75172424316406 384.92932891845703 158.75172424316406 384.92932891845703 204.6962127685547 345.81439208984375 204.6962127685547
346.87493896484375 159.81329345703125 385.30806732177734 159.81329345703125 385.30806732177734 204.0544090270996 346.87493896484375 204.0544090270996
347.0400390625 160.15834045410156 386.3490791320801 160.15834045410156 386.3490791320801 205.9630584716797 347.0400390625 205.9630584716797
347.6404724121094 159.39553833007812 387.20777893066406 159.39553833007812 387.20777893066406 205.37574768066406 347.6404724121094 205.37574768066406
347.7833557128906 159.50648498535156 388.47335052490234 159.50648498535156 388.47335052490234 205.15451431274414 347.7833557128906 205.15451431274414
347.8730773925781 162.3295135498047 388.4302787780762 162.3295135498047 388.4302787780762 207.35430526733398 347.8730773925781 207.35430526733398
349.6904296875 161.81871032714844 389.4636764526367 161.81871032714844 389.4636764526367 206.3918914794922 349.6904296875 206.3918914794922
350.49188232421875 160.86944580078125 389.98144149780273 160.86944580078125 389.98144149780273 206.05435943603516 350.49188232421875 206.05435943603516
350.6607360839844 161.4410400390625 390.62039947509766 161.4410400390625 390.62039947509766 206.82870483398438 350.6607360839844 206.82870483398438
352.216796875 161.51119995117188 391.8897895812988 161.51119995117188 391.8897895812988 207.68261337280273 352.216796875 207.68261337280273
353.06964111328125 163.21286010742188 392.37220001220703 163.21286010742188 392.37220001220703 208.7331314086914 353.06964111328125 208.7331314086914
352.5819091796875 162.80902099609375 393.37540435791016 162.80902099609375 393.37540435791016 208.01896286010742 352.5819091796875 208.01896286010742
354.38739013671875 162.87451171875 393.50671768188477 162.87451171875 393.50671768188477 208.6287727355957 354.38739013671875 208.6287727355957
353.3982238769531 163.46376037597656 394.6108932495117 163.46376037597656 394.6108932495117 209.46202087402344 353.3982238769531 209.46202087402344
354.75506591796875 162.90121459960938 394.5711784362793 162.90121459960938 394.5711784362793 210.3918685913086 354.75506591796875 210.3918685913086
355.5477600097656 163.4595489501953 397.07763671875 163.4595489501953 397.07763671875 209.56917190551758 355.5477600097656 209.56917190551758
356.4327087402344 162.364013671875 396.61417388916016 162.364013671875 396.61417388916016 210.41065979003906 356.4327087402344 210.41065979003906
356.5034484863281 162.14720153808594 398.32250213623047 162.14720153808594 398.32250213623047 210.6132049560547 356.5034484863281 210.6132049560547
356.87164306640625 164.2935791015625 398.4144859313965 164.2935791015625 398.4144859313965 211.3346061706543 356.87164306640625 211.3346061706543
357.6420593261719 164.88528442382812 398.7407684326172 164.88528442382812 398.7407684326172 211.55340576171875 357.6420593261719 211.55340576171875
358.2823791503906 165.41989135742188 400.52929306030273 165.41989135742188 400.52929306030273 212.29114532470703 358.2823791503906 212.29114532470703
359.4085693359375 165.00881958007812 401.05974197387695 165.00881958007812 401.05974197387695 213.09435272216797 359.4085693359375 213.09435272216797
359.5641174316406 166.26943969726562 402.6854438781738 166.26943969726562 402.6854438781738 213.6564826965332 359.5641174316406 213.6564826965332
360.4176330566406 165.60943603515625 403.51987075805664 165.60943603515625 403.51987075805664 213.15057373046875 360.4176330566406 213.15057373046875
361.327392578125 166.22817993164062 404.30284881591797 166.22817993164062 404.30284881591797 213.24437713623047 361.327392578125 213.24437713623047
362.3648986816406 166.82821655273438 404.0771255493164 166.82821655273438 404.0771255493164 214.75069427490234 362.3648986816406 214.75069427490234
362.28668212890625 166.16036987304688 405.91403579711914 166.16036987304688 405.91403579711914 214.7816925048828 362.28668212890625 214.7816925048828
363.20928955078125 166.51535034179688 405.332088470459 166.51535034179688 405.332088470459 215.65939331054688 363.20928955078125 215.65939331054688
362.84478759765625 168.10671997070312 406.53238677978516 168.10671997070312 406.53238677978516 216.0368995666504 362.84478759765625 216.0368995666504
364.59576416015625 168.13075256347656 407.4194869995117 168.13075256347656 407.4194869995117 216.3769760131836 364.59576416015625 216.3769760131836
365.2948303222656 167.90391540527344 408.0233345031738 167.90391540527344 408.0233345031738 216.82476043701172 365.2948303222656 216.82476043701172
365.78759765625 168.49563598632812 409.13684844970703 168.49563598632812 409.13684844970703 217.65281677246094 365.78759765625 217.65281677246094
366.76226806640625 168.46804809570312 409.5661430358887 168.46804809570312 409.5661430358887 218.34589385986328 366.76226806640625 218.34589385986328
366.36260986328125 168.6941680908203 410.5010452270508 168.6941680908203 410.5010452270508 218.2741355895996 366.36260986328125 218.2741355895996
367.53643798828125 169.25192260742188 411.31279373168945 169.25192260742188 411.31279373168945 219.3330535888672 367.53643798828125 219.3330535888672
368.071533203125 170.1026153564453 412.06390380859375 170.1026153564453 412.06390380859375 219.22257232666016 368.071533203125 219.22257232666016
368.84503173828125 170.18682861328125 412.2958450317383 170.18682861328125 412.2958450317383 219.57947158813477 368.84503173828125 219.57947158813477
369.9005432128906 169.3756561279297 413.78955459594727 169.3756561279297 413.78955459594727 220.18332290649414 369.9005432128906 220.18332290649414
369.9520263671875 169.91775512695312 414.1377143859863 169.91775512695312 414.1377143859863 220.05881118774414 369.9520263671875 220.05881118774414
371.3766174316406 173.20785522460938 415.0168991088867 173.20785522460938 415.0168991088867 220.73931121826172 371.3766174316406 220.73931121826172
371.17108154296875 172.1212921142578 416.08301544189453 172.1212921142578 416.08301544189453 221.57707977294922 371.17108154296875 221.57707977294922
372.63092041015625 171.3276824951172 416.19971466064453 171.3276824951172 416.19971466064453 222.12238693237305 372.63092041015625 222.12238693237305
373.3716125488281 173.1419219970703 417.04962158203125 173.1419219970703 417.04962158203125 222.53961944580078 373.3716125488281 222.53961944580078
374.0233459472656 173.77273559570312 418.7983283996582 173.77273559570312 418.7983283996582 223.88970947265625 374.0233459472656 223.88970947265625
373.8346252441406 173.97003173828125 419.07024002075195 173.97003173828125 419.07024002075195 224.00500106811523 373.8346252441406 224.00500106811523
375.359130859375 175.45401000976562 420.2506294250488 175.45401000976562 420.2506294250488 224.46782684326172 375.359130859375 224.46782684326172
375.67547607421875 177.18101501464844 420.2342224121094 177.18101501464844 420.2342224121094 226.02297973632812 375.67547607421875 226.02297973632812
376.96661376953125 174.60458374023438 421.00311279296875 174.60458374023438 421.00311279296875 225.83882904052734 376.96661376953125 225.83882904052734
377.4936218261719 175.84298706054688 421.0828742980957 175.84298706054688 421.0828742980957 226.8141975402832 377.4936218261719 226.8141975402832
376.8631591796875 176.7176513671875 422.3862838745117 176.7176513671875 422.3862838745117 227.43634796142578 376.8631591796875 227.43634796142578
377.37786865234375 176.80455017089844 423.3522758483887 176.80455017089844 423.3522758483887 228.38085556030273 377.37786865234375 228.38085556030273
378.14678955078125 175.43466186523438 424.56249237060547 175.43466186523438 424.56249237060547 228.21115112304688 378.14678955078125 228.21115112304688
379.869873046875 175.494140625 425.52465438842773 175.494140625 425.52465438842773 228.76249313354492 379.869873046875 228.76249313354492
380.6416931152344 177.48841857910156 426.0946273803711 177.48841857910156 426.0946273803711 228.59479141235352 380.6416931152344 228.59479141235352
380.8798828125 177.47830200195312 426.50828552246094 177.47830200195312 426.50828552246094 229.47028350830078 380.8798828125 229.47028350830078
381.7646789550781 177.2344970703125 426.81371307373047 177.2344970703125 426.81371307373047 229.83145141601562 381.7646789550781 229.83145141601562
381.84527587890625 178.0839385986328 427.98559188842773 178.0839385986328 427.98559188842773 231.4722671508789 381.84527587890625 231.4722671508789
382.00482177734375 177.73776245117188 428.43375396728516 177.73776245117188 428.43375396728516 231.661376953125 382.00482177734375 231.661376953125
382.33966064453125 177.748779296875 429.31285858154297 177.748779296875 429.31285858154297 232.5800552368164 382.33966064453125 232.5800552368164
384.0973815917969 180.2728729248047 431.06922149658203 180.2728729248047 431.06922149658203 234.1255760192871 384.0973815917969 234.1255760192871
385.31207275390625 180.06289672851562 431.11877059936523 180.06289672851562 431.11877059936523 233.56911087036133 385.31207275390625 233.56911087036133
384.53460693359375 180.25338745117188 432.3407516479492 180.25338745117188 432.3407516479492 234.1673469543457 384.53460693359375 234.1673469543457
385.4844665527344 181.09213256835938 432.841495513916 181.09213256835938 432.841495513916 234.4119644165039 385.4844665527344 234.4119644165039
386.0257873535156 181.81564331054688 433.7225799560547 181.81564331054688 433.7225799560547 235.85375213623047 386.0257873535156 235.85375213623047
386.1534423828125 183.52354431152344 434.1907539367676 183.52354431152344 434.1907539367676 235.8268699645996 386.1534423828125 235.8268699645996
387.27911376953125 181.6864471435547 435.6617202758789 181.6864471435547 435.6617202758789 236.55572128295898 387.27911376953125 236.55572128295898
388.8158264160156 182.67221069335938 437.03267669677734 182.67221069335938 437.03267669677734 238.09903717041016 388.8158264160156 238.09903717041016
388.0433654785156 183.45285034179688 436.6067581176758 183.45285034179688 436.6067581176758 239.1728515625 388.0433654785156 239.1728515625
389.52520751953125 182.6150665283203 438.0220069885254 182.6150665283203 438.0220069885254 239.17624282836914 389.52520751953125 239.17624282836914
389.1868591308594 184.5685272216797 437.91745376586914 184.5685272216797 437.91745376586914 241.3463363647461 389.1868591308594 241.3463363647461
390.05413818359375 183.52267456054688 439.5512924194336 183.52267456054688 439.5512924194336 239.91556930541992 390.05413818359375 239.91556930541992
390.0024108886719 184.38253784179688 439.63944244384766 184.38253784179688 439.63944244384766 240.86333465576172 390.0024108886719 240.86333465576172
390.89208984375 184.4210205078125 440.36531829833984 184.4210205078125 440.36531829833984 241.5992660522461 390.89208984375 241.5992660522461
390.99493408203125 184.52896118164062 440.3117904663086 184.52896118164062 440.3117904663086 243.42502975463867 390.99493408203125 243.42502975463867
390.95068359375 184.825439453125 440.8047866821289 184.825439453125 440.8047866821289 243.8807487487793 390.95068359375 243.8807487487793
391.90966796875 185.3029022216797 441.29082107543945 185.3029022216797 441.29082107543945 243.0724220275879 391.90966796875 243.0724220275879
393.3563537597656 186.8209991455078 442.09552001953125 186.8209991455078 442.09552001953125 244.71434783935547 393.3563537597656 244.71434783935547
394.098388671875 189.1705322265625 441.76514434814453 189.1705322265625 441.76514434814453 246.60977935791016 394.098388671875 246.60977935791016
394.52685546875 189.25802612304688 442.52607345581055 189.25802612304688 442.52607345581055 246.14600372314453 394.52685546875 246.14600372314453
394.91607666015625 190.6375274658203 443.47388458251953 190.6375274658203 443.47388458251953 247.67528915405273 394.91607666015625 247.67528915405273
395.7054138183594 191.96829223632812 443.0127258300781 191.96829223632812 443.0127258300781 249.39061737060547 395.7054138183594 249.39061737060547
395.7120056152344 190.66331481933594 443.4001693725586 190.66331481933594 443.4001693725586 248.8703842163086 395.7120056152344 248.8703842163086
395.8227233886719 191.65040588378906 443.4670219421387 191.65040588378906 443.4670219421387 250.2332420349121 395.8227233886719 250.2332420349121
396.9326477050781 191.6347198486328 444.7660140991211 191.6347198486328 444.7660140991211 249.91672134399414 396.9326477050781 249.91672134399414
397.4233703613281 193.39505004882812 444.3741569519043 193.39505004882812 444.3741569519043 250.5085220336914 397.4233703613281 250.5085220336914
397.6191711425781 193.99209594726562 445.62232208251953 193.99209594726562 445.62232208251953 253.14067459106445 397.6191711425781 253.14067459106445
396.6984558105469 193.7610321044922 445.4365234375 193.7610321044922 445.4365234375 253.96722030639648 396.6984558105469 253.96722030639648
397.05413818359375 192.4339599609375 445.3806457519531 192.4339599609375 445.3806457519531 254.50962448120117 397.05413818359375 254.50962448120117
396.9444885253906 195.0343780517578 444.26908111572266 195.0343780517578 444.26908111572266 256.292423248291 396.9444885253906 256.292423248291
396.4457702636719 196.43130493164062 443.44036865234375 196.43130493164062 443.44036865234375 255.56144332885742 396.4457702636719 255.56144332885742
397.19232177734375 196.01669311523438 445.5327949523926 196.01669311523438 445.5327949523926 255.83306121826172 397.19232177734375 255.83306121826172
397.98004150390625 199.0930633544922 444.6866683959961 199.0930633544922 444.6866683959961 256.29532623291016 397.98004150390625 256.29532623291016
397.71728515625 198.70382690429688 445.0710563659668 198.70382690429688 445.0710563659668 257.85176849365234 397.71728515625 257.85176849365234
397.2303161621094 201.2318115234375 444.9171257019043 201.2318115234375 444.9171257019043 260.08118438720703 397.2303161621094 260.08118438720703
396.26690673828125 201.8578643798828 445.96533966064453 201.8578643798828 445.96533966064453 261.57242584228516 396.26690673828125 261.57242584228516
395.5926818847656 202.54745483398438 444.2186965942383 202.54745483398438 444.2186965942383 262.06981658935547 395.5926818847656 262.06981658935547
396.3570861816406 199.423095703125 446.0005683898926 199.423095703125 446.0005683898926 262.36603927612305 396.3570861816406 262.36603927612305
395.19696044921875 200.9878692626953 444.2055130004883 200.9878692626953 444.2055130004883 263.20594787597656 395.19696044921875 263.20594787597656
395.1184997558594 204.91281127929688 444.7495346069336 204.91281127929688 444.7495346069336 265.5604476928711 395.1184997558594 265.5604476928711
395.32757568359375 202.69601440429688 447.436279296875 202.69601440429688 447.436279296875 264.0379943847656 395.32757568359375 264.0379943847656
394.352783203125 202.69888305664062 444.7322692871094 202.69888305664062 444.7322692871094 265.0084648132324 394.352783203125 265.0084648132324
392.6891784667969 207.50765991210938 444.1381416320801 207.50765991210938 444.1381416320801 267.6271667480469 392.6891784667969 267.6271667480469
392.05609130859375 208.88455200195312 443.29962158203125 208.88455200195312 443.29962158203125 269.32958221435547 392.05609130859375 269.32958221435547
392.0549011230469 206.24240112304688 443.79243087768555 206.24240112304688 443.79243087768555 267.93920135498047 392.0549011230469 267.93920135498047
392.0711364746094 207.4747772216797 443.7072219848633 207.4747772216797 443.7072219848633 269.3817825317383 392.0711364746094 269.3817825317383
390.00152587890625 208.45980834960938 443.3605537414551 208.45980834960938 443.3605537414551 271.653076171875 390.00152587890625 271.653076171875
390.50531005859375 211.38858032226562 442.98815155029297 211.38858032226562 442.98815155029297 273.6348457336426 390.50531005859375 273.6348457336426
387.19830322265625 208.85379028320312 442.39399337768555 208.85379028320312 442.39399337768555 271.20758056640625 387.19830322265625 271.20758056640625
387.78411865234375 212.7969970703125 440.9933547973633 212.7969970703125 440.9933547973633 274.4086227416992 387.78411865234375 274.4086227416992
385.572509765625 211.93484497070312 440.1878242492676 211.93484497070312 440.1878242492676 274.1462516784668 385.572509765625 274.1462516784668
386.0335388183594 212.0557403564453 440.8250923156738 212.0557403564453 440.8250923156738 275.75870513916016 386.0335388183594 275.75870513916016
383.77203369140625 211.64279174804688 439.91191482543945 211.64279174804688 439.91191482543945 276.3567581176758 383.77203369140625 276.3567581176758
382.4873046875 213.89926147460938 438.1638603210449 213.89926147460938 438.1638603210449 279.21368408203125 382.4873046875 279.21368408203125
380.60467529296875 213.0264129638672 439.5413513183594 213.0264129638672 439.5413513183594 279.4326477050781 380.60467529296875 279.4326477050781
379.54290771484375 214.8857879638672 438.36107635498047 214.8857879638672 438.36107635498047 280.20825958251953 379.54290771484375 280.20825958251953
378.4063415527344 215.75106811523438 437.15424728393555 215.75106811523438 437.15424728393555 282.4147033691406 378.4063415527344 282.4147033691406
376.04852294921875 215.9644012451172 437.16926193237305 215.9644012451172 437.16926193237305 283.4663619995117 376.04852294921875 283.4663619995117
374.00152587890625 215.22927856445312 435.19547271728516 215.22927856445312 435.19547271728516 283.8361053466797 374.00152587890625 283.8361053466797
373.49267578125 216.29769897460938 434.45630645751953 216.29769897460938 434.45630645751953 285.66175079345703 373.49267578125 285.66175079345703
371.41473388671875 217.2516326904297 434.8533630371094 217.2516326904297 434.8533630371094 287.22216033935547 371.41473388671875 287.22216033935547
368.97650146484375 217.0398406982422 433.75868225097656 217.0398406982422 433.75868225097656 287.59910583496094 368.97650146484375 287.59910583496094
367.65924072265625 216.0231475830078 432.0868148803711 216.0231475830078 432.0868148803711 288.20645904541016 367.65924072265625 288.20645904541016
364.3059387207031 218.2957763671875 429.6367950439453 218.2957763671875 429.6367950439453 290.6915512084961 364.3059387207031 290.6915512084961
362.55950927734375 221.0712127685547 428.5675277709961 221.0712127685547 428.5675277709961 293.1335906982422 362.55950927734375 293.1335906982422
361.398193359375 217.1857452392578 428.5458297729492 217.1857452392578 428.5458297729492 291.6171417236328 361.398193359375 291.6171417236328
359.3067626953125 220.1563720703125 427.0145492553711 220.1563720703125 427.0145492553711 294.76893615722656 359.3067626953125 294.76893615722656
356.1826171875 222.74453735351562 424.16466522216797 222.74453735351562 424.16466522216797 296.8108825683594 356.1826171875 296.8108825683594
353.84393310546875 219.6442413330078 424.814697265625 219.6442413330078 424.814697265625 296.37935638427734 353.84393310546875 296.37935638427734
352.46392822265625 220.1514892578125 422.3005676269531 220.1514892578125 422.3005676269531 297.87718963623047 352.46392822265625 297.87718963623047
350.32305908203125 222.29769897460938 421.2446517944336 222.29769897460938 421.2446517944336 300.32061767578125 350.32305908203125 300.32061767578125
348.6959533691406 220.09439086914062 421.2329864501953 220.09439086914062 421.2329864501953 301.83629608154297 348.6959533691406 301.83629608154297
345.5740661621094 222.75625610351562 418.02933502197266 222.75625610351562 418.02933502197266 302.6266632080078 345.5740661621094 302.6266632080078
344.051025390625 223.0005340576172 417.9404525756836 223.0005340576172 417.9404525756836 302.9178161621094 344.051025390625 302.9178161621094
340.1790771484375 222.18716430664062 415.47440338134766 222.18716430664062 415.47440338134766 305.0891647338867 340.1790771484375 305.0891647338867
336.37347412109375 227.23080444335938 410.75199127197266 227.23080444335938 410.75199127197266 307.24424743652344 336.37347412109375 307.24424743652344
334.9967956542969 224.9722137451172 410.38734436035156 224.9722137451172 410.38734436035156 305.5146179199219 334.9967956542969 305.5146179199219
331.445556640625 227.83447265625 407.5012969970703 227.83447265625 407.5012969970703 309.51351165771484 331.445556640625 309.51351165771484
328.79498291015625 228.9444122314453 405.5006103515625 228.9444122314453 405.5006103515625 310.17452239990234 328.79498291015625 310.17452239990234
328.521728515625 229.5968017578125 404.06414794921875 229.5968017578125 404.06414794921875 310.1980743408203 328.521728515625 310.1980743408203
322.8078308105469 231.4345245361328 400.83685302734375 231.4345245361328 400.83685302734375 314.5410461425781 322.8078308105469 314.5410461425781
321.0714416503906 228.9856719970703 399.8669204711914 228.9856719970703 399.8669204711914 315.58731842041016 321.0714416503906 315.58731842041016
317.66839599609375 233.50100708007812 398.5122833251953 233.50100708007812 398.5122833251953 317.50123596191406 317.66839599609375 317.50123596191406
314.55511474609375 233.1361846923828 394.90540313720703 233.1361846923828 394.90540313720703 318.71038818359375 314.55511474609375 318.71038818359375
311.74822998046875 235.8549346923828 390.7626724243164 235.8549346923828 390.7626724243164 319.29803466796875 311.74822998046875 319.29803466796875
308.64202880859375 236.81057739257812 389.72032165527344 236.81057739257812 389.72032165527344 321.44480895996094 308.64202880859375 321.44480895996094
305.97198486328125 237.80819702148438 388.64888763427734 237.80819702148438 388.64888763427734 322.7753677368164 305.97198486328125 322.7753677368164
304.30462646484375 236.27597045898438 386.20706939697266 236.27597045898438 386.20706939697266 321.17505645751953 304.30462646484375 321.17505645751953
300.52069091796875 238.60269165039062 383.5614929199219 238.60269165039062 383.5614929199219 324.7754821777344 300.52069091796875 324.7754821777344
297.07000732421875 242.6719970703125 379.93104553222656 242.6719970703125 379.93104553222656 326.93135833740234 297.07000732421875 326.93135833740234
292.6014099121094 244.51522827148438 376.1340026855469 244.51522827148438 376.1340026855469 329.3269348144531 292.6014099121094 329.3269348144531
291.89013671875 241.9434814453125 375.9614715576172 241.9434814453125 375.9614715576172 329.55125427246094 291.89013671875 329.55125427246094
287.18719482421875 244.17739868164062 372.5822296142578 244.17739868164062 372.5822296142578 333.93726348876953 287.18719482421875 333.93726348876953
286.78179931640625 244.12118530273438 372.08641052246094 244.12118530273438 372.08641052246094 331.9825744628906 286.78179931640625 331.9825744628906
281.8753356933594 246.8833770751953 368.4269104003906 246.8833770751953 368.4269104003906 336.0230712890625 281.8753356933594 336.0230712890625
280.4555969238281 249.36245727539062 363.8449401855469 249.36245727539062 363.8449401855469 337.20203399658203 280.4555969238281 337.20203399658203
274.76446533203125 249.2084503173828 360.85548400878906 249.2084503173828 360.85548400878906 338.5329895019531 274.76446533203125 338.5329895019531
272.8681335449219 251.2153778076172 359.1591110229492 251.2153778076172 359.1591110229492 339.81568145751953 272.8681335449219 339.81568145751953
268.223388671875 251.438232421875 356.91661071777344 251.438232421875 356.91661071777344 340.8153305053711 268.223388671875 340.8153305053711
264.73443603515625 255.46853637695312 352.2684783935547 255.46853637695312 352.2684783935547 346.10926818847656 264.73443603515625 346.10926818847656
261.9639587402344 257.9610290527344 349.53035736083984 257.9610290527344 349.53035736083984 349.9237823486328 261.9639587402344 349.9237823486328
258.4264221191406 257.28253173828125 343.9079818725586 257.28253173828125 343.9079818725586 349.98130798339844 258.4264221191406 349.98130798339844
308.91131591796875 259.98236083984375 400.50142669677734 259.98236083984375 400.50142669677734 356.27012634277344 308.91131591796875 356.27012634277344
360.08038330078125 262.61712646484375 449.23130798339844 262.61712646484375 449.23130798339844 363.26309967041016 360.08038330078125 363.26309967041016
405.8392028808594 261.60247802734375 502.6027374267578 261.60247802734375 502.6027374267578 352.8496627807617 405.8392028808594 352.8496627807617
447.34442138671875 260.12652587890625 542.2023086547852 260.12652587890625 542.2023086547852 353.3094940185547 447.34442138671875 353.3094940185547
510.5972595214844 268.1351013183594 598.7150497436523 268.1351013183594 598.7150497436523 362.17066955566406 510.5972595214844 362.17066955566406
527.3617553710938 269.00750732421875 622.2775726318359 269.00750732421875 622.2775726318359 357.7967987060547 527.3617553710938 357.7967987060547
514.3302001953125 267.8427734375 607.8339614868164 267.8427734375 607.8339614868164 360.97025299072266 514.3302001953125 360.97025299072266
512.1730346679688 269.19622802734375 607.4000473022461 269.19622802734375 607.4000473022461 365.943115234375 512.1730346679688 365.943115234375
516.9539794921875 269.5458984375 606.6183013916016 269.5458984375 606.6183013916016 363.83304595947266 516.9539794921875 363.83304595947266
505.2140197753906 269.2126770019531 604.3898010253906 269.2126770019531 604.3898010253906 367.92323303222656 505.2140197753906 367.92323303222656
504.5668029785156 272.1800231933594 595.7919158935547 272.1800231933594 595.7919158935547 371.0851745605469 504.5668029785156 371.0851745605469
498.0789489746094 274.415771484375 591.9762725830078 274.415771484375 591.9762725830078 374.34571075439453 498.0789489746094 374.34571075439453
494.21875 275.4419860839844 592.5271835327148 275.4419860839844 592.5271835327148 378.5560989379883 494.21875 378.5560989379883
490.0414123535156 275.4360656738281 588.2184600830078 275.4360656738281 588.2184600830078 379.7765579223633 490.0414123535156 379.7765579223633
485.75494384765625 280.1231384277344 581.52392578125 280.1231384277344 581.52392578125 384.0099182128906 485.75494384765625 384.0099182128906
478.54833984375 279.5286560058594 579.8906402587891 279.5286560058594 579.8906402587891 385.5881652832031 478.54833984375 385.5881652832031
475.63433837890625 279.87249755859375 576.4068756103516 279.87249755859375 576.4068756103516 388.0654754638672 475.63433837890625 388.0654754638672
471.22503662109375 280.90289306640625 572.4450149536133 280.90289306640625 572.4450149536133 390.32608795166016 471.22503662109375 390.32608795166016
463.4024963378906 284.8758544921875 566.8607864379883 284.8758544921875 566.8607864379883 394.8197784423828 463.4024963378906 394.8197784423828
461.04376220703125 285.9084777832031 564.6165008544922 285.9084777832031 564.6165008544922 397.17808532714844 461.04376220703125 397.17808532714844
450.8206481933594 289.5421447753906 555.7006301879883 289.5421447753906 555.7006301879883 400.1125793457031 450.8206481933594 400.1125793457031
449.76629638671875 287.82818603515625 554.5748443603516 287.82818603515625 554.5748443603516 400.04422760009766 449.76629638671875 400.04422760009766
442.03314208984375 292.1583557128906 550.6679840087891 292.1583557128906 550.6679840087891 405.2379608154297 442.03314208984375 405.2379608154297
436.19549560546875 294.2734069824219 543.1329498291016 294.2734069824219 543.1329498291016 407.9180450439453 436.19549560546875 407.9180450439453
430.70977783203125 295.48809814453125 538.3531494140625 295.48809814453125 538.3531494140625 410.4729232788086 430.70977783203125 410.4729232788086
425.7616271972656 294.8319091796875 536.8781585693359 294.8319091796875 536.8781585693359 413.71185302734375 425.7616271972656 413.71185302734375
413.68121337890625 299.7583312988281 526.8459930419922 299.7583312988281 526.8459930419922 419.1249542236328 413.68121337890625 419.1249542236328
407.3945007324219 300.9549865722656 521.1894836425781 300.9549865722656 521.1894836425781 423.02526092529297 407.3945007324219 423.02526092529297
404.51275634765625 301.4618225097656 518.9347076416016 301.4618225097656 518.9347076416016 423.78565216064453 404.51275634765625 423.78565216064453
392.9198913574219 304.4762878417969 510.4190979003906 304.4762878417969 510.4190979003906 428.79820251464844 392.9198913574219 428.79820251464844
386.41278076171875 307.30157470703125 506.0790786743164 307.30157470703125 506.0790786743164 433.18538665771484 386.41278076171875 433.18538665771484
363.16357421875 317.5372314453125 478.22428131103516 317.5372314453125 478.22428131103516 443.39481353759766 363.16357421875 443.39481353759766
357.3044128417969 318.19329833984375 474.98402404785156 318.19329833984375 474.98402404785156 444.0793914794922 357.3044128417969 444.0793914794922
337.4792785644531 317.70269775390625 461.88880920410156 317.70269775390625 461.88880920410156 447.7735595703125 337.4792785644531 447.7735595703125
336.903564453125 319.4125061035156 458.5200424194336 319.4125061035156 458.5200424194336 449.267333984375 336.903564453125 449.267333984375
325.7767639160156 321.5521545410156 447.3724822998047 321.5521545410156 447.3724822998047 450.90306091308594 325.7767639160156 450.90306091308594
311.61865234375 325.7813720703125 431.8415069580078 325.7813720703125 431.8415069580078 452.37894439697266 311.61865234375 452.37894439697266
303.9751892089844 329.0298767089844 421.37242126464844 329.0298767089844 421.37242126464844 453.32044982910156 303.9751892089844 453.32044982910156
294.0326232910156 329.7286376953125 407.59498596191406 329.7286376953125 407.59498596191406 454.0083236694336 294.0326232910156 454.0083236694336
