396.0 322.0 501.0 322.0 501.0 456.0 396.0 456.0
398.83123779296875 320.80792236328125 502.1535415649414 320.80792236328125 502.1535415649414 456.4256591796875 398.83123779296875 456.4256591796875
400.97943115234375 318.6934509277344 503.23023223876953 318.6934509277344 503.23023223876953 455.1431121826172 400.97943115234375 455.1431121826172
402.9847106933594 317.728759765625 505.7659606933594 317.728759765625 505.7659606933594 453.9742431640625 402.9847106933594 453.9742431640625
404.2709045410156 316.24822998046875 507.1000061035156 316.24822998046875 507.1000061035156 452.32118225097656 404.2709045410156 452.32118225097656
407.27435302734375 313.56494140625 508.7028045654297 313.56494140625 508.7028045654297 451.0072021484375 407.27435302734375 451.0072021484375
408.1385803222656 313.1982116699219 511.07984161376953 313.1982116699219 511.07984161376953 449.4759063720703 408.1385803222656 449.4759063720703
411.30157470703125 312.3304138183594 512.032096862793 312.3304138183594 512.032096862793 448.75205993652344 411.30157470703125 448.75205993652344
413.10992431640625 309.93536376953125 513.0867080688477 309.93536376953125 513.0867080688477 445.95166015625 413.10992431640625 445.95166015625
414.5411071777344 311.1669616699219 515.3515014648438 311.1669616699219 515.3515014648438 442.40919494628906 414.5411071777344 442.40919494628906
416.31793212890625 310.20172119140625 517.9275131225586 310.20172119140625 517.9275131225586 443.37933349609375 416.31793212890625 443.37933349609375
419.04620361328125 307.46295166015625 517.8061294555664 307.46295166015625 517.8061294555664 439.24159240722656 419.04620361328125 439.24159240722656
421.1025390625 308.0210876464844 520.8626251220703 308.0210876464844 520.8626251220703 437.4624786376953 421.1025390625 437.4624786376953
421.7945251464844 306.24847412109375 519.8727264404297 306.24847412109375 519.8727264404297 435.5692596435547 421.7945251464844 435.5692596435547
423.96337890625 304.69500732421875 521.9578704833984 304.69500732421875 521.9578704833984 434.48321533203125 423.96337890625 434.48321533203125
426.8084411621094 302.6802673339844 523.9171676635742 302.6802673339844 523.9171676635742 430.64098358154297 426.8084411621094 430.64098358154297
428.791015625 300.96502685546875 525.8616485595703 300.96502685546875 525.8616485595703 433.18359375 428.791015625 433.18359375
430.67852783203125 299.60247802734375 526.3687286376953 299.60247802734375 526.3687286376953 429.93711853027344 430.67852783203125 429.93711853027344
430.7398986816406 299.8874816894531 527.8748016357422 299.8874816894531 527.8748016357422 428.1950378417969 430.7398986816406 428.1950378417969
433.98126220703125 298.749755859375 530.0636444091797 298.749755859375 530.0636444091797 427.5148010253906 433.98126220703125 427.5148010253906
434.3736877441406 297.61224365234375 530.3568115234375 297.61224365234375 530.3568115234375 424.54144287109375 434.3736877441406 424.54144287109375
436.92877197265625 296.97271728515625 532.1984710693359 296.97271728515625 532.1984710693359 421.2147979736328 436.92877197265625 421.2147979736328
438.86053466796875 295.1803283691406 533.9824142456055 295.1803283691406 533.9824142456055 418.6946258544922 438.86053466796875 418.6946258544922
441.93829345703125 294.3415832519531 535.4092254638672 294.3415832519531 535.4092254638672 417.7165985107422 441.93829345703125 417.7165985107422
443.26385498046875 292.1199645996094 536.6686859130859 292.1199645996094 536.6686859130859 415.08263397216797 443.26385498046875 415.08263397216797
445.4308166503906 292.46368408203125 539.2610244750977 292.46368408203125 539.2610244750977 414.6417999267578 445.4308166503906 414.6417999267578
448.04705810546875 290.22528076171875 540.8752212524414 290.22528076171875 540.8752212524414 414.0254669189453 448.04705810546875 414.0254669189453
449.3385314941406 290.52716064453125 541.9016189575195 290.52716064453125 541.9016189575195 410.116455078125 449.3385314941406 410.116455078125
451.3971252441406 288.10467529296875 543.0177917480469 288.10467529296875 543.0177917480469 406.57037353515625 451.3971252441406 406.57037353515625
451.37957763671875 288.76239013671875 541.5340194702148 288.76239013671875 541.5340194702148 406.10562896728516 451.37957763671875 406.10562896728516
454.52960205078125 286.35797119140625 544.0042419433594 286.35797119140625 544.0042419433594 402.99842834472656 454.52960205078125 402.99842834472656
455.99371337890625 286.78961181640625 546.1058578491211 286.78961181640625 546.1058578491211 403.77027893066406 455.99371337890625 403.77027893066406
458.199951171875 285.8240051269531 548.5094451904297 285.8240051269531 548.5094451904297 403.8798294067383 458.199951171875 403.8798294067383
457.9039001464844 282.586669921875 548.5333557128906 282.586669921875 548.5333557128906 402.6890869140625 457.9039001464844 402.6890869140625
459.8096618652344 281.61798095703125 549.5688247680664 281.61798095703125 549.5688247680664 402.22425842285156 459.8096618652344 402.22425842285156
460.5726623535156 280.99053955078125 551.0050048828125 280.99053955078125 551.0050048828125 401.75907135009766 460.5726623535156 401.75907135009766
462.7935485839844 280.8525695800781 552.2855758666992 280.8525695800781 552.2855758666992 400.81920623779297 462.7935485839844 400.81920623779297
464.281982421875 279.652099609375 553.3903656005859 279.652099609375 553.3903656005859 397.37554931640625 464.281982421875 397.37554931640625
466.19610595703125 278.5753479003906 555.1142425537109 278.5753479003906 555.1142425537109 398.5458679199219 466.19610595703125 398.5458679199219
466.974609375 276.7414855957031 556.3649749755859 276.7414855957031 556.3649749755859 396.91175079345703 466.974609375 396.91175079345703
469.148681640625 276.63470458984375 556.9890060424805 276.63470458984375 556.9890060424805 396.6007843017578 469.148681640625 396.6007843017578
470.882568359375 275.97198486328125 558.2744979858398 275.97198486328125 558.2744979858398 395.41324615478516 470.882568359375 395.41324615478516
470.66583251953125 273.9638671875 560.0988311767578 273.9638671875 560.0988311767578 392.5515899658203 470.66583251953125 392.5515899658203
473.59130859375 273.76409912109375 559.7095565795898 273.76409912109375 559.7095565795898 392.24784088134766 473.59130859375 392.24784088134766
474.1788024902344 272.4092712402344 561.3059310913086 272.4092712402344 561.3059310913086 389.7795867919922 474.1788024902344 389.7795867919922
475.44598388671875 271.44049072265625 561.9559860229492 271.44049072265625 561.9559860229492 387.4894256591797 475.44598388671875 387.4894256591797
465.12322998046875 274.50469970703125 562.2123260498047 274.50469970703125 562.2123260498047 383.88818359375 465.12322998046875 383.88818359375
451.861328125 274.840087890625 548.052360534668 274.840087890625 548.052360534668 384.87699127197266 451.861328125 384.87699127197266
443.5556640625 272.2248229980469 539.6561737060547 272.2248229980469 539.6561737060547 380.39734649658203 443.5556640625 380.39734649658203
434.0037536621094 273.1319580078125 529.2375259399414 273.1319580078125 529.2375259399414 382.32747650146484 434.0037536621094 382.32747650146484
422.07635498046875 271.810546875 517.1178436279297 271.810546875 517.1178436279297 376.6319351196289 422.07635498046875 376.6319351196289
414.11566162109375 271.9767150878906 506.97830963134766 271.9767150878906 506.97830963134766 379.29954528808594 414.11566162109375 379.29954528808594
400.3921203613281 268.3282775878906 497.4972610473633 268.3282775878906 497.4972610473633 377.6021041870117 400.3921203613281 377.6021041870117
392.5647888183594 267.79638671875 486.636474609375 267.79638671875 486.636474609375 378.37290954589844 392.5647888183594 378.37290954589844
380.07427978515625 266.31427001953125 476.05992126464844 266.31427001953125 476.05992126464844 377.7403335571289 380.07427978515625 377.7403335571289
369.3843078613281 268.27093505859375 463.4580993652344 268.27093505859375 463.4580993652344 377.19073486328125 369.3843078613281 377.19073486328125
361.10430908203125 267.11505126953125 456.20484924316406 267.11505126953125 456.20484924316406 376.44351959228516 361.10430908203125 376.44351959228516
351.97906494140625 265.75042724609375 443.0146484375 265.75042724609375 443.0146484375 374.12892150878906 351.97906494140625 374.12892150878906
355.2303466796875 264.3296813964844 447.1403274536133 264.3296813964844 447.1403274536133 373.16613006591797 355.2303466796875 373.16613006591797
357.65338134765625 263.2548828125 447.9264144897461 263.2548828125 447.9264144897461 377.65946197509766 357.65338134765625 377.65946197509766
359.26617431640625 258.13671875 445.6926574707031 258.13671875 445.6926574707031 374.20113372802734 359.26617431640625 374.20113372802734
362.19024658203125 258.04998779296875 444.4514389038086 258.04998779296875 444.4514389038086 367.93121337890625 362.19024658203125 367.93121337890625
360.86236572265625 258.22015380859375 446.90289306640625 258.22015380859375 446.90289306640625 370.07191467285156 360.86236572265625 370.07191467285156
362.6241149902344 258.12255859375 444.9368896484375 258.12255859375 444.9368896484375 368.9005126953125 362.6241149902344 368.9005126953125
362.621826171875 257.628662109375 445.46170806884766 257.628662109375 445.46170806884766 367.2818374633789 362.621826171875 367.2818374633789
364.71173095703125 257.56842041015625 444.46246337890625 257.56842041015625 444.46246337890625 366.3878631591797 364.71173095703125 366.3878631591797
365.734130859375 255.5030059814453 445.0099334716797 255.5030059814453 445.0099334716797 362.4414825439453 365.734130859375 362.4414825439453
365.60394287109375 256.6631774902344 446.69034576416016 256.6631774902344 446.69034576416016 364.1409378051758 365.60394287109375 364.1409378051758
366.8549499511719 256.9740295410156 447.0945129394531 256.9740295410156 447.0945129394531 364.07200622558594 366.8549499511719 364.07200622558594
368.19671630859375 256.05291748046875 446.86341094970703 256.05291748046875 446.86341094970703 362.0198211669922 368.19671630859375 362.0198211669922
368.8724670410156 254.7997283935547 447.0211639404297 254.7997283935547 447.0211639404297 354.7317123413086 368.8724670410156 354.7317123413086
370.6479187011719 255.8681182861328 448.7561721801758 255.8681182861328 448.7561721801758 357.3136978149414 370.6479187011719 357.3136978149414
371.3797607421875 254.9706573486328 447.02931213378906 254.9706573486328 447.02931213378906 353.13846588134766 371.3797607421875 353.13846588134766
372.35491943359375 254.2514190673828 448.3691864013672 254.2514190673828 448.3691864013672 351.40943145751953 372.35491943359375 351.40943145751953
373.9282531738281 255.1171112060547 447.99098205566406 255.1171112060547 447.99098205566406 352.5716094970703 373.9282531738281 352.5716094970703
374.97369384765625 253.2958984375 449.9049530029297 253.2958984375 449.9049530029297 349.3936004638672 374.97369384765625 349.3936004638672
375.0738220214844 253.2333984375 449.35975646972656 253.2333984375 449.35975646972656 347.8198471069336 375.0738220214844 347.8198471069336
376.4720458984375 252.5125732421875 449.8403778076172 252.5125732421875 449.8403778076172 347.6630096435547 376.4720458984375 347.6630096435547
376.1985778808594 251.60855102539062 449.7715530395508 251.60855102539062 449.7715530395508 344.14774322509766 376.1985778808594 344.14774322509766
375.9889221191406 250.932861328125 450.8248825073242 250.932861328125 450.8248825073242 342.7781219482422 375.9889221191406 342.7781219482422
376.38885498046875 249.50515747070312 449.16316986083984 249.50515747070312 449.16316986083984 338.1516647338867 376.38885498046875 338.1516647338867
378.054443359375 248.61679077148438 449.65138244628906 248.61679077148438 449.65138244628906 338.5549850463867 378.054443359375 338.5549850463867
378.64788818359375 247.69638061523438 450.3364944458008 247.69638061523438 450.3364944458008 337.9076690673828 378.64788818359375 337.9076690673828
378.9303894042969 248.1455078125 450.74674224853516 248.1455078125 450.74674224853516 339.3833770751953 378.9303894042969 339.3833770751953
379.95074462890625 248.20394897460938 450.3540267944336 248.20394897460938 450.3540267944336 335.7138442993164 379.95074462890625 335.7138442993164
380.29962158203125 246.4388885498047 450.46778106689453 246.4388885498047 450.46778106689453 337.61080169677734 380.29962158203125 337.61080169677734
380.49639892578125 247.010498046875 450.4343719482422 247.010498046875 450.4343719482422 335.61170959472656 380.49639892578125 335.61170959472656
380.4478454589844 246.60195922851562 450.35411834716797 246.60195922851562 450.35411834716797 332.33509826660156 380.4478454589844 332.33509826660156
381.2427673339844 246.6367645263672 451.3205261230469 246.6367645263672 451.3205261230469 333.86714935302734 381.2427673339844 333.86714935302734
381.8902587890625 244.8599853515625 451.6032180786133 244.8599853515625 451.6032180786133 331.844970703125 381.8902587890625 331.844970703125
381.32330322265625 242.3325653076172 450.5602798461914 242.3325653076172 450.5602798461914 330.63592529296875 381.32330322265625 330.63592529296875
383.37579345703125 241.283935546875 451.42984771728516 241.283935546875 451.42984771728516 328.5281448364258 383.37579345703125 328.5281448364258
383.9211120605469 242.5894317626953 453.3412399291992 242.5894317626953 453.3412399291992 328.5874328613281 383.9211120605469 328.5874328613281
384.13543701171875 240.4632110595703 451.7606658935547 240.4632110595703 451.7606658935547 326.21240234375 384.13543701171875 326.21240234375
383.7245788574219 240.3585662841797 452.0823516845703 240.3585662841797 452.0823516845703 326.2234191894531 383.7245788574219 326.2234191894531
385.60540771484375 241.27572631835938 452.5057830810547 241.27572631835938 452.5057830810547 327.90834045410156 385.60540771484375 327.90834045410156
384.66229248046875 239.9058074951172 451.6897735595703 239.9058074951172 451.6897735595703 324.48231506347656 384.66229248046875 324.48231506347656
384.97772216796875 237.59127807617188 452.40052032470703 237.59127807617188 452.40052032470703 324.0563278198242 384.97772216796875 324.0563278198242
386.80548095703125 236.68533325195312 454.4346160888672 236.68533325195312 454.4346160888672 322.5109558105469 386.80548095703125 322.5109558105469
386.80072021484375 237.6190643310547 454.43116760253906 237.6190643310547 454.43116760253906 320.81935119628906 386.80072021484375 320.81935119628906
386.74505615234375 234.903564453125 454.752197265625 234.903564453125 454.752197265625 319.9097366333008 386.74505615234375 319.9097366333008
386.6925354003906 236.46865844726562 453.3027801513672 236.46865844726562 453.3027801513672 320.0137252807617 386.6925354003906 320.0137252807617
387.64703369140625 236.20272827148438 453.494140625 236.20272827148438 453.494140625 319.2901916503906 387.64703369140625 319.2901916503906
387.3835144042969 236.1021728515625 454.7832946777344 236.1021728515625 454.7832946777344 319.48716735839844 387.3835144042969 319.48716735839844
388.17315673828125 235.7768096923828 454.74415588378906 235.7768096923828 454.74415588378906 319.2616424560547 388.17315673828125 319.2616424560547
388.2892150878906 233.1055908203125 454.94957733154297 233.1055908203125 454.94957733154297 316.9153823852539 388.2892150878906 316.9153823852539
387.9265441894531 230.5496063232422 453.3695526123047 230.5496063232422 453.3695526123047 314.0284957885742 387.9265441894531 314.0284957885742
387.9888916015625 232.2744140625 454.2242202758789 232.2744140625 454.2242202758789 313.8938446044922 387.9888916015625 313.8938446044922
389.76397705078125 230.9739532470703 455.11143493652344 230.9739532470703 455.11143493652344 314.2169494628906 389.76397705078125 314.2169494628906
389.91278076171875 231.872314453125 454.6018753051758 231.872314453125 454.6018753051758 315.4543685913086 389.91278076171875 315.4543685913086
389.13446044921875 231.5443572998047 456.06431579589844 231.5443572998047 456.06431579589844 314.8758010864258 389.13446044921875 314.8758010864258
391.1725158691406 227.83810424804688 457.24976348876953 227.83810424804688 457.24976348876953 312.35399627685547 391.1725158691406 312.35399627685547
391.0038757324219 229.5859375 455.8780822753906 229.5859375 455.8780822753906 312.3778305053711 391.0038757324219 312.3778305053711
391.7090148925781 232.1021728515625 456.08770751953125 232.1021728515625 456.08770751953125 314.2616958618164 391.7090148925781 314.2616958618164
392.7393493652344 227.3330078125 456.15252685546875 227.3330078125 456.15252685546875 308.2603454589844 392.7393493652344 308.2603454589844
393.0755615234375 226.54177856445312 457.04854583740234 226.54177856445312 457.04854583740234 308.1835403442383 393.0755615234375 308.1835403442383
404.49951171875 222.0110321044922 469.5364532470703 222.0110321044922 469.5364532470703 305.01060485839844 404.49951171875 305.01060485839844
417.244384765625 223.05697631835938 482.63795471191406 223.05697631835938 482.63795471191406 306.5116729736328 417.244384765625 306.5116729736328
426.5611267089844 220.88916015625 492.79554748535156 220.88916015625 492.79554748535156 305.4169464111328 426.5611267089844 305.4169464111328
441.4727478027344 223.23953247070312 507.8879852294922 223.23953247070312 507.8879852294922 307.9980697631836 441.4727478027344 307.9980697631836
450.5189514160156 224.2650146484375 515.8412322998047 224.2650146484375 515.8412322998047 307.6287307739258 450.5189514160156 307.6287307739258
454.8775329589844 222.8130340576172 520.2974700927734 222.8130340576172 520.2974700927734 306.3013687133789 454.8775329589844 306.3013687133789
455.127197265625 222.64077758789062 520.5500335693359 222.64077758789062 520.5500335693359 306.13282012939453 455.127197265625 306.13282012939453
454.5694274902344 220.59854125976562 520.2753982543945 220.59854125976562 520.2753982543945 304.45191955566406 454.5694274902344 304.45191955566406
453.9864196777344 222.72525024414062 519.774543762207 222.72525024414062 519.774543762207 306.68347930908203 453.9864196777344 306.68347930908203
454.3681640625 218.0139923095703 519.6419448852539 218.0139923095703 519.6419448852539 301.3158187866211 454.3681640625 301.3158187866211
453.5693359375 221.19290161132812 517.7502288818359 221.19290161132812 517.7502288818359 303.0999984741211 453.5693359375 303.0999984741211
452.0843200683594 218.24197387695312 516.3564300537109 218.24197387695312 516.3564300537109 300.2654800415039 452.0843200683594 300.2654800415039
455.58087158203125 220.5113525390625 519.5471115112305 220.5113525390625 519.5471115112305 302.14451599121094 455.58087158203125 302.14451599121094
455.31982421875 220.2026824951172 519.8921127319336 220.2026824951172 519.8921127319336 302.60929107666016 455.31982421875 302.60929107666016
453.77825927734375 218.95175170898438 518.4587554931641 218.95175170898438 518.4587554931641 301.4964599609375 453.77825927734375 301.4964599609375
455.86669921875 218.3414764404297 520.6725006103516 218.3414764404297 520.6725006103516 301.04610443115234 455.86669921875 301.04610443115234
455.4888610839844 218.5369873046875 519.1314506530762 218.5369873046875 519.1314506530762 299.7571258544922 455.4888610839844 299.7571258544922
454.1939392089844 217.37222290039062 517.9985580444336 217.37222290039062 517.9985580444336 298.7991409301758 454.1939392089844 298.7991409301758
456.2034606933594 217.82083129882812 519.6822814941406 217.82083129882812 519.6822814941406 298.8319625854492 456.2034606933594 298.8319625854492
456.8423767089844 219.3759002685547 519.4140243530273 219.3759002685547 519.4140243530273 299.22930908203125 456.8423767089844 299.22930908203125
456.9981994628906 220.7664337158203 518.7457695007324 220.7664337158203 518.7457695007324 299.5681686401367 456.9981994628906 299.5681686401367
457.3866271972656 217.4697723388672 518.8260612487793 217.4697723388672 518.8260612487793 295.87825775146484 457.3866271972656 295.87825775146484
457.3038635253906 217.25634765625 518.9283638000488 217.25634765625 518.9283638000488 295.90101623535156 457.3038635253906 295.90101623535156
455.2752380371094 218.3953094482422 515.8144340515137 218.3953094482422 515.8144340515137 295.65492248535156 455.2752380371094 295.65492248535156
455.300537109375 217.04214477539062 514.6871643066406 217.04214477539062 514.6871643066406 292.8308563232422 455.300537109375 292.8308563232422
457.9842834472656 217.94631958007812 517.1190185546875 217.94631958007812 517.1190185546875 293.41357421875 457.9842834472656 293.41357421875
456.60009765625 218.76181030273438 515.564453125 218.76181030273438 515.564453125 294.0116271972656 456.60009765625 294.0116271972656
456.3818359375 217.3950958251953 516.1201591491699 217.3950958251953 516.1201591491699 293.6326370239258 456.3818359375 293.6326370239258
454.42828369140625 218.54165649414062 513.9268264770508 218.54165649414062 513.9268264770508 294.4731903076172 454.42828369140625 294.4731903076172
458.4288024902344 220.5055389404297 517.9317321777344 220.5055389404297 517.9317321777344 296.4426727294922 458.4288024902344 296.4426727294922
457.09808349609375 220.3302001953125 515.7295608520508 220.3302001953125 515.7295608520508 295.1551971435547 457.09808349609375 295.1551971435547
455.0189514160156 218.7112579345703 512.7589530944824 218.7112579345703 512.7589530944824 292.3985595703125 455.0189514160156 292.3985595703125
458.8486328125 218.8395538330078 515.4034957885742 218.8395538330078 515.4034957885742 291.01438903808594 458.8486328125 291.01438903808594
458.69903564453125 220.70431518554688 514.7016067504883 220.70431518554688 514.7016067504883 292.17431640625 458.69903564453125 292.17431640625
457.61212158203125 221.37338256835938 513.093189239502 221.37338256835938 513.093189239502 292.17784881591797 457.61212158203125 292.17784881591797
458.08685302734375 218.95297241210938 512.6371574401855 218.95297241210938 512.6371574401855 288.5696029663086 458.08685302734375 288.5696029663086
460.13995361328125 221.8795928955078 514.829963684082 221.8795928955078 514.829963684082 291.6745147705078 460.13995361328125 291.6745147705078
458.83489990234375 220.4793243408203 513.116325378418 220.4793243408203 513.116325378418 288.24832916259766 458.83489990234375 288.24832916259766
460.38720703125 224.96194458007812 513.749153137207 224.96194458007812 513.749153137207 291.8335189819336 460.38720703125 291.8335189819336
459.8045959472656 224.0389862060547 512.2628555297852 224.0389862060547 512.2628555297852 289.92286682128906 459.8045959472656 289.92286682128906
458.72235107421875 220.36264038085938 510.9248580932617 220.36264038085938 510.9248580932617 285.75782775878906 458.72235107421875 285.75782775878906
456.9468688964844 222.90084838867188 508.9091682434082 222.90084838867188 508.9091682434082 287.0439224243164 456.9468688964844 287.0439224243164
456.44415283203125 220.76980590820312 507.8431930541992 220.76980590820312 507.8431930541992 283.8379707336426 456.44415283203125 283.8379707336426
456.5271911621094 213.6820831298828 508.8621292114258 213.6820831298828 508.8621292114258 280.47149658203125 456.5271911621094 280.47149658203125
456.455078125 211.14547729492188 509.3374557495117 211.14547729492188 509.3374557495117 278.63352966308594 456.455078125 278.63352966308594
456.1868591308594 216.57473754882812 509.5123481750488 216.57473754882812 509.5123481750488 283.6174621582031 456.1868591308594 283.6174621582031
455.4307556152344 212.24270629882812 508.51432037353516 212.24270629882812 508.51432037353516 279.98751068115234 455.4307556152344 279.98751068115234
455.81451416015625 212.9402618408203 509.5751838684082 212.9402618408203 509.5751838684082 281.54918670654297 455.81451416015625 281.54918670654297
454.4107971191406 212.79135131835938 509.2864189147949 212.79135131835938 509.2864189147949 282.8231658935547 454.4107971191406 282.8231658935547
454.2079162597656 211.66824340820312 509.5646171569824 211.66824340820312 509.5646171569824 282.31400299072266 454.2079162597656 282.31400299072266
453.22906494140625 210.33651733398438 508.7069778442383 210.33651733398438 508.7069778442383 281.13697052001953 453.22906494140625 281.13697052001953
450.92266845703125 209.5701904296875 506.0952262878418 209.5701904296875 506.0952262878418 279.98095703125 450.92266845703125 279.98095703125
451.2826232910156 209.17312622070312 506.7071228027344 209.17312622070312 506.7071228027344 279.9054183959961 451.2826232910156 279.9054183959961
449.76531982421875 205.8452606201172 505.9444389343262 205.8452606201172 505.9444389343262 277.5405960083008 449.76531982421875 277.5405960083008
447.326904296875 203.47874450683594 504.5479965209961 203.47874450683594 504.5479965209961 276.50384521484375 447.326904296875 276.50384521484375
448.2705078125 204.81787109375 505.52896881103516 204.81787109375 505.52896881103516 277.89066314697266 448.2705078125 277.89066314697266
449.3758850097656 205.0131378173828 507.5365905761719 205.0131378173828 507.5365905761719 279.23736572265625 449.3758850097656 279.23736572265625
447.5858459472656 203.39918518066406 507.0221939086914 203.39918518066406 507.0221939086914 278.65338134765625 447.5858459472656 278.65338134765625
446.78460693359375 200.97714233398438 506.3455390930176 200.97714233398438 506.3455390930176 276.9883346557617 446.78460693359375 276.9883346557617
447.08306884765625 199.65750122070312 506.5397033691406 199.65750122070312 506.5397033691406 274.97654724121094 447.08306884765625 274.97654724121094
445.71917724609375 196.4876708984375 504.8962631225586 196.4876708984375 504.8962631225586 271.1291275024414 445.71917724609375 271.1291275024414
446.16668701171875 196.19985961914062 504.7341499328613 196.19985961914062 504.7341499328613 270.9431915283203 446.16668701171875 270.9431915283203
446.125 197.2716522216797 504.2137680053711 197.2716522216797 504.2137680053711 271.4040756225586 446.125 271.4040756225586
446.99737548828125 198.1572723388672 504.3934631347656 198.1572723388672 504.3934631347656 271.0969543457031 446.99737548828125 271.0969543457031
445.0724182128906 193.18960571289062 503.11016845703125 193.18960571289062 503.11016845703125 266.4665222167969 445.0724182128906 266.4665222167969
442.6063537597656 191.0579071044922 501.3301086425781 191.0579071044922 501.3301086425781 263.6206741333008 442.6063537597656 263.6206741333008
443.0780334472656 190.24423217773438 501.2506523132324 190.24423217773438 501.2506523132324 264.4836654663086 443.0780334472656 264.4836654663086
446.46954345703125 197.19503784179688 503.98763275146484 197.19503784179688 503.98763275146484 270.46726989746094 446.46954345703125 270.46726989746094
442.21661376953125 188.94244384765625 501.2782783508301 188.94244384765625 501.2782783508301 264.2426300048828 442.21661376953125 264.2426300048828
442.58154296875 188.8888397216797 501.20357513427734 188.8888397216797 501.20357513427734 263.8348693847656 442.58154296875 263.8348693847656
444.537109375 192.68067932128906 502.5166206359863 192.68067932128906 502.5166206359863 266.48567962646484 444.537109375 266.48567962646484
445.47314453125 193.36361694335938 503.1854133605957 193.36361694335938 503.1854133605957 265.98155975341797 445.47314453125 265.98155975341797
442.1600036621094 194.0347900390625 497.8679389953613 194.0347900390625 497.8679389953613 265.3551559448242 442.1600036621094 265.3551559448242
440.68133544921875 195.48526000976562 496.6326599121094 195.48526000976562 496.6326599121094 266.35802459716797 440.68133544921875 266.35802459716797
442.22247314453125 192.6636199951172 498.4746513366699 192.6636199951172 498.4746513366699 263.68579864501953 442.22247314453125 263.68579864501953
443.69403076171875 194.27743530273438 498.8564453125 194.27743530273438 498.8564453125 264.3499755859375 443.69403076171875 264.3499755859375
442.61553955078125 195.23257446289062 497.7834167480469 195.23257446289062 497.7834167480469 263.3556823730469 442.61553955078125 263.3556823730469
439.4478454589844 195.04263305664062 494.6087951660156 195.04263305664062 494.6087951660156 265.3874969482422 439.4478454589844 265.3874969482422
440.6826171875 195.33432006835938 496.5985107421875 195.33432006835938 496.5985107421875 266.6937713623047 440.6826171875 266.6937713623047
439.60589599609375 193.86346435546875 495.0510482788086 193.86346435546875 495.0510482788086 264.62215423583984 439.60589599609375 264.62215423583984
438.17822265625 192.4197235107422 493.9333381652832 192.4197235107422 493.9333381652832 263.57398986816406 438.17822265625 263.57398986816406
438.541259765625 193.20016479492188 494.3521537780762 193.20016479492188 494.3521537780762 263.2559356689453 438.541259765625 263.2559356689453
437.6109313964844 192.46432495117188 493.5844612121582 192.46432495117188 493.5844612121582 260.3849639892578 437.6109313964844 260.3849639892578
438.59417724609375 188.13047790527344 494.5037727355957 188.13047790527344 494.5037727355957 259.4818878173828 438.59417724609375 259.4818878173828
431.4153747558594 186.01979064941406 488.9242630004883 186.01979064941406 488.9242630004883 259.4122009277344 431.4153747558594 259.4122009277344
434.09442138671875 186.01927185058594 492.8317680358887 186.01927185058594 492.8317680358887 258.029052734375 434.09442138671875 258.029052734375
434.8313903808594 185.36378479003906 493.7655715942383 185.36378479003906 493.7655715942383 259.3291931152344 434.8313903808594 259.3291931152344
430.26605224609375 185.96591186523438 491.16739654541016 185.96591186523438 491.16739654541016 257.3867416381836 430.26605224609375 257.3867416381836
429.5130920410156 184.05792236328125 491.35303497314453 184.05792236328125 491.35303497314453 255.95945739746094 429.5130920410156 255.95945739746094
428.6768493652344 183.2746124267578 488.3190002441406 183.2746124267578 488.3190002441406 256.9954833984375 428.6768493652344 256.9954833984375
429.21209716796875 183.64109802246094 488.3416976928711 183.64109802246094 488.3416976928711 256.360595703125 429.21209716796875 256.360595703125
427.3882751464844 180.64047241210938 488.2727584838867 180.64047241210938 488.2727584838867 253.86143493652344 427.3882751464844 253.86143493652344
427.7821350097656 181.44357299804688 488.1547317504883 181.44357299804688 488.1547317504883 255.31336975097656 427.7821350097656 255.31336975097656
426.0581970214844 178.934814453125 484.8635063171387 178.934814453125 484.8635063171387 253.9817123413086 426.0581970214844 253.9817123413086
425.54852294921875 182.7097930908203 485.20679473876953 182.7097930908203 485.20679473876953 255.35450744628906 425.54852294921875 255.35450744628906
424.8003845214844 181.30772399902344 484.4037094116211 181.30772399902344 484.4037094116211 253.84640502929688 424.8003845214844 253.84640502929688
424.3876037597656 178.8665771484375 486.1637878417969 178.8665771484375 486.1637878417969 250.17105865478516 424.3876037597656 250.17105865478516
424.35003662109375 180.4768829345703 485.7119827270508 180.4768829345703 485.7119827270508 250.82988739013672 424.35003662109375 250.82988739013672
424.49346923828125 181.0930938720703 485.12923431396484 181.0930938720703 485.12923431396484 251.51020050048828 424.49346923828125 251.51020050048828
422.80731201171875 181.10342407226562 484.74381256103516 181.10342407226562 484.74381256103516 249.51544189453125 422.80731201171875 249.51544189453125
423.26953125 178.7235107421875 483.88397216796875 178.7235107421875 483.88397216796875 251.3978042602539 423.26953125 251.3978042602539
420.7635803222656 180.51687622070312 483.0230407714844 180.51687622070312 483.0230407714844 249.5796661376953 420.7635803222656 249.5796661376953
420.67083740234375 180.3175506591797 484.1721382141113 180.3175506591797 484.1721382141113 249.22776794433594 420.67083740234375 249.22776794433594
420.2445373535156 177.99755859375 483.9875373840332 177.99755859375 483.9875373840332 249.3614959716797 420.2445373535156 249.3614959716797
418.80718994140625 178.2224578857422 482.89611053466797 178.2224578857422 482.89611053466797 248.24807739257812 418.80718994140625 248.24807739257812
418.3270568847656 176.34530639648438 483.9102478027344 176.34530639648438 483.9102478027344 246.8328094482422 418.3270568847656 246.8328094482422
416.9574279785156 177.34292602539062 481.1245574951172 177.34292602539062 481.1245574951172 247.05181884765625 416.9574279785156 247.05181884765625
416.9571228027344 178.13140869140625 479.0932197570801 178.13140869140625 479.0932197570801 247.4057846069336 416.9571228027344 247.4057846069336
417.13299560546875 180.21376037597656 480.7914810180664 180.21376037597656 480.7914810180664 246.66190338134766 417.13299560546875 246.66190338134766
415.699462890625 178.35598754882812 478.6302795410156 178.35598754882812 478.6302795410156 246.25709533691406 415.699462890625 246.25709533691406
415.0802307128906 177.57174682617188 477.29175567626953 177.57174682617188 477.29175567626953 247.66486358642578 415.0802307128906 247.66486358642578
415.5242614746094 176.96847534179688 477.8030700683594 176.96847534179688 477.8030700683594 246.41714477539062 415.5242614746094 246.41714477539062
413.4146423339844 176.62484741210938 476.3510932922363 176.62484741210938 476.3510932922363 246.06863403320312 413.4146423339844 246.06863403320312
412.7184143066406 177.78855895996094 474.8522415161133 177.78855895996094 474.8522415161133 246.22723388671875 412.7184143066406 246.22723388671875
412.2659606933594 177.2204132080078 476.7243118286133 177.2204132080078 476.7243118286133 245.6274871826172 412.2659606933594 245.6274871826172
412.1123962402344 177.70669555664062 475.2310104370117 177.70669555664062 475.2310104370117 245.68016052246094 412.1123962402344 245.68016052246094
410.4773864746094 175.55337524414062 473.4747009277344 175.55337524414062 473.4747009277344 246.98235321044922 410.4773864746094 246.98235321044922
410.76300048828125 175.602783203125 473.84456634521484 175.602783203125 473.84456634521484 246.7352523803711 410.76300048828125 246.7352523803711
409.401123046875 176.69613647460938 471.0351142883301 176.69613647460938 471.0351142883301 245.66333770751953 409.401123046875 245.66333770751953
410.5433044433594 175.83233642578125 470.6460266113281 175.83233642578125 470.6460266113281 246.20684814453125 410.5433044433594 246.20684814453125
409.1958312988281 174.24630737304688 467.83503341674805 174.24630737304688 467.83503341674805 247.09777069091797 409.1958312988281 247.09777069091797
407.4468078613281 172.57907104492188 465.7047233581543 172.57907104492188 465.7047233581543 246.92735290527344 407.4468078613281 246.92735290527344
408.73065185546875 174.57168579101562 468.85139083862305 174.57168579101562 468.85139083862305 246.57113647460938 408.73065185546875 246.57113647460938
407.99029541015625 175.36123657226562 465.83430099487305 175.36123657226562 465.83430099487305 247.5674819946289 407.99029541015625 247.5674819946289
407.92047119140625 173.74417114257812 464.6285591125488 173.74417114257812 464.6285591125488 246.11457061767578 407.92047119140625 246.11457061767578
405.9796447753906 174.79464721679688 463.2481155395508 174.79464721679688 463.2481155395508 245.87969207763672 405.9796447753906 245.87969207763672
406.2362976074219 176.2464141845703 464.3372116088867 176.2464141845703 464.3372116088867 246.43487548828125 406.2362976074219 246.43487548828125
403.8119812011719 174.7233123779297 462.6577377319336 174.7233123779297 462.6577377319336 244.00503540039062 403.8119812011719 244.00503540039062
403.4637145996094 173.76771545410156 461.5897445678711 173.76771545410156 461.5897445678711 245.96746063232422 403.4637145996094 245.96746063232422
403.74993896484375 174.68557739257812 462.3924865722656 174.68557739257812 462.3924865722656 244.41852569580078 403.74993896484375 244.41852569580078
402.01641845703125 171.94180297851562 458.1676826477051 171.94180297851562 458.1676826477051 242.3655242919922 402.01641845703125 242.3655242919922
402.560546875 171.47830200195312 458.3748779296875 171.47830200195312 458.3748779296875 242.7080841064453 402.560546875 242.7080841064453
400.01129150390625 171.30186462402344 456.5570259094238 171.30186462402344 456.5570259094238 242.0910873413086 400.01129150390625 242.0910873413086
400.33544921875 172.1370391845703 455.97498321533203 172.1370391845703 455.97498321533203 243.14373779296875 400.33544921875 243.14373779296875
399.3797302246094 170.87049865722656 455.07135009765625 170.87049865722656 455.07135009765625 241.94366455078125 399.3797302246094 241.94366455078125
400.6424255371094 172.5245819091797 455.79419708251953 172.5245819091797 455.79419708251953 242.90879821777344 400.6424255371094 242.90879821777344
398.3236999511719 172.45375061035156 452.66656494140625 172.45375061035156 452.66656494140625 241.8056411743164 398.3236999511719 241.8056411743164
399.1473083496094 172.89254760742188 453.01300048828125 172.89254760742188 453.01300048828125 240.00030517578125 399.1473083496094 240.00030517578125
398.2789001464844 173.7100830078125 450.65836334228516 173.7100830078125 450.65836334228516 240.55628204345703 398.2789001464844 240.55628204345703
398.6143798828125 174.75634765625 450.32144927978516 174.75634765625 450.32144927978516 240.7444305419922 398.6143798828125 240.7444305419922
396.57501220703125 174.2242889404297 448.8377914428711 174.2242889404297 448.8377914428711 238.7444076538086 396.57501220703125 238.7444076538086
397.64410400390625 175.28941345214844 448.61621856689453 175.28941345214844 448.61621856689453 240.3395538330078 397.64410400390625 240.3395538330078
394.8304138183594 175.70742797851562 445.4786605834961 175.70742797851562 445.4786605834961 239.12039947509766 394.8304138183594 239.12039947509766
396.68603515625 175.44888305664062 446.35311126708984 175.44888305664062 446.35311126708984 238.83354568481445 396.68603515625 238.83354568481445
395.23956298828125 174.1812286376953 446.0055160522461 174.1812286376953 446.0055160522461 238.96826934814453 395.23956298828125 238.96826934814453
394.21405029296875 174.25823974609375 444.9814682006836 174.25823974609375 444.9814682006836 239.04714965820312 394.21405029296875 239.04714965820312
393.24200439453125 173.97378540039062 444.11963653564453 173.97378540039062 444.11963653564453 238.9033432006836 393.24200439453125 238.9033432006836
393.33258056640625 172.7218017578125 443.81763458251953 172.7218017578125 443.81763458251953 237.15036010742188 393.33258056640625 237.15036010742188
392.8699645996094 171.36732482910156 443.3349151611328 171.36732482910156 443.3349151611328 235.77023315429688 392.8699645996094 235.77023315429688
391.4388732910156 173.8903350830078 442.14985275268555 173.8903350830078 442.14985275268555 237.76195526123047 391.4388732910156 237.76195526123047
391.851318359375 175.0899658203125 441.9892807006836 175.0899658203125 441.9892807006836 239.0755615234375 391.851318359375 239.0755615234375
391.3960876464844 172.69534301757812 441.176815032959 172.69534301757812 441.176815032959 235.5606918334961 391.3960876464844 235.5606918334961
391.2568054199219 174.9217071533203 439.889461517334 174.9217071533203 439.889461517334 236.98624420166016 391.2568054199219 236.98624420166016
388.5345153808594 173.78659057617188 438.0180854797363 173.78659057617188 438.0180854797363 235.77339935302734 388.5345153808594 235.77339935302734
389.027587890625 174.1092987060547 437.9644088745117 174.1092987060547 437.9644088745117 236.56200408935547 389.027587890625 236.56200408935547
387.74688720703125 172.50831604003906 437.0736312866211 172.50831604003906 437.0736312866211 235.4586410522461 387.74688720703125 235.4586410522461
387.7915954589844 172.87496948242188 437.0027160644531 172.87496948242188 437.0027160644531 235.677734375 387.7915954589844 235.677734375
386.5059814453125 169.7955780029297 436.363712310791 169.7955780029297 436.363712310791 233.42354583740234 386.5059814453125 233.42354583740234
386.0044250488281 170.49209594726562 435.3766403198242 170.49209594726562 435.3766403198242 233.50045776367188 386.0044250488281 233.50045776367188
385.8968811035156 172.1339111328125 435.7972946166992 172.1339111328125 435.7972946166992 234.85888671875 385.8968811035156 234.85888671875
386.22113037109375 172.3562774658203 434.5709457397461 172.3562774658203 434.5709457397461 234.05985260009766 386.22113037109375 234.05985260009766
386.0030822753906 171.9809112548828 434.5997543334961 171.9809112548828 434.5997543334961 233.0028533935547 386.0030822753906 233.0028533935547
385.41925048828125 172.94390869140625 432.2014350891113 172.94390869140625 432.2014350891113 232.64689254760742 385.41925048828125 232.64689254760742
385.2164306640625 173.10885620117188 432.41164779663086 173.10885620117188 432.41164779663086 233.33895111083984 385.2164306640625 233.33895111083984
383.23590087890625 172.16830444335938 430.1123695373535 172.16830444335938 430.1123695373535 231.99161529541016 383.23590087890625 231.99161529541016
383.3017272949219 172.66847229003906 429.5847396850586 172.66847229003906 429.5847396850586 231.73441314697266 383.3017272949219 231.73441314697266
382.2186279296875 172.76914978027344 428.26507568359375 172.76914978027344 428.26507568359375 231.53318786621094 382.2186279296875 231.53318786621094
383.917724609375 172.44126892089844 430.7454299926758 172.44126892089844 430.7454299926758 232.20233535766602 383.917724609375 232.20233535766602
383.16851806640625 170.8802947998047 429.3495407104492 170.8802947998047 429.3495407104492 229.81606674194336 383.16851806640625 229.81606674194336
382.7631530761719 173.07461547851562 428.34896087646484 173.07461547851562 428.34896087646484 231.25078201293945 382.7631530761719 231.25078201293945
382.6800842285156 174.41424560546875 427.6050491333008 174.41424560546875 427.6050491333008 231.74705123901367 382.6800842285156 231.74705123901367
381.14825439453125 171.39120483398438 426.3022575378418 171.39120483398438 426.3022575378418 229.01630783081055 381.14825439453125 229.01630783081055
381.0248107910156 170.339599609375 426.0287971496582 170.339599609375 426.0287971496582 227.77325439453125 381.0248107910156 227.77325439453125
380.7032775878906 169.540283203125 426.56519317626953 169.540283203125 426.56519317626953 228.06881713867188 380.7032775878906 228.06881713867188
379.70703125 169.95233154296875 425.7845458984375 169.95233154296875 425.7845458984375 228.75601959228516 379.70703125 228.75601959228516
380.1155700683594 171.15548706054688 425.02819061279297 171.15548706054688 425.02819061279297 228.4725456237793 380.1155700683594 228.4725456237793
378.9584045410156 170.83091735839844 424.4795150756836 170.83091735839844 424.4795150756836 227.65170669555664 378.9584045410156 227.65170669555664
379.34075927734375 170.84315490722656 424.4570121765137 170.84315490722656 424.4570121765137 228.4200897216797 379.34075927734375 228.4200897216797
379.31280517578125 168.7585906982422 423.9294662475586 168.7585906982422 423.9294662475586 225.6979522705078 379.31280517578125 225.6979522705078
377.18292236328125 170.8441925048828 421.4487724304199 170.8441925048828 421.4487724304199 227.33585357666016 377.18292236328125 227.33585357666016
379.1963806152344 171.08680725097656 423.05451583862305 171.08680725097656 423.05451583862305 227.0581512451172 379.1963806152344 227.0581512451172
378.03533935546875 170.3577880859375 421.720890045166 170.3577880859375 421.720890045166 226.10887908935547 378.03533935546875 226.10887908935547
377.1788024902344 169.88970947265625 422.05046463012695 169.88970947265625 422.05046463012695 227.15450286865234 377.1788024902344 227.15450286865234
377.11285400390625 170.6228790283203 421.36297607421875 170.6228790283203 421.36297607421875 227.09446716308594 377.11285400390625 227.09446716308594
375.643310546875 168.78280639648438 420.51195526123047 168.78280639648438 420.51195526123047 226.04374313354492 375.643310546875 226.04374313354492
375.7972412109375 168.71371459960938 420.959716796875 168.71371459960938 420.959716796875 226.3496322631836 375.7972412109375 226.3496322631836
374.82373046875 168.9168243408203 419.35852813720703 168.9168243408203 419.35852813720703 225.75170516967773 374.82373046875 225.75170516967773
373.02923583984375 166.5132598876953 419.4001998901367 166.5132598876953 419.4001998901367 224.66101455688477 373.02923583984375 224.66101455688477
374.77227783203125 168.3366241455078 420.37976455688477 168.3366241455078 420.37976455688477 225.93257904052734 374.77227783203125 225.93257904052734
373.89794921875 166.48703002929688 420.1889190673828 166.48703002929688 420.1889190673828 225.5631103515625 373.89794921875 225.5631103515625
373.73883056640625 164.27963256835938 421.2555923461914 164.27963256835938 421.2555923461914 223.973388671875 373.73883056640625 223.973388671875
371.99951171875 167.04554748535156 420.36348724365234 167.04554748535156 420.36348724365234 225.10022354125977 371.99951171875 225.10022354125977
370.48297119140625 166.9820098876953 418.8431396484375 166.9820098876953 418.8431396484375 224.8847999572754 370.48297119140625 224.8847999572754
371.20074462890625 164.833740234375 418.7713432312012 164.833740234375 418.7713432312012 224.4878921508789 371.20074462890625 224.4878921508789
369.48382568359375 165.45260620117188 416.9558334350586 165.45260620117188 416.9558334350586 224.19302368164062 369.48382568359375 224.19302368164062
370.1150817871094 165.09054565429688 416.34278869628906 165.09054565429688 416.34278869628906 223.5031852722168 370.1150817871094 223.5031852722168
370.36029052734375 166.68374633789062 415.4274024963379 166.68374633789062 415.4274024963379 224.19794845581055 370.36029052734375 224.19794845581055
369.5496826171875 163.3875274658203 415.2678108215332 163.3875274658203 415.2678108215332 221.73254776000977 369.5496826171875 221.73254776000977
367.7826843261719 164.98983764648438 413.4589157104492 164.98983764648438 413.4589157104492 223.28139114379883 367.7826843261719 223.28139114379883
368.67669677734375 164.81036376953125 413.61974334716797 164.81036376953125 413.61974334716797 222.1662368774414 368.67669677734375 222.1662368774414
368.30712890625 165.62582397460938 412.8156433105469 165.62582397460938 412.8156433105469 221.5570068359375 368.30712890625 221.5570068359375
368.1620178222656 165.10342407226562 413.3103713989258 165.10342407226562 413.3103713989258 222.0472526550293 368.1620178222656 222.0472526550293
368.1289978027344 165.08432006835938 413.20645904541016 165.08432006835938 413.20645904541016 222.61173248291016 368.1289978027344 222.61173248291016
366.18621826171875 163.1903533935547 411.08467864990234 163.1903533935547 411.08467864990234 220.48932647705078 366.18621826171875 220.48932647705078
365.9841003417969 164.21475219726562 411.1207809448242 164.21475219726562 411.1207809448242 219.76309204101562 365.9841003417969 219.76309204101562
364.9082946777344 162.64332580566406 408.91973876953125 162.64332580566406 408.91973876953125 218.22486114501953 364.9082946777344 218.22486114501953
365.0130615234375 165.28427124023438 408.88877868652344 165.28427124023438 408.88877868652344 220.45796585083008 365.0130615234375 220.45796585083008
364.8030700683594 162.1853485107422 407.7455711364746 162.1853485107422 407.7455711364746 216.9881362915039 364.8030700683594 216.9881362915039
364.8645935058594 163.5861358642578 408.45952224731445 163.5861358642578 408.45952224731445 219.22154235839844 364.8645935058594 219.22154235839844
363.39691162109375 161.5181427001953 407.57316970825195 161.5181427001953 407.57316970825195 217.2699966430664 363.39691162109375 217.2699966430664
364.3963623046875 161.77816772460938 408.85025787353516 161.77816772460938 408.85025787353516 218.50977325439453 364.3963623046875 218.50977325439453
361.339599609375 159.47427368164062 405.97652435302734 159.47427368164062 405.97652435302734 215.95600128173828 361.339599609375 215.95600128173828
362.271240234375 161.0646209716797 406.82250213623047 161.0646209716797 406.82250213623047 216.70569610595703 362.271240234375 216.70569610595703
360.91522216796875 162.8291015625 405.092227935791 162.8291015625 405.092227935791 217.55420684814453 360.91522216796875 217.55420684814453
360.54840087890625 164.44931030273438 405.8530044555664 164.44931030273438 405.8530044555664 218.24736785888672 360.54840087890625 218.24736785888672
361.78472900390625 161.58633422851562 406.21077728271484 161.58633422851562 406.21077728271484 216.83120727539062 361.78472900390625 216.83120727539062
360.1173400878906 162.5867919921875 404.565486907959 162.5867919921875 404.565486907959 216.8538932800293 360.1173400878906 216.8538932800293
360.47760009765625 160.9388885498047 404.0304183959961 160.9388885498047 404.0304183959961 215.6933135986328 360.47760009765625 215.6933135986328
359.3368835449219 162.53900146484375 402.17565155029297 162.53900146484375 402.17565155029297 216.26839447021484 359.3368835449219 216.26839447021484
359.80859375 162.02877807617188 402.94103240966797 162.02877807617188 402.94103240966797 215.33955764770508 359.80859375 215.33955764770508
357.4728088378906 162.50851440429688 401.62303161621094 162.50851440429688 401.62303161621094 215.09432220458984 357.4728088378906 215.09432220458984
358.21636962890625 161.76199340820312 401.4199752807617 161.76199340820312 401.4199752807617 215.31734466552734 358.21636962890625 215.31734466552734
357.11090087890625 160.50831604003906 400.97319412231445 160.50831604003906 400.97319412231445 214.11534881591797 357.11090087890625 214.11534881591797
356.9129943847656 160.29763793945312 400.42589950561523 160.29763793945312 400.42589950561523 212.21038055419922 356.9129943847656 212.21038055419922
357.23150634765625 161.0037384033203 399.39888763427734 161.0037384033203 399.39888763427734 213.42826080322266 357.23150634765625 213.42826080322266
355.5736389160156 160.55722045898438 398.00402069091797 160.55722045898438 398.00402069091797 211.43918991088867 355.5736389160156 211.43918991088867
355.90533447265625 161.54537963867188 397.89030838012695 161.54537963867188 397.89030838012695 212.6314697265625 355.90533447265625 212.6314697265625
356.30743408203125 161.98324584960938 397.16710662841797 161.98324584960938 397.16710662841797 212.29206466674805 356.30743408203125 212.29206466674805
355.85345458984375 161.9390411376953 396.89984130859375 161.9390411376953 396.89984130859375 212.51805877685547 355.85345458984375 212.51805877685547
356.1476745605469 161.94638061523438 395.89094161987305 161.94638061523438 395.89094161987305 211.5059814453125 356.1476745605469 211.5059814453125
353.70001220703125 163.59405517578125 394.44216537475586 163.59405517578125 394.44216537475586 211.90281677246094 353.70001220703125 211.90281677246094
354.0049743652344 161.4676971435547 394.5913505554199 161.4676971435547 394.5913505554199 210.99489212036133 354.0049743652344 210.99489212036133
353.2409973144531 161.29139709472656 393.50324630737305 161.29139709472656 393.50324630737305 209.8496437072754 353.2409973144531 209.8496437072754
353.1332092285156 159.8026123046875 393.6518783569336 159.8026123046875 393.6518783569336 209.50031280517578 353.1332092285156 209.50031280517578
353.3541259765625 159.79869079589844 393.46257400512695 159.79869079589844 393.46257400512695 210.0765495300293 353.3541259765625 210.0765495300293
353.17034912109375 159.30908203125 392.9575004577637 159.30908203125 392.9575004577637 209.58472061157227 353.17034912109375 209.58472061157227
353.26458740234375 159.88796997070312 393.3779754638672 159.88796997070312 393.3779754638672 209.57946014404297 353.26458740234375 209.57946014404297
351.49072265625 159.57513427734375 392.52294540405273 159.57513427734375 392.52294540405273 208.34565353393555 351.49072265625 208.34565353393555
351.91986083984375 159.0595703125 392.8672409057617 159.0595703125 392.8672409057617 208.3958396911621 351.91986083984375 208.3958396911621
350.90106201171875 159.7623291015625 391.7710609436035 159.7623291015625 391.7710609436035 208.06685638427734 350.90106201171875 208.06685638427734
351.98162841796875 160.1051025390625 392.0241584777832 160.1051025390625 392.0241584777832 210.05202865600586 351.98162841796875 210.05202865600586
349.7873840332031 159.17156982421875 390.1794776916504 159.17156982421875 390.1794776916504 208.1623306274414 349.7873840332031 208.1623306274414
348.4875793457031 157.53050231933594 389.3592872619629 157.53050231933594 389.3592872619629 207.48880767822266 348.4875793457031 207.48880767822266
350.03369140625 156.94793701171875 390.7635078430176 156.94793701171875 390.7635078430176 207.9763946533203 350.03369140625 207.9763946533203
349.087646484375 158.28077697753906 389.74478912353516 158.28077697753906 389.74478912353516 208.46651458740234 349.087646484375 208.46651458740234
349.771728515625 157.19166564941406 390.79229736328125 157.19166564941406 390.79229736328125 208.17120742797852 349.771728515625 208.17120742797852
347.8817443847656 157.6398468017578 388.25885009765625 157.6398468017578 388.25885009765625 207.48372268676758 347.8817443847656 207.48372268676758
347.9453125 156.84036254882812 388.13318634033203 156.84036254882812 388.13318634033203 206.83333587646484 347.9453125 206.83333587646484
347.6529541015625 157.79598999023438 388.3302764892578 157.79598999023438 388.3302764892578 208.28239822387695 347.6529541015625 208.28239822387695
346.23638916015625 156.4981231689453 386.85934829711914 156.4981231689453 386.85934829711914 206.2844467163086 346.23638916015625 206.2844467163086
347.5642395019531 156.628173828125 388.5120964050293 156.628173828125 388.5120964050293 208.38479614257812 347.5642395019531 208.38479614257812
346.3768005371094 156.79002380371094 386.854679107666 156.79002380371094 386.854679107666 206.39897918701172 346.3768005371094 206.39897918701172
346.16766357421875 156.0034637451172 386.6453094482422 156.0034637451172 386.6453094482422 206.86737823486328 346.16766357421875 206.86737823486328
344.5555419921875 157.01980590820312 384.621883392334 157.01980590820312 384.621883392334 205.6980857849121 344.5555419921875 205.6980857849121
345.74127197265625 156.1282501220703 386.16347885131836 156.1282501220703 386.16347885131836 204.8206672668457 345.74127197265625 204.8206672668457
344.1886901855469 157.28599548339844 383.97240447998047 157.28599548339844 383.97240447998047 205.36556243896484 344.1886901855469 205.36556243896484
345.35369873046875 146.62765502929688 384.9104461669922 146.62765502929688 384.9104461669922 197.1095733642578 345.35369873046875 197.1095733642578
346.044921875 134.9507293701172 385.0557174682617 134.9507293701172 385.0557174682617 184.73591995239258 346.044921875 184.73591995239258
343.9063415527344 115.8250503540039 382.2902183532715 115.8250503540039 382.2902183532715 162.89445877075195 343.9063415527344 162.89445877075195
344.40093994140625 114.79681396484375 381.9938774108887 114.79681396484375 381.9938774108887 162.03734588623047 344.40093994140625 162.03734588623047
343.4498291015625 115.02641296386719 381.28227615356445 115.02641296386719 381.28227615356445 161.89959335327148 343.4498291015625 161.89959335327148
344.04949951171875 115.45072937011719 381.5061721801758 115.45072937011719 381.5061721801758 162.17241668701172 344.04949951171875 162.17241668701172
340.4185485839844 113.152587890625 377.7282257080078 113.152587890625 377.7282257080078 160.27436065673828 340.4185485839844 160.27436065673828
342.44915771484375 114.7776870727539 379.5308494567871 114.7776870727539 379.5308494567871 161.38797760009766 342.44915771484375 161.38797760009766
341.87603759765625 113.49363708496094 378.42115783691406 113.49363708496094 378.42115783691406 160.1321563720703 341.87603759765625 160.1321563720703
341.6370544433594 114.76179504394531 378.4460983276367 114.76179504394531 378.4460983276367 160.34435272216797 341.6370544433594 160.34435272216797
340.2947082519531 114.4426040649414 377.4418487548828 114.4426040649414 377.4418487548828 161.17762756347656 340.2947082519531 161.17762756347656
339.91546630859375 113.09446716308594 377.33898162841797 113.09446716308594 377.33898162841797 160.35781860351562 339.91546630859375 160.35781860351562
339.37933349609375 113.6500473022461 377.41132736206055 113.6500473022461 377.41132736206055 160.1536407470703 339.37933349609375 160.1536407470703
339.0782470703125 114.05366516113281 376.15532302856445 114.05366516113281 376.15532302856445 159.96916961669922 339.0782470703125 159.96916961669922
339.0455322265625 113.46028137207031 377.0389213562012 113.46028137207031 377.0389213562012 161.15413665771484 339.0455322265625 161.15413665771484
338.60699462890625 111.5076675415039 376.6417999267578 111.5076675415039 376.6417999267578 159.37937545776367 338.60699462890625 159.37937545776367
337.7408752441406 111.75370025634766 377.0828399658203 111.75370025634766 377.0828399658203 159.54307556152344 337.7408752441406 159.54307556152344
336.8804931640625 111.0785903930664 375.69275665283203 111.0785903930664 375.69275665283203 159.1202735900879 336.8804931640625 159.1202735900879
337.0701904296875 110.34025573730469 376.6013488769531 110.34025573730469 376.6013488769531 158.36096954345703 337.0701904296875 158.36096954345703
335.75592041015625 111.25337219238281 375.6690216064453 111.25337219238281 375.6690216064453 158.6073455810547 335.75592041015625 158.6073455810547
335.47784423828125 110.94537353515625 374.3129081726074 110.94537353515625 374.3129081726074 158.35944366455078 335.47784423828125 158.35944366455078
334.596923828125 110.91169738769531 373.55439376831055 110.91169738769531 373.55439376831055 156.6227035522461 334.596923828125 156.6227035522461
335.04876708984375 110.0280990600586 373.35009002685547 110.0280990600586 373.35009002685547 156.4712905883789 335.04876708984375 156.4712905883789
334.2109375 110.83011627197266 372.86302947998047 110.83011627197266 372.86302947998047 156.33554077148438 334.2109375 156.33554077148438
334.72711181640625 109.3453598022461 373.12232208251953 109.3453598022461 373.12232208251953 155.9956512451172 334.72711181640625 155.9956512451172
334.5947265625 110.20013427734375 372.96184158325195 110.20013427734375 372.96184158325195 157.29339218139648 334.5947265625 157.29339218139648
334.5460205078125 108.8045654296875 372.3718070983887 108.8045654296875 372.3718070983887 156.20369338989258 334.5460205078125 156.20369338989258
335.815185546875 110.1809310913086 373.2038993835449 110.1809310913086 373.2038993835449 156.90151977539062 335.815185546875 156.90151977539062
334.0204162597656 109.8911361694336 372.20426177978516 109.8911361694336 372.20426177978516 155.98014068603516 334.0204162597656 155.98014068603516
333.31842041015625 108.85200500488281 372.03588104248047 108.85200500488281 372.03588104248047 155.17314910888672 333.31842041015625 155.17314910888672
331.71258544921875 108.90926361083984 369.9870376586914 108.90926361083984 369.9870376586914 155.13129043579102 331.71258544921875 155.13129043579102
332.0705261230469 108.62579345703125 370.45326232910156 108.62579345703125 370.45326232910156 153.81095123291016 332.0705261230469 153.81095123291016
332.5992126464844 107.4969711303711 370.10982513427734 107.4969711303711 370.10982513427734 153.6199493408203 332.5992126464844 153.6199493408203
332.8414611816406 109.0576400756836 370.4703598022461 109.0576400756836 370.4703598022461 154.7755241394043 332.8414611816406 154.7755241394043
331.6728515625 108.83598327636719 368.01383209228516 108.83598327636719 368.01383209228516 154.1978645324707 331.6728515625 154.1978645324707
331.6860046386719 107.72453308105469 368.417293548584 107.72453308105469 368.417293548584 153.02237701416016 331.6860046386719 153.02237701416016
331.67242431640625 108.7946548461914 368.64801025390625 108.7946548461914 368.64801025390625 154.70411682128906 331.67242431640625 154.70411682128906
330.55804443359375 107.13679504394531 368.21843338012695 107.13679504394531 368.21843338012695 152.14720153808594 330.55804443359375 152.14720153808594
330.59527587890625 107.74272155761719 367.59903717041016 107.74272155761719 367.59903717041016 152.7504425048828 330.59527587890625 152.7504425048828
330.7713928222656 107.65975189208984 367.20044708251953 107.65975189208984 367.20044708251953 152.4368133544922 330.7713928222656 152.4368133544922
329.7149963378906 109.03681945800781 365.4574661254883 109.03681945800781 365.4574661254883 152.7941017150879 329.7149963378906 152.7941017150879
330.09783935546875 108.8985824584961 366.2116165161133 108.8985824584961 366.2116165161133 153.85651779174805 330.09783935546875 153.85651779174805
330.4849853515625 108.08537292480469 366.6918716430664 108.08537292480469 366.6918716430664 154.29223251342773 330.4849853515625 154.29223251342773
329.2387390136719 108.0159912109375 365.8685722351074 108.0159912109375 365.8685722351074 153.30944061279297 329.2387390136719 153.30944061279297
329.9658203125 107.12117004394531 365.57951736450195 107.12117004394531 365.57951736450195 152.57100296020508 329.9658203125 152.57100296020508
329.9166564941406 107.1582260131836 365.7889175415039 107.1582260131836 365.7889175415039 152.9380340576172 329.9166564941406 152.9380340576172
329.34130859375 106.20561218261719 365.3292808532715 106.20561218261719 365.3292808532715 151.95259475708008 329.34130859375 151.95259475708008
328.58905029296875 106.79661560058594 364.37793731689453 106.79661560058594 364.37793731689453 152.23913192749023 328.58905029296875 152.23913192749023
329.6949768066406 107.81559753417969 366.59771728515625 107.81559753417969 366.59771728515625 154.17470169067383 329.6949768066406 154.17470169067383
328.2249450683594 106.1195297241211 364.89645767211914 106.1195297241211 364.89645767211914 151.88970947265625 328.2249450683594 151.88970947265625
327.65313720703125 105.4485092163086 364.1327590942383 105.4485092163086 364.1327590942383 152.00343704223633 327.65313720703125 152.00343704223633
327.5343933105469 106.70597076416016 363.7772102355957 106.70597076416016 363.7772102355957 151.9499626159668 327.5343933105469 151.9499626159668
329.177490234375 113.06477355957031 365.9589157104492 113.06477355957031 365.9589157104492 160.0048599243164 329.177490234375 160.0048599243164
328.70928955078125 129.0583038330078 366.2758979797363 129.0583038330078 366.2758979797363 177.00043487548828 328.70928955078125 177.00043487548828
329.1759338378906 143.7078094482422 366.3999137878418 143.7078094482422 366.3999137878418 191.21268463134766 329.1759338378906 191.21268463134766
328.4997253417969 158.26217651367188 366.0158348083496 158.26217651367188 366.0158348083496 206.13986587524414 328.4997253417969 206.13986587524414
327.8562927246094 171.9534912109375 365.6838912963867 171.9534912109375 365.6838912963867 220.22870254516602 327.8562927246094 220.22870254516602
328.79742431640625 186.85440063476562 366.8292694091797 186.85440063476562 366.8292694091797 235.05545806884766 328.79742431640625 235.05545806884766
328.087646484375 199.85678100585938 366.1453437805176 199.85678100585938 366.1453437805176 248.90758895874023 328.087646484375 248.90758895874023
326.92279052734375 195.8324432373047 365.0370635986328 195.8324432373047 365.0370635986328 243.7593765258789 326.92279052734375 243.7593765258789
327.86859130859375 195.4683380126953 366.42409896850586 195.4683380126953 366.42409896850586 244.67250061035156 327.86859130859375 244.67250061035156
326.1846008300781 197.07644653320312 363.53239822387695 197.07644653320312 363.53239822387695 243.85924530029297 326.1846008300781 243.85924530029297
324.5802917480469 198.17320251464844 362.63208770751953 198.17320251464844 362.63208770751953 242.34027481079102 324.5802917480469 242.34027481079102
326.9456787109375 197.03509521484375 364.04145431518555 197.03509521484375 364.04145431518555 243.30601501464844 326.9456787109375 243.30601501464844
325.7959899902344 198.6495361328125 362.58612060546875 198.6495361328125 362.58612060546875 242.07084274291992 325.7959899902344 242.07084274291992
325.23724365234375 199.98233032226562 361.51897048950195 199.98233032226562 361.51897048950195 241.87510681152344 325.23724365234375 241.87510681152344
325.76055908203125 197.16073608398438 361.5220260620117 197.16073608398438 361.5220260620117 241.11860275268555 325.76055908203125 241.11860275268555
325.5218200683594 199.4795379638672 360.68427658081055 199.4795379638672 360.68427658081055 240.51511001586914 325.5218200683594 240.51511001586914
327.2242736816406 200.71743774414062 362.1719741821289 200.71743774414062 362.1719741821289 243.08950805664062 327.2242736816406 243.08950805664062
325.1858825683594 199.01748657226562 360.35977935791016 199.01748657226562 360.35977935791016 242.02654266357422 325.1858825683594 242.02654266357422
326.2916564941406 199.0582733154297 362.0716896057129 199.0582733154297 362.0716896057129 241.8246841430664 326.2916564941406 241.8246841430664
323.7096862792969 199.54751586914062 359.4621925354004 199.54751586914062 359.4621925354004 240.91876983642578 323.7096862792969 240.91876983642578
325.4150390625 197.75668334960938 359.8167266845703 197.75668334960938 359.8167266845703 241.65977096557617 325.4150390625 241.65977096557617
324.2737731933594 198.64511108398438 359.28832244873047 198.64511108398438 359.28832244873047 241.29015350341797 324.2737731933594 241.29015350341797
322.6559143066406 198.660400390625 358.760196685791 198.660400390625 358.760196685791 240.11267852783203 322.6559143066406 240.11267852783203
324.27667236328125 195.9664764404297 359.3457679748535 195.9664764404297 359.3457679748535 240.72129821777344 324.27667236328125 240.72129821777344
322.51763916015625 196.82508850097656 358.2185745239258 196.82508850097656 358.2185745239258 239.83455657958984 322.51763916015625 239.83455657958984
323.823486328125 196.99374389648438 359.0075149536133 196.99374389648438 359.0075149536133 240.88553619384766 323.823486328125 240.88553619384766
322.9436340332031 197.5889892578125 358.303524017334 197.5889892578125 358.303524017334 240.24026489257812 322.9436340332031 240.24026489257812
322.1448059082031 197.39747619628906 358.11597442626953 197.39747619628906 358.11597442626953 239.9718360900879 322.1448059082031 239.9718360900879
323.78424072265625 196.60824584960938 358.6398391723633 196.60824584960938 358.6398391723633 241.0905990600586 323.78424072265625 241.0905990600586
322.435302734375 194.60800170898438 357.21422576904297 194.60800170898438 357.21422576904297 238.99250030517578 322.435302734375 238.99250030517578
321.085693359375 196.512939453125 355.79068756103516 196.512939453125 355.79068756103516 240.1783905029297 321.085693359375 240.1783905029297
321.0642395019531 194.9076385498047 356.4760208129883 194.9076385498047 356.4760208129883 238.75909042358398 321.0642395019531 238.75909042358398
321.9414978027344 194.7978057861328 356.97876358032227 194.7978057861328 356.97876358032227 238.58607482910156 321.9414978027344 238.58607482910156
320.1957092285156 195.1662139892578 355.1623001098633 195.1662139892578 355.1623001098633 239.32108688354492 320.1957092285156 239.32108688354492
320.8946228027344 195.01416015625 356.4688034057617 195.01416015625 356.4688034057617 238.7602767944336 320.8946228027344 238.7602767944336
319.3081359863281 195.095947265625 354.54988861083984 195.095947265625 354.54988861083984 237.0312614440918 319.3081359863281 237.0312614440918
320.1938171386719 195.54995727539062 354.6846351623535 195.54995727539062 354.6846351623535 238.77704620361328 320.1938171386719 238.77704620361328
320.17352294921875 196.01541137695312 354.44681549072266 196.01541137695312 354.44681549072266 238.54669189453125 320.17352294921875 238.54669189453125
319.41375732421875 194.13946533203125 353.60233306884766 194.13946533203125 353.60233306884766 237.77056503295898 319.41375732421875 237.77056503295898
318.2069091796875 194.02676391601562 352.9305953979492 194.02676391601562 352.9305953979492 237.24370956420898 318.2069091796875 237.24370956420898
316.88555908203125 194.3934783935547 351.8968200683594 194.3934783935547 351.8968200683594 236.3653450012207 316.88555908203125 236.3653450012207
318.27740478515625 193.06692504882812 352.677921295166 193.06692504882812 352.677921295166 236.968505859375 318.27740478515625 236.968505859375
317.84527587890625 193.7412872314453 353.2675247192383 193.7412872314453 353.2675247192383 237.2834243774414 317.84527587890625 237.2834243774414
317.2667236328125 193.8302001953125 352.2472953796387 193.8302001953125 352.2472953796387 236.66996383666992 317.2667236328125 236.66996383666992
316.19183349609375 195.4369354248047 352.5448532104492 195.4369354248047 352.5448532104492 236.58162689208984 316.19183349609375 236.58162689208984
