564.0 187.0 602.0 187.0 602.0 332.0 564.0 332.0
560.9757080078125 189.50869750976562 599.4380111694336 189.50869750976562 599.4380111694336 334.753662109375 560.9757080078125 334.753662109375
558.4102783203125 188.36817932128906 596.6782493591309 188.36817932128906 596.6782493591309 334.3907165527344 558.4102783203125 334.3907165527344
556.509765625 182.12698364257812 594.9299583435059 182.12698364257812 594.9299583435059 328.73036193847656 556.509765625 328.73036193847656
551.0191650390625 184.7095947265625 591.1090698242188 184.7095947265625 591.1090698242188 328.5299377441406 551.0191650390625 328.5299377441406
545.8494873046875 182.0771942138672 586.6802444458008 182.0771942138672 586.6802444458008 318.2747344970703 545.8494873046875 318.2747344970703
542.3744506835938 184.7464599609375 582.980152130127 184.7464599609375 582.980152130127 318.672119140625 542.3744506835938 318.672119140625
538.052490234375 174.8828887939453 576.9389190673828 174.8828887939453 576.9389190673828 309.3324890136719 538.052490234375 309.3324890136719
535.3167724609375 171.5178680419922 573.6529312133789 171.5178680419922 573.6529312133789 313.31044006347656 535.3167724609375 313.31044006347656
528.8284912109375 168.54159545898438 566.6981887817383 168.54159545898438 566.6981887817383 309.8104705810547 528.8284912109375 309.8104705810547
518.0960693359375 174.71841430664062 555.5393180847168 174.71841430664062 555.5393180847168 315.8125762939453 518.0960693359375 315.8125762939453
513.4896240234375 174.8320770263672 551.3294677734375 174.8320770263672 551.3294677734375 312.2685241699219 513.4896240234375 312.2685241699219
513.4699096679688 174.0334014892578 550.5777549743652 174.0334014892578 550.5777549743652 312.57232666015625 513.4699096679688 312.57232666015625
511.76708984375 173.5415802001953 549.1447563171387 173.5415802001953 549.1447563171387 312.5989227294922 511.76708984375 312.5989227294922
511.86895751953125 174.77508544921875 549.1891403198242 174.77508544921875 549.1891403198242 317.1810607910156 511.86895751953125 317.1810607910156
510.6922912597656 175.43077087402344 548.4795188903809 175.43077087402344 548.4795188903809 319.61888122558594 510.6922912597656 319.61888122558594
506.08135986328125 172.04959106445312 544.0978584289551 172.04959106445312 544.0978584289551 317.11253356933594 506.08135986328125 317.11253356933594
502.5685119628906 166.75765991210938 540.6017913818359 166.75765991210938 540.6017913818359 311.8846435546875 502.5685119628906 311.8846435546875
498.5843811035156 167.10427856445312 536.4521980285645 167.10427856445312 536.4521980285645 311.5998992919922 498.5843811035156 311.5998992919922
496.0384826660156 172.93809509277344 535.1022071838379 172.93809509277344 535.1022071838379 312.4255828857422 496.0384826660156 312.4255828857422
492.25750732421875 174.1988983154297 530.3772964477539 174.1988983154297 530.3772964477539 312.9082794189453 492.25750732421875 312.9082794189453
490.617431640625 174.53579711914062 529.3928718566895 174.53579711914062 529.3928718566895 312.46728515625 490.617431640625 312.46728515625
488.689697265625 169.66612243652344 527.266429901123 169.66612243652344 527.266429901123 309.7342834472656 488.689697265625 309.7342834472656
487.1407775878906 168.69369506835938 525.224967956543 168.69369506835938 525.224967956543 310.52061462402344 487.1407775878906 310.52061462402344
481.29827880859375 162.6761016845703 519.9516906738281 162.6761016845703 519.9516906738281 310.1694030761719 481.29827880859375 310.1694030761719
475.75689697265625 159.32000732421875 514.4092483520508 159.32000732421875 514.4092483520508 306.80926513671875 475.75689697265625 306.80926513671875
467.7364807128906 165.0537872314453 506.35040283203125 165.0537872314453 506.35040283203125 301.37115478515625 467.7364807128906 301.37115478515625
465.25286865234375 160.33322143554688 499.6706008911133 160.33322143554688 499.6706008911133 295.75 465.25286865234375 295.75
465.52667236328125 160.32492065429688 498.67418670654297 160.32492065429688 498.67418670654297 294.2408447265625 465.52667236328125 294.2408447265625
461.02618408203125 154.4578857421875 495.35926055908203 154.4578857421875 495.35926055908203 291.23785400390625 461.02618408203125 291.23785400390625
461.243896484375 155.23348999023438 495.35055923461914 155.23348999023438 495.35055923461914 289.17649841308594 461.243896484375 289.17649841308594
455.5314025878906 155.97315979003906 492.8409538269043 155.97315979003906 492.8409538269043 289.820556640625 455.5314025878906 289.820556640625
455.36639404296875 154.3440399169922 492.48795318603516 154.3440399169922 492.48795318603516 291.1208038330078 455.36639404296875 291.1208038330078
451.0228576660156 153.49215698242188 487.6004829406738 153.49215698242188 487.6004829406738 291.62451171875 451.0228576660156 291.62451171875
448.33935546875 154.19517517089844 485.8547592163086 154.19517517089844 485.8547592163086 290.96324157714844 448.33935546875 290.96324157714844
443.8829040527344 149.4098358154297 480.70923614501953 149.4098358154297 480.70923614501953 289.931396484375 443.8829040527344 289.931396484375
441.29620361328125 152.64317321777344 478.2161178588867 152.64317321777344 478.2161178588867 295.0494079589844 441.29620361328125 295.0494079589844
436.62115478515625 156.45132446289062 473.2747573852539 156.45132446289062 473.2747573852539 296.3137512207031 436.62115478515625 296.3137512207031
435.20062255859375 153.86355590820312 472.84024810791016 153.86355590820312 472.84024810791016 297.4884338378906 435.20062255859375 297.4884338378906
431.9559020996094 152.016357421875 469.2989158630371 152.016357421875 469.2989158630371 294.5094299316406 431.9559020996094 294.5094299316406
424.34130859375 146.75784301757812 461.31848907470703 146.75784301757812 461.31848907470703 287.85498046875 424.34130859375 287.85498046875
422.3238830566406 144.4149627685547 458.2452087402344 144.4149627685547 458.2452087402344 286.78431701660156 422.3238830566406 286.78431701660156
420.459716796875 142.2420196533203 456.20122146606445 142.2420196533203 456.20122146606445 285.07432556152344 420.459716796875 285.07432556152344
418.2821350097656 141.5197296142578 454.56941986083984 141.5197296142578 454.56941986083984 282.92698669433594 418.2821350097656 282.92698669433594
419.3456115722656 142.753662109375 455.6160469055176 142.753662109375 455.6160469055176 281.15399169921875 419.3456115722656 281.15399169921875
405.41143798828125 134.91786193847656 441.4694709777832 134.91786193847656 441.4694709777832 272.50770568847656 405.41143798828125 272.50770568847656
403.09344482421875 139.74716186523438 439.3764305114746 139.74716186523438 439.3764305114746 278.1953887939453 403.09344482421875 278.1953887939453
399.16253662109375 135.6803436279297 435.9449234008789 135.6803436279297 435.9449234008789 276.03416442871094 399.16253662109375 276.03416442871094
396.87896728515625 142.6712188720703 433.96032333374023 142.6712188720703 433.96032333374023 284.1658477783203 396.87896728515625 284.1658477783203
389.6695251464844 141.35781860351562 425.1094741821289 141.35781860351562 425.1094741821289 278.19395446777344 389.6695251464844 278.19395446777344
385.32965087890625 141.39205932617188 420.6568374633789 141.39205932617188 420.6568374633789 277.9412841796875 385.32965087890625 277.9412841796875
384.6728515625 139.87960815429688 419.9787292480469 139.87960815429688 419.9787292480469 276.87989807128906 384.6728515625 276.87989807128906
381.501953125 136.76373291015625 418.11526107788086 136.76373291015625 418.11526107788086 270.13783264160156 381.501953125 270.13783264160156
379.1839294433594 138.39956665039062 415.2611389160156 138.39956665039062 415.2611389160156 270.51185607910156 379.1839294433594 270.51185607910156
376.4559020996094 136.71957397460938 412.37498474121094 136.71957397460938 412.37498474121094 264.6778030395508 376.4559020996094 264.6778030395508
374.77850341796875 132.922607421875 409.4480514526367 132.922607421875 409.4480514526367 259.7423324584961 374.77850341796875 259.7423324584961
372.3259582519531 127.73983001708984 408.5604362487793 127.73983001708984 408.5604362487793 259.19532012939453 372.3259582519531 259.19532012939453
368.94390869140625 127.40910339355469 405.5154914855957 127.40910339355469 405.5154914855957 260.1197967529297 368.94390869140625 260.1197967529297
367.14862060546875 125.67118835449219 404.7671127319336 125.67118835449219 404.7671127319336 261.4522399902344 367.14862060546875 261.4522399902344
365.7445373535156 126.0398941040039 403.1230049133301 126.0398941040039 403.1230049133301 260.7198715209961 365.7445373535156 260.7198715209961
357.26226806640625 123.8501205444336 394.2758255004883 123.8501205444336 394.2758255004883 262.3193588256836 357.26226806640625 262.3193588256836
352.59466552734375 123.06856536865234 389.2646598815918 123.06856536865234 389.2646598815918 258.8409957885742 352.59466552734375 258.8409957885742
351.3076171875 125.8176498413086 387.0880813598633 125.8176498413086 387.0880813598633 259.2377395629883 351.3076171875 259.2377395629883
349.89556884765625 126.87513732910156 385.3389205932617 126.87513732910156 385.3389205932617 256.9651336669922 349.89556884765625 256.9651336669922
347.0567321777344 125.4052505493164 383.4070816040039 125.4052505493164 383.4070816040039 258.0182571411133 347.0567321777344 258.0182571411133
345.3175354003906 124.7899398803711 381.9673614501953 124.7899398803711 381.9673614501953 254.81781768798828 345.3175354003906 254.81781768798828
344.1530456542969 124.26823425292969 380.0299606323242 124.26823425292969 380.0299606323242 256.20008850097656 344.1530456542969 256.20008850097656
341.8516540527344 123.6180419921875 377.9991264343262 123.6180419921875 377.9991264343262 253.0946502685547 341.8516540527344 253.0946502685547
338.94439697265625 122.1002426147461 372.15849685668945 122.1002426147461 372.15849685668945 247.18824005126953 338.94439697265625 247.18824005126953
338.9371643066406 119.1328353881836 371.8202133178711 119.1328353881836 371.8202133178711 245.12217712402344 338.9371643066406 245.12217712402344
336.5505676269531 115.9229736328125 370.3984184265137 115.9229736328125 370.3984184265137 243.0729217529297 336.5505676269531 243.0729217529297
335.27227783203125 116.4275131225586 369.92650604248047 116.4275131225586 369.92650604248047 245.46837615966797 335.27227783203125 245.46837615966797
333.66754150390625 116.53177642822266 368.1472282409668 116.53177642822266 368.1472282409668 246.16739654541016 333.66754150390625 246.16739654541016
332.2760009765625 115.58662414550781 366.591064453125 115.58662414550781 366.591064453125 246.52560424804688 332.2760009765625 246.52560424804688
331.3768005371094 116.0833511352539 366.17806243896484 116.0833511352539 366.17806243896484 248.87755584716797 331.3768005371094 248.87755584716797
327.0538024902344 114.58882904052734 361.7159843444824 114.58882904052734 361.7159843444824 246.85233306884766 327.0538024902344 246.85233306884766
324.31146240234375 115.80606842041016 358.30079650878906 115.80606842041016 358.30079650878906 245.50214385986328 324.31146240234375 245.50214385986328
320.24139404296875 114.9532470703125 354.677677154541 114.9532470703125 354.677677154541 244.87677001953125 320.24139404296875 244.87677001953125
319.55230712890625 112.79731750488281 353.7067985534668 112.79731750488281 353.7067985534668 242.49615478515625 319.55230712890625 242.49615478515625
318.0929260253906 116.0939712524414 351.82274627685547 116.0939712524414 351.82274627685547 245.06903839111328 318.0929260253906 245.06903839111328
316.49322509765625 115.44764709472656 350.28697204589844 115.44764709472656 350.28697204589844 243.87916564941406 316.49322509765625 243.87916564941406
315.99981689453125 113.66983795166016 350.1535339355469 113.66983795166016 350.1535339355469 244.08081817626953 315.99981689453125 244.08081817626953
312.98126220703125 110.07275390625 345.8024024963379 110.07275390625 345.8024024963379 236.89009857177734 312.98126220703125 236.89009857177734
313.46307373046875 106.70838928222656 346.0336380004883 106.70838928222656 346.0336380004883 234.65406799316406 313.46307373046875 234.65406799316406
311.11187744140625 106.31172180175781 343.6713333129883 106.31172180175781 343.6713333129883 234.95843505859375 311.11187744140625 234.95843505859375
307.5458984375 105.0334243774414 341.3612365722656 105.0334243774414 341.3612365722656 234.2063217163086 307.5458984375 234.2063217163086
306.3263244628906 104.62101745605469 340.14298248291016 104.62101745605469 340.14298248291016 230.26412963867188 306.3263244628906 230.26412963867188
292.6684265136719 102.1155776977539 326.44524002075195 102.1155776977539 326.44524002075195 231.00066375732422 292.6684265136719 231.00066375732422
286.8282775878906 103.298095703125 320.2451629638672 103.298095703125 320.2451629638672 232.16098022460938 286.8282775878906 232.16098022460938
285.80047607421875 104.7018814086914 319.0536918640137 104.7018814086914 319.0536918640137 233.44364166259766 285.80047607421875 233.44364166259766
282.1836853027344 104.21479797363281 316.0922203063965 104.21479797363281 316.0922203063965 233.03541564941406 282.1836853027344 233.03541564941406
278.5594482421875 101.75935363769531 312.80695724487305 101.75935363769531 312.80695724487305 229.3502960205078 278.5594482421875 229.3502960205078
269.5310363769531 97.99037170410156 303.33524322509766 97.99037170410156 303.33524322509766 219.66934967041016 269.5310363769531 219.66934967041016
269.1369934082031 94.53007507324219 302.4687271118164 94.53007507324219 302.4687271118164 221.71685791015625 269.1369934082031 221.71685791015625
261.8419189453125 96.46807098388672 294.77387619018555 96.46807098388672 294.77387619018555 222.12940216064453 261.8419189453125 222.12940216064453
253.2444610595703 94.29439544677734 286.1972427368164 94.29439544677734 286.1972427368164 220.03519439697266 253.2444610595703 220.03519439697266
249.77212524414062 93.8271713256836 282.7005958557129 93.8271713256836 282.7005958557129 219.4751968383789 249.77212524414062 219.4751968383789
245.5338592529297 93.17071533203125 278.9107131958008 93.17071533203125 278.9107131958008 220.52967834472656 245.5338592529297 220.52967834472656
243.41030883789062 92.81095123291016 276.71936416625977 92.81095123291016 276.71936416625977 219.91119384765625 243.41030883789062 219.91119384765625
240.82901000976562 95.38411712646484 273.9022903442383 95.38411712646484 273.9022903442383 221.5846939086914 240.82901000976562 221.5846939086914
235.54086303710938 95.78218078613281 269.2245864868164 95.78218078613281 269.2245864868164 224.31207275390625 235.54086303710938 224.31207275390625
231.47439575195312 90.85148620605469 265.29016876220703 90.85148620605469 265.29016876220703 219.88523864746094 231.47439575195312 219.88523864746094
228.3032684326172 90.07403564453125 262.16580963134766 90.07403564453125 262.16580963134766 216.83848571777344 228.3032684326172 216.83848571777344
225.4558563232422 88.43043518066406 259.7332992553711 88.43043518066406 259.7332992553711 214.94524383544922 225.4558563232422 214.94524383544922
220.75082397460938 88.65849304199219 254.6462059020996 88.65849304199219 254.6462059020996 215.68548583984375 220.75082397460938 215.68548583984375
216.96835327148438 85.8070297241211 250.34354400634766 85.8070297241211 250.34354400634766 213.15962982177734 216.96835327148438 213.15962982177734
210.156982421875 84.80476379394531 243.78979873657227 84.80476379394531 243.78979873657227 213.14039611816406 210.156982421875 213.14039611816406
202.51486206054688 85.78040313720703 236.2903938293457 85.78040313720703 236.2903938293457 214.66060638427734 202.51486206054688 214.66060638427734
200.54275512695312 85.4280014038086 234.5638771057129 85.4280014038086 234.5638771057129 215.24530792236328 200.54275512695312 215.24530792236328
194.50808715820312 82.44841003417969 228.69446563720703 82.44841003417969 228.69446563720703 212.8963165283203 194.50808715820312 212.8963165283203
191.89390563964844 83.30157470703125 225.56189727783203 83.30157470703125 225.56189727783203 211.7714385986328 191.89390563964844 211.7714385986328
188.2259063720703 84.75566101074219 222.1529426574707 84.75566101074219 222.1529426574707 214.2139892578125 188.2259063720703 214.2139892578125
185.65597534179688 79.62980651855469 219.20605850219727 79.62980651855469 219.20605850219727 207.64974975585938 185.65597534179688 207.64974975585938
181.64508056640625 78.98207092285156 214.82099151611328 78.98207092285156 214.82099151611328 205.57424926757812 181.64508056640625 205.57424926757812
181.17803955078125 82.50428771972656 213.94580841064453 82.50428771972656 213.94580841064453 207.53909301757812 181.17803955078125 207.53909301757812
178.4881591796875 84.17973327636719 210.79344940185547 84.17973327636719 210.79344940185547 207.4498291015625 178.4881591796875 207.4498291015625
171.2213134765625 83.7763671875 203.22088623046875 83.7763671875 203.22088623046875 205.8799057006836 171.2213134765625 205.8799057006836
162.8007049560547 82.9615249633789 194.93750381469727 82.9615249633789 194.93750381469727 205.58868408203125 162.8007049560547 205.58868408203125
157.51751708984375 80.32280731201172 190.03751373291016 80.32280731201172 190.03751373291016 204.41214752197266 157.51751708984375 204.41214752197266
151.67147827148438 81.71016693115234 184.29493713378906 81.71016693115234 184.29493713378906 206.19428253173828 151.67147827148438 206.19428253173828
147.99168395996094 80.1407470703125 180.28023529052734 80.1407470703125 180.28023529052734 203.346923828125 147.99168395996094 203.346923828125
145.8508758544922 79.79839324951172 178.57068252563477 79.79839324951172 178.57068252563477 204.65015411376953 145.8508758544922 204.65015411376953
142.4307403564453 81.33142852783203 174.6671371459961 81.33142852783203 174.6671371459961 204.33859252929688 142.4307403564453 204.33859252929688
141.00209045410156 80.67823028564453 173.1273956298828 80.67823028564453 173.1273956298828 203.2614974975586 141.00209045410156 203.2614974975586
138.1474609375 80.062255859375 169.7838535308838 80.062255859375 169.7838535308838 200.7799301147461 138.1474609375 200.7799301147461
135.84716796875 81.27108001708984 167.05628395080566 81.27108001708984 167.05628395080566 200.35834503173828 135.84716796875 200.35834503173828
126.14742279052734 78.33634948730469 157.4618968963623 78.33634948730469 157.4618968963623 197.82563018798828 126.14742279052734 197.82563018798828
125.74527740478516 78.20699310302734 156.8024673461914 78.20699310302734 156.8024673461914 196.71453857421875 125.74527740478516 196.71453857421875
119.9393081665039 76.11751556396484 150.9874095916748 76.11751556396484 150.9874095916748 194.5903778076172 119.9393081665039 194.5903778076172
117.05793762207031 77.66677856445312 147.82098388671875 77.66677856445312 147.82098388671875 195.05193328857422 117.05793762207031 195.05193328857422
111.78582763671875 78.54335021972656 142.51527786254883 78.54335021972656 142.51527786254883 195.80030822753906 111.78582763671875 195.80030822753906
110.14668273925781 76.80271911621094 141.02985191345215 76.80271911621094 141.02985191345215 194.64624786376953 110.14668273925781 194.64624786376953
105.49166107177734 76.83845520019531 136.26872634887695 76.83845520019531 136.26872634887695 194.27713012695312 105.49166107177734 194.27713012695312
103.15403747558594 77.45521545410156 134.17245864868164 77.45521545410156 134.17245864868164 195.81485748291016 103.15403747558594 195.81485748291016
99.22128295898438 75.03770446777344 130.0925178527832 75.03770446777344 130.0925178527832 192.83570098876953 99.22128295898438 192.83570098876953
93.8536605834961 74.22085571289062 124.7099781036377 74.22085571289062 124.7099781036377 191.96192932128906 93.8536605834961 191.96192932128906
92.8030014038086 71.62627410888672 122.72017288208008 71.62627410888672 122.72017288208008 185.7837677001953 92.8030014038086 185.7837677001953
85.16436767578125 75.05886840820312 116.01946640014648 75.05886840820312 116.01946640014648 192.79529571533203 85.16436767578125 192.79529571533203
77.89689636230469 71.72697448730469 109.01324081420898 71.72697448730469 109.01324081420898 190.46026611328125 77.89689636230469 190.46026611328125
72.32489013671875 69.4137954711914 104.06861305236816 69.4137954711914 104.06861305236816 190.54103088378906 72.32489013671875 190.54103088378906
70.18388366699219 70.33753967285156 101.78957557678223 70.33753967285156 101.78957557678223 190.93807983398438 70.18388366699219 190.93807983398438
68.42283630371094 71.28914642333984 99.74374961853027 71.28914642333984 99.74374961853027 190.80303955078125 68.42283630371094 190.80303955078125
67.32513427734375 68.41860961914062 99.1285343170166 68.41860961914062 99.1285343170166 189.77356719970703 67.32513427734375 189.77356719970703
64.5550537109375 66.12296295166016 96.54970741271973 66.12296295166016 96.54970741271973 188.20769500732422 64.5550537109375 188.20769500732422
63.55727005004883 66.08146667480469 95.13176727294922 66.08146667480469 95.13176727294922 186.56297302246094 63.55727005004883 186.56297302246094
61.447120666503906 64.9436264038086 93.34790420532227 64.9436264038086 93.34790420532227 186.67017364501953 61.447120666503906 186.67017364501953
55.866539001464844 63.90189743041992 87.96295166015625 63.90189743041992 87.96295166015625 186.37491989135742 55.866539001464844 186.37491989135742
50.017127990722656 65.4024658203125 82.06401443481445 65.4024658203125 82.06401443481445 187.6865234375 50.017127990722656 187.6865234375
46.6025276184082 63.36407470703125 78.86798477172852 63.36407470703125 78.86798477172852 186.48213958740234 46.6025276184082 186.48213958740234
40.953617095947266 65.3616714477539 73.2768325805664 65.3616714477539 73.2768325805664 188.70012664794922 40.953617095947266 188.70012664794922
37.94182205200195 57.98517990112305 70.45678329467773 57.98517990112305 70.45678329467773 182.0552864074707 37.94182205200195 182.0552864074707
32.600013732910156 59.40363693237305 65.29887390136719 59.40363693237305 65.29887390136719 184.17544174194336 32.600013732910156 184.17544174194336
30.808237075805664 59.56583786010742 63.81674003601074 59.56583786010742 63.81674003601074 185.51916885375977 30.808237075805664 185.51916885375977
27.8715763092041 62.869041442871094 60.87117958068848 62.869041442871094 60.87117958068848 188.78841400146484 27.8715763092041 188.78841400146484
26.727441787719727 61.918846130371094 59.10662269592285 61.918846130371094 59.10662269592285 185.4708251953125 26.727441787719727 185.4708251953125
24.388587951660156 60.549713134765625 56.519859313964844 60.549713134765625 56.519859313964844 183.15573120117188 24.388587951660156 183.15573120117188
21.04020881652832 55.839759826660156 53.18851661682129 55.839759826660156 53.18851661682129 178.51078033447266 21.04020881652832 178.51078033447266
19.409894943237305 57.388824462890625 51.276954650878906 57.388824462890625 51.276954650878906 178.98667907714844 19.409894943237305 178.98667907714844
17.548259735107422 56.3856315612793 49.03373336791992 56.3856315612793 49.03373336791992 176.5274314880371 17.548259735107422 176.5274314880371
12.859484672546387 58.007568359375 44.928812980651855 58.007568359375 44.928812980651855 180.3772201538086 12.859484672546387 180.3772201538086
8.7854585647583 53.94547653198242 41.00253772735596 53.94547653198242 41.00253772735596 176.87888717651367 8.7854585647583 176.87888717651367
