216.0 123.0 258.0 123.0 258.0 152.0 216.0 152.0
217.3268280029297 123.1902084350586 259.13526916503906 123.1902084350586 259.13526916503906 151.88525772094727 217.3268280029297 151.88525772094727
218.71383666992188 123.09500885009766 260.00019454956055 123.09500885009766 260.00019454956055 151.53850173950195 218.71383666992188 151.53850173950195
219.5793914794922 123.9604721069336 260.7886734008789 123.9604721069336 260.7886734008789 152.41449737548828 219.5793914794922 152.41449737548828
221.37197875976562 124.37629699707031 262.72346115112305 124.37629699707031 262.72346115112305 152.92850875854492 221.37197875976562 152.92850875854492
220.22067260742188 124.13984680175781 262.41255950927734 124.13984680175781 262.41255950927734 152.80789184570312 220.22067260742188 152.80789184570312
220.665283203125 123.62674713134766 263.12341690063477 123.62674713134766 263.12341690063477 152.80241775512695 220.665283203125 152.80241775512695
223.1621551513672 124.54866027832031 265.55469512939453 124.54866027832031 265.55469512939453 153.7418613433838 223.1621551513672 153.7418613433838
222.82949829101562 124.81134033203125 264.5024719238281 124.81134033203125 264.5024719238281 153.74319076538086 222.82949829101562 153.74319076538086
223.20211791992188 125.46929931640625 266.28214263916016 125.46929931640625 266.28214263916016 154.8831024169922 223.20211791992188 154.8831024169922
223.6906280517578 124.52486419677734 266.5516548156738 124.52486419677734 266.5516548156738 153.93132400512695 223.6906280517578 153.93132400512695
225.01815795898438 125.66957092285156 267.7085876464844 125.66957092285156 267.7085876464844 154.6832675933838 225.01815795898438 154.6832675933838
226.17996215820312 125.50151062011719 269.26851654052734 125.50151062011719 269.26851654052734 155.48199844360352 226.17996215820312 155.48199844360352
226.4918212890625 126.2515640258789 269.5843734741211 126.2515640258789 269.5843734741211 155.36982536315918 226.4918212890625 155.36982536315918
227.55703735351562 126.6685562133789 270.9676284790039 126.6685562133789 270.9676284790039 156.12105560302734 227.55703735351562 156.12105560302734
227.1989288330078 125.71783447265625 271.7461166381836 125.71783447265625 271.7461166381836 155.02752113342285 227.1989288330078 155.02752113342285
228.51608276367188 126.77791595458984 273.32572174072266 126.77791595458984 273.32572174072266 156.58818244934082 228.51608276367188 156.58818244934082
229.38339233398438 126.70645904541016 273.0613327026367 126.70645904541016 273.0613327026367 157.58007621765137 229.38339233398438 157.58007621765137
229.47018432617188 126.85469818115234 275.15919494628906 126.85469818115234 275.15919494628906 157.95780563354492 229.47018432617188 157.95780563354492
230.657958984375 127.53853607177734 275.71805572509766 127.53853607177734 275.71805572509766 158.2986888885498 230.657958984375 158.2986888885498
231.3352508544922 126.44599914550781 276.17818450927734 126.44599914550781 276.17818450927734 156.69353675842285 231.3352508544922 156.69353675842285
235.32290649414062 128.5430450439453 279.48035049438477 128.5430450439453 279.48035049438477 158.33176040649414 235.32290649414062 158.33176040649414
237.8433074951172 128.73399353027344 282.67639541625977 128.73399353027344 282.67639541625977 159.30749893188477 237.8433074951172 159.30749893188477
237.13211059570312 129.47091674804688 282.83671951293945 129.47091674804688 282.83671951293945 159.8577537536621 237.13211059570312 159.8577537536621
239.39633178710938 128.24346923828125 284.6153335571289 128.24346923828125 284.6153335571289 159.4661102294922 239.39633178710938 159.4661102294922
239.4269256591797 128.57943725585938 284.56253814697266 128.57943725585938 284.56253814697266 159.43334579467773 239.4269256591797 159.43334579467773
239.9320526123047 129.776611328125 285.4740867614746 129.776611328125 285.4740867614746 161.22229957580566 239.9320526123047 161.22229957580566
241.62136840820312 129.4651336669922 286.2751922607422 129.4651336669922 286.2751922607422 160.29753494262695 241.62136840820312 160.29753494262695
245.0270538330078 129.31668090820312 291.0101203918457 129.31668090820312 291.0101203918457 161.06689071655273 245.0270538330078 161.06689071655273
245.6474609375 130.99533081054688 291.22829818725586 130.99533081054688 291.22829818725586 162.10905075073242 245.6474609375 162.10905075073242
246.5512237548828 131.22105407714844 292.34179306030273 131.22105407714844 292.34179306030273 162.83835220336914 246.5512237548828 162.83835220336914
252.5652618408203 131.8856964111328 298.3244400024414 131.8856964111328 298.3244400024414 163.26453590393066 252.5652618408203 163.26453590393066
252.13992309570312 132.88858032226562 298.6736068725586 132.88858032226562 298.6736068725586 163.6452121734619 252.13992309570312 163.6452121734619
252.1610870361328 132.53338623046875 297.531551361084 132.53338623046875 297.531551361084 163.8606071472168 252.1610870361328 163.8606071472168
254.1401824951172 133.40049743652344 299.5354995727539 133.40049743652344 299.5354995727539 164.7448787689209 254.1401824951172 164.7448787689209
257.79498291015625 133.4412078857422 302.89871978759766 133.4412078857422 302.89871978759766 164.5842628479004 257.79498291015625 164.5842628479004
259.30047607421875 134.1765899658203 304.5906982421875 134.1765899658203 304.5906982421875 165.4484100341797 259.30047607421875 165.4484100341797
260.09033203125 134.15306091308594 305.5011100769043 134.15306091308594 305.5011100769043 165.50812149047852 260.09033203125 165.50812149047852
261.1611022949219 135.19631958007812 307.8785705566406 135.19631958007812 307.8785705566406 167.45362091064453 261.1611022949219 167.45362091064453
264.2129821777344 136.13223266601562 311.5927314758301 136.13223266601562 311.5927314758301 168.8468246459961 264.2129821777344 168.8468246459961
265.3683166503906 136.06979370117188 312.9148750305176 136.06979370117188 312.9148750305176 168.65345001220703 265.3683166503906 168.65345001220703
264.84454345703125 135.75424194335938 312.5026741027832 135.75424194335938 312.5026741027832 168.86385345458984 264.84454345703125 168.86385345458984
265.09771728515625 135.5860595703125 313.7315559387207 135.5860595703125 313.7315559387207 169.16657257080078 265.09771728515625 169.16657257080078
267.71197509765625 135.9644012451172 315.54004669189453 135.9644012451172 315.54004669189453 169.25123596191406 267.71197509765625 169.25123596191406
267.90374755859375 136.88619995117188 315.63479232788086 136.88619995117188 315.63479232788086 169.90474319458008 267.90374755859375 169.90474319458008
270.47869873046875 137.92039489746094 318.08219146728516 137.92039489746094 318.08219146728516 170.78948211669922 270.47869873046875 170.78948211669922
270.1549377441406 136.77818298339844 319.2639923095703 136.77818298339844 319.2639923095703 169.52488327026367 270.1549377441406 169.52488327026367
271.51171875 137.78451538085938 319.994327545166 137.78451538085938 319.994327545166 170.94109344482422 271.51171875 170.94109344482422
273.502197265625 138.51620483398438 321.7574577331543 138.51620483398438 321.7574577331543 171.83531951904297 273.502197265625 171.83531951904297
276.63458251953125 138.6410675048828 325.28856658935547 138.6410675048828 325.28856658935547 171.86577606201172 276.63458251953125 171.86577606201172
276.24896240234375 138.84820556640625 324.0025634765625 138.84820556640625 324.0025634765625 171.56757736206055 276.24896240234375 171.56757736206055
278.520263671875 139.8197021484375 326.05140686035156 139.8197021484375 326.05140686035156 173.54669189453125 278.520263671875 173.54669189453125
278.91802978515625 140.3621826171875 328.2103500366211 140.3621826171875 328.2103500366211 174.28403091430664 278.91802978515625 174.28403091430664
279.78582763671875 139.91268920898438 328.6436195373535 139.91268920898438 328.6436195373535 174.28189086914062 279.78582763671875 174.28189086914062
283.6592102050781 141.05233764648438 332.43726348876953 141.05233764648438 332.43726348876953 174.39368438720703 283.6592102050781 174.39368438720703
286.59271240234375 141.4794921875 333.0577201843262 141.4794921875 333.0577201843262 175.63422393798828 286.59271240234375 175.63422393798828
295.3699645996094 143.85179138183594 344.1545600891113 143.85179138183594 344.1545600891113 179.07188034057617 295.3699645996094 179.07188034057617
293.56964111328125 143.54879760742188 343.6341361999512 143.54879760742188 343.6341361999512 178.9820671081543 293.56964111328125 178.9820671081543
298.1692810058594 145.0781707763672 347.0940856933594 145.0781707763672 347.0940856933594 180.2400131225586 298.1692810058594 180.2400131225586
299.1847229003906 146.23443603515625 348.7555809020996 146.23443603515625 348.7555809020996 180.75973510742188 299.1847229003906 180.75973510742188
304.0562438964844 147.43017578125 352.5193214416504 147.43017578125 352.5193214416504 181.8546257019043 304.0562438964844 181.8546257019043
306.55438232421875 148.5889434814453 354.7016372680664 148.5889434814453 354.7016372680664 183.05826568603516 306.55438232421875 183.05826568603516
308.76727294921875 149.5571746826172 356.4613609313965 149.5571746826172 356.4613609313965 183.80833053588867 308.76727294921875 183.80833053588867
312.4961853027344 149.99050903320312 364.1048583984375 149.99050903320312 364.1048583984375 185.50189971923828 312.4961853027344 185.50189971923828
313.78955078125 150.98086547851562 365.6903190612793 150.98086547851562 365.6903190612793 187.23129653930664 313.78955078125 187.23129653930664
318.7201843261719 151.20291137695312 368.5744819641113 151.20291137695312 368.5744819641113 186.7020492553711 318.7201843261719 186.7020492553711
318.2980651855469 151.86526489257812 370.4325752258301 151.86526489257812 370.4325752258301 188.41484832763672 318.2980651855469 188.41484832763672
321.65411376953125 152.85025024414062 372.0601615905762 152.85025024414062 372.0601615905762 189.8277931213379 321.65411376953125 189.8277931213379
323.8288269042969 152.9442901611328 373.5294761657715 152.9442901611328 373.5294761657715 189.88202667236328 323.8288269042969 189.88202667236328
325.0289001464844 152.42178344726562 375.39176177978516 152.42178344726562 375.39176177978516 189.98757934570312 325.0289001464844 189.98757934570312
325.4629211425781 153.06283569335938 376.52917861938477 153.06283569335938 376.52917861938477 191.06342315673828 325.4629211425781 191.06342315673828
327.20953369140625 154.6210174560547 379.79107666015625 154.6210174560547 379.79107666015625 192.66229629516602 327.20953369140625 192.66229629516602
327.2305603027344 155.9961395263672 379.8614311218262 155.9961395263672 379.8614311218262 193.0114517211914 327.2305603027344 193.0114517211914
329.5540466308594 157.3145294189453 380.69720458984375 157.3145294189453 380.69720458984375 192.6976318359375 329.5540466308594 192.6976318359375
329.2969970703125 157.45248413085938 383.04383087158203 157.45248413085938 383.04383087158203 193.9050407409668 329.2969970703125 193.9050407409668
329.57537841796875 158.53628540039062 384.9233283996582 158.53628540039062 384.9233283996582 194.98560333251953 329.57537841796875 194.98560333251953
329.50311279296875 158.4091033935547 385.854248046875 158.4091033935547 385.854248046875 194.8042755126953 329.50311279296875 194.8042755126953
332.0193786621094 159.04551696777344 385.11302947998047 159.04551696777344 385.11302947998047 195.85770416259766 332.0193786621094 195.85770416259766
332.70770263671875 160.41204833984375 388.1200180053711 160.41204833984375 388.1200180053711 199.07001876831055 332.70770263671875 199.07001876831055
332.97772216796875 161.83273315429688 388.3987808227539 161.83273315429688 388.3987808227539 198.59090042114258 332.97772216796875 198.59090042114258
334.7134704589844 162.1568145751953 390.7428169250488 162.1568145751953 390.7428169250488 200.21617889404297 334.7134704589844 200.21617889404297
336.3517150878906 163.55142211914062 389.4763374328613 163.55142211914062 389.4763374328613 200.57794570922852 336.3517150878906 200.57794570922852
335.57293701171875 163.98892211914062 392.003662109375 163.98892211914062 392.003662109375 202.22364807128906 335.57293701171875 202.22364807128906
337.04168701171875 165.93023681640625 393.65799713134766 165.93023681640625 393.65799713134766 202.93184661865234 337.04168701171875 202.93184661865234
338.54302978515625 165.6576690673828 394.1840629577637 165.6576690673828 394.1840629577637 204.06433868408203 338.54302978515625 204.06433868408203
338.1030578613281 166.1316375732422 394.0699768066406 166.1316375732422 394.0699768066406 204.75392150878906 338.1030578613281 204.75392150878906
339.05584716796875 166.19403076171875 395.0409622192383 166.19403076171875 395.0409622192383 206.26879119873047 339.05584716796875 206.26879119873047
340.4778137207031 167.64532470703125 396.5822868347168 167.64532470703125 396.5822868347168 205.7685432434082 340.4778137207031 205.7685432434082
340.82342529296875 168.4821014404297 397.9444580078125 168.4821014404297 397.9444580078125 207.79827117919922 340.82342529296875 207.79827117919922
341.3499450683594 169.7010040283203 399.0820541381836 169.7010040283203 399.0820541381836 208.80597305297852 341.3499450683594 208.80597305297852
341.53851318359375 168.9755401611328 399.4005546569824 168.9755401611328 399.4005546569824 208.78210067749023 341.53851318359375 208.78210067749023
342.4211120605469 169.61141967773438 399.9649543762207 169.61141967773438 399.9649543762207 209.0777702331543 342.4211120605469 209.0777702331543
343.2950744628906 171.94815063476562 401.1008071899414 171.94815063476562 401.1008071899414 210.37442016601562 343.2950744628906 210.37442016601562
343.5066833496094 173.65225219726562 400.8700370788574 173.65225219726562 400.8700370788574 211.91643142700195 343.5066833496094 211.91643142700195
344.6904296875 173.76815795898438 401.13016510009766 173.76815795898438 401.13016510009766 212.71794891357422 344.6904296875 212.71794891357422
345.0384521484375 175.64889526367188 403.442138671875 175.64889526367188 403.442138671875 214.69815063476562 345.0384521484375 214.69815063476562
345.3119812011719 175.4685516357422 405.29305267333984 175.4685516357422 405.29305267333984 216.4753875732422 345.3119812011719 216.4753875732422
345.04052734375 177.1953582763672 404.71112060546875 177.1953582763672 404.71112060546875 216.9508285522461 345.04052734375 216.9508285522461
347.1557922363281 179.00643920898438 405.7058792114258 179.00643920898438 405.7058792114258 217.89220809936523 347.1557922363281 217.89220809936523
347.57171630859375 179.5221710205078 406.89466094970703 179.5221710205078 406.89466094970703 219.9795150756836 347.57171630859375 219.9795150756836
347.8596496582031 182.37228393554688 408.2958183288574 182.37228393554688 408.2958183288574 223.27310943603516 347.8596496582031 223.27310943603516
348.2537536621094 182.23895263671875 408.0588188171387 182.23895263671875 408.0588188171387 222.51315307617188 348.2537536621094 222.51315307617188
349.1194152832031 183.26719665527344 408.2864189147949 183.26719665527344 408.2864189147949 222.84546661376953 349.1194152832031 222.84546661376953
348.40850830078125 183.27294921875 408.179931640625 183.27294921875 408.179931640625 223.77994537353516 348.40850830078125 223.77994537353516
347.9505310058594 186.64962768554688 409.5188217163086 186.64962768554688 409.5188217163086 227.2320213317871 347.9505310058594 227.2320213317871
347.7878112792969 186.666259765625 411.9856491088867 186.666259765625 411.9856491088867 228.4254035949707 347.7878112792969 228.4254035949707
347.8448181152344 187.39356994628906 410.9654960632324 187.39356994628906 410.9654960632324 229.95345306396484 347.8448181152344 229.95345306396484
347.30084228515625 188.39230346679688 411.23359298706055 188.39230346679688 411.23359298706055 231.36565017700195 347.30084228515625 231.36565017700195
346.8360595703125 189.29183959960938 412.08396911621094 189.29183959960938 412.08396911621094 233.84236907958984 346.8360595703125 233.84236907958984
347.98675537109375 192.7099151611328 412.6024627685547 192.7099151611328 412.6024627685547 236.957275390625 347.98675537109375 236.957275390625
345.69189453125 193.65676879882812 410.87095642089844 193.65676879882812 410.87095642089844 238.70458221435547 345.69189453125 238.70458221435547
345.29473876953125 193.183837890625 412.22979736328125 193.183837890625 412.22979736328125 237.9503402709961 345.29473876953125 237.9503402709961
344.6185607910156 196.20376586914062 413.12549591064453 196.20376586914062 413.12549591064453 240.11500930786133 344.6185607910156 240.11500930786133
345.31585693359375 196.14093017578125 412.80428314208984 196.14093017578125 412.80428314208984 239.58120727539062 345.31585693359375 239.58120727539062
344.06494140625 198.3490753173828 412.7621383666992 198.3490753173828 412.7621383666992 242.33966064453125 344.06494140625 242.33966064453125
341.61761474609375 198.76678466796875 412.4479217529297 198.76678466796875 412.4479217529297 245.5899887084961 341.61761474609375 245.5899887084961
343.0154724121094 201.9224853515625 413.07843017578125 201.9224853515625 413.07843017578125 247.32843780517578 343.0154724121094 247.32843780517578
340.5937805175781 201.06723022460938 412.45475006103516 201.06723022460938 412.45475006103516 246.65740203857422 340.5937805175781 246.65740203857422
339.6288757324219 204.0535430908203 410.7566375732422 204.0535430908203 410.7566375732422 249.95478057861328 339.6288757324219 249.95478057861328
339.9534606933594 204.03097534179688 411.2072448730469 204.03097534179688 411.2072448730469 251.0745086669922 339.9534606933594 251.0745086669922
337.47833251953125 205.4605255126953 410.50646209716797 205.4605255126953 410.50646209716797 253.6188087463379 337.47833251953125 253.6188087463379
335.89251708984375 205.28067016601562 407.49547576904297 205.28067016601562 407.49547576904297 256.2899856567383 335.89251708984375 256.2899856567383
334.6178283691406 207.7333526611328 408.39349365234375 207.7333526611328 408.39349365234375 257.9127616882324 334.6178283691406 257.9127616882324
332.1565856933594 210.54165649414062 406.7695617675781 210.54165649414062 406.7695617675781 257.8570785522461 332.1565856933594 257.8570785522461
331.84521484375 213.0537567138672 404.4783172607422 213.0537567138672 404.4783172607422 262.14280700683594 331.84521484375 262.14280700683594
329.9876403808594 214.0420379638672 403.42401123046875 214.0420379638672 403.42401123046875 262.603515625 329.9876403808594 262.603515625
326.6773986816406 214.9086456298828 400.07350158691406 214.9086456298828 400.07350158691406 265.3204002380371 326.6773986816406 265.3204002380371
325.1981506347656 216.9424591064453 399.96472930908203 216.9424591064453 399.96472930908203 268.3753433227539 325.1981506347656 268.3753433227539
322.7998352050781 219.2890167236328 397.52989196777344 219.2890167236328 397.52989196777344 272.81774139404297 322.7998352050781 272.81774139404297
320.33465576171875 224.5962371826172 399.8687744140625 224.5962371826172 399.8687744140625 276.92313385009766 320.33465576171875 276.92313385009766
318.5595703125 223.69436645507812 396.8996353149414 223.69436645507812 396.8996353149414 278.17914962768555 318.5595703125 278.17914962768555
313.30804443359375 223.5841064453125 395.43494415283203 223.5841064453125 395.43494415283203 279.80797576904297 313.30804443359375 279.80797576904297
309.8840026855469 228.9023895263672 392.64635467529297 228.9023895263672 392.64635467529297 285.76180267333984 309.8840026855469 285.76180267333984
306.6378173828125 229.62557983398438 390.7731170654297 229.62557983398438 390.7731170654297 286.73719024658203 306.6378173828125 286.73719024658203
304.4962463378906 229.7776336669922 390.1825408935547 229.7776336669922 390.1825408935547 287.2500991821289 304.4962463378906 287.2500991821289
297.10479736328125 231.727783203125 385.4971466064453 231.727783203125 385.4971466064453 290.867431640625 297.10479736328125 290.867431640625
290.88006591796875 235.91342163085938 382.41902923583984 235.91342163085938 382.41902923583984 294.46025466918945 290.88006591796875 294.46025466918945
290.77471923828125 237.21322631835938 381.4452362060547 237.21322631835938 381.4452362060547 295.9140090942383 290.77471923828125 295.9140090942383
286.3260498046875 242.56491088867188 378.4047088623047 242.56491088867188 378.4047088623047 303.0959167480469 286.3260498046875 303.0959167480469
281.8331604003906 241.9101104736328 373.4225540161133 241.9101104736328 373.4225540161133 306.07691192626953 281.8331604003906 306.07691192626953
274.99969482421875 244.8494415283203 369.5406723022461 244.8494415283203 369.5406723022461 308.5921173095703 274.99969482421875 308.5921173095703
266.79034423828125 249.89273071289062 365.7943115234375 249.89273071289062 365.7943115234375 314.71533966064453 266.79034423828125 314.71533966064453
263.8130798339844 249.36953735351562 360.6569519042969 249.36953735351562 360.6569519042969 314.5065155029297 263.8130798339844 314.5065155029297
254.6728515625 253.783447265625 354.7735595703125 253.783447265625 354.7735595703125 322.1952209472656 254.6728515625 322.1952209472656
248.6853790283203 255.6745147705078 350.7442932128906 255.6745147705078 350.7442932128906 322.74566650390625 248.6853790283203 322.74566650390625
239.3599853515625 258.35284423828125 343.00860595703125 258.35284423828125 343.00860595703125 328.21533966064453 239.3599853515625 328.21533966064453
234.8937225341797 262.95404052734375 341.18365478515625 262.95404052734375 341.18365478515625 331.87137603759766 234.8937225341797 331.87137603759766
225.6159210205078 263.284912109375 334.39544677734375 263.284912109375 334.39544677734375 331.78568267822266 225.6159210205078 331.78568267822266
219.27108764648438 269.3479919433594 327.7347869873047 269.3479919433594 327.7347869873047 340.4615936279297 219.27108764648438 340.4615936279297
209.64755249023438 272.85784912109375 320.4293518066406 272.85784912109375 320.4293518066406 345.93666076660156 209.64755249023438 345.93666076660156
201.6652069091797 275.14154052734375 315.14119720458984 275.14154052734375 315.14119720458984 348.92481994628906 201.6652069091797 348.92481994628906
191.22744750976562 282.16851806640625 306.22608947753906 282.16851806640625 306.22608947753906 354.8272476196289 191.22744750976562 354.8272476196289
172.59823608398438 297.11639404296875 286.5862274169922 297.11639404296875 286.5862274169922 366.06031799316406 172.59823608398438 366.06031799316406
162.2406463623047 300.0774841308594 274.1707458496094 300.0774841308594 274.1707458496094 368.5325241088867 162.2406463623047 368.5325241088867
144.17018127441406 302.614013671875 260.81497955322266 302.614013671875 260.81497955322266 379.5977020263672 144.17018127441406 379.5977020263672
139.1129913330078 310.77655029296875 260.2377471923828 310.77655029296875 260.2377471923828 387.45489501953125 139.1129913330078 387.45489501953125
120.3912353515625 316.2307434082031 241.0427474975586 316.2307434082031 241.0427474975586 392.36038970947266 120.3912353515625 392.36038970947266
107.48600769042969 320.12518310546875 231.12232208251953 320.12518310546875 231.12232208251953 397.17869567871094 107.48600769042969 397.17869567871094
91.52056884765625 327.7278747558594 221.01632690429688 327.7278747558594 221.01632690429688 406.74102783203125 91.52056884765625 406.74102783203125
81.96976470947266 332.9086608886719 211.38658905029297 332.9086608886719 211.38658905029297 411.62672424316406 81.96976470947266 411.62672424316406
65.20542907714844 339.347412109375 195.48484802246094 339.347412109375 195.48484802246094 418.48301696777344 65.20542907714844 418.48301696777344
61.571250915527344 338.9142150878906 188.3929214477539 338.9142150878906 188.3929214477539 418.08067321777344 61.571250915527344 418.08067321777344
41.50526809692383 354.07623291015625 173.01056289672852 354.07623291015625 173.01056289672852 430.2003402709961 41.50526809692383 430.2003402709961
21.045246124267578 355.17510986328125 151.30315017700195 355.17510986328125 151.30315017700195 430.0993423461914 21.045246124267578 430.0993423461914
