369.0 139.0 383.0 139.0 383.0 173.0 369.0 173.0
367.36700439453125 140.02012634277344 381.37710094451904 140.02012634277344 381.37710094451904 173.2698745727539 367.36700439453125 173.2698745727539
365.66046142578125 139.2716522216797 379.84950256347656 139.2716522216797 379.84950256347656 173.73075485229492 365.66046142578125 173.73075485229492
365.6181640625 138.70724487304688 378.38849353790283 138.70724487304688 378.38849353790283 173.97896575927734 365.6181640625 173.97896575927734
363.433349609375 140.34544372558594 376.958722114563 140.34544372558594 376.958722114563 174.88451385498047 363.433349609375 174.88451385498047
360.91290283203125 141.16403198242188 375.0501432418823 141.16403198242188 375.0501432418823 175.42542266845703 360.91290283203125 175.42542266845703
360.7746887207031 140.43667602539062 375.17883491516113 140.43667602539062 375.17883491516113 175.4181785583496 360.7746887207031 175.4181785583496
355.45196533203125 141.8189239501953 370.4323148727417 141.8189239501953 370.4323148727417 175.54167556762695 355.45196533203125 175.54167556762695
355.6966857910156 140.6399383544922 370.08022117614746 140.6399383544922 370.08022117614746 174.90353775024414 355.6966857910156 174.90353775024414
353.8248596191406 141.10093688964844 368.4402189254761 141.10093688964844 368.4402189254761 176.59539031982422 353.8248596191406 176.59539031982422
353.6779479980469 141.07107543945312 368.1447467803955 141.07107543945312 368.1447467803955 176.2047348022461 353.6779479980469 176.2047348022461
353.0562438964844 141.84165954589844 367.32775688171387 141.84165954589844 367.32775688171387 176.70347213745117 353.0562438964844 176.70347213745117
350.5960693359375 141.99778747558594 365.0361919403076 141.99778747558594 365.0361919403076 176.94898986816406 350.5960693359375 176.94898986816406
347.5064392089844 142.30816650390625 361.8501205444336 142.30816650390625 361.8501205444336 177.142822265625 347.5064392089844 177.142822265625
342.45416259765625 144.10452270507812 356.73613452911377 144.10452270507812 356.73613452911377 177.31986618041992 342.45416259765625 177.31986618041992
342.39984130859375 144.15957641601562 356.52929496765137 144.15957641601562 356.52929496765137 177.46065521240234 342.39984130859375 177.46065521240234
341.30438232421875 143.32862854003906 354.78351879119873 143.32862854003906 354.78351879119873 176.7712860107422 341.30438232421875 176.7712860107422
341.0837707519531 144.82034301757812 354.24597930908203 144.82034301757812 354.24597930908203 177.84296417236328 341.0837707519531 177.84296417236328
339.6886291503906 144.65756225585938 353.6808261871338 144.65756225585938 353.6808261871338 178.5438003540039 339.6886291503906 178.5438003540039
338.54132080078125 144.53016662597656 352.70324420928955 144.53016662597656 352.70324420928955 178.3549461364746 338.54132080078125 178.3549461364746
337.6057434082031 144.39419555664062 351.9872407913208 144.39419555664062 351.9872407913208 178.6318588256836 337.6057434082031 178.6318588256836
337.8857116699219 145.343505859375 351.4709300994873 145.343505859375 351.4709300994873 179.60485458374023 337.8857116699219 179.60485458374023
336.67425537109375 146.51364135742188 350.36774730682373 146.51364135742188 350.36774730682373 180.15599822998047 336.67425537109375 180.15599822998047
325.58978271484375 147.8424835205078 339.43854808807373 147.8424835205078 339.43854808807373 182.29214096069336 325.58978271484375 182.29214096069336
325.6001892089844 145.6283416748047 339.32842445373535 145.6283416748047 339.32842445373535 181.76281356811523 325.6001892089844 181.76281356811523
319.6764221191406 148.9230499267578 333.39052391052246 148.9230499267578 333.39052391052246 181.344482421875 319.6764221191406 181.344482421875
320.3831481933594 149.8509521484375 334.3506374359131 149.8509521484375 334.3506374359131 184.07319259643555 320.3831481933594 184.07319259643555
319.44195556640625 150.08135986328125 333.03208923339844 150.08135986328125 333.03208923339844 183.62178802490234 319.44195556640625 183.62178802490234
317.36016845703125 148.71316528320312 331.22014808654785 148.71316528320312 331.22014808654785 180.83966445922852 317.36016845703125 180.83966445922852
317.1878356933594 148.78289794921875 330.2504072189331 148.78289794921875 330.2504072189331 182.2543487548828 317.1878356933594 182.2543487548828
315.9999084472656 149.86216735839844 330.1259021759033 149.86216735839844 330.1259021759033 181.6964626312256 315.9999084472656 181.6964626312256
315.06414794921875 150.5025634765625 329.41847705841064 150.5025634765625 329.41847705841064 182.4862880706787 315.06414794921875 182.4862880706787
314.9429016113281 149.47833251953125 329.0414705276489 149.47833251953125 329.0414705276489 183.1813507080078 314.9429016113281 183.1813507080078
310.6443176269531 150.1691131591797 323.57295989990234 150.1691131591797 323.57295989990234 182.0044002532959 310.6443176269531 182.0044002532959
310.46380615234375 150.16339111328125 324.84164237976074 150.16339111328125 324.84164237976074 183.96034622192383 310.46380615234375 183.96034622192383
310.10272216796875 152.00833129882812 323.84271240234375 152.00833129882812 323.84271240234375 184.49141693115234 310.10272216796875 184.49141693115234
309.133056640625 151.9044952392578 322.4919204711914 151.9044952392578 322.4919204711914 183.6713352203369 309.133056640625 183.6713352203369
308.56854248046875 151.72518920898438 322.07839488983154 151.72518920898438 322.07839488983154 184.5577507019043 308.56854248046875 184.5577507019043
308.43841552734375 150.32266235351562 322.06288719177246 150.32266235351562 322.06288719177246 183.43797302246094 308.43841552734375 183.43797302246094
308.1811218261719 150.47393798828125 321.9919185638428 150.47393798828125 321.9919185638428 183.7317657470703 308.1811218261719 183.7317657470703
306.35516357421875 151.739990234375 321.31899547576904 151.739990234375 321.31899547576904 185.89974212646484 306.35516357421875 185.89974212646484
305.79901123046875 152.8866424560547 320.2365474700928 152.8866424560547 320.2365474700928 187.52138900756836 305.79901123046875 187.52138900756836
305.3427734375 152.75611877441406 320.00727367401123 152.75611877441406 320.00727367401123 186.95679473876953 305.3427734375 186.95679473876953
303.32843017578125 153.7432098388672 319.26573753356934 153.7432098388672 319.26573753356934 187.74208068847656 303.32843017578125 187.74208068847656
302.92584228515625 151.44607543945312 317.874249458313 151.44607543945312 317.874249458313 186.59595108032227 302.92584228515625 186.59595108032227
302.12274169921875 151.30068969726562 317.15199756622314 151.30068969726562 317.15199756622314 186.41271591186523 302.12274169921875 186.41271591186523
300.6841735839844 151.2030792236328 316.1919422149658 151.2030792236328 316.1919422149658 188.2901954650879 300.6841735839844 188.2901954650879
299.4288330078125 152.600830078125 314.51995277404785 152.600830078125 314.51995277404785 188.95705032348633 299.4288330078125 188.95705032348633
297.9407043457031 153.94174194335938 312.59584522247314 153.94174194335938 312.59584522247314 189.16445922851562 297.9407043457031 189.16445922851562
297.6830749511719 154.74075317382812 312.6484966278076 154.74075317382812 312.6484966278076 190.72886657714844 297.6830749511719 190.72886657714844
297.1169738769531 155.35751342773438 311.7911500930786 155.35751342773438 311.7911500930786 191.72338104248047 297.1169738769531 191.72338104248047
294.5193786621094 155.86842346191406 310.1153335571289 155.86842346191406 310.1153335571289 192.16671752929688 294.5193786621094 192.16671752929688
294.82855224609375 155.91622924804688 310.0627956390381 155.91622924804688 310.0627956390381 192.16993713378906 294.82855224609375 192.16993713378906
293.02447509765625 157.3521270751953 307.5177516937256 157.3521270751953 307.5177516937256 191.1023178100586 293.02447509765625 191.1023178100586
292.2863464355469 155.03102111816406 306.52924156188965 155.03102111816406 306.52924156188965 191.28103256225586 292.2863464355469 191.28103256225586
293.25634765625 156.40589904785156 308.16502571105957 156.40589904785156 308.16502571105957 192.39239120483398 293.25634765625 192.39239120483398
290.80242919921875 156.06271362304688 305.4663667678833 156.06271362304688 305.4663667678833 192.7020721435547 290.80242919921875 192.7020721435547
289.72088623046875 156.79769897460938 303.5527057647705 156.79769897460938 303.5527057647705 191.8400650024414 289.72088623046875 191.8400650024414
290.4661560058594 157.06771850585938 304.7199373245239 157.06771850585938 304.7199373245239 192.27474975585938 290.4661560058594 192.27474975585938
288.0222473144531 157.68162536621094 302.4977054595947 157.68162536621094 302.4977054595947 194.1127700805664 288.0222473144531 194.1127700805664
291.5240783691406 155.2732391357422 306.9724979400635 155.2732391357422 306.9724979400635 192.79079818725586 291.5240783691406 192.79079818725586
291.1162414550781 154.9594268798828 306.07823944091797 154.9594268798828 306.07823944091797 192.45045471191406 291.1162414550781 192.45045471191406
282.01776123046875 157.21072387695312 297.2062397003174 157.21072387695312 297.2062397003174 193.3577651977539 282.01776123046875 193.3577651977539
279.68731689453125 157.57394409179688 295.48637676239014 157.57394409179688 295.48637676239014 195.9859161376953 279.68731689453125 195.9859161376953
279.6024169921875 157.47152709960938 295.2177095413208 157.47152709960938 295.2177095413208 196.02366256713867 279.6024169921875 196.02366256713867
279.6021423339844 157.90008544921875 295.28061866760254 157.90008544921875 295.28061866760254 196.74046325683594 279.6021423339844 196.74046325683594
277.4403991699219 156.56893920898438 293.1376647949219 156.56893920898438 293.1376647949219 195.66388702392578 277.4403991699219 195.66388702392578
276.378173828125 159.46914672851562 292.7428092956543 159.46914672851562 292.7428092956543 199.07855224609375 276.378173828125 199.07855224609375
275.71966552734375 160.30569458007812 292.1706314086914 160.30569458007812 292.1706314086914 198.7587547302246 275.71966552734375 198.7587547302246
274.3890686035156 159.19412231445312 291.1102046966553 159.19412231445312 291.1102046966553 198.89371490478516 274.3890686035156 198.89371490478516
274.0066833496094 158.96231079101562 290.27860832214355 158.96231079101562 290.27860832214355 198.47980880737305 274.0066833496094 198.47980880737305
273.03271484375 159.6356201171875 288.73663902282715 159.6356201171875 288.73663902282715 198.58611679077148 273.03271484375 198.58611679077148
273.89239501953125 160.15542602539062 289.6654453277588 160.15542602539062 289.6654453277588 198.73168182373047 273.89239501953125 198.73168182373047
272.5423278808594 160.50399780273438 288.8716583251953 160.50399780273438 288.8716583251953 200.23869705200195 272.5423278808594 200.23869705200195
270.97467041015625 160.7694854736328 287.1539707183838 160.7694854736328 287.1539707183838 199.42665100097656 270.97467041015625 199.42665100097656
268.44891357421875 160.94107055664062 284.02434062957764 160.94107055664062 284.02434062957764 200.50270462036133 268.44891357421875 200.50270462036133
268.1439514160156 161.1779022216797 284.35922622680664 161.1779022216797 284.35922622680664 200.46016311645508 268.1439514160156 200.46016311645508
267.22125244140625 161.95411682128906 282.63272857666016 161.95411682128906 282.63272857666016 200.42436981201172 267.22125244140625 200.42436981201172
265.51190185546875 163.8604278564453 280.1924924850464 163.8604278564453 280.1924924850464 200.42082977294922 265.51190185546875 200.42082977294922
264.7774963378906 164.5001220703125 279.4517574310303 164.5001220703125 279.4517574310303 202.1206169128418 264.7774963378906 202.1206169128418
262.6249084472656 163.87644958496094 277.76816749572754 163.87644958496094 277.76816749572754 201.59767532348633 262.6249084472656 201.59767532348633
259.58209228515625 167.1017608642578 273.46458435058594 167.1017608642578 273.46458435058594 201.9641990661621 259.58209228515625 201.9641990661621
259.62786865234375 167.03887939453125 273.7977018356323 167.03887939453125 273.7977018356323 202.6572380065918 259.62786865234375 202.6572380065918
259.921630859375 166.14813232421875 273.47644805908203 166.14813232421875 273.47644805908203 200.91462326049805 259.921630859375 200.91462326049805
257.8562316894531 164.54428100585938 272.24812507629395 164.54428100585938 272.24812507629395 201.1613426208496 257.8562316894531 201.1613426208496
256.5371398925781 166.816650390625 271.1737470626831 166.816650390625 271.1737470626831 202.96903610229492 256.5371398925781 202.96903610229492
255.9010467529297 167.88514709472656 270.9594783782959 167.88514709472656 270.9594783782959 202.68860244750977 255.9010467529297 202.68860244750977
257.24346923828125 167.0084686279297 272.38445472717285 167.0084686279297 272.38445472717285 202.55023574829102 257.24346923828125 202.55023574829102
256.6781005859375 166.0230255126953 271.2862033843994 166.0230255126953 271.2862033843994 202.6376724243164 256.6781005859375 202.6376724243164
254.05508422851562 166.47616577148438 269.75590801239014 166.47616577148438 269.75590801239014 202.94866180419922 254.05508422851562 202.94866180419922
253.648193359375 169.45498657226562 268.52082538604736 169.45498657226562 268.52082538604736 204.01206588745117 253.648193359375 204.01206588745117
252.502197265625 167.4578857421875 267.4479122161865 167.4578857421875 267.4479122161865 203.3464126586914 252.502197265625 203.3464126586914
251.80978393554688 165.74002075195312 266.1486186981201 165.74002075195312 266.1486186981201 202.90264892578125 251.80978393554688 202.90264892578125
251.558349609375 167.08836364746094 265.9899272918701 167.08836364746094 265.9899272918701 203.36767959594727 251.558349609375 203.36767959594727
249.63082885742188 168.29010009765625 265.06120777130127 168.29010009765625 265.06120777130127 204.81522369384766 249.63082885742188 204.81522369384766
249.81307983398438 168.9620819091797 265.2542419433594 168.9620819091797 265.2542419433594 206.07579040527344 249.81307983398438 206.07579040527344
246.98635864257812 170.0990753173828 262.18761253356934 170.0990753173828 262.18761253356934 205.2762565612793 246.98635864257812 205.2762565612793
246.2791748046875 170.2109375 261.3221969604492 170.2109375 261.3221969604492 205.3762969970703 246.2791748046875 205.3762969970703
246.2476806640625 170.47271728515625 261.0585250854492 170.47271728515625 261.0585250854492 207.78134536743164 246.2476806640625 207.78134536743164
243.21243286132812 171.90567016601562 258.4484348297119 171.90567016601562 258.4484348297119 207.02131271362305 243.21243286132812 207.02131271362305
243.3792724609375 173.38937377929688 258.4443483352661 173.38937377929688 258.4443483352661 207.15859603881836 243.3792724609375 207.15859603881836
242.8726043701172 172.55458068847656 258.0845317840576 172.55458068847656 258.0845317840576 207.28450775146484 242.8726043701172 207.28450775146484
240.94149780273438 173.07952880859375 257.79816246032715 173.07952880859375 257.79816246032715 207.04267501831055 240.94149780273438 207.04267501831055
241.0066375732422 171.5630340576172 255.9713954925537 171.5630340576172 255.9713954925537 207.66931533813477 241.0066375732422 207.66931533813477
239.9980010986328 174.2388153076172 255.60786724090576 174.2388153076172 255.60786724090576 210.57906341552734 239.9980010986328 210.57906341552734
238.60128784179688 174.17617797851562 254.15321159362793 174.17617797851562 254.15321159362793 211.83919525146484 238.60128784179688 211.83919525146484
239.86300659179688 174.34326171875 254.68753242492676 174.34326171875 254.68753242492676 211.6435317993164 239.86300659179688 211.6435317993164
239.66629028320312 173.3711700439453 253.90690326690674 173.3711700439453 253.90690326690674 210.3224220275879 239.66629028320312 210.3224220275879
238.66305541992188 173.5396728515625 253.33035850524902 173.5396728515625 253.33035850524902 211.9826545715332 238.66305541992188 211.9826545715332
237.0897216796875 173.5287322998047 252.2684726715088 173.5287322998047 252.2684726715088 211.14709091186523 237.0897216796875 211.14709091186523
237.3985137939453 175.55368041992188 252.8781909942627 175.55368041992188 252.8781909942627 211.06047821044922 237.3985137939453 211.06047821044922
234.82669067382812 174.26699829101562 248.8582887649536 174.26699829101562 248.8582887649536 211.2635498046875 234.82669067382812 211.2635498046875
233.6193084716797 177.00076293945312 247.8787717819214 177.00076293945312 247.8787717819214 212.6088523864746 233.6193084716797 212.6088523864746
232.09573364257812 177.78323364257812 246.61424446105957 177.78323364257812 246.61424446105957 212.79048538208008 232.09573364257812 212.79048538208008
232.4093780517578 177.50442504882812 246.86084938049316 177.50442504882812 246.86084938049316 214.1672706604004 232.4093780517578 214.1672706604004
231.05868530273438 177.12306213378906 246.27971935272217 177.12306213378906 246.27971935272217 215.70221710205078 231.05868530273438 215.70221710205078
230.37606811523438 178.6543731689453 245.24938774108887 178.6543731689453 245.24938774108887 217.92506790161133 230.37606811523438 217.92506790161133
229.7373504638672 179.0296630859375 243.58621215820312 179.0296630859375 243.58621215820312 217.50752639770508 229.7373504638672 217.50752639770508
228.39584350585938 179.2757110595703 243.28719520568848 179.2757110595703 243.28719520568848 215.60108184814453 228.39584350585938 215.60108184814453
228.9928436279297 179.4202880859375 243.27340126037598 179.4202880859375 243.27340126037598 215.65722274780273 228.9928436279297 215.65722274780273
226.0313720703125 180.45303344726562 240.17171001434326 180.45303344726562 240.17171001434326 217.16585540771484 226.0313720703125 217.16585540771484
226.99185180664062 181.1115264892578 240.86766815185547 181.1115264892578 240.86766815185547 218.0979766845703 226.99185180664062 218.0979766845703
225.301025390625 182.4022216796875 239.6139430999756 182.4022216796875 239.6139430999756 219.21574783325195 225.301025390625 219.21574783325195
226.05471801757812 182.6588592529297 239.9208345413208 182.6588592529297 239.9208345413208 218.20753860473633 226.05471801757812 218.20753860473633
223.8785400390625 182.5599822998047 238.23807048797607 182.5599822998047 238.23807048797607 220.14881896972656 223.8785400390625 220.14881896972656
223.35205078125 184.47193908691406 237.70350456237793 184.47193908691406 237.70350456237793 220.8810920715332 223.35205078125 220.8810920715332
222.9319305419922 185.5005645751953 237.49473094940186 185.5005645751953 237.49473094940186 221.69161987304688 222.9319305419922 221.69161987304688
220.5867919921875 186.1056365966797 236.52943420410156 186.1056365966797 236.52943420410156 222.5118293762207 220.5867919921875 222.5118293762207
219.52389526367188 188.16683959960938 235.19900798797607 188.16683959960938 235.19900798797607 224.77686309814453 219.52389526367188 224.77686309814453
220.1770477294922 186.631591796875 235.22305583953857 186.631591796875 235.22305583953857 223.70056915283203 220.1770477294922 223.70056915283203
220.66995239257812 187.2669677734375 234.7982301712036 187.2669677734375 234.7982301712036 225.78324127197266 220.66995239257812 225.78324127197266
219.59603881835938 188.1224822998047 233.85645294189453 188.1224822998047 233.85645294189453 225.73921966552734 219.59603881835938 225.73921966552734
219.4507293701172 187.91464233398438 233.41423988342285 187.91464233398438 233.41423988342285 225.01507186889648 219.4507293701172 225.01507186889648
216.6650390625 187.2855224609375 230.8746976852417 187.2855224609375 230.8746976852417 223.07393646240234 216.6650390625 223.07393646240234
217.0747833251953 187.9639434814453 232.02694988250732 187.9639434814453 232.02694988250732 225.96429061889648 217.0747833251953 225.96429061889648
215.08639526367188 189.4425811767578 229.27997303009033 189.4425811767578 229.27997303009033 228.14480590820312 215.08639526367188 228.14480590820312
214.8643035888672 188.8034210205078 229.2649688720703 188.8034210205078 229.2649688720703 226.39105606079102 214.8643035888672 226.39105606079102
214.71237182617188 186.88446044921875 228.5142421722412 186.88446044921875 228.5142421722412 224.0769920349121 214.71237182617188 224.0769920349121
213.5087432861328 189.36190795898438 227.83862781524658 189.36190795898438 227.83862781524658 226.95238494873047 213.5087432861328 226.95238494873047
213.26876831054688 191.3079071044922 227.35064697265625 191.3079071044922 227.35064697265625 227.65332794189453 213.26876831054688 227.65332794189453
212.70654296875 192.20484924316406 226.62088203430176 192.20484924316406 226.62088203430176 228.07549667358398 212.70654296875 228.07549667358398
212.0668487548828 191.8658447265625 225.85812950134277 191.8658447265625 225.85812950134277 228.59810256958008 212.0668487548828 228.59810256958008
211.7483367919922 191.58822631835938 226.6539125442505 191.58822631835938 226.6539125442505 228.39611053466797 211.7483367919922 228.39611053466797
211.9515380859375 191.98672485351562 225.7057819366455 191.98672485351562 225.7057819366455 228.74088668823242 211.9515380859375 228.74088668823242
210.21157836914062 191.0980224609375 225.21442222595215 191.0980224609375 225.21442222595215 228.5458869934082 210.21157836914062 228.5458869934082
210.4291534423828 192.801025390625 225.48069953918457 192.801025390625 225.48069953918457 231.2468376159668 210.4291534423828 231.2468376159668
209.82760620117188 192.8523712158203 224.9240951538086 192.8523712158203 224.9240951538086 232.60047912597656 209.82760620117188 232.60047912597656
208.94869995117188 191.78610229492188 223.28453540802002 191.78610229492188 223.28453540802002 229.17314910888672 208.94869995117188 229.17314910888672
208.57595825195312 194.70132446289062 222.45242881774902 194.70132446289062 222.45242881774902 232.01265335083008 208.57595825195312 232.01265335083008
208.0437774658203 194.96987915039062 221.80845832824707 194.96987915039062 221.80845832824707 232.5691795349121 208.0437774658203 232.5691795349121
207.6090850830078 194.3324432373047 221.65491199493408 194.3324432373047 221.65491199493408 231.3794059753418 207.6090850830078 231.3794059753418
206.56546020507812 193.8374786376953 221.19553184509277 193.8374786376953 221.19553184509277 231.4593734741211 206.56546020507812 231.4593734741211
205.94692993164062 194.34445190429688 221.07070636749268 194.34445190429688 221.07070636749268 232.20809173583984 205.94692993164062 232.20809173583984
206.04269409179688 195.7484588623047 220.33965587615967 195.7484588623047 220.33965587615967 234.25029754638672 206.04269409179688 234.25029754638672
205.88095092773438 196.7589111328125 220.2437744140625 196.7589111328125 220.2437744140625 234.48530960083008 205.88095092773438 234.48530960083008
205.34463500976562 194.71163940429688 219.44165802001953 194.71163940429688 219.44165802001953 232.90307998657227 205.34463500976562 232.90307998657227
205.31668090820312 194.52386474609375 218.66289520263672 194.52386474609375 218.66289520263672 231.59451293945312 205.31668090820312 231.59451293945312
205.24435424804688 197.9778289794922 218.8005495071411 197.9778289794922 218.8005495071411 235.44799041748047 205.24435424804688 235.44799041748047
204.87936401367188 196.72360229492188 219.17280864715576 196.72360229492188 219.17280864715576 234.52642059326172 204.87936401367188 234.52642059326172
204.21047973632812 196.2949981689453 218.3135585784912 196.2949981689453 218.3135585784912 233.08584213256836 204.21047973632812 233.08584213256836
203.3588409423828 197.6943359375 217.58551025390625 197.6943359375 217.58551025390625 235.09069442749023 203.3588409423828 235.09069442749023
202.6737060546875 196.6063690185547 217.31754779815674 196.6063690185547 217.31754779815674 238.68573760986328 202.6737060546875 238.68573760986328
203.21287536621094 197.09585571289062 217.62459564208984 197.09585571289062 217.62459564208984 238.69212341308594 203.21287536621094 238.69212341308594
200.99610900878906 199.4486846923828 215.39862632751465 199.4486846923828 215.39862632751465 236.63670349121094 200.99610900878906 236.63670349121094
200.86471557617188 199.8612823486328 215.35797691345215 199.8612823486328 215.35797691345215 237.98492813110352 200.86471557617188 237.98492813110352
198.67919921875 201.05438232421875 213.30709648132324 201.05438232421875 213.30709648132324 238.26900482177734 198.67919921875 238.26900482177734
196.47547912597656 203.05145263671875 212.52713775634766 203.05145263671875 212.52713775634766 239.62477111816406 196.47547912597656 239.62477111816406
197.34901428222656 202.5706329345703 211.62764263153076 202.5706329345703 211.62764263153076 238.83946990966797 197.34901428222656 238.83946990966797
195.5310516357422 204.65066528320312 210.08040809631348 204.65066528320312 210.08040809631348 242.72225189208984 195.5310516357422 242.72225189208984
194.44053649902344 204.74508666992188 209.14419555664062 204.74508666992188 209.14419555664062 243.21772003173828 194.44053649902344 243.21772003173828
193.0863037109375 206.9957275390625 209.55627822875977 206.9957275390625 209.55627822875977 247.52606201171875 193.0863037109375 247.52606201171875
192.573486328125 205.69656372070312 208.28854846954346 205.69656372070312 208.28854846954346 244.1846466064453 192.573486328125 244.1846466064453
193.63180541992188 204.39547729492188 208.87585735321045 204.39547729492188 208.87585735321045 243.2572364807129 193.63180541992188 243.2572364807129
193.50181579589844 205.24331665039062 208.8675661087036 205.24331665039062 208.8675661087036 243.80606079101562 193.50181579589844 243.80606079101562
192.2356414794922 206.95346069335938 208.47210693359375 206.95346069335938 208.47210693359375 243.8661346435547 192.2356414794922 243.8661346435547
192.95101928710938 204.41659545898438 208.52280712127686 204.41659545898438 208.52280712127686 244.68095779418945 192.95101928710938 244.68095779418945
193.5487823486328 206.23837280273438 208.75549030303955 206.23837280273438 208.75549030303955 244.60530853271484 193.5487823486328 244.60530853271484
193.6359100341797 206.84451293945312 208.41976642608643 206.84451293945312 208.41976642608643 247.7980194091797 193.6359100341797 247.7980194091797
193.7888641357422 205.0636444091797 207.36887645721436 205.0636444091797 207.36887645721436 243.20484924316406 193.7888641357422 243.20484924316406
194.30258178710938 206.04019165039062 208.95874309539795 206.04019165039062 208.95874309539795 242.34217834472656 194.30258178710938 242.34217834472656
193.70657348632812 208.13314819335938 208.8302764892578 208.13314819335938 208.8302764892578 245.0728874206543 193.70657348632812 245.0728874206543
194.79043579101562 208.19717407226562 210.24623680114746 208.19717407226562 210.24623680114746 247.87458419799805 194.79043579101562 247.87458419799805
194.46963500976562 208.56961059570312 210.1027889251709 208.56961059570312 210.1027889251709 248.36066436767578 194.46963500976562 248.36066436767578
195.5679473876953 207.97824096679688 210.43403339385986 207.97824096679688 210.43403339385986 246.56292724609375 195.5679473876953 246.56292724609375
193.38729858398438 207.45556640625 210.24464988708496 207.45556640625 210.24464988708496 248.39479064941406 193.38729858398438 248.39479064941406
194.7736053466797 209.570068359375 211.6526584625244 209.570068359375 211.6526584625244 251.16168594360352 194.7736053466797 251.16168594360352
193.08609008789062 208.64114379882812 210.5146827697754 208.64114379882812 210.5146827697754 250.1751251220703 193.08609008789062 250.1751251220703
190.82171630859375 206.2079315185547 207.64883995056152 206.2079315185547 207.64883995056152 247.9227523803711 190.82171630859375 247.9227523803711
190.0632781982422 207.96420288085938 207.22494888305664 207.96420288085938 207.22494888305664 249.00392150878906 190.0632781982422 249.00392150878906
190.62820434570312 208.9573211669922 208.30548095703125 208.9573211669922 208.30548095703125 252.3345718383789 190.62820434570312 252.3345718383789
189.288330078125 211.3274383544922 207.51447677612305 211.3274383544922 207.51447677612305 255.98936462402344 189.288330078125 255.98936462402344
191.15731811523438 214.29605102539062 208.6779899597168 214.29605102539062 208.6779899597168 256.9063835144043 191.15731811523438 256.9063835144043
189.77740478515625 212.35244750976562 207.64117050170898 212.35244750976562 207.64117050170898 255.42792510986328 189.77740478515625 255.42792510986328
191.9938507080078 214.37612915039062 209.10803413391113 214.37612915039062 209.10803413391113 258.23865509033203 191.9938507080078 258.23865509033203
193.5751495361328 214.63583374023438 209.5370635986328 214.63583374023438 209.5370635986328 257.8286781311035 193.5751495361328 257.8286781311035
191.258056640625 217.3232421875 208.31729888916016 217.3232421875 208.31729888916016 258.3591003417969 191.258056640625 258.3591003417969
190.96078491210938 216.4359130859375 207.78126907348633 216.4359130859375 207.78126907348633 258.4063301086426 190.96078491210938 258.4063301086426
190.37704467773438 215.0588836669922 206.90916061401367 215.0588836669922 206.90916061401367 257.9269256591797 190.37704467773438 257.9269256591797
190.37274169921875 213.9052276611328 207.01627731323242 213.9052276611328 207.01627731323242 256.5255584716797 190.37274169921875 256.5255584716797
190.50682067871094 213.21487426757812 206.89851188659668 213.21487426757812 206.89851188659668 257.5379753112793 190.50682067871094 257.5379753112793
189.1444549560547 213.78152465820312 206.35910034179688 213.78152465820312 206.35910034179688 258.33678436279297 189.1444549560547 258.33678436279297
191.48716735839844 218.51791381835938 208.7408962249756 218.51791381835938 208.7408962249756 262.3864517211914 191.48716735839844 262.3864517211914
190.1636199951172 217.53970336914062 208.62096405029297 217.53970336914062 208.62096405029297 259.03879165649414 190.1636199951172 259.03879165649414
191.49746704101562 217.8065948486328 209.4883689880371 217.8065948486328 209.4883689880371 259.90259552001953 191.49746704101562 259.90259552001953
191.24620056152344 218.16824340820312 209.2410125732422 218.16824340820312 209.2410125732422 261.10795974731445 191.24620056152344 261.10795974731445
191.6981201171875 219.77670288085938 209.77655410766602 219.77670288085938 209.77655410766602 264.8227233886719 191.6981201171875 264.8227233886719
191.23648071289062 220.43203735351562 209.24098205566406 220.43203735351562 209.24098205566406 265.6477928161621 191.23648071289062 265.6477928161621
189.6815185546875 217.4397735595703 207.72323036193848 217.4397735595703 207.72323036193848 263.16383361816406 189.6815185546875 263.16383361816406
188.31056213378906 220.14547729492188 207.48462295532227 220.14547729492188 207.48462295532227 262.8902473449707 188.31056213378906 262.8902473449707
188.87095642089844 223.0778350830078 207.3124942779541 223.0778350830078 207.3124942779541 266.7684745788574 188.87095642089844 266.7684745788574
190.5756378173828 223.1833953857422 207.44106101989746 223.1833953857422 207.44106101989746 265.34403228759766 190.5756378173828 265.34403228759766
191.05465698242188 221.68038940429688 208.07611083984375 221.68038940429688 208.07611083984375 264.38468170166016 191.05465698242188 264.38468170166016
190.54322814941406 223.90762329101562 207.1126594543457 223.90762329101562 207.1126594543457 267.47350311279297 190.54322814941406 267.47350311279297
189.03231811523438 223.58187866210938 206.01515769958496 223.58187866210938 206.01515769958496 266.8139877319336 189.03231811523438 266.8139877319336
188.91018676757812 225.4029083251953 206.3226318359375 225.4029083251953 206.3226318359375 267.74088287353516 188.91018676757812 267.74088287353516
191.0863494873047 227.8718719482422 208.9076328277588 227.8718719482422 208.9076328277588 275.0137481689453 191.0863494873047 275.0137481689453
193.0041961669922 226.9877471923828 210.12060546875 226.9877471923828 210.12060546875 273.8164596557617 193.0041961669922 273.8164596557617
193.0772247314453 228.40518188476562 209.83323097229004 228.40518188476562 209.83323097229004 274.0080871582031 193.0772247314453 274.0080871582031
182.490478515625 229.6646728515625 201.8298454284668 229.6646728515625 201.8298454284668 276.6316566467285 182.490478515625 276.6316566467285
182.67782592773438 228.6779022216797 202.4642448425293 228.6779022216797 202.4642448425293 276.73058700561523 182.67782592773438 276.73058700561523
181.66162109375 227.6262969970703 201.33913612365723 227.6262969970703 201.33913612365723 272.9870491027832 181.66162109375 272.9870491027832
183.93515014648438 221.32373046875 203.59128189086914 221.32373046875 203.59128189086914 269.0599899291992 183.93515014648438 269.0599899291992
186.718994140625 224.43356323242188 206.4634666442871 224.43356323242188 206.4634666442871 272.3843650817871 186.718994140625 272.3843650817871
186.70042419433594 227.2985382080078 203.8232707977295 227.2985382080078 203.8232707977295 271.6951713562012 186.70042419433594 271.6951713562012
186.58619689941406 227.97811889648438 203.31459426879883 227.97811889648438 203.31459426879883 269.8099899291992 186.58619689941406 269.8099899291992
187.99911499023438 229.4702911376953 205.5210018157959 229.4702911376953 205.5210018157959 272.00502014160156 187.99911499023438 272.00502014160156
186.64242553710938 229.0203399658203 204.54780197143555 229.0203399658203 204.54780197143555 271.7986869812012 186.64242553710938 271.7986869812012
187.26736450195312 229.27188110351562 205.28900909423828 229.27188110351562 205.28900909423828 273.35094833374023 187.26736450195312 273.35094833374023
186.92140197753906 232.2495880126953 205.5167007446289 232.2495880126953 205.5167007446289 278.9943618774414 186.92140197753906 278.9943618774414
187.793701171875 232.4365234375 204.5592384338379 232.4365234375 204.5592384338379 277.90509033203125 187.793701171875 277.90509033203125
188.8177490234375 232.28939819335938 205.98752975463867 232.28939819335938 205.98752975463867 278.1890525817871 188.8177490234375 278.1890525817871
187.19161987304688 230.80679321289062 205.75435638427734 230.80679321289062 205.75435638427734 278.24581146240234 187.19161987304688 278.24581146240234
188.90574645996094 232.7821044921875 206.65528678894043 232.7821044921875 206.65528678894043 276.6728210449219 188.90574645996094 276.6728210449219
188.681884765625 232.5516357421875 206.07130432128906 232.5516357421875 206.07130432128906 277.79068756103516 188.681884765625 277.79068756103516
189.3946533203125 235.1817626953125 206.6783046722412 235.1817626953125 206.6783046722412 278.6746368408203 189.3946533203125 278.6746368408203
187.84872436523438 234.716064453125 205.66383934020996 234.716064453125 205.66383934020996 278.35958099365234 187.84872436523438 278.35958099365234
187.64608764648438 233.8077850341797 205.00741958618164 233.8077850341797 205.00741958618164 277.04239654541016 187.64608764648438 277.04239654541016
188.56492614746094 238.97607421875 206.477388381958 238.97607421875 206.477388381958 282.6959915161133 188.56492614746094 282.6959915161133
187.5067901611328 240.681884765625 204.98310470581055 240.681884765625 204.98310470581055 286.45529556274414 187.5067901611328 286.45529556274414
184.86581420898438 237.65859985351562 202.0939598083496 237.65859985351562 202.0939598083496 282.1275405883789 184.86581420898438 282.1275405883789
182.98336791992188 239.8511199951172 200.6324863433838 239.8511199951172 200.6324863433838 284.2856864929199 182.98336791992188 284.2856864929199
183.8856964111328 240.85482788085938 200.9123878479004 240.85482788085938 200.9123878479004 287.22260665893555 183.8856964111328 287.22260665893555
184.9490203857422 243.138427734375 201.6648063659668 243.138427734375 201.6648063659668 288.0725631713867 184.9490203857422 288.0725631713867
182.55667114257812 240.2308349609375 200.48944091796875 240.2308349609375 200.48944091796875 287.91309356689453 182.55667114257812 287.91309356689453
181.90997314453125 240.8372039794922 201.03361129760742 240.8372039794922 201.03361129760742 287.0369338989258 181.90997314453125 287.0369338989258
179.99130249023438 241.3478240966797 199.58906936645508 241.3478240966797 199.58906936645508 290.5120735168457 179.99130249023438 290.5120735168457
179.7612762451172 242.78775024414062 198.97735214233398 242.78775024414062 198.97735214233398 291.9773826599121 179.7612762451172 291.9773826599121
179.33474731445312 244.18603515625 198.9653091430664 244.18603515625 198.9653091430664 294.1657524108887 179.33474731445312 294.1657524108887
179.6960906982422 243.4954071044922 198.95927810668945 243.4954071044922 198.95927810668945 292.46482849121094 179.6960906982422 292.46482849121094
179.62777709960938 241.4801483154297 198.76226615905762 241.4801483154297 198.76226615905762 292.49535751342773 179.62777709960938 292.49535751342773
180.425048828125 241.58984375 198.7281837463379 241.58984375 198.7281837463379 291.17870330810547 180.425048828125 291.17870330810547
179.85662841796875 246.56887817382812 199.09424209594727 246.56887817382812 199.09424209594727 296.37083435058594 179.85662841796875 296.37083435058594
180.43161010742188 246.46200561523438 199.51514434814453 246.46200561523438 199.51514434814453 298.4576110839844 180.43161010742188 298.4576110839844
180.276611328125 246.9982452392578 199.70591926574707 246.9982452392578 199.70591926574707 297.2922706604004 180.276611328125 297.2922706604004
179.4146728515625 245.39987182617188 199.50930404663086 245.39987182617188 199.50930404663086 297.7219429016113 179.4146728515625 297.7219429016113
178.05429077148438 246.51806640625 198.35877418518066 246.51806640625 198.35877418518066 300.61921310424805 178.05429077148438 300.61921310424805
177.05294799804688 249.21487426757812 197.95788192749023 249.21487426757812 197.95788192749023 302.13404083251953 177.05294799804688 302.13404083251953
175.3698272705078 249.72640991210938 195.95545768737793 249.72640991210938 195.95545768737793 301.6323432922363 175.3698272705078 301.6323432922363
175.84902954101562 249.2128448486328 195.85659790039062 249.2128448486328 195.85659790039062 302.4624671936035 175.84902954101562 302.4624671936035
176.28167724609375 248.4594268798828 196.67637252807617 248.4594268798828 196.67637252807617 301.3352699279785 176.28167724609375 301.3352699279785
176.434814453125 249.6293182373047 196.08432388305664 249.6293182373047 196.08432388305664 300.68114852905273 176.434814453125 300.68114852905273
175.8466796875 251.5900115966797 195.44318008422852 251.5900115966797 195.44318008422852 302.0018730163574 175.8466796875 302.0018730163574
173.3186492919922 252.2998809814453 193.7972869873047 252.2998809814453 193.7972869873047 303.85282135009766 173.3186492919922 303.85282135009766
173.64108276367188 253.5249481201172 193.16726684570312 253.5249481201172 193.16726684570312 304.28086853027344 173.64108276367188 304.28086853027344
170.4671630859375 252.4954376220703 192.14455223083496 252.4954376220703 192.14455223083496 303.7881202697754 170.4671630859375 303.7881202697754
171.80410766601562 253.36978149414062 192.8965187072754 253.36978149414062 192.8965187072754 305.382080078125 171.80410766601562 305.382080078125
168.8280487060547 254.1405487060547 189.34564590454102 254.1405487060547 189.34564590454102 305.6544761657715 168.8280487060547 305.6544761657715
170.95677185058594 259.4822692871094 190.15893745422363 259.4822692871094 190.15893745422363 309.95058822631836 170.95677185058594 309.95058822631836
172.80551147460938 260.73419189453125 192.2982940673828 260.73419189453125 192.2982940673828 311.8929252624512 172.80551147460938 311.8929252624512
171.60360717773438 258.7518615722656 191.68551635742188 258.7518615722656 191.68551635742188 310.24198150634766 171.60360717773438 310.24198150634766
171.72073364257812 258.13836669921875 191.70770835876465 258.13836669921875 191.70770835876465 309.568115234375 171.72073364257812 309.568115234375
170.21261596679688 256.2847595214844 190.83101081848145 256.2847595214844 190.83101081848145 307.60030364990234 170.21261596679688 307.60030364990234
