24.0 65.0 45.0 65.0 45.0 96.0 24.0 96.0
25.0230712890625 65.14933013916016 45.44071960449219 65.14933013916016 45.44071960449219 95.73946952819824 25.0230712890625 95.73946952819824
25.97914695739746 66.64387512207031 45.69988441467285 66.64387512207031 45.69988441467285 94.97368812561035 25.97914695739746 94.97368812561035
26.771194458007812 66.72042083740234 46.426761627197266 66.72042083740234 46.426761627197266 94.10235786437988 26.771194458007812 94.10235786437988
27.446796417236328 67.90048217773438 47.43982124328613 67.90048217773438 47.43982124328613 93.95866966247559 27.446796417236328 93.95866966247559
27.448577880859375 67.77327728271484 48.039791107177734 67.77327728271484 48.039791107177734 95.9200668334961 27.448577880859375 95.9200668334961
28.857463836669922 67.46646118164062 49.77222442626953 67.46646118164062 49.77222442626953 95.54799270629883 28.857463836669922 95.54799270629883
29.279483795166016 67.08760833740234 49.74993133544922 67.08760833740234 49.74993133544922 97.62456130981445 29.279483795166016 97.62456130981445
30.409008026123047 66.0676040649414 51.89848327636719 66.0676040649414 51.89848327636719 98.28746795654297 30.409008026123047 98.28746795654297
30.296310424804688 65.65818786621094 50.77749252319336 65.65818786621094 50.77749252319336 98.18684005737305 30.296310424804688 98.18684005737305
33.873619079589844 67.47151184082031 56.08772659301758 67.47151184082031 56.08772659301758 100.2637825012207 33.873619079589844 100.2637825012207
33.10916519165039 67.20592498779297 54.179670333862305 67.20592498779297 54.179670333862305 98.8882827758789 33.10916519165039 98.8882827758789
34.0166130065918 67.94429016113281 55.451080322265625 67.94429016113281 55.451080322265625 99.69912147521973 34.0166130065918 99.69912147521973
34.94873046875 69.18368530273438 56.275150299072266 69.18368530273438 56.275150299072266 100.35276222229004 34.94873046875 100.35276222229004
35.79777145385742 68.86854553222656 58.268592834472656 68.86854553222656 58.268592834472656 98.83722496032715 35.79777145385742 98.83722496032715
36.173240661621094 68.7240982055664 57.64461708068848 68.7240982055664 57.64461708068848 100.7900619506836 36.173240661621094 100.7900619506836
37.579647064208984 67.43745422363281 60.819679260253906 67.43745422363281 60.819679260253906 98.70921897888184 37.579647064208984 98.70921897888184
37.7615852355957 67.0616683959961 60.18806266784668 67.0616683959961 60.18806266784668 98.63415336608887 37.7615852355957 98.63415336608887
39.842437744140625 66.92347717285156 62.82796669006348 66.92347717285156 62.82796669006348 99.84224700927734 39.842437744140625 99.84224700927734
40.39133071899414 68.51484680175781 62.86960029602051 68.51484680175781 62.86960029602051 99.58097839355469 40.39133071899414 99.58097839355469
41.50468063354492 68.68241119384766 62.93968200683594 68.68241119384766 62.93968200683594 100.87641525268555 41.50468063354492 100.87641525268555
42.628379821777344 68.57315826416016 65.90307235717773 68.57315826416016 65.90307235717773 100.31937408447266 42.628379821777344 100.31937408447266
43.578155517578125 69.4927749633789 67.38669204711914 69.4927749633789 67.38669204711914 101.52798461914062 43.578155517578125 101.52798461914062
45.80409240722656 68.87260437011719 68.21511268615723 68.87260437011719 68.21511268615723 100.45730209350586 45.80409240722656 100.45730209350586
45.93931198120117 68.09738159179688 70.25505256652832 68.09738159179688 70.25505256652832 101.04681777954102 45.93931198120117 101.04681777954102
47.72165298461914 69.81257629394531 69.59049224853516 69.81257629394531 69.59049224853516 101.60261917114258 47.72165298461914 101.60261917114258
49.3775520324707 68.12950134277344 72.23293685913086 68.12950134277344 72.23293685913086 100.67770767211914 49.3775520324707 100.67770767211914
50.4331169128418 69.0712661743164 72.43693542480469 69.0712661743164 72.43693542480469 100.2993392944336 50.4331169128418 100.2993392944336
50.923851013183594 68.25634765625 72.50436973571777 68.25634765625 72.50436973571777 101.73775100708008 50.923851013183594 101.73775100708008
52.16294479370117 68.82958221435547 75.36627006530762 68.82958221435547 75.36627006530762 100.60139846801758 52.16294479370117 100.60139846801758
52.76812744140625 68.28166198730469 75.63744163513184 68.28166198730469 75.63744163513184 100.84551620483398 52.76812744140625 100.84551620483398
54.38709259033203 68.0477294921875 77.61564826965332 68.0477294921875 77.61564826965332 101.41085433959961 54.38709259033203 101.41085433959961
55.0555534362793 69.06825256347656 76.66588592529297 69.06825256347656 76.66588592529297 103.01339340209961 55.0555534362793 103.01339340209961
55.66401290893555 68.84552764892578 79.02681159973145 68.84552764892578 79.02681159973145 101.91608428955078 55.66401290893555 101.91608428955078
56.80177688598633 68.88602447509766 79.52305603027344 68.88602447509766 79.52305603027344 102.93653106689453 56.80177688598633 102.93653106689453
57.406898498535156 70.7652816772461 80.19432258605957 70.7652816772461 80.19432258605957 103.62852478027344 57.406898498535156 103.62852478027344
59.35538864135742 70.6588363647461 82.72306060791016 70.6588363647461 82.72306060791016 105.77488327026367 59.35538864135742 105.77488327026367
60.843894958496094 69.72199249267578 84.10766220092773 69.72199249267578 84.10766220092773 105.26271438598633 60.843894958496094 105.26271438598633
62.15642166137695 70.80207061767578 85.82805633544922 70.80207061767578 85.82805633544922 104.74274063110352 62.15642166137695 104.74274063110352
63.61333084106445 70.52973937988281 86.82506370544434 70.52973937988281 86.82506370544434 106.31551742553711 63.61333084106445 106.31551742553711
65.0836181640625 70.17677307128906 89.21032905578613 70.17677307128906 89.21032905578613 105.0135383605957 65.0836181640625 105.0135383605957
66.11521911621094 69.50711059570312 89.3315258026123 69.50711059570312 89.3315258026123 104.53665924072266 66.11521911621094 104.53665924072266
67.9444808959961 71.02305603027344 91.96585273742676 71.02305603027344 91.96585273742676 105.62545013427734 67.9444808959961 105.62545013427734
68.30207824707031 71.03926086425781 92.37833786010742 71.03926086425781 92.37833786010742 105.7676773071289 68.30207824707031 105.7676773071289
69.45475769042969 71.3567886352539 92.78100204467773 71.3567886352539 92.78100204467773 105.51611328125 69.45475769042969 105.51611328125
70.0971450805664 70.20458221435547 93.84554672241211 70.20458221435547 93.84554672241211 105.82398986816406 70.0971450805664 105.82398986816406
71.46634674072266 69.68150329589844 94.98174858093262 69.68150329589844 94.98174858093262 105.93537139892578 71.46634674072266 105.93537139892578
73.01353454589844 70.32469177246094 96.83303642272949 70.32469177246094 96.83303642272949 106.38192749023438 73.01353454589844 106.38192749023438
74.36387634277344 70.03228759765625 98.16543579101562 70.03228759765625 98.16543579101562 106.0731315612793 74.36387634277344 106.0731315612793
75.39262390136719 70.75709533691406 99.69593238830566 70.75709533691406 99.69593238830566 105.86812591552734 75.39262390136719 105.86812591552734
76.88999938964844 70.85845947265625 101.35114479064941 70.85845947265625 101.35114479064941 106.54741668701172 76.88999938964844 106.54741668701172
77.50863647460938 70.713623046875 101.69148635864258 70.713623046875 101.69148635864258 106.73249053955078 77.50863647460938 106.73249053955078
78.79801940917969 70.33659362792969 103.05494499206543 70.33659362792969 103.05494499206543 108.36017227172852 78.79801940917969 108.36017227172852
80.27776336669922 70.82814025878906 104.93250846862793 70.82814025878906 104.93250846862793 108.30046844482422 80.27776336669922 108.30046844482422
81.54335021972656 70.78507995605469 105.83550834655762 70.78507995605469 105.83550834655762 107.61751937866211 81.54335021972656 107.61751937866211
81.58169555664062 70.34877014160156 106.74231338500977 70.34877014160156 106.74231338500977 107.84700775146484 81.58169555664062 107.84700775146484
84.19609069824219 69.94944763183594 108.41110801696777 69.94944763183594 108.41110801696777 106.03752899169922 84.19609069824219 106.03752899169922
85.72657012939453 70.98944091796875 110.39333915710449 70.98944091796875 110.39333915710449 107.2649154663086 85.72657012939453 107.2649154663086
86.91024017333984 70.57530212402344 110.93414688110352 70.57530212402344 110.93414688110352 106.6996078491211 86.91024017333984 106.6996078491211
87.76204681396484 69.87657928466797 111.85281562805176 69.87657928466797 111.85281562805176 108.08551788330078 87.76204681396484 108.08551788330078
88.3027572631836 71.68762969970703 113.63995742797852 71.68762969970703 113.63995742797852 107.71920776367188 88.3027572631836 107.71920776367188
88.75282287597656 72.98130798339844 113.78142547607422 72.98130798339844 113.78142547607422 110.38368225097656 88.75282287597656 110.38368225097656
89.99795532226562 71.60395812988281 115.11175155639648 71.60395812988281 115.11175155639648 109.75888442993164 89.99795532226562 109.75888442993164
91.26553344726562 72.79301452636719 116.9419002532959 72.79301452636719 116.9419002532959 112.2123031616211 91.26553344726562 112.2123031616211
93.36786651611328 72.0372543334961 117.93606376647949 72.0372543334961 117.93606376647949 109.5955810546875 93.36786651611328 109.5955810546875
94.8673095703125 70.46770477294922 119.9377212524414 70.46770477294922 119.9377212524414 105.51749420166016 94.8673095703125 105.51749420166016
95.09767150878906 74.44441986083984 120.06123542785645 74.44441986083984 120.06123542785645 110.20481491088867 95.09767150878906 110.20481491088867
96.31584167480469 77.21197509765625 120.52568054199219 77.21197509765625 120.52568054199219 112.20082092285156 96.31584167480469 112.20082092285156
98.37625885009766 75.2276382446289 122.6740894317627 75.2276382446289 122.6740894317627 110.8802490234375 98.37625885009766 110.8802490234375
99.7334976196289 76.10493469238281 123.88680458068848 76.10493469238281 123.88680458068848 110.02935028076172 99.7334976196289 110.02935028076172
98.34048461914062 73.09870910644531 125.84153747558594 73.09870910644531 125.84153747558594 113.69551849365234 98.34048461914062 113.69551849365234
101.16453552246094 76.60527801513672 125.515625 76.60527801513672 125.515625 113.7195930480957 101.16453552246094 113.7195930480957
102.46073913574219 76.67475891113281 127.0501708984375 76.67475891113281 127.0501708984375 112.28822326660156 102.46073913574219 112.28822326660156
103.79476165771484 75.1119613647461 127.09648513793945 75.1119613647461 127.09648513793945 111.82441711425781 103.79476165771484 111.82441711425781
106.7082748413086 76.3046646118164 130.2060604095459 76.3046646118164 130.2060604095459 112.18855667114258 106.7082748413086 112.18855667114258
107.2022933959961 76.95892333984375 130.99281120300293 76.95892333984375 130.99281120300293 113.40056228637695 107.2022933959961 113.40056228637695
108.97318267822266 77.02725219726562 132.72121810913086 77.02725219726562 132.72121810913086 112.69321823120117 108.97318267822266 112.69321823120117
109.67356872558594 75.21492767333984 134.23169326782227 75.21492767333984 134.23169326782227 111.43373107910156 109.67356872558594 111.43373107910156
111.013427734375 77.30960845947266 135.67169570922852 77.30960845947266 135.67169570922852 112.67864227294922 111.013427734375 112.67864227294922
112.280029296875 77.19723510742188 135.10119247436523 77.19723510742188 135.10119247436523 112.23401641845703 112.280029296875 112.23401641845703
114.46653747558594 78.53629302978516 138.455659866333 78.53629302978516 138.455659866333 113.5423698425293 114.46653747558594 113.5423698425293
115.84980773925781 79.94786071777344 138.98410415649414 79.94786071777344 138.98410415649414 113.5751838684082 115.84980773925781 113.5751838684082
116.73554992675781 79.15748596191406 140.42794609069824 79.15748596191406 140.42794609069824 114.1977653503418 116.73554992675781 114.1977653503418
118.3381576538086 78.91377258300781 141.11753845214844 78.91377258300781 141.11753845214844 114.14974212646484 118.3381576538086 114.14974212646484
120.3894271850586 79.32636260986328 141.97578048706055 79.32636260986328 141.97578048706055 114.11735534667969 120.3894271850586 114.11735534667969
122.07231140136719 79.84181213378906 143.7924690246582 79.84181213378906 143.7924690246582 115.72724533081055 122.07231140136719 115.72724533081055
123.60135650634766 77.8398666381836 146.29337692260742 77.8398666381836 146.29337692260742 111.72871398925781 123.60135650634766 111.72871398925781
123.4198989868164 77.82408142089844 147.2810001373291 77.82408142089844 147.2810001373291 112.51913452148438 123.4198989868164 112.51913452148438
125.26766204833984 78.4769058227539 148.11745834350586 78.4769058227539 148.11745834350586 112.7327880859375 125.26766204833984 112.7327880859375
126.5677261352539 80.0097885131836 148.02170181274414 80.0097885131836 148.02170181274414 114.98348999023438 126.5677261352539 114.98348999023438
127.0745620727539 78.61231994628906 150.30091857910156 78.61231994628906 150.30091857910156 114.03118133544922 127.0745620727539 114.03118133544922
129.4234619140625 77.15733337402344 152.88876342773438 77.15733337402344 152.88876342773438 111.30353546142578 129.4234619140625 111.30353546142578
130.97250366210938 78.44682312011719 153.04132652282715 78.44682312011719 153.04132652282715 112.73786544799805 130.97250366210938 112.73786544799805
131.6285858154297 79.09984588623047 154.43975448608398 79.09984588623047 154.43975448608398 114.21144104003906 131.6285858154297 114.21144104003906
132.3841094970703 81.252685546875 155.84070205688477 81.252685546875 155.84070205688477 117.7839241027832 132.3841094970703 117.7839241027832
135.24179077148438 80.2518539428711 157.96200370788574 80.2518539428711 157.96200370788574 116.00276565551758 135.24179077148438 116.00276565551758
136.25186157226562 80.8201675415039 158.4208278656006 80.8201675415039 158.4208278656006 115.60443115234375 136.25186157226562 115.60443115234375
137.0614471435547 80.59194946289062 159.01375770568848 80.59194946289062 159.01375770568848 114.61666107177734 137.0614471435547 114.61666107177734
140.12973022460938 80.04093933105469 161.08163833618164 80.04093933105469 161.08163833618164 114.04902648925781 140.12973022460938 114.04902648925781
141.81385803222656 80.8142318725586 162.87242317199707 80.8142318725586 162.87242317199707 116.17219543457031 141.81385803222656 116.17219543457031
143.31838989257812 80.25935363769531 163.61244201660156 80.25935363769531 163.61244201660156 115.6953239440918 143.31838989257812 115.6953239440918
145.99977111816406 81.67576599121094 166.04216957092285 81.67576599121094 166.04216957092285 116.83671188354492 145.99977111816406 116.83671188354492
147.30831909179688 79.35676574707031 167.2919921875 79.35676574707031 167.2919921875 115.37480163574219 147.30831909179688 115.37480163574219
148.56822204589844 82.44257354736328 169.00011825561523 82.44257354736328 169.00011825561523 117.65102767944336 148.56822204589844 117.65102767944336
149.4877166748047 80.64051818847656 170.26095962524414 80.64051818847656 170.26095962524414 117.3775520324707 149.4877166748047 117.3775520324707
150.40235900878906 80.34427642822266 171.09738159179688 80.34427642822266 171.09738159179688 116.8203125 150.40235900878906 116.8203125
151.81719970703125 80.23822021484375 173.08444213867188 80.23822021484375 173.08444213867188 116.33600616455078 151.81719970703125 116.33600616455078
152.84254455566406 79.29911804199219 173.8578758239746 79.29911804199219 173.8578758239746 115.08495330810547 152.84254455566406 115.08495330810547
154.30467224121094 80.86538696289062 175.35734939575195 80.86538696289062 175.35734939575195 116.88531494140625 154.30467224121094 116.88531494140625
155.69924926757812 83.37287139892578 176.58620071411133 83.37287139892578 176.58620071411133 120.01509857177734 155.69924926757812 120.01509857177734
157.82635498046875 82.72434997558594 178.75158309936523 82.72434997558594 178.75158309936523 120.22354888916016 157.82635498046875 120.22354888916016
158.31924438476562 81.74214172363281 179.34834671020508 81.74214172363281 179.34834671020508 119.30972671508789 158.31924438476562 119.30972671508789
160.31185913085938 81.68269348144531 181.4099063873291 81.68269348144531 181.4099063873291 120.31553649902344 160.31185913085938 120.31553649902344
162.1844024658203 83.3636245727539 184.37321281433105 83.3636245727539 184.37321281433105 121.43734741210938 162.1844024658203 121.43734741210938
162.63441467285156 81.94017028808594 184.38236618041992 81.94017028808594 184.38236618041992 120.32101821899414 162.63441467285156 120.32101821899414
164.63063049316406 83.74283599853516 186.75173950195312 83.74283599853516 186.75173950195312 122.04455184936523 164.63063049316406 122.04455184936523
165.77761840820312 84.5495376586914 187.9007568359375 84.5495376586914 187.9007568359375 122.24486541748047 165.77761840820312 122.24486541748047
166.98130798339844 84.59632873535156 188.89602279663086 84.59632873535156 188.89602279663086 121.96584701538086 166.98130798339844 121.96584701538086
168.32095336914062 80.9670181274414 188.81059455871582 80.9670181274414 188.81059455871582 118.59209823608398 168.32095336914062 118.59209823608398
169.62789916992188 82.13999938964844 190.40615463256836 82.13999938964844 190.40615463256836 119.23404693603516 169.62789916992188 119.23404693603516
170.53738403320312 82.2856674194336 190.7017364501953 82.2856674194336 190.7017364501953 118.30195617675781 170.53738403320312 118.30195617675781
172.54299926757812 81.52767181396484 192.3210048675537 81.52767181396484 192.3210048675537 117.79013442993164 172.54299926757812 117.79013442993164
174.14764404296875 82.9349594116211 193.83335494995117 82.9349594116211 193.83335494995117 118.00627517700195 174.14764404296875 118.00627517700195
174.4075164794922 84.40510559082031 195.2200469970703 84.40510559082031 195.2200469970703 121.89521026611328 174.4075164794922 121.89521026611328
176.5060272216797 80.99476623535156 196.12882614135742 80.99476623535156 196.12882614135742 117.17517471313477 176.5060272216797 117.17517471313477
177.54624938964844 82.84226989746094 197.07825088500977 82.84226989746094 197.07825088500977 119.2735710144043 177.54624938964844 119.2735710144043
178.2084503173828 86.59032440185547 199.0088005065918 86.59032440185547 199.0088005065918 123.79962158203125 178.2084503173828 123.79962158203125
179.64549255371094 85.18586730957031 200.94904327392578 85.18586730957031 200.94904327392578 121.58082580566406 179.64549255371094 121.58082580566406
181.76402282714844 87.01261138916016 202.27594566345215 87.01261138916016 202.27594566345215 122.99958801269531 181.76402282714844 122.99958801269531
182.13302612304688 86.08025360107422 203.5687656402588 86.08025360107422 203.5687656402588 123.12519836425781 182.13302612304688 123.12519836425781
182.63011169433594 86.0147705078125 203.3953628540039 86.0147705078125 203.3953628540039 122.66709518432617 182.63011169433594 122.66709518432617
184.00161743164062 83.70536041259766 204.66238403320312 83.70536041259766 204.66238403320312 121.95938873291016 184.00161743164062 121.95938873291016
185.05221557617188 86.42219543457031 206.64799118041992 86.42219543457031 206.64799118041992 125.04375839233398 185.05221557617188 125.04375839233398
187.36630249023438 81.46589660644531 208.0325527191162 81.46589660644531 208.0325527191162 120.02776336669922 187.36630249023438 120.02776336669922
187.83389282226562 84.49415588378906 208.61300086975098 84.49415588378906 208.61300086975098 120.30749130249023 187.83389282226562 120.30749130249023
188.8956298828125 88.1183853149414 210.34241676330566 88.1183853149414 210.34241676330566 124.30621337890625 188.8956298828125 124.30621337890625
190.0050048828125 85.39105987548828 210.89384269714355 85.39105987548828 210.89384269714355 122.24626159667969 190.0050048828125 122.24626159667969
190.44497680664062 87.1885757446289 212.3611888885498 87.1885757446289 212.3611888885498 124.82912826538086 190.44497680664062 124.82912826538086
191.69741821289062 87.94047546386719 213.8655948638916 87.94047546386719 213.8655948638916 125.05540084838867 191.69741821289062 125.05540084838867
193.79908752441406 85.0794677734375 214.44764709472656 85.0794677734375 214.44764709472656 123.43900680541992 193.79908752441406 123.43900680541992
194.65606689453125 89.64126586914062 215.9432716369629 89.64126586914062 215.9432716369629 124.93496322631836 194.65606689453125 124.93496322631836
195.76251220703125 89.19942474365234 216.84723281860352 89.19942474365234 216.84723281860352 126.02715301513672 195.76251220703125 126.02715301513672
196.02645874023438 89.34510803222656 218.0146942138672 89.34510803222656 218.0146942138672 127.00101470947266 196.02645874023438 127.00101470947266
198.43484497070312 87.58507537841797 219.22174453735352 87.58507537841797 219.22174453735352 126.81471252441406 198.43484497070312 126.81471252441406
199.13540649414062 89.14765930175781 220.84465789794922 89.14765930175781 220.84465789794922 127.09539794921875 199.13540649414062 127.09539794921875
200.65615844726562 90.10322570800781 221.97300338745117 90.10322570800781 221.97300338745117 127.1399917602539 200.65615844726562 127.1399917602539
202.50392150878906 86.68720245361328 223.11033058166504 86.68720245361328 223.11033058166504 123.9195442199707 202.50392150878906 123.9195442199707
204.08792114257812 89.37165069580078 223.7031307220459 89.37165069580078 223.7031307220459 125.94791412353516 204.08792114257812 125.94791412353516
205.3845977783203 91.48945617675781 225.5048713684082 91.48945617675781 225.5048713684082 127.7009506225586 205.3845977783203 127.7009506225586
206.1460723876953 90.32808685302734 226.61144638061523 90.32808685302734 226.61144638061523 127.38777160644531 206.1460723876953 127.38777160644531
207.1331024169922 90.64240264892578 227.68962860107422 90.64240264892578 227.68962860107422 127.37639999389648 207.1331024169922 127.37639999389648
208.67605590820312 88.15313720703125 229.235595703125 88.15313720703125 229.235595703125 124.81856155395508 208.67605590820312 124.81856155395508
209.88375854492188 90.75557708740234 229.97567558288574 90.75557708740234 229.97567558288574 126.9525146484375 209.88375854492188 126.9525146484375
210.58535766601562 93.8812026977539 230.92285537719727 93.8812026977539 230.92285537719727 129.63528442382812 210.58535766601562 129.63528442382812
212.6300048828125 92.44551849365234 232.96888160705566 92.44551849365234 232.96888160705566 127.4537582397461 212.6300048828125 127.4537582397461
213.4720916748047 92.29249572753906 234.2171745300293 92.29249572753906 234.2171745300293 128.51099395751953 213.4720916748047 128.51099395751953
214.76284790039062 96.69978332519531 236.19745445251465 96.69978332519531 236.19745445251465 132.17832946777344 214.76284790039062 132.17832946777344
216.4791717529297 94.67811584472656 237.03906631469727 94.67811584472656 237.03906631469727 130.42325592041016 216.4791717529297 130.42325592041016
217.9019012451172 91.84899139404297 238.63226509094238 91.84899139404297 238.63226509094238 127.6783332824707 217.9019012451172 127.6783332824707
219.0161590576172 91.7309341430664 240.16152954101562 91.7309341430664 240.16152954101562 128.29673385620117 219.0161590576172 128.29673385620117
220.0367889404297 93.64540100097656 240.7897491455078 93.64540100097656 240.7897491455078 129.6988067626953 220.0367889404297 129.6988067626953
220.51187133789062 90.9898452758789 242.5902862548828 90.9898452758789 242.5902862548828 128.35604095458984 220.51187133789062 128.35604095458984
222.30078125 93.39359283447266 243.9346580505371 93.39359283447266 243.9346580505371 128.24004745483398 222.30078125 128.24004745483398
223.2299346923828 91.53573608398438 243.84884071350098 91.53573608398438 243.84884071350098 127.228515625 223.2299346923828 127.228515625
224.25698852539062 93.13866424560547 245.25415229797363 93.13866424560547 245.25415229797363 129.1067008972168 224.25698852539062 129.1067008972168
225.4598388671875 94.1905517578125 247.18601989746094 94.1905517578125 247.18601989746094 129.26884078979492 225.4598388671875 129.26884078979492
226.7184600830078 95.29015350341797 248.0068473815918 95.29015350341797 248.0068473815918 130.4091453552246 226.7184600830078 130.4091453552246
228.42703247070312 93.8888931274414 248.8076877593994 93.8888931274414 248.8076877593994 129.43579483032227 228.42703247070312 129.43579483032227
229.55673217773438 95.68851470947266 250.65916442871094 95.68851470947266 250.65916442871094 130.80224227905273 229.55673217773438 130.80224227905273
230.50341796875 94.14519500732422 251.42644691467285 94.14519500732422 251.42644691467285 128.49200820922852 230.50341796875 128.49200820922852
232.15444946289062 96.628662109375 252.82666778564453 96.628662109375 252.82666778564453 131.62340545654297 232.15444946289062 131.62340545654297
234.0711212158203 96.91386413574219 254.7282428741455 96.91386413574219 254.7282428741455 130.71912384033203 234.0711212158203 130.71912384033203
235.61962890625 100.44412231445312 256.6531162261963 100.44412231445312 256.6531162261963 134.49835968017578 235.61962890625 134.49835968017578
236.59716796875 101.45901489257812 258.6610298156738 101.45901489257812 258.6610298156738 136.02645111083984 236.59716796875 136.02645111083984
238.42507934570312 96.84236145019531 258.34431076049805 96.84236145019531 258.34431076049805 130.4033660888672 238.42507934570312 130.4033660888672
239.8275146484375 99.13127136230469 260.1359386444092 99.13127136230469 260.1359386444092 132.21964263916016 239.8275146484375 132.21964263916016
240.86721801757812 97.30891418457031 261.5328121185303 97.30891418457031 261.5328121185303 130.76654815673828 240.86721801757812 130.76654815673828
242.46945190429688 96.83141326904297 262.5226230621338 96.83141326904297 262.5226230621338 131.00310516357422 242.46945190429688 131.00310516357422
244.37008666992188 99.96517181396484 264.04235458374023 99.96517181396484 264.04235458374023 133.78079223632812 244.37008666992188 133.78079223632812
245.4807586669922 99.08810424804688 265.3041744232178 99.08810424804688 265.3041744232178 131.7965316772461 245.4807586669922 131.7965316772461
246.6015167236328 96.5518798828125 265.87207412719727 96.5518798828125 265.87207412719727 129.1497573852539 246.6015167236328 129.1497573852539
247.99337768554688 98.64286804199219 267.9647159576416 98.64286804199219 267.9647159576416 131.4275016784668 247.99337768554688 131.4275016784668
249.116455078125 101.64279174804688 268.8476257324219 101.64279174804688 268.8476257324219 133.29110717773438 249.116455078125 133.29110717773438
249.5920867919922 103.2887191772461 270.3681392669678 103.2887191772461 270.3681392669678 137.91439056396484 249.5920867919922 137.91439056396484
250.83804321289062 100.25144958496094 271.5750389099121 100.25144958496094 271.5750389099121 133.41039657592773 250.83804321289062 133.41039657592773
253.73464965820312 102.8749771118164 273.4874839782715 102.8749771118164 273.4874839782715 136.30424880981445 253.73464965820312 136.30424880981445
253.9775848388672 102.4958724975586 273.9494037628174 102.4958724975586 273.9494037628174 136.37427139282227 253.9775848388672 136.37427139282227
256.0223083496094 100.40457916259766 276.3957748413086 100.40457916259766 276.3957748413086 135.00774383544922 256.0223083496094 135.00774383544922
256.4836120605469 101.61639404296875 276.5640983581543 101.61639404296875 276.5640983581543 137.04558563232422 256.4836120605469 137.04558563232422
257.88714599609375 102.35005950927734 277.3269863128662 102.35005950927734 277.3269863128662 137.0983543395996 257.88714599609375 137.0983543395996
259.083740234375 102.26439666748047 279.3617515563965 102.26439666748047 279.3617515563965 136.98270797729492 259.083740234375 136.98270797729492
260.2721252441406 102.80440521240234 280.3431091308594 102.80440521240234 280.3431091308594 137.22593307495117 260.2721252441406 137.22593307495117
261.5069885253906 100.99629211425781 281.1489944458008 100.99629211425781 281.1489944458008 133.7342872619629 261.5069885253906 133.7342872619629
262.24884033203125 102.360595703125 281.86475944519043 102.360595703125 281.86475944519043 136.3986930847168 262.24884033203125 136.3986930847168
263.3470458984375 104.14005279541016 283.7065086364746 104.14005279541016 283.7065086364746 138.00947189331055 263.3470458984375 138.00947189331055
264.9249267578125 101.64229583740234 285.4205093383789 101.64229583740234 285.4205093383789 136.40037536621094 264.9249267578125 136.40037536621094
266.4244079589844 101.7356948852539 287.1106376647949 101.7356948852539 287.1106376647949 136.40115356445312 266.4244079589844 136.40115356445312
267.61773681640625 104.96321868896484 287.5923194885254 104.96321868896484 287.5923194885254 139.99767684936523 267.61773681640625 139.99767684936523
268.3042297363281 107.13641357421875 288.3737335205078 107.13641357421875 288.3737335205078 141.66036987304688 268.3042297363281 141.66036987304688
270.4578552246094 103.7996597290039 290.2764701843262 103.7996597290039 290.2764701843262 138.67177963256836 270.4578552246094 138.67177963256836
271.24359130859375 104.7364730834961 290.5297050476074 104.7364730834961 290.5297050476074 139.83749771118164 271.24359130859375 139.83749771118164
272.6387023925781 108.18572998046875 293.2288627624512 108.18572998046875 293.2288627624512 142.5873031616211 272.6387023925781 142.5873031616211
274.2420349121094 103.5570068359375 294.9599494934082 103.5570068359375 294.9599494934082 138.4894790649414 274.2420349121094 138.4894790649414
275.7200012207031 104.20751953125 296.0322799682617 104.20751953125 296.0322799682617 138.89209365844727 275.7200012207031 138.89209365844727
276.8146057128906 106.33415222167969 297.84917068481445 106.33415222167969 297.84917068481445 140.47137069702148 276.8146057128906 140.47137069702148
277.9106750488281 104.2156753540039 297.5227165222168 104.2156753540039 297.5227165222168 139.66714096069336 277.9106750488281 139.66714096069336
279.66705322265625 106.28996276855469 298.79467964172363 106.28996276855469 298.79467964172363 140.49170684814453 279.66705322265625 140.49170684814453
281.2149353027344 105.95863342285156 299.06132888793945 105.95863342285156 299.06132888793945 138.92873001098633 281.2149353027344 138.92873001098633
281.7860412597656 104.81889343261719 300.2762641906738 104.81889343261719 300.2762641906738 139.99242782592773 281.7860412597656 139.99242782592773
282.57122802734375 106.7117919921875 302.1605567932129 106.7117919921875 302.1605567932129 141.49232482910156 282.57122802734375 141.49232482910156
284.4102478027344 103.51954650878906 303.164306640625 103.51954650878906 303.164306640625 139.62376403808594 284.4102478027344 139.62376403808594
285.30902099609375 106.40864562988281 304.69841384887695 106.40864562988281 304.69841384887695 141.40816497802734 285.30902099609375 141.40816497802734
285.6163024902344 107.72965240478516 304.5443820953369 107.72965240478516 304.5443820953369 142.88656997680664 285.6163024902344 142.88656997680664
287.3450622558594 106.0041275024414 306.51996994018555 106.0041275024414 306.51996994018555 141.0821990966797 287.3450622558594 141.0821990966797
288.1185302734375 107.7641372680664 307.08892822265625 107.7641372680664 307.08892822265625 141.79399490356445 288.1185302734375 141.79399490356445
289.0685119628906 110.11856842041016 307.99953842163086 110.11856842041016 307.99953842163086 143.68299865722656 289.0685119628906 143.68299865722656
290.49951171875 106.6681137084961 309.2676582336426 106.6681137084961 309.2676582336426 141.73361206054688 290.49951171875 141.73361206054688
290.8829345703125 109.0931625366211 310.29870223999023 109.0931625366211 310.29870223999023 144.17352294921875 290.8829345703125 144.17352294921875
292.5307922363281 108.30914306640625 311.24367332458496 108.30914306640625 311.24367332458496 144.41365814208984 292.5307922363281 144.41365814208984
293.75341796875 108.6214370727539 312.62298011779785 108.6214370727539 312.62298011779785 141.85256576538086 293.75341796875 141.85256576538086
294.7442626953125 109.84664154052734 313.0321388244629 109.84664154052734 313.0321388244629 142.94484329223633 294.7442626953125 142.94484329223633
295.7440490722656 108.3599853515625 315.07155990600586 108.3599853515625 315.07155990600586 142.33426666259766 295.7440490722656 142.33426666259766
296.825439453125 108.7490463256836 316.27552223205566 108.7490463256836 316.27552223205566 143.89988327026367 296.825439453125 143.89988327026367
297.95330810546875 107.9453125 316.3973579406738 107.9453125 316.3973579406738 141.58988189697266 297.95330810546875 141.58988189697266
298.70843505859375 109.32438659667969 317.589054107666 109.32438659667969 317.589054107666 143.43750381469727 298.70843505859375 143.43750381469727
299.7947692871094 109.3724136352539 318.5300178527832 109.3724136352539 318.5300178527832 143.3749237060547 299.7947692871094 143.3749237060547
301.1222229003906 107.67044830322266 320.39064025878906 107.67044830322266 320.39064025878906 141.5553741455078 301.1222229003906 141.5553741455078
301.91180419921875 110.7850341796875 320.7528190612793 110.7850341796875 320.7528190612793 145.1850700378418 301.91180419921875 145.1850700378418
302.61676025390625 110.9943618774414 322.0066165924072 110.9943618774414 322.0066165924072 145.70914459228516 302.61676025390625 145.70914459228516
304.5546569824219 110.7945785522461 324.3219337463379 110.7945785522461 324.3219337463379 143.58586883544922 304.5546569824219 143.58586883544922
304.6566467285156 112.9471206665039 323.6282215118408 112.9471206665039 323.6282215118408 147.78651428222656 304.6566467285156 147.78651428222656
305.7975769042969 110.59025573730469 325.4047660827637 110.59025573730469 325.4047660827637 146.06683731079102 305.7975769042969 146.06683731079102
306.29486083984375 111.26078033447266 327.1978454589844 111.26078033447266 327.1978454589844 147.12135696411133 306.29486083984375 147.12135696411133
307.85516357421875 111.87420654296875 328.3956718444824 111.87420654296875 328.3956718444824 145.30748748779297 307.85516357421875 145.30748748779297
310.12750244140625 109.06745910644531 331.1347198486328 109.06745910644531 331.1347198486328 140.31149864196777 310.12750244140625 140.31149864196777
310.44281005859375 111.45643615722656 331.0355415344238 111.45643615722656 331.0355415344238 142.3301296234131 310.44281005859375 142.3301296234131
311.87042236328125 112.96891021728516 332.6746940612793 112.96891021728516 332.6746940612793 144.7312889099121 311.87042236328125 144.7312889099121
313.23199462890625 112.69258117675781 333.4601345062256 112.69258117675781 333.4601345062256 144.32082748413086 313.23199462890625 144.32082748413086
315.21942138671875 110.8014907836914 336.26118087768555 110.8014907836914 336.26118087768555 141.7862892150879 315.21942138671875 141.7862892150879
316.89398193359375 111.79740905761719 336.27921867370605 111.79740905761719 336.27921867370605 142.3418025970459 316.89398193359375 142.3418025970459
316.22039794921875 112.9549560546875 336.9059638977051 112.9549560546875 336.9059638977051 144.70961570739746 316.22039794921875 144.70961570739746
318.2401428222656 112.5562744140625 337.5245761871338 112.5562744140625 337.5245761871338 144.275634765625 318.2401428222656 144.275634765625
318.8186340332031 112.74958801269531 339.21010398864746 112.74958801269531 339.21010398864746 144.19933700561523 318.8186340332031 144.19933700561523
319.091552734375 113.91754150390625 340.4311714172363 113.91754150390625 340.4311714172363 146.04307556152344 319.091552734375 146.04307556152344
321.8048400878906 112.37928771972656 343.73081970214844 112.37928771972656 343.73081970214844 142.50542831420898 321.8048400878906 142.50542831420898
323.57647705078125 114.1279296875 343.64957427978516 114.1279296875 343.64957427978516 144.68591690063477 323.57647705078125 144.68591690063477
324.12939453125 115.69036865234375 343.3296432495117 115.69036865234375 343.3296432495117 146.87906455993652 324.12939453125 146.87906455993652
325.69305419921875 114.89234924316406 344.204288482666 114.89234924316406 344.204288482666 145.6872615814209 325.69305419921875 145.6872615814209
326.667724609375 114.57452392578125 346.6718158721924 114.57452392578125 346.6718158721924 144.5652370452881 326.667724609375 144.5652370452881
328.2894287109375 114.901123046875 347.9093132019043 114.901123046875 347.9093132019043 144.05507850646973 328.2894287109375 144.05507850646973
328.81878662109375 113.77619934082031 349.12632751464844 113.77619934082031 349.12632751464844 143.1099510192871 328.81878662109375 143.1099510192871
329.8329772949219 113.92369079589844 350.5170383453369 113.92369079589844 350.5170383453369 143.50658226013184 329.8329772949219 143.50658226013184
331.40203857421875 115.23582458496094 351.70559883117676 115.23582458496094 351.70559883117676 144.9062385559082 331.40203857421875 144.9062385559082
332.7262268066406 116.0169448852539 352.69763374328613 116.0169448852539 352.69763374328613 145.88618278503418 332.7262268066406 145.88618278503418
334.1733703613281 115.3465805053711 354.44137954711914 115.3465805053711 354.44137954711914 143.66129684448242 334.1733703613281 143.66129684448242
335.85211181640625 115.56639099121094 355.147647857666 115.56639099121094 355.147647857666 147.1013298034668 335.85211181640625 147.1013298034668
337.2389221191406 115.75590515136719 357.0882759094238 115.75590515136719 357.0882759094238 146.67235374450684 337.2389221191406 146.67235374450684
337.5948791503906 118.0151596069336 357.81476402282715 118.0151596069336 357.81476402282715 146.3437671661377 337.5948791503906 146.3437671661377
338.1513366699219 119.2303695678711 358.68132400512695 119.2303695678711 358.68132400512695 149.05244255065918 338.1513366699219 149.05244255065918
340.49090576171875 118.46443176269531 360.7023448944092 118.46443176269531 360.7023448944092 148.84605407714844 340.49090576171875 148.84605407714844
342.60137939453125 118.73573303222656 361.9978218078613 118.73573303222656 361.9978218078613 147.86131286621094 342.60137939453125 147.86131286621094
342.506103515625 120.190673828125 361.78485679626465 120.190673828125 361.78485679626465 151.13747787475586 342.506103515625 151.13747787475586
344.72357177734375 121.2565689086914 363.7339057922363 121.2565689086914 363.7339057922363 149.95780181884766 344.72357177734375 149.95780181884766
345.9556579589844 122.70137023925781 364.98377799987793 122.70137023925781 364.98377799987793 153.1767120361328 345.9556579589844 153.1767120361328
347.6874694824219 122.30738830566406 365.7174701690674 122.30738830566406 365.7174701690674 153.3786678314209 347.6874694824219 153.3786678314209
348.3385925292969 118.5965347290039 366.51355743408203 118.5965347290039 366.51355743408203 150.55750274658203 348.3385925292969 150.55750274658203
349.24664306640625 117.7352066040039 367.58081245422363 117.7352066040039 367.58081245422363 149.70347785949707 349.24664306640625 149.70347785949707
351.23785400390625 118.52374267578125 368.19592475891113 118.52374267578125 368.19592475891113 148.6211643218994 351.23785400390625 148.6211643218994
351.69818115234375 120.01020812988281 369.7233028411865 120.01020812988281 369.7233028411865 149.16323280334473 351.69818115234375 149.16323280334473
352.5709228515625 119.779541015625 371.0229682922363 119.779541015625 371.0229682922363 150.21006393432617 352.5709228515625 150.21006393432617
354.83465576171875 121.8165283203125 372.3533992767334 121.8165283203125 372.3533992767334 150.58809280395508 354.83465576171875 150.58809280395508
356.3145446777344 121.8955307006836 372.9220542907715 121.8955307006836 372.9220542907715 151.44127082824707 356.3145446777344 151.44127082824707
357.34991455078125 121.6739273071289 373.9783134460449 121.6739273071289 373.9783134460449 151.6841926574707 357.34991455078125 151.6841926574707
359.54864501953125 121.9787826538086 375.56724548339844 121.9787826538086 375.56724548339844 152.1007308959961 359.54864501953125 152.1007308959961
360.37286376953125 123.55467224121094 377.2575569152832 123.55467224121094 377.2575569152832 153.95505332946777 360.37286376953125 153.95505332946777
362.5706787109375 122.46661376953125 379.0659008026123 122.46661376953125 379.0659008026123 151.5932159423828 362.5706787109375 151.5932159423828
362.75787353515625 124.11073303222656 380.3548774719238 124.11073303222656 380.3548774719238 152.54552268981934 362.75787353515625 152.54552268981934
363.8640441894531 124.2937240600586 380.6079559326172 124.2937240600586 380.6079559326172 154.47980499267578 363.8640441894531 154.47980499267578
364.9879455566406 122.9207763671875 381.7691287994385 122.9207763671875 381.7691287994385 151.7290744781494 364.9879455566406 151.7290744781494
365.935791015625 122.90901947021484 383.1937789916992 122.90901947021484 383.1937789916992 152.08868789672852 365.935791015625 152.08868789672852
367.9520263671875 122.815673828125 384.823787689209 122.815673828125 384.823787689209 153.93015670776367 367.9520263671875 153.93015670776367
369.26727294921875 121.38325500488281 386.66496658325195 121.38325500488281 386.66496658325195 151.68125915527344 369.26727294921875 151.68125915527344
369.50714111328125 120.6382827758789 387.80672454833984 120.6382827758789 387.80672454833984 151.70288467407227 369.50714111328125 151.70288467407227
372.17413330078125 123.73887634277344 389.5542182922363 123.73887634277344 389.5542182922363 156.46457290649414 372.17413330078125 156.46457290649414
373.20361328125 124.6790771484375 391.6276168823242 124.6790771484375 391.6276168823242 157.13375091552734 373.20361328125 157.13375091552734
373.7778625488281 123.15876770019531 392.1961498260498 123.15876770019531 392.1961498260498 157.5656394958496 373.7778625488281 157.5656394958496
375.42852783203125 124.43778228759766 394.4184169769287 124.43778228759766 394.4184169769287 157.7726058959961 375.42852783203125 157.7726058959961
376.45880126953125 127.02579498291016 394.60104751586914 127.02579498291016 394.60104751586914 158.57923698425293 376.45880126953125 158.57923698425293
