466.0 306.0 608.0 306.0 608.0 366.0 466.0 366.0
468.46234130859375 306.9081115722656 609.7774505615234 306.9081115722656 609.7774505615234 365.1783752441406 468.46234130859375 365.1783752441406
468.728515625 307.07647705078125 611.6559295654297 307.07647705078125 611.6559295654297 366.3083724975586 468.728515625 366.3083724975586
471.1695251464844 306.63714599609375 614.7392120361328 306.63714599609375 614.7392120361328 364.9666213989258 471.1695251464844 364.9666213989258
473.24969482421875 307.43896484375 616.0925445556641 307.43896484375 616.0925445556641 365.1311340332031 473.24969482421875 365.1311340332031
472.90185546875 308.7422790527344 611.5913848876953 308.7422790527344 611.5913848876953 366.9450492858887 472.90185546875 366.9450492858887
472.2137145996094 307.6248779296875 611.9633026123047 307.6248779296875 611.9633026123047 366.28292083740234 472.2137145996094 366.28292083740234
472.78814697265625 307.89990234375 610.0 307.89990234375 610.0 365.8767204284668 472.78814697265625 365.8767204284668
474.29998779296875 308.9408264160156 609.9999694824219 308.9408264160156 609.9999694824219 366.2788276672363 474.29998779296875 366.2788276672363
473.30926513671875 307.9557189941406 609.9999847412109 307.9557189941406 609.9999847412109 365.7123489379883 473.30926513671875 365.7123489379883
474.75360107421875 307.6292724609375 609.9115142822266 307.6292724609375 609.9115142822266 364.73823165893555 474.75360107421875 364.73823165893555
475.38592529296875 308.34027099609375 610.0 308.34027099609375 610.0 365.2194404602051 475.38592529296875 365.2194404602051
476.9327697753906 308.25201416015625 609.9999847412109 308.25201416015625 609.9999847412109 364.4775810241699 476.9327697753906 364.4775810241699
477.8091735839844 308.4320983886719 609.9999694824219 308.4320983886719 609.9999694824219 364.28734588623047 477.8091735839844 364.28734588623047
479.09063720703125 308.995849609375 609.9999847412109 308.995849609375 609.9999847412109 364.30964279174805 479.09063720703125 364.30964279174805
479.4539489746094 309.2508850097656 609.9999847412109 309.2508850097656 609.9999847412109 364.4111633300781 479.4539489746094 364.4111633300781
479.9630432128906 308.93560791015625 610.0 308.93560791015625 610.0 363.8807792663574 479.9630432128906 363.8807792663574
481.151611328125 308.86895751953125 609.8448181152344 308.86895751953125 609.8448181152344 363.2463569641113 481.151611328125 363.2463569641113
482.45452880859375 309.2867431640625 610.0000152587891 309.2867431640625 610.0000152587891 363.17919158935547 482.45452880859375 363.17919158935547
481.3724670410156 308.7940368652344 610.0 308.7940368652344 610.0 363.14368438720703 481.3724670410156 363.14368438720703
481.3641052246094 309.1262512207031 610.0 309.1262512207031 610.0 363.4794235229492 481.3641052246094 363.4794235229492
484.12286376953125 309.9070129394531 610.0000381469727 309.9070129394531 610.0000381469727 363.0945243835449 484.12286376953125 363.0945243835449
485.08331298828125 309.9016418457031 610.0 309.9016418457031 610.0 362.6833190917969 485.08331298828125 362.6833190917969
486.54278564453125 310.46063232421875 610.0000152587891 310.46063232421875 610.0000152587891 362.6256332397461 486.54278564453125 362.6256332397461
487.73919677734375 309.3605041503906 609.8117523193359 309.3605041503906 609.8117523193359 360.94043731689453 487.73919677734375 360.94043731689453
486.249755859375 309.5211486816406 609.9999847412109 309.5211486816406 609.9999847412109 361.8099555969238 486.249755859375 361.8099555969238
486.7884826660156 309.603759765625 609.9999694824219 309.603759765625 609.9999694824219 361.6649284362793 486.7884826660156 361.6649284362793
487.53680419921875 310.4981994628906 609.9999847412109 310.4981994628906 609.9999847412109 362.2431831359863 487.53680419921875 362.2431831359863
487.93145751953125 310.23516845703125 610.0000381469727 310.23516845703125 610.0000381469727 361.81341552734375 487.93145751953125 361.81341552734375
490.43505859375 311.04058837890625 610.0000381469727 311.04058837890625 610.0000381469727 361.56097412109375 490.43505859375 361.56097412109375
489.5877990722656 311.13037109375 609.9546203613281 311.13037109375 609.9546203613281 361.9895668029785 489.5877990722656 361.9895668029785
490.2235412597656 311.24139404296875 610.0000076293945 311.24139404296875 610.0000076293945 361.8511428833008 490.2235412597656 361.8511428833008
488.7178649902344 310.50762939453125 609.9999694824219 310.50762939453125 609.9999694824219 361.7535629272461 488.7178649902344 361.7535629272461
487.89654541015625 310.8618469238281 610.0000152587891 310.8618469238281 610.0000152587891 362.454833984375 487.89654541015625 362.454833984375
488.1813049316406 310.64410400390625 610.0000152587891 310.64410400390625 610.0000152587891 362.1167678833008 488.1813049316406 362.1167678833008
487.03143310546875 310.0681457519531 609.9999847412109 310.0681457519531 609.9999847412109 362.02666091918945 487.03143310546875 362.02666091918945
486.4119567871094 310.06597900390625 609.9999923706055 310.06597900390625 609.9999923706055 362.28624725341797 486.4119567871094 362.28624725341797
484.23016357421875 310.4512939453125 609.9999542236328 310.4512939453125 609.9999542236328 363.59343338012695 484.23016357421875 363.59343338012695
483.98175048828125 309.1256103515625 610.0000152587891 309.1256103515625 610.0000152587891 362.3727340698242 483.98175048828125 362.3727340698242
485.1064453125 310.1748352050781 609.9852066040039 310.1748352050781 609.9852066040039 362.94047927856445 485.1064453125 362.94047927856445
485.8258361816406 310.0911560058594 609.9999694824219 310.0911560058594 609.9999694824219 362.5590705871582 485.8258361816406 362.5590705871582
485.81951904296875 309.8465270996094 610.0000228881836 309.8465270996094 610.0000228881836 362.317138671875 485.81951904296875 362.317138671875
485.32550048828125 310.5076904296875 610.0000381469727 310.5076904296875 610.0000381469727 363.18704986572266 485.32550048828125 363.18704986572266
486.1451721191406 309.80291748046875 609.824104309082 309.80291748046875 609.824104309082 362.06159591674805 486.1451721191406 362.06159591674805
484.7845764160156 309.8609924316406 609.9999847412109 309.8609924316406 609.9999847412109 362.7688789367676 484.7845764160156 362.7688789367676
484.77056884765625 309.02764892578125 610.0000152587891 309.02764892578125 610.0000152587891 361.9414596557617 484.77056884765625 361.9414596557617
485.56640625 310.20294189453125 609.9999847412109 310.20294189453125 609.9999847412109 362.7804756164551 485.56640625 362.7804756164551
485.0303649902344 309.9188537597656 609.9999694824219 309.9188537597656 609.9999694824219 362.7228775024414 485.0303649902344 362.7228775024414
483.6681213378906 309.8635559082031 609.9999923706055 309.8635559082031 609.9999923706055 363.2431869506836 483.6681213378906 363.2431869506836
482.66937255859375 309.75604248046875 609.9999771118164 309.75604248046875 609.9999771118164 363.55766677856445 482.66937255859375 363.55766677856445
484.6116638183594 309.82733154296875 610.0000076293945 309.82733154296875 610.0000076293945 362.8082809448242 484.6116638183594 362.8082809448242
485.37030029296875 309.84356689453125 610.0 309.84356689453125 610.0 362.5039596557617 485.37030029296875 362.5039596557617
484.46270751953125 309.59564208984375 610.0000152587891 309.59564208984375 610.0000152587891 362.6395263671875 484.46270751953125 362.6395263671875
482.3338928222656 309.73150634765625 610.0000305175781 309.73150634765625 610.0000305175781 363.6748962402344 482.3338928222656 363.6748962402344
484.69036865234375 310.1116943359375 609.9999618530273 310.1116943359375 609.9999618530273 363.05936431884766 484.69036865234375 363.05936431884766
483.76641845703125 309.88580322265625 610.0 309.88580322265625 610.0 363.2238960266113 483.76641845703125 363.2238960266113
483.05584716796875 309.380126953125 609.9999771118164 309.380126953125 609.9999771118164 363.0184440612793 483.05584716796875 363.0184440612793
484.82171630859375 309.7467956542969 609.9999847412109 309.7467956542969 609.9999847412109 362.6389694213867 484.82171630859375 362.6389694213867
482.8597106933594 310.16064453125 609.9999923706055 310.16064453125 609.9999923706055 363.8818359375 482.8597106933594 363.8818359375
484.054443359375 310.19696044921875 609.9999771118164 310.19696044921875 609.9999771118164 363.413330078125 484.054443359375 363.413330078125
481.9773864746094 309.6124572753906 609.9248580932617 309.6124572753906 609.9248580932617 363.67472076416016 481.9773864746094 363.67472076416016
482.18389892578125 309.15032958984375 609.9999618530273 309.15032958984375 609.9999618530273 363.15706634521484 482.18389892578125 363.15706634521484
482.5547790527344 310.2783203125 609.9999923706055 310.2783203125 609.9999923706055 364.1283645629883 482.5547790527344 364.1283645629883
481.84197998046875 310.42083740234375 610.0 310.42083740234375 610.0 364.5720634460449 481.84197998046875 364.5720634460449
481.61724853515625 309.4810485839844 609.9861907958984 309.4810485839844 609.9861907958984 363.72139739990234 481.61724853515625 363.72139739990234
482.2076110839844 310.57080078125 609.9246520996094 310.57080078125 609.9246520996094 364.53570556640625 482.2076110839844 364.53570556640625
482.46209716796875 309.6598205566406 609.9537506103516 309.6598205566406 609.9537506103516 363.5294876098633 482.46209716796875 363.5294876098633
480.94091796875 309.56988525390625 609.9999847412109 309.56988525390625 609.9999847412109 364.10184478759766 480.94091796875 364.10184478759766
480.76898193359375 309.12786865234375 609.9999847412109 309.12786865234375 609.9999847412109 363.7324752807617 480.76898193359375 363.7324752807617
479.7159729003906 310.25543212890625 610.0 310.25543212890625 610.0 365.30498123168945 479.7159729003906 365.30498123168945
479.4759216308594 309.2734375 609.9485473632812 309.2734375 609.9485473632812 364.40267181396484 479.4759216308594 364.40267181396484
478.1611328125 309.0755310058594 609.9999694824219 309.0755310058594 609.9999694824219 364.78204345703125 478.1611328125 364.78204345703125
477.685546875 309.20074462890625 610.0000305175781 309.20074462890625 610.0000305175781 365.1082344055176 477.685546875 365.1082344055176
478.234375 309.17376708984375 610.0 309.17376708984375 610.0 364.8493423461914 478.234375 364.8493423461914
477.25457763671875 309.05255126953125 609.9999694824219 309.05255126953125 609.9999694824219 365.1421127319336 477.25457763671875 365.1421127319336
477.55120849609375 309.07147216796875 609.9999847412109 309.07147216796875 609.9999847412109 365.03570556640625 477.55120849609375 365.03570556640625
476.0494689941406 308.33013916015625 609.9999847412109 308.33013916015625 609.9999847412109 364.9289131164551 476.0494689941406 364.9289131164551
476.916259765625 308.48846435546875 609.9999847412109 308.48846435546875 609.9999847412109 364.7209892272949 476.916259765625 364.7209892272949
476.17071533203125 308.39068603515625 609.9999694824219 308.39068603515625 609.9999694824219 364.9382209777832 476.17071533203125 364.9382209777832
474.22784423828125 308.56951904296875 609.9576873779297 308.56951904296875 609.9576873779297 365.9201240539551 474.22784423828125 365.9201240539551
471.9546813964844 307.95233154296875 609.9999694824219 307.95233154296875 609.9999694824219 366.28129959106445 471.9546813964844 366.28129959106445
472.52276611328125 307.91473388671875 610.0 307.91473388671875 610.0 366.0036811828613 472.52276611328125 366.0036811828613
473.9137268066406 308.8048095703125 610.0 308.8048095703125 610.0 366.3060188293457 473.9137268066406 366.3060188293457
472.7831115722656 308.1327209472656 610.0 308.1327209472656 610.0 366.11165618896484 472.7831115722656 366.11165618896484
475.06903076171875 308.0968322753906 610.0 308.0968322753906 610.0 365.1098937988281 475.06903076171875 365.1098937988281
475.0423889160156 307.8335876464844 609.9999694824219 307.8335876464844 609.9999694824219 364.8578910827637 475.0423889160156 364.8578910827637
472.6449279785156 307.3592529296875 610.0000457763672 307.3592529296875 610.0000457763672 365.39659881591797 472.6449279785156 365.39659881591797
472.81109619140625 307.93511962890625 610.0000152587891 307.93511962890625 610.0000152587891 365.9022407531738 472.81109619140625 365.9022407531738
474.74591064453125 307.4571838378906 609.9999847412109 307.4571838378906 609.9999847412109 364.6067695617676 474.74591064453125 364.6067695617676
472.66693115234375 307.6393737792969 609.9999847412109 307.6393737792969 609.9999847412109 365.66740798950195 472.66693115234375 365.66740798950195
472.6280822753906 307.307861328125 610.0 307.307861328125 610.0 365.3523178100586 472.6280822753906 365.3523178100586
474.6509704589844 307.9899597167969 609.833984375 307.9899597167969 609.833984375 365.1095275878906 474.6509704589844 365.1095275878906
472.0494079589844 308.18902587890625 609.5592193603516 308.18902587890625 609.5592193603516 366.291748046875 472.0494079589844 366.291748046875
472.28253173828125 307.77593994140625 610.0 307.77593994140625 610.0 365.9664077758789 472.28253173828125 365.9664077758789
469.7628479003906 306.98272705078125 609.9999847412109 306.98272705078125 609.9999847412109 366.23784255981445 469.7628479003906 366.23784255981445
469.48828125 306.5465393066406 611.6284484863281 306.5465393066406 611.6284484863281 365.95751190185547 469.48828125 365.95751190185547
470.61688232421875 307.972412109375 612.0393981933594 307.972412109375 612.0393981933594 367.10163497924805 470.61688232421875 367.10163497924805
470.1709899902344 306.6097717285156 613.3108673095703 306.6097717285156 613.3108673095703 365.5545883178711 470.1709899902344 365.5545883178711
472.0936584472656 306.19976806640625 617.9922180175781 306.19976806640625 617.9922180175781 364.6500244140625 472.0936584472656 364.6500244140625
470.0028381347656 306.528564453125 614.715087890625 306.528564453125 614.715087890625 365.78206634521484 470.0028381347656 365.78206634521484
470.271240234375 305.92999267578125 617.4834594726562 305.92999267578125 617.4834594726562 364.3054313659668 470.271240234375 364.3054313659668
469.77166748046875 305.59844970703125 618.2975158691406 305.59844970703125 618.2975158691406 364.4991683959961 469.77166748046875 364.4991683959961
467.5557556152344 306.005615234375 616.9183959960938 306.005615234375 616.9183959960938 364.58087158203125 467.5557556152344 364.58087158203125
468.11151123046875 305.74554443359375 616.9473724365234 305.74554443359375 616.9473724365234 364.5601272583008 468.11151123046875 364.5601272583008
466.08453369140625 305.698486328125 615.5702514648438 305.698486328125 615.5702514648438 364.56485748291016 466.08453369140625 364.56485748291016
465.36126708984375 305.7882385253906 614.5057678222656 305.7882385253906 614.5057678222656 364.5836601257324 465.36126708984375 364.5836601257324
464.85882568359375 305.5113220214844 614.6186828613281 305.5113220214844 614.6186828613281 364.84808349609375 464.85882568359375 364.84808349609375
463.5045471191406 306.7272644042969 613.6217193603516 306.7272644042969 613.6217193603516 364.0315475463867 463.5045471191406 364.0315475463867
463.3968811035156 305.6708679199219 612.0821838378906 305.6708679199219 612.0821838378906 364.1261978149414 463.3968811035156 364.1261978149414
462.62176513671875 305.10516357421875 611.728759765625 305.10516357421875 611.728759765625 364.84337615966797 462.62176513671875 364.84337615966797
461.41925048828125 305.15972900390625 611.9324340820312 305.15972900390625 611.9324340820312 364.2962760925293 461.41925048828125 364.2962760925293
460.19964599609375 305.5907287597656 610.6523742675781 305.5907287597656 610.6523742675781 364.2818717956543 460.19964599609375 364.2818717956543
457.428955078125 305.15380859375 610.1287689208984 305.15380859375 610.1287689208984 364.6945495605469 457.428955078125 364.6945495605469
458.12274169921875 305.3465881347656 609.2207336425781 305.3465881347656 609.2207336425781 364.1884078979492 458.12274169921875 364.1884078979492
457.29827880859375 305.1852111816406 608.4966735839844 305.1852111816406 608.4966735839844 364.1278190612793 457.29827880859375 364.1278190612793
454.93487548828125 304.8983459472656 607.9396667480469 304.8983459472656 607.9396667480469 364.5649528503418 454.93487548828125 364.5649528503418
453.1673278808594 305.23809814453125 606.4710693359375 305.23809814453125 606.4710693359375 364.8082046508789 453.1673278808594 364.8082046508789
451.7096252441406 304.96673583984375 606.2471923828125 304.96673583984375 606.2471923828125 364.5347213745117 451.7096252441406 364.5347213745117
450.8001403808594 305.342529296875 604.5147094726562 305.342529296875 604.5147094726562 364.36568450927734 450.8001403808594 364.36568450927734
451.0704040527344 304.73699951171875 604.5827331542969 304.73699951171875 604.5827331542969 364.3152160644531 451.0704040527344 364.3152160644531
448.3772888183594 304.891357421875 603.28076171875 304.891357421875 603.28076171875 365.02295684814453 448.3772888183594 365.02295684814453
449.8938903808594 305.01922607421875 602.8643035888672 305.01922607421875 602.8643035888672 364.3512077331543 449.8938903808594 364.3512077331543
447.9534606933594 305.36358642578125 601.499755859375 305.36358642578125 601.499755859375 364.84820556640625 447.9534606933594 364.84820556640625
447.4697265625 305.32061767578125 601.4026794433594 305.32061767578125 601.4026794433594 364.22766876220703 447.4697265625 364.22766876220703
446.24847412109375 305.4762878417969 601.8179626464844 305.4762878417969 601.8179626464844 364.3657760620117 446.24847412109375 364.3657760620117
446.3828125 305.0069885253906 600.1502532958984 305.0069885253906 600.1502532958984 364.6796188354492 446.3828125 364.6796188354492
444.3262634277344 305.329833984375 598.5690002441406 305.329833984375 598.5690002441406 364.5008964538574 444.3262634277344 364.5008964538574
444.5938415527344 304.7252502441406 599.3267211914062 304.7252502441406 599.3267211914062 364.03668212890625 444.5938415527344 364.03668212890625
441.65478515625 305.833984375 596.7911987304688 305.833984375 596.7911987304688 364.57682037353516 441.65478515625 364.57682037353516
442.114013671875 305.75323486328125 596.1815032958984 305.75323486328125 596.1815032958984 364.79369354248047 442.114013671875 364.79369354248047
440.9081115722656 305.26580810546875 596.7013549804688 305.26580810546875 596.7013549804688 365.1000862121582 440.9081115722656 365.1000862121582
441.2904357910156 305.5105895996094 595.9304351806641 305.5105895996094 595.9304351806641 365.0781440734863 441.2904357910156 365.0781440734863
441.9808654785156 305.1310119628906 595.5125122070312 305.1310119628906 595.5125122070312 363.92481231689453 441.9808654785156 363.92481231689453
439.5257263183594 305.58270263671875 593.6535034179688 305.58270263671875 593.6535034179688 364.8257942199707 439.5257263183594 364.8257942199707
439.66131591796875 305.7470703125 592.1546325683594 305.7470703125 592.1546325683594 365.02031326293945 439.66131591796875 365.02031326293945
438.9384765625 305.27069091796875 593.0596618652344 305.27069091796875 593.0596618652344 364.66263580322266 438.9384765625 364.66263580322266
438.0414123535156 305.51336669921875 590.3728637695312 305.51336669921875 590.3728637695312 364.5738639831543 438.0414123535156 364.5738639831543
437.3976135253906 305.58282470703125 590.242431640625 305.58282470703125 590.242431640625 364.6619873046875 437.3976135253906 364.6619873046875
436.8788146972656 305.7838439941406 588.8148193359375 305.7838439941406 588.8148193359375 364.6249198913574 436.8788146972656 364.6249198913574
434.48077392578125 306.9814453125 583.4645080566406 306.9814453125 583.4645080566406 365.7536926269531 434.48077392578125 365.7536926269531
435.53515625 306.2893371582031 586.2515106201172 306.2893371582031 586.2515106201172 364.2825622558594 435.53515625 364.2825622558594
435.3536071777344 306.3702087402344 585.2522430419922 306.3702087402344 585.2522430419922 364.4754753112793 435.3536071777344 364.4754753112793
434.29974365234375 305.9691467285156 585.3063049316406 305.9691467285156 585.3063049316406 365.27603912353516 434.29974365234375 365.27603912353516
434.76446533203125 305.70538330078125 584.0746917724609 305.70538330078125 584.0746917724609 365.0666275024414 434.76446533203125 365.0666275024414
433.50238037109375 305.71917724609375 582.8621673583984 305.71917724609375 582.8621673583984 364.3881607055664 433.50238037109375 364.3881607055664
434.37945556640625 305.55908203125 581.7553100585938 305.55908203125 581.7553100585938 364.3178596496582 434.37945556640625 364.3178596496582
433.23150634765625 306.0523986816406 583.2693786621094 306.0523986816406 583.2693786621094 364.8910140991211 433.23150634765625 364.8910140991211
433.8150329589844 305.4918212890625 582.8606872558594 305.4918212890625 582.8606872558594 364.7297554016113 433.8150329589844 364.7297554016113
434.10223388671875 306.26531982421875 581.2767639160156 306.26531982421875 581.2767639160156 364.9589614868164 434.10223388671875 364.9589614868164
433.4349060058594 306.4278564453125 579.3586730957031 306.4278564453125 579.3586730957031 365.170166015625 433.4349060058594 365.170166015625
432.15380859375 306.4027099609375 575.6380004882812 306.4027099609375 575.6380004882812 364.7491226196289 432.15380859375 364.7491226196289
432.8912048339844 305.99554443359375 576.8379364013672 305.99554443359375 576.8379364013672 364.3409309387207 432.8912048339844 364.3409309387207
432.80047607421875 305.9061584472656 578.7827911376953 305.9061584472656 578.7827911376953 364.6370162963867 432.80047607421875 364.6370162963867
432.0769958496094 306.94915771484375 575.53466796875 306.94915771484375 575.53466796875 365.66595458984375 432.0769958496094 365.66595458984375
429.98626708984375 307.6006774902344 570.5498962402344 307.6006774902344 570.5498962402344 366.9299736022949 429.98626708984375 366.9299736022949
430.6607360839844 307.211669921875 571.1874847412109 307.211669921875 571.1874847412109 365.6470832824707 430.6607360839844 365.6470832824707
431.79034423828125 306.5904235839844 573.1709289550781 306.5904235839844 573.1709289550781 364.88562774658203 431.79034423828125 364.88562774658203
428.9169921875 306.78155517578125 570.648681640625 306.78155517578125 570.648681640625 366.3937072753906 428.9169921875 366.3937072753906
433.2696228027344 306.4667663574219 572.7602233886719 306.4667663574219 572.7602233886719 364.2711067199707 433.2696228027344 364.2711067199707
430.4662170410156 307.3414611816406 571.6512451171875 307.3414611816406 571.6512451171875 365.5592269897461 430.4662170410156 365.5592269897461
430.6910095214844 305.506591796875 572.7336883544922 305.506591796875 572.7336883544922 365.1353645324707 430.6910095214844 365.1353645324707
431.0826721191406 306.36920166015625 572.3066711425781 306.36920166015625 572.3066711425781 364.6966438293457 431.0826721191406 364.6966438293457
430.87249755859375 305.7587585449219 572.0757904052734 305.7587585449219 572.0757904052734 364.2377624511719 430.87249755859375 364.2377624511719
428.26007080078125 306.76092529296875 570.8415832519531 306.76092529296875 570.8415832519531 364.6462173461914 428.26007080078125 364.6462173461914
429.9928283691406 306.432861328125 570.4137115478516 306.432861328125 570.4137115478516 364.670654296875 429.9928283691406 364.670654296875
430.22198486328125 305.42022705078125 571.5677337646484 305.42022705078125 571.5677337646484 364.6544189453125 430.22198486328125 364.6544189453125
429.70806884765625 306.427978515625 569.0175476074219 306.427978515625 569.0175476074219 364.1749496459961 429.70806884765625 364.1749496459961
430.1336364746094 305.82525634765625 569.3339233398438 305.82525634765625 569.3339233398438 364.1591567993164 430.1336364746094 364.1591567993164
429.89300537109375 306.2488098144531 568.7162170410156 306.2488098144531 568.7162170410156 364.6837959289551 429.89300537109375 364.6837959289551
426.53338623046875 306.68609619140625 564.2722930908203 306.68609619140625 564.2722930908203 364.9035949707031 426.53338623046875 364.9035949707031
426.8036193847656 307.41461181640625 565.7534637451172 307.41461181640625 565.7534637451172 365.4302749633789 426.8036193847656 365.4302749633789
427.4440002441406 306.33465576171875 566.7849884033203 306.33465576171875 566.7849884033203 364.2799072265625 427.4440002441406 364.2799072265625
429.697021484375 306.5731201171875 566.8391418457031 306.5731201171875 566.8391418457031 364.3283920288086 429.697021484375 364.3283920288086
428.9998474121094 305.59954833984375 566.5394897460938 305.59954833984375 566.5394897460938 363.8856391906738 428.9998474121094 363.8856391906738
424.7925720214844 306.9148254394531 563.0655059814453 306.9148254394531 563.0655059814453 364.20182037353516 424.7925720214844 364.20182037353516
423.28399658203125 306.98809814453125 562.2179260253906 306.98809814453125 562.2179260253906 364.279296875 423.28399658203125 364.279296875
426.6194763183594 307.2361755371094 563.6265258789062 307.2361755371094 563.6265258789062 365.1158866882324 426.6194763183594 365.1158866882324
426.94757080078125 306.76715087890625 563.9076080322266 306.76715087890625 563.9076080322266 363.71886444091797 426.94757080078125 363.71886444091797
427.6573181152344 307.11993408203125 563.74072265625 307.11993408203125 563.74072265625 363.9411926269531 427.6573181152344 363.9411926269531
426.63006591796875 306.69146728515625 564.2043151855469 306.69146728515625 564.2043151855469 364.60498046875 426.63006591796875 364.60498046875
426.61590576171875 306.762939453125 563.2843322753906 306.762939453125 563.2843322753906 363.9506950378418 426.61590576171875 363.9506950378418
424.38311767578125 306.9034729003906 563.0140686035156 306.9034729003906 563.0140686035156 363.80659103393555 424.38311767578125 363.80659103393555
425.06927490234375 306.72125244140625 563.5414428710938 306.72125244140625 563.5414428710938 364.2723159790039 425.06927490234375 364.2723159790039
426.1585388183594 306.761474609375 562.894775390625 306.761474609375 562.894775390625 363.7609176635742 426.1585388183594 363.7609176635742
423.38360595703125 306.6792907714844 560.0599212646484 306.6792907714844 560.0599212646484 364.8905334472656 423.38360595703125 364.8905334472656
425.8780212402344 306.435546875 562.3773345947266 306.435546875 562.3773345947266 364.3382568359375 425.8780212402344 364.3382568359375
423.7935485839844 306.60784912109375 561.7877960205078 306.60784912109375 561.7877960205078 364.2038459777832 423.7935485839844 364.2038459777832
424.9659118652344 306.94305419921875 561.1674499511719 306.94305419921875 561.1674499511719 363.85758209228516 424.9659118652344 363.85758209228516
424.19866943359375 306.7464294433594 561.0820007324219 306.7464294433594 561.0820007324219 363.9919128417969 424.19866943359375 363.9919128417969
424.78436279296875 307.1429443359375 560.4279479980469 307.1429443359375 560.4279479980469 363.7394218444824 424.78436279296875 363.7394218444824
425.5581970214844 307.9684143066406 559.7611541748047 307.9684143066406 559.7611541748047 363.9062690734863 425.5581970214844 363.9062690734863
424.06072998046875 307.07708740234375 558.0498657226562 307.07708740234375 558.0498657226562 363.86551666259766 424.06072998046875 363.86551666259766
425.11358642578125 307.2721862792969 560.8331909179688 307.2721862792969 560.8331909179688 363.7818717956543 425.11358642578125 363.7818717956543
424.98358154296875 306.62176513671875 561.4810485839844 306.62176513671875 561.4810485839844 364.5182800292969 424.98358154296875 364.5182800292969
425.4081115722656 306.94720458984375 561.1643676757812 306.94720458984375 561.1643676757812 363.56456756591797 425.4081115722656 363.56456756591797
426.33477783203125 307.20599365234375 562.4080047607422 307.20599365234375 562.4080047607422 364.08248138427734 426.33477783203125 364.08248138427734
424.37420654296875 307.0624694824219 561.0649261474609 307.0624694824219 561.0649261474609 364.06633377075195 424.37420654296875 364.06633377075195
425.6023864746094 306.91461181640625 560.1432189941406 306.91461181640625 560.1432189941406 364.0232620239258 425.6023864746094 364.0232620239258
422.78717041015625 308.2276611328125 559.1392517089844 308.2276611328125 559.1392517089844 364.54740142822266 422.78717041015625 364.54740142822266
422.7733459472656 307.8963928222656 556.2986450195312 307.8963928222656 556.2986450195312 363.3134994506836 422.7733459472656 363.3134994506836
419.7478942871094 308.75860595703125 552.7239379882812 308.75860595703125 552.7239379882812 364.47696685791016 419.7478942871094 364.47696685791016
423.13763427734375 308.0426330566406 555.6922760009766 308.0426330566406 555.6922760009766 363.95234298706055 423.13763427734375 363.95234298706055
426.7137756347656 306.94091796875 559.6362915039062 306.94091796875 559.6362915039062 363.36186599731445 426.7137756347656 363.36186599731445
425.4415588378906 307.5636291503906 558.1929931640625 307.5636291503906 558.1929931640625 364.67346954345703 425.4415588378906 364.67346954345703
425.0503845214844 307.90655517578125 555.8696136474609 307.90655517578125 555.8696136474609 363.9773139953613 425.0503845214844 363.9773139953613
423.2777404785156 308.27008056640625 554.4792938232422 308.27008056640625 554.4792938232422 363.8156433105469 423.2777404785156 363.8156433105469
424.94012451171875 307.8310241699219 557.1918182373047 307.8310241699219 557.1918182373047 363.7315368652344 424.94012451171875 363.7315368652344
425.27532958984375 308.068359375 557.1107482910156 308.068359375 557.1107482910156 364.641357421875 425.27532958984375 364.641357421875
423.4667053222656 307.99932861328125 556.2071228027344 307.99932861328125 556.2071228027344 364.1916732788086 423.4667053222656 364.1916732788086
425.11639404296875 307.4559020996094 557.3685760498047 307.4559020996094 557.3685760498047 363.22367095947266 425.11639404296875 363.22367095947266
427.84197998046875 306.740234375 560.3072204589844 306.740234375 560.3072204589844 363.6400833129883 427.84197998046875 363.6400833129883
426.73028564453125 307.108154296875 559.3074645996094 307.108154296875 559.3074645996094 363.3954277038574 426.73028564453125 363.3954277038574
427.20703125 306.6391906738281 560.7372589111328 306.6391906738281 560.7372589111328 363.62665939331055 427.20703125 363.62665939331055
425.20745849609375 306.89483642578125 559.7057800292969 306.89483642578125 559.7057800292969 363.4163398742676 425.20745849609375 363.4163398742676
426.2120666503906 306.45196533203125 561.1339111328125 306.45196533203125 561.1339111328125 363.29700469970703 426.2120666503906 363.29700469970703
427.26422119140625 306.4246520996094 561.7731628417969 306.4246520996094 561.7731628417969 363.7612533569336 427.26422119140625 363.7612533569336
425.1537170410156 307.33038330078125 560.2194671630859 307.33038330078125 560.2194671630859 364.2623977661133 425.1537170410156 364.2623977661133
424.19671630859375 307.71343994140625 559.4374389648438 307.71343994140625 559.4374389648438 364.4028854370117 424.19671630859375 364.4028854370117
423.4697265625 309.15228271484375 557.5110626220703 309.15228271484375 557.5110626220703 365.58934783935547 423.4697265625 365.58934783935547
425.34906005859375 307.3833312988281 559.9966125488281 307.3833312988281 559.9966125488281 363.6726875305176 425.34906005859375 363.6726875305176
421.2431640625 308.0845642089844 555.0096588134766 308.0845642089844 555.0096588134766 364.64440155029297 421.2431640625 364.64440155029297
422.88934326171875 308.43280029296875 557.7533264160156 308.43280029296875 557.7533264160156 365.0634231567383 422.88934326171875 365.0634231567383
424.7154846191406 307.64666748046875 561.55126953125 307.64666748046875 561.55126953125 364.0407905578613 424.7154846191406 364.0407905578613
426.820556640625 307.868896484375 562.1985778808594 307.868896484375 562.1985778808594 364.4415969848633 426.820556640625 364.4415969848633
429.17010498046875 307.02947998046875 563.6983032226562 307.02947998046875 563.6983032226562 364.7944030761719 429.17010498046875 364.7944030761719
425.8064880371094 308.2847595214844 560.2335662841797 308.2847595214844 560.2335662841797 365.2488479614258 425.8064880371094 365.2488479614258
422.97833251953125 310.87359619140625 556.4589080810547 310.87359619140625 556.4589080810547 367.2738571166992 422.97833251953125 367.2738571166992
428.7311096191406 307.0087890625 565.0286865234375 307.0087890625 565.0286865234375 363.59546661376953 428.7311096191406 363.59546661376953
430.8959045410156 306.36529541015625 567.9942474365234 306.36529541015625 567.9942474365234 363.8725700378418 430.8959045410156 363.8725700378418
428.7755432128906 307.59222412109375 565.1577758789062 307.59222412109375 565.1577758789062 365.0438423156738 428.7755432128906 365.0438423156738
429.5741271972656 306.6544494628906 568.2588653564453 306.6544494628906 568.2588653564453 364.7634048461914 429.5741271972656 364.7634048461914
428.8070373535156 307.73565673828125 566.3826904296875 307.73565673828125 566.3826904296875 365.5479850769043 428.8070373535156 365.5479850769043
432.07098388671875 307.39373779296875 568.478515625 307.39373779296875 568.478515625 364.5455017089844 432.07098388671875 364.5455017089844
429.66259765625 307.48626708984375 567.6419830322266 307.48626708984375 567.6419830322266 364.12116622924805 429.66259765625 364.12116622924805
428.92547607421875 307.30535888671875 565.0428161621094 307.30535888671875 565.0428161621094 364.0031509399414 428.92547607421875 364.0031509399414
429.26141357421875 306.82611083984375 566.9364318847656 306.82611083984375 566.9364318847656 364.84545135498047 429.26141357421875 364.84545135498047
431.2337341308594 306.93170166015625 570.1052398681641 306.93170166015625 570.1052398681641 364.6075553894043 431.2337341308594 364.6075553894043
428.04296875 307.63775634765625 564.9340972900391 307.63775634765625 564.9340972900391 364.8195915222168 428.04296875 364.8195915222168
427.82952880859375 308.050048828125 564.0196380615234 308.050048828125 564.0196380615234 365.5951919555664 427.82952880859375 365.5951919555664
428.482177734375 307.04901123046875 565.2318115234375 307.04901123046875 565.2318115234375 364.83057403564453 428.482177734375 364.83057403564453
427.55072021484375 306.33642578125 565.9762878417969 306.33642578125 565.9762878417969 363.9118537902832 427.55072021484375 363.9118537902832
430.4825744628906 307.9443664550781 567.0647125244141 307.9443664550781 567.0647125244141 364.85626220703125 430.4825744628906 364.85626220703125
435.6240234375 307.0872802734375 573.5322113037109 307.0872802734375 573.5322113037109 363.8086166381836 435.6240234375 363.8086166381836
434.0318908691406 307.6129150390625 568.2451477050781 307.6129150390625 568.2451477050781 364.3227844238281 434.0318908691406 364.3227844238281
435.1993103027344 307.7770690917969 569.820068359375 307.7770690917969 569.820068359375 364.6591262817383 435.1993103027344 364.6591262817383
438.08892822265625 307.27471923828125 572.8918609619141 307.27471923828125 572.8918609619141 364.2337532043457 438.08892822265625 364.2337532043457
437.81463623046875 307.77252197265625 572.9435119628906 307.77252197265625 572.9435119628906 364.8692817687988 437.81463623046875 364.8692817687988
441.2456970214844 307.16094970703125 579.5802917480469 307.16094970703125 579.5802917480469 364.12345123291016 441.2456970214844 364.12345123291016
438.8709411621094 308.7530212402344 574.766357421875 308.7530212402344 574.766357421875 366.1736755371094 438.8709411621094 366.1736755371094
438.6363220214844 306.42962646484375 574.4501342773438 306.42962646484375 574.4501342773438 363.8157958984375 438.6363220214844 363.8157958984375
444.4649353027344 307.45245361328125 583.2279052734375 307.45245361328125 583.2279052734375 364.8736152648926 444.4649353027344 364.8736152648926
437.7157287597656 306.00201416015625 575.5887145996094 306.00201416015625 575.5887145996094 364.25825119018555 437.7157287597656 364.25825119018555
442.8955993652344 306.2080078125 580.069091796875 306.2080078125 580.069091796875 364.1686897277832 442.8955993652344 364.1686897277832
440.72125244140625 306.31231689453125 579.2679138183594 306.31231689453125 579.2679138183594 364.85321044921875 440.72125244140625 364.85321044921875
439.3145446777344 306.59991455078125 578.697998046875 306.59991455078125 578.697998046875 365.49439239501953 439.3145446777344 365.49439239501953
440.0669860839844 305.7542419433594 582.8322296142578 305.7542419433594 582.8322296142578 366.07764434814453 440.0669860839844 366.07764434814453
452.1913146972656 304.3305358886719 601.7199096679688 304.3305358886719 601.7199096679688 361.0734176635742 452.1913146972656 361.0734176635742
456.07794189453125 303.916259765625 602.2328948974609 303.916259765625 602.2328948974609 361.3133010864258 456.07794189453125 361.3133010864258
462.6685485839844 303.1402893066406 612.58544921875 303.1402893066406 612.58544921875 358.9803657531738 462.6685485839844 358.9803657531738
464.347900390625 302.9698791503906 614.3337097167969 302.9698791503906 614.3337097167969 359.02424240112305 464.347900390625 359.02424240112305
464.9114685058594 302.37896728515625 616.2901763916016 302.37896728515625 616.2901763916016 358.8610725402832 464.9114685058594 358.8610725402832
461.6429748535156 302.2326965332031 616.5792846679688 302.2326965332031 616.5792846679688 359.21039962768555 461.6429748535156 359.21039962768555
466.05535888671875 301.8302001953125 618.9684295654297 301.8302001953125 618.9684295654297 358.24779510498047 466.05535888671875 358.24779510498047
468.8334045410156 301.81842041015625 619.9717559814453 301.81842041015625 619.9717559814453 358.5582046508789 468.8334045410156 358.5582046508789
471.6298828125 301.2298889160156 620.7546844482422 301.2298889160156 620.7546844482422 357.1966018676758 471.6298828125 357.1966018676758
474.14117431640625 301.62518310546875 620.0417785644531 301.62518310546875 620.0417785644531 356.72278594970703 474.14117431640625 356.72278594970703
474.77099609375 301.1243591308594 618.3661346435547 301.1243591308594 618.3661346435547 357.1816940307617 474.77099609375 357.1816940307617
474.77947998046875 301.0821228027344 618.2423248291016 301.0821228027344 618.2423248291016 357.0704650878906 474.77947998046875 357.0704650878906
474.26220703125 302.7375183105469 613.3688201904297 302.7375183105469 613.3688201904297 359.6125679016113 474.26220703125 359.6125679016113
474.61749267578125 302.5341796875 611.8697357177734 302.5341796875 611.8697357177734 359.6750068664551 474.61749267578125 359.6750068664551
473.08087158203125 304.4365234375 610.0000152587891 304.4365234375 610.0000152587891 362.2897262573242 473.08087158203125 362.2897262573242
474.91650390625 303.6342468261719 610.0 303.6342468261719 610.0 360.7118225097656 474.91650390625 360.7118225097656
475.3304748535156 303.4403381347656 610.0000305175781 303.4403381347656 610.0000305175781 360.3430061340332 475.3304748535156 360.3430061340332
476.4107360839844 301.02081298828125 610.0000152587891 301.02081298828125 610.0000152587891 357.4670295715332 476.4107360839844 357.4670295715332
478.2996520996094 301.9235534667969 609.9999847412109 301.9235534667969 609.9999847412109 357.57161712646484 478.2996520996094 357.57161712646484
480.90509033203125 303.13677978515625 610.0000610351562 303.13677978515625 610.0000610351562 357.6839828491211 480.90509033203125 357.6839828491211
483.9791564941406 302.4305725097656 609.9999847412109 302.4305725097656 609.9999847412109 355.67884063720703 483.9791564941406 355.67884063720703
485.87432861328125 304.8717346191406 609.9168548583984 304.8717346191406 609.9168548583984 357.28410720825195 485.87432861328125 357.28410720825195
488.462890625 306.2099609375 610.0 306.2099609375 610.0 357.5637092590332 488.462890625 357.5637092590332
492.001220703125 306.7879943847656 610.0 306.7879943847656 610.0 356.6466751098633 492.001220703125 356.6466751098633
493.11737060546875 304.90008544921875 609.9999847412109 304.90008544921875 609.9999847412109 354.28714752197266 493.11737060546875 354.28714752197266
493.47332763671875 305.3544616699219 610.0000152587891 305.3544616699219 610.0000152587891 354.5911331176758 493.47332763671875 354.5911331176758
495.8528747558594 306.4066162109375 610.0000076293945 306.4066162109375 610.0000076293945 354.63784408569336 495.8528747558594 354.63784408569336
497.2100524902344 308.48822021484375 609.9999542236328 308.48822021484375 609.9999542236328 356.1459732055664 497.2100524902344 356.1459732055664
498.910400390625 308.2658386230469 610.0000152587891 308.2658386230469 610.0000152587891 355.2051544189453 498.910400390625 355.2051544189453
501.79278564453125 307.8831481933594 610.0 307.8831481933594 610.0 353.6045455932617 501.79278564453125 353.6045455932617
502.02618408203125 309.54119873046875 610.0 309.54119873046875 610.0 355.1639747619629 502.02618408203125 355.1639747619629
504.0005798339844 309.0318298339844 609.941535949707 309.0318298339844 609.941535949707 353.79564666748047 504.0005798339844 353.79564666748047
506.5284118652344 308.716064453125 610.0000076293945 308.716064453125 610.0000076293945 352.43648529052734 506.5284118652344 352.43648529052734
510.35430908203125 310.6492614746094 610.0000228881836 310.6492614746094 610.0000228881836 352.7531051635742 510.35430908203125 352.7531051635742
511.01220703125 309.69134521484375 610.0 309.69134521484375 610.0 351.5171928405762 511.01220703125 351.5171928405762
512.9088134765625 310.19610595703125 610.0000457763672 310.19610595703125 610.0000457763672 351.22058868408203 512.9088134765625 351.22058868408203
514.5394897460938 309.94586181640625 609.9999847412109 309.94586181640625 609.9999847412109 350.28129959106445 514.5394897460938 350.28129959106445
516.2816162109375 311.2103576660156 610.0 311.2103576660156 610.0 350.80968856811523 516.2816162109375 350.80968856811523
517.6768798828125 310.19036865234375 610.0 310.19036865234375 610.0 349.2001533508301 517.6768798828125 349.2001533508301
519.8687744140625 311.68768310546875 610.0000381469727 311.68768310546875 610.0000381469727 349.7713317871094 519.8687744140625 349.7713317871094
520.4676513671875 308.4617614746094 610.0000228881836 308.4617614746094 610.0000228881836 346.29235458374023 520.4676513671875 346.29235458374023
522.40869140625 309.1940002441406 609.9999847412109 309.1940002441406 609.9999847412109 346.2044143676758 522.40869140625 346.2044143676758
524.1514892578125 310.50091552734375 610.0000305175781 310.50091552734375 610.0000305175781 346.7749557495117 524.1514892578125 346.7749557495117
526.3955688476562 311.12542724609375 610.0000457763672 311.12542724609375 610.0000457763672 346.4512748718262 526.3955688476562 346.4512748718262
526.4215087890625 310.92633056640625 609.9421234130859 310.92633056640625 609.9421234130859 346.2167434692383 526.4215087890625 346.2167434692383
527.0806884765625 310.15484619140625 610.0 310.15484619140625 610.0 345.19118881225586 527.0806884765625 345.19118881225586
527.6500244140625 310.2215881347656 609.7873077392578 310.2215881347656 609.7873077392578 344.92749786376953 527.6500244140625 344.92749786376953
528.6331787109375 309.55438232421875 609.9506072998047 309.55438232421875 609.9506072998047 343.91387939453125 528.6331787109375 343.91387939453125
530.2005615234375 309.1619873046875 610.0000381469727 309.1619873046875 610.0000381469727 342.8800964355469 530.2005615234375 342.8800964355469
531.3278198242188 309.8765563964844 610.0000228881836 309.8765563964844 610.0000228881836 343.1183547973633 531.3278198242188 343.1183547973633
532.7315673828125 309.74420166015625 610.0000381469727 309.74420166015625 610.0000381469727 342.3928756713867 532.7315673828125 342.3928756713867
533.6519775390625 308.58990478515625 609.9999847412109 308.58990478515625 609.9999847412109 340.84964752197266 533.6519775390625 340.84964752197266
533.441162109375 308.19329833984375 609.9999618530273 308.19329833984375 609.9999618530273 340.5421142578125 533.441162109375 340.5421142578125
534.4098510742188 309.0098876953125 609.9999847412109 309.0098876953125 609.9999847412109 340.94940757751465 534.4098510742188 340.94940757751465
534.7378540039062 307.4423522949219 610.0000228881836 307.4423522949219 610.0000228881836 339.24329566955566 534.7378540039062 339.24329566955566
535.126220703125 307.15863037109375 609.9999923706055 307.15863037109375 609.9999923706055 338.79546546936035 535.126220703125 338.79546546936035
536.6954345703125 307.32086181640625 609.9041976928711 307.32086181640625 609.9041976928711 338.25417137145996 536.6954345703125 338.25417137145996
537.640625 308.0512390136719 609.9999847412109 308.0512390136719 609.9999847412109 338.6256465911865 537.640625 338.6256465911865
538.7706298828125 306.06427001953125 610.0000457763672 306.06427001953125 610.0000457763672 336.1612358093262 538.7706298828125 336.1612358093262
538.9674682617188 307.6101989746094 609.9999618530273 307.6101989746094 609.9999618530273 337.6239585876465 538.9674682617188 337.6239585876465
540.3240966796875 307.1440734863281 609.9229431152344 307.1440734863281 609.9229431152344 336.5520668029785 540.3240966796875 336.5520668029785
541.0528564453125 306.7651672363281 610.0 306.7651672363281 610.0 335.8977928161621 541.0528564453125 335.8977928161621
540.3438720703125 305.79766845703125 610.0000686645508 305.79766845703125 610.0000686645508 335.2298946380615 540.3438720703125 335.2298946380615
542.3314208984375 306.08038330078125 609.9999618530273 306.08038330078125 609.9999618530273 334.67275619506836 542.3314208984375 334.67275619506836
543.1302490234375 303.723388671875 610.0000228881836 303.723388671875 610.0000228881836 331.97825622558594 543.1302490234375 331.97825622558594
543.0130615234375 305.1780700683594 610.0 305.1780700683594 610.0 333.48244285583496 543.0130615234375 333.48244285583496
544.2655029296875 304.54742431640625 610.0000152587891 304.54742431640625 610.0000152587891 332.3226013183594 544.2655029296875 332.3226013183594
544.6568603515625 304.79510498046875 610.0000152587891 304.79510498046875 610.0000152587891 332.40492248535156 544.6568603515625 332.40492248535156
544.5857543945312 304.77581787109375 609.9476699829102 304.77581787109375 609.9476699829102 332.3935604095459 544.5857543945312 332.3935604095459
544.904052734375 304.18212890625 609.9999923706055 304.18212890625 609.9999923706055 331.6874885559082 544.904052734375 331.6874885559082
545.5201416015625 303.1800231933594 609.9999847412109 303.1800231933594 609.9999847412109 330.4250602722168 545.5201416015625 330.4250602722168
545.0408325195312 302.49493408203125 610.0000152587891 302.49493408203125 610.0000152587891 329.94250869750977 545.0408325195312 329.94250869750977
544.2071533203125 301.8240051269531 609.9662628173828 301.8240051269531 609.9662628173828 329.6095790863037 544.2071533203125 329.6095790863037
544.9962768554688 301.2848205566406 609.9999542236328 301.2848205566406 609.9999542236328 328.7511959075928 544.9962768554688 328.7511959075928
543.7852783203125 301.1848449707031 610.0000152587891 301.1848449707031 610.0000152587891 329.1629333496094 543.7852783203125 329.1629333496094
544.1477661132812 300.94000244140625 609.9676971435547 300.94000244140625 609.9676971435547 328.75127029418945 544.1477661132812 328.75127029418945
544.5462036132812 301.0455017089844 609.9999389648438 301.0455017089844 609.9999389648438 328.70204162597656 544.5462036132812 328.70204162597656
544.3651123046875 299.8883361816406 610.0 299.8883361816406 610.0 327.6214237213135 544.3651123046875 327.6214237213135
544.890380859375 299.70379638671875 609.9999694824219 299.70379638671875 609.9999694824219 327.2149238586426 544.890380859375 327.2149238586426
544.0909423828125 299.23114013671875 610.0000228881836 299.23114013671875 610.0000228881836 327.0800838470459 544.0909423828125 327.0800838470459
542.7545776367188 298.36260986328125 609.7906723022461 298.36260986328125 609.7906723022461 326.68775939941406 542.7545776367188 326.68775939941406
543.3748779296875 298.92144775390625 610.0000152587891 298.92144775390625 610.0000152587891 327.0729560852051 543.3748779296875 327.0729560852051
542.7151489257812 296.897216796875 609.9999542236328 296.897216796875 609.9999542236328 325.3274631500244 542.7151489257812 325.3274631500244
543.27294921875 296.9497375488281 609.9999847412109 296.9497375488281 609.9999847412109 325.1443061828613 543.27294921875 325.1443061828613
542.9682006835938 296.2015686035156 610.0000076293945 296.2015686035156 610.0000076293945 324.5249137878418 542.9682006835938 324.5249137878418
543.0089111328125 295.79449462890625 609.9999694824219 295.79449462890625 609.9999694824219 324.100622177124 543.0089111328125 324.100622177124
543.3338623046875 295.15081787109375 609.9999618530273 295.15081787109375 609.9999618530273 323.31963539123535 543.3338623046875 323.31963539123535
542.7791137695312 293.8431701660156 610.0000228881836 293.8431701660156 610.0000228881836 322.24641036987305 542.7791137695312 322.24641036987305
543.1898803710938 293.94244384765625 609.9999618530273 293.94244384765625 609.9999618530273 322.1720943450928 543.1898803710938 322.1720943450928
543.290283203125 293.9683837890625 610.0000152587891 293.9683837890625 610.0000152587891 322.15563583374023 543.290283203125 322.15563583374023
543.7347412109375 293.1461181640625 610.0000228881836 293.1461181640625 610.0000228881836 321.14557456970215 543.7347412109375 321.14557456970215
542.8974609375 292.8612365722656 609.7929458618164 292.8612365722656 609.7929458618164 321.1269779205322 542.8974609375 321.1269779205322
541.78857421875 291.5128173828125 610.0000152587891 291.5128173828125 610.0000152587891 320.3346004486084 541.78857421875 320.3346004486084
541.1907348632812 290.776611328125 609.9999923706055 290.776611328125 609.9999923706055 319.8509979248047 541.1907348632812 319.8509979248047
540.12060546875 290.30340576171875 610.0000152587891 290.30340576171875 610.0000152587891 319.8299674987793 540.12060546875 319.8299674987793
541.1748046875 290.30889892578125 609.9999389648438 290.30889892578125 609.9999389648438 319.38999366760254 541.1748046875 319.38999366760254
540.3419799804688 289.3080749511719 610.0 289.3080749511719 610.0 318.74109840393066 540.3419799804688 318.74109840393066
539.3619995117188 288.2928161621094 609.9999847412109 288.2928161621094 609.9999847412109 318.13991355895996 539.3619995117188 318.13991355895996
538.6829833984375 287.6119384765625 609.9999847412109 287.6119384765625 609.9999847412109 317.74594497680664 538.6829833984375 317.74594497680664
538.1409301757812 287.2652587890625 609.9989852905273 287.2652587890625 609.9989852905273 317.62788009643555 538.1409301757812 317.62788009643555
537.6744384765625 286.44512939453125 609.8849716186523 286.44512939453125 609.8849716186523 316.95668601989746 537.6744384765625 316.95668601989746
536.5684814453125 285.87225341796875 610.0000228881836 285.87225341796875 610.0000228881836 316.89973068237305 536.5684814453125 316.89973068237305
535.4151611328125 285.146240234375 610.0000076293945 285.146240234375 610.0000076293945 316.66103172302246 535.4151611328125 316.66103172302246
534.7713623046875 284.99957275390625 609.9999771118164 284.99957275390625 609.9999771118164 316.78638076782227 534.7713623046875 316.78638076782227
533.7562255859375 283.6546325683594 609.9999389648438 283.6546325683594 609.9999389648438 315.87035369873047 533.7562255859375 315.87035369873047
534.97021484375 283.25421142578125 610.0000152587891 283.25421142578125 610.0000152587891 314.95701026916504 534.97021484375 314.95701026916504
533.0421142578125 282.34686279296875 609.3024139404297 282.34686279296875 609.3024139404297 314.56959533691406 533.0421142578125 314.56959533691406
533.0921630859375 281.81256103515625 610.0 281.81256103515625 610.0 314.3089027404785 533.0921630859375 314.3089027404785
532.000244140625 280.2854919433594 609.9712524414062 280.2854919433594 609.9712524414062 313.2310600280762 532.000244140625 313.2310600280762
529.73095703125 279.07672119140625 609.8409805297852 279.07672119140625 609.8409805297852 312.9261016845703 529.73095703125 312.9261016845703
529.4268798828125 277.7925720214844 609.9999847412109 277.7925720214844 609.9999847412109 311.8376235961914 529.4268798828125 311.8376235961914
528.4666137695312 277.59320068359375 610.0000152587891 277.59320068359375 610.0000152587891 312.0440101623535 528.4666137695312 312.0440101623535
526.8375244140625 276.25115966796875 610.0000228881836 276.25115966796875 610.0000228881836 311.39031982421875 526.8375244140625 311.39031982421875
524.2791137695312 275.6575927734375 610.0000534057617 275.6575927734375 610.0000534057617 311.8777885437012 524.2791137695312 311.8777885437012
524.46435546875 275.1929016113281 609.6838836669922 275.1929016113281 609.6838836669922 311.2012405395508 524.46435546875 311.2012405395508
523.7247314453125 274.533935546875 610.0000152587891 274.533935546875 610.0000152587891 310.98836517333984 523.7247314453125 310.98836517333984
525.9559936523438 273.8316955566406 610.5392456054688 273.8316955566406 610.5392456054688 310.3979072570801 525.9559936523438 310.3979072570801
526.61083984375 273.7109375 609.8180084228516 273.7109375 609.8180084228516 310.584529876709 526.61083984375 310.584529876709
523.341796875 273.74462890625 607.9511413574219 273.74462890625 607.9511413574219 309.4951400756836 523.341796875 309.4951400756836
525.4299926757812 274.1927490234375 608.8760757446289 274.1927490234375 608.8760757446289 309.4517364501953 525.4299926757812 309.4517364501953
527.0223388671875 273.3316955566406 608.1200714111328 273.3316955566406 608.1200714111328 307.5984191894531 527.0223388671875 307.5984191894531
522.4129638671875 272.81805419921875 602.7661285400391 272.81805419921875 602.7661285400391 306.7701721191406 522.4129638671875 306.7701721191406
518.6627807617188 272.30657958984375 599.0982513427734 272.30657958984375 599.0982513427734 306.29347229003906 518.6627807617188 306.29347229003906
520.06201171875 272.98541259765625 600.318733215332 272.98541259765625 600.318733215332 306.89677810668945 520.06201171875 306.89677810668945
520.2615966796875 271.41888427734375 599.8845977783203 271.41888427734375 599.8845977783203 305.0624771118164 520.2615966796875 305.0624771118164
516.6890258789062 271.7371826171875 597.1268157958984 271.7371826171875 597.1268157958984 305.7250556945801 516.6890258789062 305.7250556945801
517.4925537109375 270.9215087890625 597.2761993408203 270.9215087890625 597.2761993408203 304.63298416137695 517.4925537109375 304.63298416137695
515.645263671875 270.6714782714844 595.9233245849609 270.6714782714844 595.9233245849609 304.5918655395508 515.645263671875 304.5918655395508
513.248779296875 268.9275817871094 595.2599182128906 268.9275817871094 595.2599182128906 303.5802536010742 513.248779296875 303.5802536010742
514.8001098632812 268.7603759765625 596.6499633789062 268.7603759765625 596.6499633789062 303.3449020385742 514.8001098632812 303.3449020385742
514.4869995117188 267.8215026855469 595.6570053100586 267.8215026855469 595.6570053100586 302.11876678466797 514.4869995117188 302.11876678466797
512.5699462890625 268.8599548339844 592.9534912109375 268.8599548339844 592.9534912109375 302.8249092102051 512.5699462890625 302.8249092102051
510.45196533203125 268.22076416015625 590.2445449829102 268.22076416015625 590.2445449829102 301.9360160827637 510.45196533203125 301.9360160827637
515.9696655273438 267.8748474121094 594.1276397705078 267.8748474121094 594.1276397705078 300.89942169189453 515.9696655273438 300.89942169189453
512.9891357421875 266.99365234375 588.9452056884766 266.99365234375 588.9452056884766 299.08784103393555 512.9891357421875 299.08784103393555
523.2791748046875 266.8995666503906 599.221809387207 266.8995666503906 599.221809387207 298.9880790710449 523.2791748046875 298.9880790710449
521.62744140625 266.14044189453125 597.7501373291016 266.14044189453125 597.7501373291016 298.3050346374512 521.62744140625 298.3050346374512
508.0079040527344 266.40850830078125 584.0174102783203 266.40850830078125 584.0174102783203 298.52527618408203 508.0079040527344 298.52527618408203
512.3076171875 264.8775634765625 588.1987762451172 264.8775634765625 588.1987762451172 296.94432830810547 512.3076171875 296.94432830810547
502.6031188964844 265.52130126953125 580.0233154296875 265.52130126953125 580.0233154296875 298.23413848876953 502.6031188964844 298.23413848876953
501.1065368652344 263.38427734375 579.4403381347656 263.38427734375 579.4403381347656 296.48314666748047 501.1065368652344 296.48314666748047
498.1202697753906 264.34515380859375 576.3773193359375 264.34515380859375 576.3773193359375 297.4115905761719 498.1202697753906 297.4115905761719
504.23016357421875 263.0694580078125 581.8002243041992 263.0694580078125 581.8002243041992 295.84561920166016 504.23016357421875 295.84561920166016
496.03778076171875 263.98291015625 573.4439086914062 263.98291015625 573.4439086914062 296.6898078918457 496.03778076171875 296.6898078918457
494.3900451660156 262.58990478515625 570.3048858642578 262.58990478515625 570.3048858642578 294.6666793823242 494.3900451660156 294.6666793823242
497.16717529296875 262.4356384277344 572.4313278198242 262.4356384277344 572.4313278198242 294.2374725341797 497.16717529296875 294.2374725341797
497.2213439941406 263.2121276855469 571.0795745849609 263.2121276855469 571.0795745849609 294.41991233825684 497.2213439941406 294.41991233825684
493.72998046875 262.38079833984375 568.0678558349609 262.38079833984375 568.0678558349609 293.79125022888184 493.72998046875 293.79125022888184
495.26422119140625 261.97698974609375 568.6343841552734 261.97698974609375 568.6343841552734 292.9785461425781 495.26422119140625 292.9785461425781
492.2156677246094 260.8691101074219 566.1826095581055 260.8691101074219 566.1826095581055 292.1228275299072 492.2156677246094 292.1228275299072
490.43121337890625 260.49237060546875 564.0115280151367 260.49237060546875 564.0115280151367 291.582727432251 490.43121337890625 291.582727432251
488.25006103515625 262.30523681640625 562.0640106201172 262.30523681640625 562.0640106201172 293.4943141937256 488.25006103515625 293.4943141937256
491.6949157714844 260.1228942871094 564.9399490356445 260.1228942871094 564.9399490356445 291.0715847015381 491.6949157714844 291.0715847015381
487.73468017578125 261.010009765625 561.0879821777344 261.010009765625 561.0879821777344 292.00444984436035 487.73468017578125 292.00444984436035
486.96697998046875 261.576171875 560.4376068115234 261.576171875 560.4376068115234 292.62018394470215 486.96697998046875 292.62018394470215
485.2308654785156 260.75640869140625 558.2195739746094 260.75640869140625 558.2195739746094 291.5967903137207 485.2308654785156 291.5967903137207
485.91094970703125 259.6045837402344 559.4443130493164 259.6045837402344 559.4443130493164 290.6751003265381 485.91094970703125 290.6751003265381
483.7154235839844 259.99468994140625 556.5698699951172 259.99468994140625 556.5698699951172 290.7783393859863 483.7154235839844 290.7783393859863
475.01861572265625 259.9619140625 547.2458343505859 259.9619140625 547.2458343505859 290.48053550720215 475.01861572265625 290.48053550720215
472.0342712402344 257.4794616699219 544.1782302856445 257.4794616699219 544.1782302856445 287.96290016174316 472.0342712402344 287.96290016174316
472.24591064453125 258.1328125 542.8537750244141 258.1328125 542.8537750244141 287.9671936035156 472.24591064453125 287.9671936035156
471.42913818359375 256.4317626953125 542.5165405273438 256.4317626953125 542.5165405273438 286.46876525878906 471.42913818359375 286.46876525878906
469.4242248535156 257.4606018066406 540.1365661621094 257.4606018066406 540.1365661621094 287.3391304016113 469.4242248535156 287.3391304016113
470.91351318359375 255.8885040283203 540.094970703125 255.8885040283203 540.094970703125 285.1201820373535 470.91351318359375 285.1201820373535
470.4427185058594 255.51272583007812 539.1988220214844 255.51272583007812 539.1988220214844 284.56467628479004 470.4427185058594 284.56467628479004
467.67742919921875 255.39047241210938 535.9235992431641 255.39047241210938 535.9235992431641 284.22695541381836 467.67742919921875 284.22695541381836
466.9185485839844 254.80569458007812 536.1490478515625 254.80569458007812 536.1490478515625 284.05809020996094 466.9185485839844 284.05809020996094
465.43231201171875 254.32373046875 534.6473999023438 254.32373046875 534.6473999023438 283.5696144104004 465.43231201171875 283.5696144104004
464.6275939941406 253.6781005859375 533.7639617919922 253.6781005859375 533.7639617919922 282.89072036743164 464.6275939941406 282.89072036743164
463.65789794921875 253.69900512695312 533.0163726806641 253.69900512695312 533.0163726806641 283.0054740905762 463.65789794921875 283.0054740905762
465.373779296875 253.796875 534.00390625 253.796875 534.00390625 282.7955894470215 465.373779296875 282.7955894470215
463.40789794921875 253.7877960205078 531.5231170654297 253.7877960205078 531.5231170654297 282.5689449310303 463.40789794921875 282.5689449310303
464.49127197265625 253.4681854248047 532.3569564819336 253.4681854248047 532.3569564819336 282.14389991760254 464.49127197265625 282.14389991760254
466.2939453125 253.2993621826172 532.7862701416016 253.2993621826172 532.7862701416016 281.39478492736816 466.2939453125 281.39478492736816
463.05682373046875 253.5380859375 528.9655685424805 253.5380859375 528.9655685424805 281.386926651001 463.05682373046875 281.386926651001
464.8815002441406 252.7900390625 530.6266632080078 252.7900390625 530.6266632080078 280.5697593688965 464.8815002441406 280.5697593688965
464.1036071777344 252.50283813476562 529.544677734375 252.50283813476562 529.544677734375 280.15406799316406 464.1036071777344 280.15406799316406
466.3892517089844 250.2624969482422 531.4085845947266 250.2624969482422 531.4085845947266 277.73552894592285 466.3892517089844 277.73552894592285
463.07623291015625 250.4508056640625 527.3134994506836 250.4508056640625 527.3134994506836 277.59338760375977 463.07623291015625 277.59338760375977
456.8213806152344 250.77615356445312 521.1823654174805 250.77615356445312 521.1823654174805 277.9710121154785 456.8213806152344 277.9710121154785
460.16510009765625 249.71145629882812 525.9575347900391 249.71145629882812 525.9575347900391 277.5111503601074 460.16510009765625 277.5111503601074
456.56170654296875 250.0568084716797 521.9559936523438 250.0568084716797 521.9559936523438 277.688268661499 456.56170654296875 277.688268661499
455.68072509765625 251.06613159179688 520.4342803955078 251.06613159179688 520.4342803955078 278.4268550872803 455.68072509765625 278.4268550872803
457.5673828125 250.19888305664062 520.5909004211426 250.19888305664062 520.5909004211426 276.8286018371582 457.5673828125 276.8286018371582
458.36431884765625 250.24179077148438 521.0775146484375 250.24179077148438 521.0775146484375 276.7403869628906 458.36431884765625 276.7403869628906
457.4034118652344 250.5429229736328 519.0781440734863 250.5429229736328 519.0781440734863 276.6027317047119 457.4034118652344 276.6027317047119
461.6700134277344 250.05197143554688 522.0884704589844 250.05197143554688 522.0884704589844 275.58095932006836 461.6700134277344 275.58095932006836
459.55657958984375 249.867431640625 520.3329162597656 249.867431640625 520.3329162597656 275.54763412475586 459.55657958984375 275.54763412475586
458.15069580078125 249.3311767578125 519.0439834594727 249.3311767578125 519.0439834594727 275.0607967376709 458.15069580078125 275.0607967376709
457.09100341796875 250.3603515625 516.388916015625 250.3603515625 516.388916015625 275.41586685180664 457.09100341796875 275.41586685180664
459.2770080566406 249.852294921875 518.5426025390625 249.852294921875 518.5426025390625 274.89415550231934 459.2770080566406 274.89415550231934
453.2648010253906 249.326171875 512.8619194030762 249.326171875 512.8619194030762 274.508113861084 453.2648010253906 274.508113861084
454.0874938964844 248.8415985107422 515.2922592163086 248.8415985107422 515.2922592163086 274.7028293609619 454.0874938964844 274.7028293609619
452.4267578125 247.5279083251953 514.1824417114258 247.5279083251953 514.1824417114258 273.62192153930664 452.4267578125 273.62192153930664
451.69659423828125 247.88607788085938 513.4818420410156 247.88607788085938 513.4818420410156 273.9925842285156 451.69659423828125 273.9925842285156
448.40093994140625 247.5526580810547 510.85686111450195 247.5526580810547 510.85686111450195 273.9425506591797 448.40093994140625 273.9425506591797
448.22625732421875 247.1346435546875 510.57410430908203 247.1346435546875 510.57410430908203 273.4788703918457 448.22625732421875 273.4788703918457
451.3379821777344 246.1652374267578 515.0491104125977 246.1652374267578 515.0491104125977 273.0855007171631 451.3379821777344 273.0855007171631
446.5037536621094 246.2871856689453 511.3620910644531 246.2871856689453 511.3620910644531 273.69218826293945 446.5037536621094 273.69218826293945
448.5425720214844 246.39285278320312 513.474250793457 246.39285278320312 513.474250793457 273.8288459777832 448.5425720214844 273.8288459777832
443.834716796875 246.4149932861328 508.3210220336914 246.4149932861328 508.3210220336914 273.6628017425537 443.834716796875 273.6628017425537
443.59735107421875 246.2003173828125 508.05747985839844 246.2003173828125 508.05747985839844 273.43706703186035 443.59735107421875 273.43706703186035
446.52606201171875 246.2141876220703 510.8032455444336 246.2141876220703 510.8032455444336 273.37363624572754 446.52606201171875 273.37363624572754
443.9666442871094 245.74789428710938 508.37418365478516 245.74789428710938 508.37418365478516 272.96242332458496 443.9666442871094 272.96242332458496
441.4886169433594 246.25 504.9808158874512 246.25 504.9808158874512 273.07776260375977 441.4886169433594 273.07776260375977
445.76214599609375 246.48403930664062 508.2294616699219 246.48403930664062 508.2294616699219 272.8787498474121 445.76214599609375 272.8787498474121
443.1358337402344 246.1597900390625 505.29996490478516 246.1597900390625 505.29996490478516 272.42639541625977 443.1358337402344 272.42639541625977
444.2701110839844 245.6064453125 507.01651763916016 245.6064453125 507.01651763916016 272.119083404541 444.2701110839844 272.119083404541
443.22564697265625 245.54910278320312 506.7669868469238 245.54910278320312 506.7669868469238 272.3976287841797 443.22564697265625 272.3976287841797
438.7763671875 244.58761596679688 502.5419921875 244.58761596679688 502.5419921875 271.5309085845947 438.7763671875 271.5309085845947
438.8063049316406 244.26913452148438 503.04103088378906 244.26913452148438 503.04103088378906 271.4106388092041 438.8063049316406 271.4106388092041
437.6643981933594 243.5658721923828 502.6432418823242 243.5658721923828 502.6432418823242 271.02179527282715 437.6643981933594 271.02179527282715
437.9061584472656 242.88687133789062 502.9645462036133 242.88687133789062 502.9645462036133 270.37640380859375 437.9061584472656 270.37640380859375
437.2945251464844 242.25466918945312 502.66588592529297 242.25466918945312 502.66588592529297 269.87644386291504 437.2945251464844 269.87644386291504
435.8943786621094 243.0980224609375 499.9616241455078 243.0980224609375 499.9616241455078 270.16876220703125 435.8943786621094 270.16876220703125
434.97650146484375 242.68826293945312 499.42913818359375 242.68826293945312 499.42913818359375 269.9218444824219 434.97650146484375 269.9218444824219
430.835693359375 242.42446899414062 496.5261688232422 242.42446899414062 496.5261688232422 270.18107986450195 430.835693359375 270.18107986450195
431.5719299316406 241.29995727539062 498.39891815185547 241.29995727539062 498.39891815185547 269.5367851257324 431.5719299316406 269.5367851257324
429.9620666503906 241.61770629882812 496.382568359375 241.61770629882812 496.382568359375 269.6827793121338 429.9620666503906 269.6827793121338
427.98028564453125 241.5543212890625 494.29270935058594 241.5543212890625 494.29270935058594 269.57373046875 427.98028564453125 269.57373046875
425.8612365722656 241.6264190673828 492.0859603881836 241.6264190673828 492.0859603881836 269.6087703704834 425.8612365722656 269.6087703704834
425.9869079589844 241.6912078857422 492.02528381347656 241.6912078857422 492.02528381347656 269.5948181152344 425.9869079589844 269.5948181152344
426.6883850097656 241.52395629882812 492.12840270996094 241.52395629882812 492.12840270996094 269.17473793029785 426.6883850097656 269.17473793029785
424.4756774902344 241.5337371826172 489.3435821533203 241.5337371826172 489.3435821533203 268.9427795410156 424.4756774902344 268.9427795410156
423.5655212402344 241.4158477783203 488.22386169433594 241.4158477783203 488.22386169433594 268.7363395690918 423.5655212402344 268.7363395690918
424.2218322753906 241.4016876220703 489.2456283569336 241.4016876220703 489.2456283569336 268.87660217285156 424.2218322753906 268.87660217285156
424.10833740234375 240.6826934814453 489.0320816040039 240.6826934814453 489.0320816040039 268.11533546447754 424.10833740234375 268.11533546447754
423.3523864746094 241.0339813232422 487.8611297607422 241.0339813232422 487.8611297607422 268.2912712097168 423.3523864746094 268.2912712097168
421.4369201660156 240.74169921875 486.83386993408203 240.74169921875 486.83386993408203 268.3742866516113 421.4369201660156 268.3742866516113
421.6028747558594 241.30935668945312 485.75355529785156 241.30935668945312 485.75355529785156 268.41535568237305 421.6028747558594 268.41535568237305
421.0595703125 239.513671875 486.5693588256836 239.513671875 486.5693588256836 267.1939449310303 421.0595703125 267.1939449310303
421.14453125 239.82888793945312 487.627685546875 239.82888793945312 487.627685546875 267.9204444885254 421.14453125 267.9204444885254
418.47381591796875 239.90231323242188 485.53173828125 239.90231323242188 485.53173828125 268.2367286682129 418.47381591796875 268.2367286682129
417.9432067871094 238.6665802001953 484.8475036621094 238.6665802001953 484.8475036621094 266.93608474731445 417.9432067871094 266.93608474731445
419.52557373046875 239.36328125 484.6129608154297 239.36328125 484.6129608154297 266.8650760650635 419.52557373046875 266.8650760650635
419.3384704589844 238.04959106445312 484.65663146972656 238.04959106445312 484.65663146972656 265.6488952636719 419.3384704589844 265.6488952636719
419.2420349121094 237.92446899414062 483.60303497314453 237.92446899414062 483.60303497314453 265.1193389892578 419.2420349121094 265.1193389892578
418.84912109375 239.32571411132812 482.6010856628418 239.32571411132812 482.6010856628418 266.26324462890625 418.84912109375 266.26324462890625
421.89990234375 238.5040740966797 483.9846382141113 238.5040740966797 483.9846382141113 264.7371406555176 421.89990234375 264.7371406555176
421.16162109375 239.22604370117188 482.80559158325195 239.22604370117188 482.80559158325195 265.2728729248047 421.16162109375 265.2728729248047
420.31817626953125 239.548095703125 480.5735092163086 239.548095703125 480.5735092163086 265.00817489624023 420.31817626953125 265.00817489624023
420.46624755859375 238.5567169189453 480.3132133483887 238.5567169189453 480.3132133483887 263.8442440032959 420.46624755859375 263.8442440032959
421.48583984375 238.6326446533203 480.3698921203613 238.6326446533203 480.3698921203613 263.51330375671387 421.48583984375 263.51330375671387
419.6023864746094 238.8499298095703 478.12206268310547 238.8499298095703 478.12206268310547 263.5766258239746 419.6023864746094 263.5766258239746
420.7677307128906 239.7813262939453 478.5492858886719 239.7813262939453 478.5492858886719 264.196138381958 420.7677307128906 264.196138381958
421.87603759765625 238.272705078125 479.4804801940918 238.272705078125 479.4804801940918 262.6126823425293 421.87603759765625 262.6126823425293
420.9715881347656 237.16909790039062 477.4680862426758 237.16909790039062 477.4680862426758 261.0409278869629 420.9715881347656 261.0409278869629
419.9552307128906 236.60348510742188 476.4131164550781 236.60348510742188 476.4131164550781 260.45899963378906 419.9552307128906 260.45899963378906
418.6896057128906 236.46383666992188 475.89619064331055 236.46383666992188 475.89619064331055 260.635705947876 418.6896057128906 260.635705947876
421.829345703125 237.2545623779297 478.61658477783203 237.2545623779297 478.61658477783203 261.24924087524414 421.829345703125 261.24924087524414
421.9473571777344 236.91519165039062 479.75130462646484 236.91519165039062 479.75130462646484 261.3394660949707 421.9473571777344 261.3394660949707
417.54412841796875 235.59732055664062 475.1558723449707 235.59732055664062 475.1558723449707 259.9403820037842 417.54412841796875 259.9403820037842
419.1431579589844 235.89114379882812 476.6091995239258 235.89114379882812 476.6091995239258 260.1726417541504 419.1431579589844 260.1726417541504
418.7220764160156 234.82437133789062 476.86107635498047 234.82437133789062 476.86107635498047 259.3902187347412 418.7220764160156 259.3902187347412
413.6380920410156 233.84817504882812 471.9087028503418 233.84817504882812 471.9087028503418 258.4696350097656 413.6380920410156 258.4696350097656
414.8783264160156 234.661865234375 473.5240058898926 234.661865234375 473.5240058898926 259.44180488586426 414.8783264160156 259.44180488586426
412.37762451171875 234.87289428710938 471.25821685791016 234.87289428710938 471.25821685791016 259.7520923614502 412.37762451171875 259.7520923614502
410.13970947265625 233.81494140625 468.06636810302734 233.81494140625 468.06636810302734 258.2910671234131 410.13970947265625 258.2910671234131
410.2796325683594 232.9192352294922 468.74459075927734 232.9192352294922 468.74459075927734 257.62281227111816 410.2796325683594 257.62281227111816
409.43011474609375 234.2171173095703 467.84638595581055 234.2171173095703 467.84638595581055 258.9001216888428 409.43011474609375 258.9001216888428
408.33038330078125 232.85867309570312 466.3893051147461 232.85867309570312 466.3893051147461 257.39068603515625 408.33038330078125 257.39068603515625
406.44110107421875 232.6678466796875 465.1478157043457 232.6678466796875 465.1478157043457 257.47357749938965 406.44110107421875 257.47357749938965
404.28875732421875 233.2058563232422 463.81513595581055 233.2058563232422 463.81513595581055 258.35792541503906 404.28875732421875 258.35792541503906
405.89349365234375 233.6742401123047 465.6812324523926 233.6742401123047 465.6812324523926 258.9367446899414 405.89349365234375 258.9367446899414
405.7616271972656 233.5896453857422 465.5675277709961 233.5896453857422 465.5675277709961 258.8598232269287 405.7616271972656 258.8598232269287
405.7071228027344 232.9225311279297 466.51575469970703 232.9225311279297 466.51575469970703 258.61639976501465 405.7071228027344 258.61639976501465
404.4795227050781 232.8404083251953 465.6210746765137 232.8404083251953 465.6210746765137 258.67494773864746 404.4795227050781 258.67494773864746
398.3321228027344 233.1937713623047 460.15384674072266 233.1937713623047 460.15384674072266 259.3157081604004 398.3321228027344 259.3157081604004
398.63922119140625 232.25473022460938 460.1641616821289 232.25473022460938 460.1641616821289 258.2512664794922 398.63922119140625 258.2512664794922
398.05133056640625 233.7720489501953 459.10948944091797 233.7720489501953 459.10948944091797 259.5713539123535 398.05133056640625 259.5713539123535
396.36419677734375 233.5672149658203 457.1835823059082 233.5672149658203 457.1835823059082 259.26562881469727 396.36419677734375 259.26562881469727
397.2410583496094 233.6159210205078 458.4751777648926 233.6159210205078 458.4751777648926 259.48957443237305 397.2410583496094 259.48957443237305
396.72528076171875 233.04452514648438 457.57232666015625 233.04452514648438 457.57232666015625 258.7546272277832 396.72528076171875 258.7546272277832
396.80303955078125 232.8932647705078 457.6692199707031 232.8932647705078 457.6692199707031 258.61145401000977 396.80303955078125 258.61145401000977
396.3197021484375 234.18408203125 457.1382637023926 234.18408203125 457.1382637023926 259.88214683532715 396.3197021484375 259.88214683532715
394.54046630859375 232.55282592773438 456.98128509521484 232.55282592773438 456.98128509521484 258.9363555908203 394.54046630859375 258.9363555908203
393.20220947265625 233.5155792236328 455.57787322998047 233.5155792236328 455.57787322998047 259.87157821655273 393.20220947265625 259.87157821655273
393.9056396484375 232.82272338867188 455.9407730102539 232.82272338867188 455.9407730102539 259.0348320007324 393.9056396484375 259.0348320007324
392.6033630371094 233.0374298095703 453.9568290710449 233.0374298095703 453.9568290710449 258.9615077972412 392.6033630371094 258.9615077972412
395.8204040527344 232.54489135742188 455.8479995727539 232.54489135742188 455.8479995727539 257.90874099731445 395.8204040527344 257.90874099731445
395.26849365234375 232.6708526611328 455.1462173461914 232.6708526611328 455.1462173461914 257.9713726043701 395.26849365234375 257.9713726043701
393.85137939453125 233.0596923828125 454.2928161621094 233.0596923828125 454.2928161621094 258.5984001159668 393.85137939453125 258.5984001159668
395.0089416503906 232.1052703857422 454.8795394897461 232.1052703857422 454.8795394897461 257.40277671813965 395.0089416503906 257.40277671813965
393.0621643066406 232.098388671875 452.7248344421387 232.098388671875 452.7248344421387 257.30803871154785 393.0621643066406 257.30803871154785
393.03350830078125 232.3012237548828 452.9415969848633 232.3012237548828 452.9415969848633 257.6145706176758 393.03350830078125 257.6145706176758
392.66583251953125 232.47265625 451.7342109680176 232.47265625 451.7342109680176 257.4311943054199 392.66583251953125 257.4311943054199
390.9918518066406 232.8582763671875 450.2095832824707 232.8582763671875 450.2095832824707 257.879919052124 390.9918518066406 257.879919052124
392.7679443359375 232.1791534423828 452.22651290893555 232.1791534423828 452.22651290893555 257.30255699157715 392.7679443359375 257.30255699157715
391.59051513671875 231.74758911132812 451.0947952270508 231.74758911132812 451.0947952270508 256.89030838012695 391.59051513671875 256.89030838012695
390.13458251953125 231.6656951904297 450.0639457702637 231.6656951904297 450.0639457702637 256.98802757263184 390.13458251953125 256.98802757263184
390.57763671875 232.2165985107422 449.42838287353516 232.2165985107422 449.42838287353516 257.08317375183105 390.57763671875 257.08317375183105
391.148681640625 232.41842651367188 450.2796211242676 232.41842651367188 450.2796211242676 257.40339279174805 391.148681640625 257.40339279174805
389.2578125 231.2281036376953 449.12358474731445 231.2281036376953 449.12358474731445 256.52356338500977 389.2578125 256.52356338500977
390.70867919921875 230.74581909179688 450.7831802368164 230.74581909179688 450.7831802368164 256.1294746398926 390.70867919921875 256.1294746398926
388.29278564453125 231.2131805419922 447.51128005981445 231.2131805419922 447.51128005981445 256.23513984680176 388.29278564453125 256.23513984680176
388.65350341796875 230.89376831054688 448.6025581359863 230.89376831054688 448.6025581359863 256.22441482543945 388.65350341796875 256.22441482543945
387.50836181640625 230.42324829101562 448.45040130615234 230.42324829101562 448.45040130615234 256.1734676361084 387.50836181640625 256.1734676361084
386.74609375 229.45675659179688 448.4604606628418 229.45675659179688 448.4604606628418 255.5333137512207 386.74609375 255.5333137512207
386.9822692871094 229.2927703857422 449.6192436218262 229.2927703857422 449.6192436218262 255.75916481018066 386.9822692871094 255.75916481018066
386.0785217285156 229.8013153076172 447.9417495727539 229.8013153076172 447.9417495727539 255.94077491760254 386.0785217285156 255.94077491760254
385.5267333984375 229.4848175048828 447.75481033325195 229.4848175048828 447.75481033325195 255.7784423828125 385.5267333984375 255.7784423828125
385.48944091796875 229.6073455810547 447.3408737182617 229.6073455810547 447.3408737182617 255.7418270111084 385.48944091796875 255.7418270111084
384.8348388671875 229.8644561767578 447.41211700439453 229.8644561767578 447.41211700439453 256.3056335449219 384.8348388671875 256.3056335449219
383.91522216796875 229.509765625 445.5474624633789 229.509765625 445.5474624633789 255.5516300201416 383.91522216796875 255.5516300201416
384.36114501953125 229.69100952148438 446.9128303527832 229.69100952148438 446.9128303527832 256.121374130249 384.36114501953125 256.121374130249
384.38409423828125 228.9055938720703 446.1690444946289 228.9055938720703 446.1690444946289 255.01198387145996 384.38409423828125 255.01198387145996
383.5333557128906 229.7157440185547 445.6877632141113 229.7157440185547 445.6877632141113 255.97824478149414 383.5333557128906 255.97824478149414
382.90863037109375 227.62435913085938 445.2400817871094 227.62435913085938 445.2400817871094 253.96166610717773 382.90863037109375 253.96166610717773
380.4297790527344 228.28952026367188 443.36156463623047 228.28952026367188 443.36156463623047 254.88048934936523 380.4297790527344 254.88048934936523
381.8788757324219 227.9371795654297 444.0788879394531 227.9371795654297 444.0788879394531 254.21895217895508 381.8788757324219 254.21895217895508
382.2378845214844 227.1683349609375 444.78543853759766 227.1683349609375 444.78543853759766 253.5969581604004 382.2378845214844 253.5969581604004
382.66607666015625 227.0076141357422 444.57035064697266 227.0076141357422 444.57035064697266 253.1644287109375 382.66607666015625 253.1644287109375
379.5061340332031 228.0025634765625 441.2998161315918 228.0025634765625 441.2998161315918 254.11264991760254 379.5061340332031 254.11264991760254
382.21368408203125 227.3111572265625 444.27923583984375 227.3111572265625 444.27923583984375 253.53611755371094 382.21368408203125 253.53611755371094
381.3623046875 226.97305297851562 443.9441223144531 226.97305297851562 443.9441223144531 253.41615676879883 381.3623046875 253.41615676879883
380.31060791015625 226.7869873046875 441.7831039428711 226.7869873046875 441.7831039428711 252.7613639831543 380.31060791015625 252.7613639831543
380.5352478027344 226.3514862060547 440.9175338745117 226.3514862060547 440.9175338745117 251.86520767211914 380.5352478027344 251.86520767211914
381.8823547363281 226.0885467529297 440.8093376159668 226.0885467529297 440.8093376159668 250.9873504638672 381.8823547363281 250.9873504638672
381.4220886230469 225.7371826171875 439.8247489929199 225.7371826171875 439.8247489929199 250.4144401550293 381.4220886230469 250.4144401550293
380.4441833496094 225.26480102539062 438.7185287475586 225.26480102539062 438.7185287475586 249.88784408569336 380.4441833496094 249.88784408569336
380.2561340332031 224.58544921875 438.25305938720703 224.58544921875 438.25305938720703 249.09127235412598 380.2561340332031 249.09127235412598
378.4682312011719 224.7480010986328 436.75092697143555 224.7480010986328 436.75092697143555 249.37457275390625 378.4682312011719 249.37457275390625
377.13250732421875 224.3824462890625 436.21312713623047 224.3824462890625 436.21312713623047 249.34617042541504 377.13250732421875 249.34617042541504
378.0605163574219 223.46755981445312 437.5771903991699 223.46755981445312 437.5771903991699 248.61553382873535 378.0605163574219 248.61553382873535
381.5654296875 223.2289276123047 440.0472183227539 223.2289276123047 440.0472183227539 247.93962478637695 381.5654296875 247.93962478637695
380.256591796875 224.08395385742188 438.46916580200195 224.08395385742188 438.46916580200195 248.68089866638184 380.256591796875 248.68089866638184
379.2513122558594 223.7409210205078 437.72978591918945 223.7409210205078 437.72978591918945 248.45022010803223 379.2513122558594 248.45022010803223
378.92962646484375 223.4677276611328 437.3188896179199 223.4677276611328 437.3188896179199 248.13933181762695 378.92962646484375 248.13933181762695
376.44598388671875 224.0609588623047 434.6215400695801 224.0609588623047 434.6215400695801 248.6422634124756 376.44598388671875 248.6422634124756
377.7723083496094 223.7047882080078 436.1613235473633 223.7047882080078 436.1613235473633 248.37628746032715 377.7723083496094 248.37628746032715
377.02197265625 223.1711883544922 434.9987907409668 223.1711883544922 434.9987907409668 247.66851806640625 377.02197265625 247.66851806640625
373.85491943359375 225.12167358398438 430.9860534667969 225.12167358398438 430.9860534667969 249.26167106628418 373.85491943359375 249.26167106628418
377.3531799316406 222.908447265625 433.7766304016113 222.908447265625 433.7766304016113 246.7494239807129 377.3531799316406 246.7494239807129
377.4634704589844 223.9200439453125 433.4942321777344 223.9200439453125 433.4942321777344 247.59509658813477 377.4634704589844 247.59509658813477
375.0177917480469 225.1072540283203 430.8854179382324 225.1072540283203 430.8854179382324 248.71337699890137 375.0177917480469 248.71337699890137
377.0604248046875 223.7017822265625 432.2472038269043 223.7017822265625 432.2472038269043 247.02022171020508 377.0604248046875 247.02022171020508
375.06097412109375 224.0575714111328 430.6757926940918 224.0575714111328 430.6757926940918 247.55687522888184 375.06097412109375 247.55687522888184
374.44720458984375 223.5078887939453 430.5039482116699 223.5078887939453 430.5039482116699 247.19392204284668 374.44720458984375 247.19392204284668
374.3199157714844 223.2611083984375 430.37189865112305 223.2611083984375 430.37189865112305 246.94513130187988 374.3199157714844 246.94513130187988
372.8893737792969 223.1675262451172 429.01337814331055 223.1675262451172 429.01337814331055 246.8819808959961 372.8893737792969 246.8819808959961
374.1522521972656 222.2581024169922 429.8624687194824 222.2581024169922 429.8624687194824 245.7977180480957 374.1522521972656 245.7977180480957
