323.0 235.0 390.0 235.0 390.0 285.0 323.0 285.0
319.09649658203125 231.73486328125 384.6111755371094 231.73486328125 384.6111755371094 280.4747772216797 319.09649658203125 280.4747772216797
313.62310791015625 228.2518310546875 378.5124969482422 228.2518310546875 378.5124969482422 275.6211051940918 313.62310791015625 275.6211051940918
310.242919921875 223.3035888671875 374.1404838562012 223.3035888671875 374.1404838562012 272.0517272949219 310.242919921875 272.0517272949219
304.08917236328125 217.98776245117188 367.88301849365234 217.98776245117188 367.88301849365234 265.47555923461914 304.08917236328125 265.47555923461914
297.1620178222656 213.5849609375 362.1905822753906 213.5849609375 362.1905822753906 259.9496040344238 297.1620178222656 259.9496040344238
292.6889343261719 209.5780792236328 356.11353302001953 209.5780792236328 356.11353302001953 256.1904983520508 292.6889343261719 256.1904983520508
287.987060546875 205.63394165039062 351.6868782043457 205.63394165039062 351.6868782043457 251.75768280029297 287.987060546875 251.75768280029297
284.9344177246094 202.5921173095703 346.4081840515137 202.5921173095703 346.4081840515137 247.5858612060547 284.9344177246094 247.5858612060547
284.629150390625 202.1570281982422 346.01080322265625 202.1570281982422 346.01080322265625 247.44331741333008 284.629150390625 247.44331741333008
278.7425842285156 197.52157592773438 342.2846488952637 197.52157592773438 342.2846488952637 243.82369232177734 278.7425842285156 243.82369232177734
275.34820556640625 194.75039672851562 337.5424613952637 194.75039672851562 337.5424613952637 239.63708114624023 275.34820556640625 239.63708114624023
268.140380859375 188.6090545654297 331.0387763977051 188.6090545654297 331.0387763977051 232.3240737915039 268.140380859375 232.3240737915039
265.0380554199219 186.64280700683594 328.4154167175293 186.64280700683594 328.4154167175293 231.1814956665039 265.0380554199219 231.1814956665039
263.71258544921875 183.49032592773438 325.6147232055664 183.49032592773438 325.6147232055664 227.295654296875 263.71258544921875 227.295654296875
257.6610412597656 179.51791381835938 318.0160598754883 179.51791381835938 318.0160598754883 223.83859634399414 257.6610412597656 223.83859634399414
254.24172973632812 177.24107360839844 315.5320510864258 177.24107360839844 315.5320510864258 220.44185638427734 254.24172973632812 220.44185638427734
251.58004760742188 171.60992431640625 311.2891616821289 171.60992431640625 311.2891616821289 215.52120208740234 251.58004760742188 215.52120208740234
246.1205291748047 168.50730895996094 306.34984970092773 168.50730895996094 306.34984970092773 211.87987899780273 246.1205291748047 211.87987899780273
243.12283325195312 163.5347900390625 302.59313201904297 163.5347900390625 302.59313201904297 207.45582580566406 243.12283325195312 207.45582580566406
242.4621124267578 163.56423950195312 301.5360794067383 163.56423950195312 301.5360794067383 207.64928436279297 242.4621124267578 207.64928436279297
239.89901733398438 162.14010620117188 299.6497917175293 162.14010620117188 299.6497917175293 205.33222579956055 239.89901733398438 205.33222579956055
236.11083984375 157.4762420654297 294.85526275634766 157.4762420654297 294.85526275634766 200.6041145324707 236.11083984375 200.6041145324707
231.6813201904297 156.01235961914062 290.76513290405273 156.01235961914062 290.76513290405273 198.50164794921875 231.6813201904297 198.50164794921875
226.47525024414062 151.95050048828125 284.2451286315918 151.95050048828125 284.2451286315918 194.1287841796875 226.47525024414062 194.1287841796875
225.4008026123047 149.88278198242188 282.85706329345703 149.88278198242188 282.85706329345703 191.25927734375 225.4008026123047 191.25927734375
220.260009765625 145.77574157714844 276.5425796508789 145.77574157714844 276.5425796508789 187.77765274047852 220.260009765625 187.77765274047852
218.25717163085938 142.8536376953125 274.5263137817383 142.8536376953125 274.5263137817383 184.84552764892578 218.25717163085938 184.84552764892578
213.4720001220703 140.8653564453125 269.48230361938477 140.8653564453125 269.48230361938477 182.6640853881836 213.4720001220703 182.6640853881836
210.2152557373047 138.1002655029297 267.9329490661621 138.1002655029297 267.9329490661621 179.55734634399414 210.2152557373047 179.55734634399414
206.94677734375 134.5115509033203 262.7504196166992 134.5115509033203 262.7504196166992 176.15605545043945 206.94677734375 176.15605545043945
203.63121032714844 131.693603515625 259.5423126220703 131.693603515625 259.5423126220703 173.4183006286621 203.63121032714844 173.4183006286621
201.58078002929688 132.26394653320312 256.6718521118164 132.26394653320312 256.6718521118164 173.37668228149414 201.58078002929688 173.37668228149414
201.0672607421875 129.42782592773438 255.76218795776367 129.42782592773438 255.76218795776367 170.24493408203125 201.0672607421875 170.24493408203125
199.0861053466797 129.00474548339844 253.31035995483398 129.00474548339844 253.31035995483398 169.4706039428711 199.0861053466797 169.4706039428711
194.23574829101562 125.5543212890625 248.19203567504883 125.5543212890625 248.19203567504883 165.52127075195312 194.23574829101562 165.52127075195312
191.87942504882812 123.74781799316406 246.07854461669922 123.74781799316406 246.07854461669922 164.19491958618164 191.87942504882812 164.19491958618164
186.99928283691406 121.20538330078125 241.0248260498047 121.20538330078125 241.0248260498047 161.52294921875 186.99928283691406 161.52294921875
182.42349243164062 118.57041931152344 236.02705764770508 118.57041931152344 236.02705764770508 156.51929473876953 182.42349243164062 156.51929473876953
180.23768615722656 116.27311706542969 232.47421646118164 116.27311706542969 232.47421646118164 154.39248275756836 180.23768615722656 154.39248275756836
180.96693420410156 118.06034088134766 232.05025482177734 118.06034088134766 232.05025482177734 156.18222045898438 180.96693420410156 156.18222045898438
178.52577209472656 114.23661804199219 230.10511779785156 114.23661804199219 230.10511779785156 151.16900253295898 178.52577209472656 151.16900253295898
170.95071411132812 110.17142486572266 222.68238067626953 110.17142486572266 222.68238067626953 148.07693099975586 170.95071411132812 148.07693099975586
172.08572387695312 110.99100494384766 224.7993278503418 110.99100494384766 224.7993278503418 150.32951736450195 172.08572387695312 150.32951736450195
169.9402313232422 107.78108978271484 222.7621307373047 107.78108978271484 222.7621307373047 147.1870880126953 169.9402313232422 147.1870880126953
166.3861541748047 105.40047454833984 219.09046173095703 105.40047454833984 219.09046173095703 144.70740509033203 166.3861541748047 144.70740509033203
163.03201293945312 102.4520263671875 215.11042022705078 102.4520263671875 215.11042022705078 141.31523895263672 163.03201293945312 141.31523895263672
157.3475341796875 99.52059936523438 210.11661529541016 99.52059936523438 210.11661529541016 138.70008850097656 157.3475341796875 138.70008850097656
158.14743041992188 98.39469909667969 209.98054885864258 98.39469909667969 209.98054885864258 137.38711547851562 158.14743041992188 137.38711547851562
154.6892547607422 96.8187255859375 206.16273498535156 96.8187255859375 206.16273498535156 136.11630249023438 154.6892547607422 136.11630249023438
152.70755004882812 93.78865051269531 203.75590896606445 93.78865051269531 203.75590896606445 132.96533966064453 152.70755004882812 132.96533966064453
153.2610626220703 94.22696685791016 204.25171279907227 94.22696685791016 204.25171279907227 133.2199478149414 153.2610626220703 133.2199478149414
150.81581115722656 94.03878021240234 202.06189727783203 94.03878021240234 202.06189727783203 132.46213150024414 150.81581115722656 132.46213150024414
146.87741088867188 88.82844543457031 196.0574836730957 88.82844543457031 196.0574836730957 125.91029739379883 146.87741088867188 125.91029739379883
145.2801513671875 87.44499206542969 194.63832092285156 87.44499206542969 194.63832092285156 123.79999923706055 145.2801513671875 123.79999923706055
142.28237915039062 84.8248062133789 191.80716705322266 84.8248062133789 191.80716705322266 121.59408187866211 142.28237915039062 121.59408187866211
138.65921020507812 81.33454895019531 188.70197296142578 81.33454895019531 188.70197296142578 118.67989730834961 138.65921020507812 118.67989730834961
137.83599853515625 78.47786712646484 186.46364212036133 78.47786712646484 186.46364212036133 114.76715469360352 137.83599853515625 114.76715469360352
135.9666290283203 79.10252380371094 183.47714233398438 79.10252380371094 183.47714233398438 113.95535659790039 135.9666290283203 113.95535659790039
139.5054931640625 76.71644592285156 185.52684783935547 76.71644592285156 185.52684783935547 110.90084457397461 139.5054931640625 110.90084457397461
133.5188446044922 77.46561431884766 178.96171188354492 77.46561431884766 178.96171188354492 111.37820053100586 133.5188446044922 111.37820053100586
132.579833984375 77.3893051147461 177.70647430419922 77.3893051147461 177.70647430419922 111.06590270996094 132.579833984375 111.06590270996094
131.2506561279297 74.4541015625 175.94171905517578 74.4541015625 175.94171905517578 107.80564498901367 131.2506561279297 107.80564498901367
133.34320068359375 72.6482925415039 177.4561767578125 72.6482925415039 177.4561767578125 105.56842803955078 133.34320068359375 105.56842803955078
130.57119750976562 72.50155639648438 175.22819900512695 72.50155639648438 175.22819900512695 105.82768249511719 130.57119750976562 105.82768249511719
120.7747802734375 70.48973083496094 165.31067657470703 70.48973083496094 165.31067657470703 103.72547912597656 120.7747802734375 103.72547912597656
123.81620025634766 69.59797668457031 167.55693817138672 69.59797668457031 167.55693817138672 102.24032211303711 123.81620025634766 102.24032211303711
120.83073425292969 68.65217590332031 164.45627212524414 68.65217590332031 164.45627212524414 101.20854949951172 120.83073425292969 101.20854949951172
120.2481460571289 68.7373275756836 164.0320053100586 68.7373275756836 164.0320053100586 101.41184997558594 120.2481460571289 101.41184997558594
119.33558654785156 64.72355651855469 162.33685684204102 64.72355651855469 162.33685684204102 96.42288780212402 119.33558654785156 96.42288780212402
120.2169189453125 65.21882629394531 162.7781524658203 65.21882629394531 162.7781524658203 96.6146354675293 120.2169189453125 96.6146354675293
118.15567779541016 64.34002685546875 159.67397689819336 64.34002685546875 159.67397689819336 95.32383728027344 118.15567779541016 95.32383728027344
117.0861587524414 61.395469665527344 157.95547485351562 61.395469665527344 157.95547485351562 91.89496231079102 117.0861587524414 91.89496231079102
116.63438415527344 60.453094482421875 157.29129791259766 60.453094482421875 157.29129791259766 90.79407691955566 116.63438415527344 90.79407691955566
115.7673110961914 60.141319274902344 156.13903427124023 60.141319274902344 156.13903427124023 90.26947212219238 115.7673110961914 90.26947212219238
113.19676208496094 57.59047317504883 153.84474563598633 57.59047317504883 153.84474563598633 87.92478942871094 113.19676208496094 87.92478942871094
113.8164291381836 55.43815994262695 154.12554168701172 55.43815994262695 154.12554168701172 85.51958656311035 113.8164291381836 85.51958656311035
109.12642669677734 54.50727081298828 148.86716079711914 54.50727081298828 148.86716079711914 84.16453742980957 109.12642669677734 84.16453742980957
110.43196868896484 54.06840133666992 149.24531173706055 54.06840133666992 149.24531173706055 83.0335865020752 110.43196868896484 83.0335865020752
108.8081283569336 52.87518310546875 147.91968154907227 52.87518310546875 147.91968154907227 82.06291580200195 108.8081283569336 82.06291580200195
106.79915618896484 51.6153450012207 145.04791259765625 51.6153450012207 145.04791259765625 80.15919876098633 106.79915618896484 80.15919876098633
107.0234375 52.53534698486328 145.22180938720703 52.53534698486328 145.22180938720703 81.04159927368164 107.0234375 81.04159927368164
104.64483642578125 48.89225769042969 143.20260620117188 48.89225769042969 143.20260620117188 77.66671371459961 104.64483642578125 77.66671371459961
103.9144287109375 49.16425323486328 142.15483856201172 49.16425323486328 142.15483856201172 77.70187187194824 103.9144287109375 77.70187187194824
102.73811340332031 47.52367401123047 141.33463287353516 47.52367401123047 141.33463287353516 76.3270492553711 102.73811340332031 76.3270492553711
99.76690673828125 47.088287353515625 138.24569702148438 47.088287353515625 138.24569702148438 75.80380249023438 99.76690673828125 75.80380249023438
98.24058532714844 45.74906539916992 136.32233428955078 45.74906539916992 136.32233428955078 74.16828536987305 98.24058532714844 74.16828536987305
97.75540161132812 44.183509826660156 135.84028244018555 44.183509826660156 135.84028244018555 72.60506820678711 97.75540161132812 72.60506820678711
96.946533203125 44.33504104614258 134.92086029052734 44.33504104614258 134.92086029052734 72.67410087585449 96.946533203125 72.67410087585449
95.63812255859375 42.6041145324707 133.16567993164062 42.6041145324707 133.16567993164062 70.60976600646973 95.63812255859375 70.60976600646973
94.9156494140625 42.50386428833008 132.5158920288086 42.50386428833008 132.5158920288086 70.56375885009766 94.9156494140625 70.56375885009766
92.79080200195312 41.47654342651367 130.49564361572266 41.47654342651367 130.49564361572266 69.61449813842773 92.79080200195312 69.61449813842773
91.146484375 40.66329574584961 127.88093948364258 40.66329574584961 127.88093948364258 68.65073204040527 91.146484375 68.65073204040527
86.47599792480469 39.625160217285156 124.48961639404297 39.625160217285156 124.48961639404297 67.99354362487793 86.47599792480469 67.99354362487793
87.67842102050781 38.52361297607422 125.37670516967773 38.52361297607422 125.37670516967773 66.65667533874512 87.67842102050781 66.65667533874512
86.20085906982422 38.45433807373047 123.52218627929688 38.45433807373047 123.52218627929688 66.30608940124512 86.20085906982422 66.30608940124512
83.99876403808594 37.046714782714844 121.95335388183594 37.046714782714844 121.95335388183594 64.92042350769043 83.99876403808594 64.92042350769043
84.729736328125 35.707855224609375 122.48009490966797 35.707855224609375 122.48009490966797 63.66511535644531 84.729736328125 63.66511535644531
85.52191162109375 35.1397705078125 122.87797927856445 35.1397705078125 122.87797927856445 62.63941955566406 85.52191162109375 62.63941955566406
83.77838897705078 34.93512725830078 120.98444366455078 34.93512725830078 120.98444366455078 62.48645210266113 83.77838897705078 62.48645210266113
84.52860260009766 34.95378875732422 122.0497817993164 34.95378875732422 122.0497817993164 63.01548385620117 84.52860260009766 63.01548385620117
80.96119689941406 32.5128059387207 118.82598114013672 32.5128059387207 118.82598114013672 60.77012062072754 80.96119689941406 60.77012062072754
81.98181915283203 32.151695251464844 119.15246963500977 32.151695251464844 119.15246963500977 60.25543022155762 81.98181915283203 60.25543022155762
81.01145935058594 32.1036262512207 117.87757873535156 32.1036262512207 117.87757873535156 59.53753662109375 81.01145935058594 59.53753662109375
80.46049499511719 30.58794593811035 117.90434265136719 30.58794593811035 117.90434265136719 58.531131744384766 80.46049499511719 58.531131744384766
77.94108581542969 27.678783416748047 115.15250396728516 27.678783416748047 115.15250396728516 55.44046592712402 77.94108581542969 55.44046592712402
75.45174407958984 27.5961971282959 113.88953018188477 27.5961971282959 113.88953018188477 55.244131088256836 75.45174407958984 55.244131088256836
77.31622314453125 25.8916015625 114.98625564575195 25.8916015625 114.98625564575195 53.47443771362305 77.31622314453125 53.47443771362305
76.51167297363281 25.169666290283203 114.43230056762695 25.169666290283203 114.43230056762695 53.48566436767578 76.51167297363281 53.48566436767578
74.17499542236328 25.445270538330078 111.62771606445312 25.445270538330078 111.62771606445312 53.35814666748047 74.17499542236328 53.35814666748047
74.06437683105469 23.617034912109375 111.62749862670898 23.617034912109375 111.62749862670898 51.64923095703125 74.06437683105469 51.64923095703125
71.93138122558594 23.31005096435547 109.01405334472656 23.31005096435547 109.01405334472656 50.98370170593262 71.93138122558594 50.98370170593262
74.61453247070312 22.371387481689453 111.46082305908203 22.371387481689453 111.46082305908203 50.182945251464844 74.61453247070312 50.182945251464844
72.45479583740234 21.006982803344727 110.51462936401367 21.006982803344727 110.51462936401367 48.94292068481445 72.45479583740234 48.94292068481445
72.51676940917969 19.546188354492188 109.54932403564453 19.546188354492188 109.54932403564453 47.18243408203125 72.51676940917969 47.18243408203125
68.67402648925781 18.613452911376953 106.40322494506836 18.613452911376953 106.40322494506836 46.76958084106445 68.67402648925781 46.76958084106445
72.81959533691406 19.337282180786133 111.11113739013672 19.337282180786133 111.11113739013672 46.657217025756836 72.81959533691406 46.657217025756836
72.80867004394531 19.12681007385254 110.90679168701172 19.12681007385254 110.90679168701172 46.77472496032715 72.80867004394531 46.77472496032715
68.8057861328125 17.25384521484375 107.08110809326172 17.25384521484375 107.08110809326172 45.81752586364746 68.8057861328125 45.81752586364746
65.61842346191406 12.063519477844238 103.95808792114258 12.063519477844238 103.95808792114258 40.675217628479004 65.61842346191406 40.675217628479004
62.33845138549805 11.577235221862793 100.42781448364258 11.577235221862793 100.42781448364258 40.00214099884033 62.33845138549805 40.00214099884033
64.42565155029297 11.948302268981934 102.86579513549805 11.948302268981934 102.86579513549805 40.634982109069824 64.42565155029297 40.634982109069824
61.96802520751953 10.187862396240234 100.31739044189453 10.187862396240234 100.31739044189453 38.80679893493652 61.96802520751953 38.80679893493652
61.241912841796875 9.445100784301758 100.5536117553711 9.445100784301758 100.5536117553711 38.78219413757324 61.241912841796875 38.78219413757324
58.828521728515625 7.973044395446777 98.55290985107422 7.973044395446777 98.55290985107422 37.61811542510986 58.828521728515625 37.61811542510986
58.54743194580078 7.356362819671631 98.18846893310547 7.356362819671631 98.18846893310547 36.93923330307007 58.54743194580078 36.93923330307007
59.1208381652832 8.1766357421875 98.47402572631836 8.1766357421875 98.47402572631836 37.54469299316406 59.1208381652832 37.54469299316406
57.28940963745117 7.168801784515381 96.52436447143555 7.168801784515381 96.52436447143555 36.448623180389404 57.28940963745117 36.448623180389404
56.91078567504883 8.314981460571289 95.55135726928711 8.314981460571289 95.55135726928711 37.15122985839844 56.91078567504883 37.15122985839844
55.713890075683594 6.412447452545166 94.38606262207031 6.412447452545166 94.38606262207031 35.27227449417114 55.713890075683594 35.27227449417114
57.129661560058594 6.3919267654418945 96.28952026367188 6.3919267654418945 96.28952026367188 35.61570072174072 57.129661560058594 35.61570072174072
54.09935760498047 4.455849647521973 93.83420181274414 4.455849647521973 93.83420181274414 34.10871601104736 54.09935760498047 34.10871601104736
52.731414794921875 5.07290506362915 92.952392578125 5.07290506362915 92.952392578125 35.08855485916138 52.731414794921875 35.08855485916138
52.35683059692383 5.486395359039307 92.82229232788086 5.486395359039307 92.82229232788086 35.684494495391846 52.35683059692383 35.684494495391846
52.80321502685547 5.958828449249268 93.87132263183594 5.958828449249268 93.87132263183594 36.60666513442993 52.80321502685547 36.60666513442993
50.289546966552734 5.358060359954834 90.59122085571289 5.358060359954834 90.59122085571289 35.43393278121948 50.289546966552734 35.43393278121948
53.728782653808594 5.031732082366943 93.69972229003906 5.031732082366943 93.69972229003906 34.86079168319702 53.728782653808594 34.86079168319702
51.6226692199707 3.6078896522521973 92.27206039428711 3.6078896522521973 92.27206039428711 33.94325304031372 51.6226692199707 33.94325304031372
50.41222381591797 4.231738090515137 91.37753295898438 4.231738090515137 91.37753295898438 34.80285930633545 50.41222381591797 34.80285930633545
50.16712951660156 0.8368198275566101 92.0354995727539 0.8368198275566101 92.0354995727539 32.08186453580856 50.16712951660156 32.08186453580856
49.41321563720703 0.6266155242919922 92.20207595825195 0.6266155242919922 92.20207595825195 32.558597564697266 49.41321563720703 32.558597564697266
49.84459686279297 0.7334747314453125 93.47578811645508 0.7334747314453125 93.47578811645508 33.29405975341797 49.84459686279297 33.29405975341797
49.19902038574219 0.35927313566207886 93.88690948486328 0.35927313566207886 93.88690948486328 33.70844382047653 49.19902038574219 33.70844382047653
48.37451934814453 0.0 94.5514144897461 0.0 94.5514144897461 34.46036911010742 48.37451934814453 34.46036911010742
47.04998016357422 0.0 92.96221923828125 0.0 92.96221923828125 34.26286315917969 47.04998016357422 34.26286315917969
46.85112762451172 0.05527915805578232 92.93258666992188 0.05527915805578232 92.93258666992188 34.444427870213985 46.85112762451172 34.444427870213985
47.952239990234375 0.0 93.2039680480957 0.0 93.2039680480957 33.76994705200195 47.952239990234375 33.76994705200195
48.23366165161133 0.32684212923049927 94.32263946533203 0.32684212923049927 94.32263946533203 34.72160226106644 48.23366165161133 34.72160226106644
47.91106033325195 0.0 94.47845840454102 0.0 94.47845840454102 34.75178909301758 47.91106033325195 34.75178909301758
47.629730224609375 0.0 95.22383117675781 0.0 95.22383117675781 35.517982482910156 47.629730224609375 35.517982482910156
47.158424377441406 0.0 95.33747863769531 0.0 95.33747863769531 35.95451354980469 47.158424377441406 35.95451354980469
47.90576171875 0.0 95.30647659301758 0.0 95.30647659301758 35.37366485595703 47.90576171875 35.37366485595703
50.2021369934082 0.0 98.86129760742188 0.0 98.86129760742188 36.31280517578125 50.2021369934082 36.31280517578125
49.95088195800781 0.012126159854233265 99.78264236450195 0.012126159854233265 99.78264236450195 37.20000381488353 49.95088195800781 37.20000381488353
50.167808532714844 0.0 99.61348724365234 0.0 99.61348724365234 36.899757385253906 50.167808532714844 36.899757385253906
49.16908645629883 0.0 99.04193115234375 0.0 99.04193115234375 37.21854019165039 49.16908645629883 37.21854019165039
