196.0 220.0 216.0 220.0 216.0 275.0 196.0 275.0
196.0003662109375 219.38778686523438 216.11134719848633 219.38778686523438 216.11134719848633 274.23772048950195 196.0003662109375 274.23772048950195
195.93626403808594 219.98471069335938 215.9985694885254 219.98471069335938 215.9985694885254 275.12872314453125 195.93626403808594 275.12872314453125
197.4197540283203 220.0843048095703 217.79052734375 220.0843048095703 217.79052734375 275.78905487060547 197.4197540283203 275.78905487060547
197.34091186523438 220.41015625 217.81007385253906 220.41015625 217.81007385253906 275.8404235839844 197.34091186523438 275.8404235839844
198.08734130859375 219.0093231201172 218.01572227478027 219.0093231201172 218.01572227478027 274.95093154907227 198.08734130859375 274.95093154907227
198.87608337402344 218.7618408203125 219.01516342163086 218.7618408203125 219.01516342163086 274.5914840698242 198.87608337402344 274.5914840698242
199.78077697753906 218.21792602539062 219.71320724487305 218.21792602539062 219.71320724487305 274.08525466918945 199.78077697753906 274.08525466918945
199.692626953125 219.24267578125 219.74355125427246 219.24267578125 219.74355125427246 275.0662956237793 199.692626953125 275.0662956237793
199.69821166992188 218.3614501953125 219.8961887359619 218.3614501953125 219.8961887359619 274.4706344604492 199.69821166992188 274.4706344604492
199.99874877929688 219.05322265625 220.76119232177734 219.05322265625 220.76119232177734 274.7533645629883 199.99874877929688 274.7533645629883
200.25994873046875 219.347900390625 221.06275367736816 219.347900390625 221.06275367736816 274.55988693237305 200.25994873046875 274.55988693237305
200.06402587890625 219.4131317138672 220.84666061401367 219.4131317138672 220.84666061401367 274.7779769897461 200.06402587890625 274.7779769897461
199.14694213867188 219.4972686767578 220.93649673461914 219.4972686767578 220.93649673461914 276.77170181274414 199.14694213867188 276.77170181274414
200.3045654296875 217.42050170898438 221.52408409118652 217.42050170898438 221.52408409118652 275.77420806884766 200.3045654296875 275.77420806884766
199.10739135742188 218.99630737304688 220.4860496520996 218.99630737304688 220.4860496520996 275.9550361633301 199.10739135742188 275.9550361633301
199.30712890625 218.3169403076172 220.3771457672119 218.3169403076172 220.3771457672119 275.9038543701172 199.30712890625 275.9038543701172
198.89659118652344 218.2713165283203 219.58382987976074 218.2713165283203 219.58382987976074 275.16087341308594 198.89659118652344 275.16087341308594
198.4230194091797 218.1280059814453 218.66057014465332 218.1280059814453 218.66057014465332 276.84908294677734 198.4230194091797 276.84908294677734
198.4806365966797 217.90438842773438 218.97646713256836 217.90438842773438 218.97646713256836 277.0496406555176 198.4806365966797 277.0496406555176
198.32382202148438 217.83016967773438 218.53035163879395 217.83016967773438 218.53035163879395 277.33745193481445 198.32382202148438 277.33745193481445
199.55148315429688 216.57949829101562 221.01266288757324 216.57949829101562 221.01266288757324 275.40441131591797 199.55148315429688 275.40441131591797
198.71102905273438 217.10244750976562 219.98787307739258 217.10244750976562 219.98787307739258 275.5943069458008 198.71102905273438 275.5943069458008
199.24832153320312 218.4839324951172 220.14817237854004 218.4839324951172 220.14817237854004 275.65148162841797 199.24832153320312 275.65148162841797
199.04933166503906 218.2322235107422 220.07554244995117 218.2322235107422 220.07554244995117 275.5656051635742 199.04933166503906 275.5656051635742
199.185302734375 218.4931640625 220.2870922088623 218.4931640625 220.2870922088623 276.0308837890625 199.185302734375 276.0308837890625
199.61412048339844 217.9324188232422 220.61481094360352 217.9324188232422 220.61481094360352 275.5603256225586 199.61412048339844 275.5603256225586
199.39036560058594 217.36831665039062 220.78713417053223 217.36831665039062 220.78713417053223 275.7459182739258 199.39036560058594 275.7459182739258
198.4703369140625 218.0486297607422 219.63875770568848 218.0486297607422 219.63875770568848 275.95876693725586 198.4703369140625 275.95876693725586
198.8345184326172 216.1938018798828 220.10626792907715 216.1938018798828 220.10626792907715 274.55738067626953 198.8345184326172 274.55738067626953
198.98362731933594 216.3977508544922 220.81426811218262 216.3977508544922 220.81426811218262 276.0769729614258 198.98362731933594 276.0769729614258
198.95108032226562 216.0782470703125 219.7700309753418 216.0782470703125 219.7700309753418 277.08283615112305 198.95108032226562 277.08283615112305
198.93753051757812 216.6914825439453 219.3326587677002 216.6914825439453 219.3326587677002 277.76110458374023 198.93753051757812 277.76110458374023
199.15579223632812 216.0001678466797 219.84344100952148 216.0001678466797 219.84344100952148 276.33496856689453 199.15579223632812 276.33496856689453
198.63247680664062 216.6309051513672 218.69250869750977 216.6309051513672 218.69250869750977 278.2514877319336 198.63247680664062 278.2514877319336
198.5530548095703 216.4629364013672 218.80603408813477 216.4629364013672 218.80603408813477 277.48303604125977 198.5530548095703 277.48303604125977
198.33950805664062 216.9855499267578 218.2574348449707 216.9855499267578 218.2574348449707 278.7429962158203 198.33950805664062 278.7429962158203
198.387451171875 216.578369140625 219.20220756530762 216.578369140625 219.20220756530762 277.3386344909668 198.387451171875 277.3386344909668
198.23875427246094 217.347900390625 218.41260147094727 217.347900390625 218.41260147094727 278.7730598449707 198.23875427246094 278.7730598449707
197.87344360351562 217.77066040039062 217.96839332580566 217.77066040039062 217.96839332580566 279.3038635253906 197.87344360351562 279.3038635253906
198.0316619873047 216.852294921875 218.83891677856445 216.852294921875 218.83891677856445 277.48736572265625 198.0316619873047 277.48736572265625
197.77169799804688 217.4947509765625 218.06117057800293 217.4947509765625 218.06117057800293 278.64448165893555 197.77169799804688 278.64448165893555
196.5555877685547 216.6192626953125 218.03816604614258 216.6192626953125 218.03816604614258 276.09037017822266 196.5555877685547 276.09037017822266
196.572021484375 216.2588653564453 218.59768104553223 216.2588653564453 218.59768104553223 276.80931854248047 196.572021484375 276.80931854248047
197.81893920898438 217.08358764648438 219.605375289917 217.08358764648438 219.605375289917 276.97383880615234 197.81893920898438 276.97383880615234
198.08636474609375 217.060302734375 219.31843948364258 217.060302734375 219.31843948364258 278.73956298828125 198.08636474609375 278.73956298828125
198.01260375976562 215.4917755126953 220.36701011657715 215.4917755126953 220.36701011657715 277.6288833618164 198.01260375976562 277.6288833618164
198.0817413330078 218.6510467529297 218.5521125793457 218.6510467529297 218.5521125793457 279.45127868652344 198.0817413330078 279.45127868652344
198.30661010742188 217.77975463867188 219.08848190307617 217.77975463867188 219.08848190307617 278.7154731750488 198.30661010742188 278.7154731750488
197.96824645996094 218.1146240234375 218.62068367004395 218.1146240234375 218.62068367004395 278.7917289733887 197.96824645996094 278.7917289733887
198.35830688476562 217.72573852539062 219.42271995544434 217.72573852539062 219.42271995544434 278.6889228820801 198.35830688476562 278.6889228820801
197.4576416015625 217.851806640625 218.30114555358887 217.851806640625 218.30114555358887 279.9243698120117 197.4576416015625 279.9243698120117
197.67584228515625 218.4706573486328 218.60022163391113 218.4706573486328 218.60022163391113 279.43919372558594 197.67584228515625 279.43919372558594
198.89898681640625 219.2849884033203 218.2425880432129 219.2849884033203 218.2425880432129 278.7543487548828 198.89898681640625 278.7543487548828
199.24826049804688 220.1786346435547 218.6633014678955 220.1786346435547 218.6633014678955 278.18726348876953 199.24826049804688 278.18726348876953
199.01315307617188 219.6267547607422 218.47886085510254 219.6267547607422 218.47886085510254 278.19202423095703 199.01315307617188 278.19202423095703
199.8586883544922 221.43505859375 220.00384712219238 221.43505859375 220.00384712219238 276.71037673950195 199.8586883544922 276.71037673950195
199.63804626464844 221.34814453125 220.0476589202881 221.34814453125 220.0476589202881 278.2313652038574 199.63804626464844 278.2313652038574
201.06321716308594 221.43002319335938 220.03366661071777 221.43002319335938 220.03366661071777 276.0432014465332 201.06321716308594 276.0432014465332
201.18333435058594 221.5316619873047 220.34622764587402 221.5316619873047 220.34622764587402 275.4336280822754 201.18333435058594 275.4336280822754
200.60157775878906 221.14218139648438 219.85435104370117 221.14218139648438 219.85435104370117 276.2257385253906 200.60157775878906 276.2257385253906
200.65725708007812 221.2624969482422 220.79342651367188 221.2624969482422 220.79342651367188 277.0396499633789 200.65725708007812 277.0396499633789
199.91006469726562 220.46630859375 220.48015213012695 220.46630859375 220.48015213012695 277.0770149230957 199.91006469726562 277.0770149230957
200.260009765625 220.4238739013672 220.73513793945312 220.4238739013672 220.73513793945312 278.7474594116211 200.260009765625 278.7474594116211
199.42465209960938 220.14932250976562 220.15181350708008 220.14932250976562 220.15181350708008 279.3192825317383 199.42465209960938 279.3192825317383
199.08773803710938 220.2830047607422 220.12428855895996 220.2830047607422 220.12428855895996 278.99375915527344 199.08773803710938 278.99375915527344
199.1849822998047 219.3886260986328 218.89794921875 219.3886260986328 218.89794921875 280.11134338378906 199.1849822998047 280.11134338378906
198.71957397460938 218.69308471679688 218.53027725219727 218.69308471679688 218.53027725219727 280.3912048339844 198.71957397460938 280.3912048339844
199.52236938476562 218.4649200439453 218.0105743408203 218.4649200439453 218.0105743408203 280.447811126709 199.52236938476562 280.447811126709
199.85804748535156 218.3092498779297 218.57362365722656 218.3092498779297 218.57362365722656 280.08937072753906 199.85804748535156 280.08937072753906
199.57595825195312 218.0304412841797 218.1453094482422 218.0304412841797 218.1453094482422 280.2932777404785 199.57595825195312 280.2932777404785
200.21206665039062 221.95608520507812 220.1810760498047 221.95608520507812 220.1810760498047 279.0351371765137 200.21206665039062 279.0351371765137
200.41275024414062 221.3931884765625 220.55987358093262 221.3931884765625 220.55987358093262 279.04547119140625 200.41275024414062 279.04547119140625
199.21998596191406 221.17861938476562 219.50326347351074 221.17861938476562 219.50326347351074 279.95507049560547 199.21998596191406 279.95507049560547
200.14395141601562 221.7216796875 219.8477382659912 221.7216796875 219.8477382659912 278.3833541870117 200.14395141601562 278.3833541870117
198.8418731689453 221.37759399414062 218.78850746154785 221.37759399414062 218.78850746154785 278.94267654418945 198.8418731689453 278.94267654418945
196.52139282226562 218.2578582763672 218.65807151794434 218.2578582763672 218.65807151794434 279.8767738342285 196.52139282226562 279.8767738342285
196.25619506835938 217.3381805419922 218.24082565307617 217.3381805419922 218.24082565307617 279.5402069091797 196.25619506835938 279.5402069091797
196.8179931640625 217.6997833251953 218.9891357421875 217.6997833251953 218.9891357421875 279.5895462036133 196.8179931640625 279.5895462036133
196.4177703857422 217.11825561523438 218.64944076538086 217.11825561523438 218.64944076538086 279.6147880554199 196.4177703857422 279.6147880554199
197.3217010498047 219.50735473632812 219.56230926513672 219.50735473632812 219.56230926513672 278.3241157531738 197.3217010498047 278.3241157531738
196.04544067382812 218.2782745361328 218.5019874572754 218.2782745361328 218.5019874572754 279.30898666381836 196.04544067382812 279.30898666381836
194.63589477539062 216.6654052734375 215.65449714660645 216.6654052734375 215.65449714660645 281.3626251220703 194.63589477539062 281.3626251220703
195.39926147460938 218.28857421875 216.26467514038086 218.28857421875 216.26467514038086 281.6549301147461 195.39926147460938 281.6549301147461
194.68087768554688 217.86709594726562 215.63998222351074 217.86709594726562 215.63998222351074 282.1585998535156 194.68087768554688 282.1585998535156
195.6827392578125 216.4608917236328 215.4374828338623 216.4608917236328 215.4374828338623 281.5988235473633 195.6827392578125 281.5988235473633
194.74749755859375 215.5497589111328 214.36323738098145 215.5497589111328 214.36323738098145 281.9468688964844 194.74749755859375 281.9468688964844
194.475341796875 217.2122039794922 214.98511505126953 217.2122039794922 214.98511505126953 282.8859558105469 194.475341796875 282.8859558105469
194.3903045654297 216.95516967773438 214.80466842651367 216.95516967773438 214.80466842651367 283.27593994140625 194.3903045654297 283.27593994140625
194.09603881835938 219.1914825439453 215.38905715942383 219.1914825439453 215.38905715942383 282.80921936035156 194.09603881835938 282.80921936035156
194.56784057617188 218.19424438476562 215.78246307373047 218.19424438476562 215.78246307373047 282.3234558105469 194.56784057617188 282.3234558105469
194.69873046875 219.0691375732422 216.31813049316406 219.0691375732422 216.31813049316406 282.06934356689453 194.69873046875 282.06934356689453
194.27972412109375 219.18411254882812 215.1159324645996 219.18411254882812 215.1159324645996 282.70537185668945 194.27972412109375 282.70537185668945
193.864990234375 217.82656860351562 214.96448707580566 217.82656860351562 214.96448707580566 283.0719680786133 193.864990234375 283.0719680786133
193.20065307617188 217.567626953125 214.04769897460938 217.567626953125 214.04769897460938 283.54065704345703 193.20065307617188 283.54065704345703
193.4596710205078 217.15951538085938 214.94499397277832 217.15951538085938 214.94499397277832 281.9169158935547 193.4596710205078 281.9169158935547
193.03842163085938 216.9485321044922 214.81185913085938 216.9485321044922 214.81185913085938 282.6829299926758 193.03842163085938 282.6829299926758
192.52430725097656 217.99722290039062 213.89772605895996 217.99722290039062 213.89772605895996 284.6263885498047 192.52430725097656 284.6263885498047
192.04714965820312 218.3144073486328 213.2852020263672 218.3144073486328 213.2852020263672 285.0772247314453 192.04714965820312 285.0772247314453
192.27828979492188 217.65493774414062 213.72194290161133 217.65493774414062 213.72194290161133 284.7391357421875 192.27828979492188 284.7391357421875
190.9539337158203 216.28713989257812 211.87067413330078 216.28713989257812 211.87067413330078 285.0408630371094 190.9539337158203 285.0408630371094
189.9875030517578 215.9857940673828 210.6414279937744 215.9857940673828 210.6414279937744 284.87696075439453 189.9875030517578 284.87696075439453
190.07620239257812 215.73812866210938 210.93874549865723 215.73812866210938 210.93874549865723 284.7098846435547 190.07620239257812 284.7098846435547
189.3888702392578 216.5483856201172 211.48533248901367 216.5483856201172 211.48533248901367 283.93878173828125 189.3888702392578 283.93878173828125
188.77450561523438 216.31399536132812 210.44787216186523 216.31399536132812 210.44787216186523 283.7565155029297 188.77450561523438 283.7565155029297
188.41574096679688 215.95193481445312 209.99587440490723 215.95193481445312 209.99587440490723 283.7152862548828 188.41574096679688 283.7152862548828
187.52503967285156 215.8462371826172 209.93849754333496 215.8462371826172 209.93849754333496 284.84717559814453 187.52503967285156 284.84717559814453
188.24887084960938 216.08358764648438 210.9570255279541 216.08358764648438 210.9570255279541 284.6196746826172 188.24887084960938 284.6196746826172
184.6392059326172 216.17684936523438 209.47073936462402 216.17684936523438 209.47073936462402 284.4317932128906 184.6392059326172 284.4317932128906
186.18978881835938 216.6720733642578 211.11727333068848 216.6720733642578 211.11727333068848 284.7127990722656 186.18978881835938 284.7127990722656
185.31314086914062 218.1082763671875 209.72798538208008 218.1082763671875 209.72798538208008 284.2395477294922 185.31314086914062 284.2395477294922
