38.0 34.0 55.0 34.0 55.0 48.0 38.0 48.0
38.6405143737793 35.3316764831543 55.54213333129883 35.3316764831543 55.54213333129883 49.250657081604004 38.6405143737793 49.250657081604004
39.59947967529297 35.09544372558594 55.47239685058594 35.09544372558594 55.47239685058594 48.836181640625 39.59947967529297 48.836181640625
39.61295700073242 36.35071563720703 55.77026557922363 36.35071563720703 55.77026557922363 49.36450004577637 39.61295700073242 49.36450004577637
38.66181182861328 36.83745574951172 55.43864631652832 36.83745574951172 55.43864631652832 50.85099220275879 38.66181182861328 50.85099220275879
40.39560317993164 37.01288986206055 56.30464744567871 37.01288986206055 56.30464744567871 50.51576328277588 40.39560317993164 50.51576328277588
41.09323501586914 37.19040298461914 56.75010871887207 37.19040298461914 56.75010871887207 50.657949447631836 41.09323501586914 50.657949447631836
41.336830139160156 37.232887268066406 56.88502788543701 37.232887268066406 56.88502788543701 51.2973690032959 41.336830139160156 51.2973690032959
41.29153823852539 38.35407638549805 57.62366485595703 38.35407638549805 57.62366485595703 51.98253059387207 41.29153823852539 51.98253059387207
42.11541748046875 38.558502197265625 57.94673728942871 38.558502197265625 57.94673728942871 52.25383949279785 42.11541748046875 52.25383949279785
42.49639129638672 38.56047821044922 57.90079975128174 38.56047821044922 57.90079975128174 52.56916809082031 42.49639129638672 52.56916809082031
42.533668518066406 39.419883728027344 58.69831466674805 39.419883728027344 58.69831466674805 53.199745178222656 42.533668518066406 53.199745178222656
43.246253967285156 39.87512969970703 59.000648498535156 39.87512969970703 59.000648498535156 53.782880783081055 43.246253967285156 53.782880783081055
43.7973518371582 40.74600601196289 59.40334224700928 40.74600601196289 59.40334224700928 54.675737380981445 43.7973518371582 54.675737380981445
43.893707275390625 42.20793914794922 60.34138870239258 42.20793914794922 60.34138870239258 55.753085136413574 43.893707275390625 55.753085136413574
45.14201354980469 41.038272857666016 60.10561561584473 41.038272857666016 60.10561561584473 55.25301456451416 45.14201354980469 55.25301456451416
45.38742446899414 41.990596771240234 61.147841453552246 41.990596771240234 61.147841453552246 55.367868423461914 45.38742446899414 55.367868423461914
45.449317932128906 42.545677185058594 61.301913261413574 42.545677185058594 61.301913261413574 56.035566329956055 45.449317932128906 56.035566329956055
46.590999603271484 43.46025085449219 62.40139389038086 43.46025085449219 62.40139389038086 57.24317932128906 46.590999603271484 57.24317932128906
46.05556106567383 43.64714813232422 62.6821346282959 43.64714813232422 62.6821346282959 57.55699157714844 46.05556106567383 57.55699157714844
47.261558532714844 43.997230529785156 63.65436935424805 43.997230529785156 63.65436935424805 58.07768535614014 47.261558532714844 58.07768535614014
46.52528762817383 45.61234664916992 62.828996658325195 45.61234664916992 62.828996658325195 59.038926124572754 46.52528762817383 59.038926124572754
49.176570892333984 45.44098663330078 64.97788429260254 45.44098663330078 64.97788429260254 59.02244281768799 49.176570892333984 59.02244281768799
49.201419830322266 44.696014404296875 64.2716121673584 44.696014404296875 64.2716121673584 58.85712432861328 49.201419830322266 58.85712432861328
49.52776336669922 46.64902877807617 65.6096019744873 46.64902877807617 65.6096019744873 60.19868564605713 49.52776336669922 60.19868564605713
49.4285888671875 47.04615783691406 65.34810829162598 47.04615783691406 65.34810829162598 60.15634632110596 49.4285888671875 60.15634632110596
51.1668815612793 47.86114501953125 67.10190963745117 47.86114501953125 67.10190963745117 60.98410606384277 51.1668815612793 60.98410606384277
51.181209564208984 48.598724365234375 67.08563613891602 48.598724365234375 67.08563613891602 61.981475830078125 51.181209564208984 61.981475830078125
51.9027214050293 49.979644775390625 68.15758514404297 49.979644775390625 68.15758514404297 63.366000175476074 51.9027214050293 63.366000175476074
52.2293701171875 50.05738830566406 68.54649925231934 50.05738830566406 68.54649925231934 63.49502086639404 52.2293701171875 63.49502086639404
53.03459548950195 50.5051155090332 69.5320930480957 50.5051155090332 69.5320930480957 64.09128761291504 53.03459548950195 64.09128761291504
54.21746826171875 49.66658020019531 69.56480407714844 49.66658020019531 69.56480407714844 64.0489854812622 54.21746826171875 64.0489854812622
53.965354919433594 51.76865768432617 70.4837818145752 51.76865768432617 70.4837818145752 65.3720645904541 53.965354919433594 65.3720645904541
55.4224739074707 52.53981399536133 71.39831638336182 52.53981399536133 71.39831638336182 66.46785163879395 55.4224739074707 66.46785163879395
55.93516159057617 53.0240364074707 71.96440887451172 53.0240364074707 71.96440887451172 66.54714584350586 55.93516159057617 66.54714584350586
57.32642364501953 53.9078254699707 73.03613090515137 53.9078254699707 73.03613090515137 67.31613349914551 57.32642364501953 67.31613349914551
58.764366149902344 54.37449264526367 75.22548294067383 54.37449264526367 75.22548294067383 68.68438816070557 58.764366149902344 68.68438816070557
58.82856369018555 55.13692092895508 75.95935821533203 55.13692092895508 75.95935821533203 69.21897506713867 58.82856369018555 69.21897506713867
59.72333908081055 55.838653564453125 77.13874053955078 55.838653564453125 77.13874053955078 68.98505973815918 59.72333908081055 68.98505973815918
61.4424934387207 56.38105010986328 77.35035514831543 56.38105010986328 77.35035514831543 70.17204856872559 61.4424934387207 70.17204856872559
61.78467559814453 57.60994338989258 78.43112373352051 57.60994338989258 78.43112373352051 71.62545967102051 61.78467559814453 71.62545967102051
62.249847412109375 57.01188278198242 78.84470558166504 57.01188278198242 78.84470558166504 71.11068153381348 62.249847412109375 71.11068153381348
63.4935417175293 58.372528076171875 79.68237495422363 58.372528076171875 79.68237495422363 72.1352481842041 63.4935417175293 72.1352481842041
63.624168395996094 58.934242248535156 80.74782371520996 58.934242248535156 80.74782371520996 72.6049633026123 63.624168395996094 72.6049633026123
65.14962005615234 58.57789993286133 81.9770622253418 58.57789993286133 81.9770622253418 72.7098445892334 65.14962005615234 72.7098445892334
65.81434631347656 59.730865478515625 82.56865692138672 59.730865478515625 82.56865692138672 73.52972412109375 65.81434631347656 73.52972412109375
66.82003021240234 59.81386184692383 83.18710517883301 59.81386184692383 83.18710517883301 74.47429752349854 66.82003021240234 74.47429752349854
67.1923828125 59.686012268066406 83.50799560546875 59.686012268066406 83.50799560546875 74.49846172332764 67.1923828125 74.49846172332764
69.14537811279297 61.3139762878418 85.65161895751953 61.3139762878418 85.65161895751953 75.60232353210449 69.14537811279297 75.60232353210449
69.25257110595703 61.17510986328125 86.19457054138184 61.17510986328125 86.19457054138184 76.28877830505371 69.25257110595703 76.28877830505371
70.04364013671875 61.631004333496094 86.2444019317627 61.631004333496094 86.2444019317627 77.14667320251465 70.04364013671875 77.14667320251465
71.12017822265625 63.1807975769043 87.86371231079102 63.1807975769043 87.86371231079102 78.42552757263184 71.12017822265625 78.42552757263184
70.62560272216797 63.317604064941406 88.0779037475586 63.317604064941406 88.0779037475586 78.37070178985596 70.62560272216797 78.37070178985596
72.92680358886719 64.3221206665039 90.03989028930664 64.3221206665039 90.03989028930664 79.4184980392456 72.92680358886719 79.4184980392456
74.25993347167969 65.43807220458984 90.99186897277832 65.43807220458984 90.99186897277832 80.83864116668701 74.25993347167969 80.83864116668701
74.71556091308594 65.74817657470703 91.77871704101562 65.74817657470703 91.77871704101562 80.91295623779297 74.71556091308594 80.91295623779297
74.99063873291016 65.5004653930664 92.56452178955078 65.5004653930664 92.56452178955078 81.89989471435547 74.99063873291016 81.89989471435547
76.32532501220703 66.83442687988281 93.02880477905273 66.83442687988281 93.02880477905273 82.29996681213379 76.32532501220703 82.29996681213379
77.16905975341797 67.91973114013672 94.75663185119629 67.91973114013672 94.75663185119629 82.75243091583252 77.16905975341797 82.75243091583252
77.12238311767578 67.47772979736328 94.58347702026367 67.47772979736328 94.58347702026367 83.68995666503906 77.12238311767578 83.68995666503906
79.05962371826172 68.7223129272461 96.53108978271484 68.7223129272461 96.53108978271484 84.64775562286377 79.05962371826172 84.64775562286377
80.52607727050781 70.31343078613281 99.12778854370117 70.31343078613281 99.12778854370117 86.15884399414062 80.52607727050781 86.15884399414062
80.45606994628906 69.76948547363281 98.0145149230957 69.76948547363281 98.0145149230957 86.01894760131836 80.45606994628906 86.01894760131836
80.86077880859375 70.69169616699219 98.72012138366699 70.69169616699219 98.72012138366699 86.6383056640625 80.86077880859375 86.6383056640625
82.07655334472656 71.34785461425781 99.28404235839844 71.34785461425781 99.28404235839844 87.2255449295044 82.07655334472656 87.2255449295044
83.80542755126953 72.91758728027344 101.18614196777344 72.91758728027344 101.18614196777344 88.9495735168457 83.80542755126953 88.9495735168457
85.14659118652344 74.19246673583984 102.07172584533691 74.19246673583984 102.07172584533691 89.4247055053711 85.14659118652344 89.4247055053711
84.91118621826172 74.28978729248047 103.17608070373535 74.28978729248047 103.17608070373535 89.98237419128418 84.91118621826172 89.98237419128418
86.33766174316406 74.47456359863281 104.1550464630127 74.47456359863281 104.1550464630127 90.43046760559082 86.33766174316406 90.43046760559082
87.41314697265625 75.69732666015625 105.32885360717773 75.69732666015625 105.32885360717773 91.51143169403076 87.41314697265625 91.51143169403076
88.53441619873047 75.98394775390625 105.82185745239258 75.98394775390625 105.82185745239258 92.04065322875977 88.53441619873047 92.04065322875977
88.6250991821289 76.91087341308594 106.51406478881836 76.91087341308594 106.51406478881836 92.59561157226562 88.6250991821289 92.59561157226562
89.78177642822266 77.84622955322266 107.24434661865234 77.84622955322266 107.24434661865234 93.24738597869873 89.78177642822266 93.24738597869873
89.64892578125 78.25275421142578 107.72304725646973 78.25275421142578 107.72304725646973 94.08902931213379 89.64892578125 94.08902931213379
91.51219177246094 78.43461608886719 109.33347129821777 78.43461608886719 109.33347129821777 95.38877487182617 91.51219177246094 95.38877487182617
92.6052017211914 80.16767883300781 110.80919456481934 80.16767883300781 110.80919456481934 96.02221488952637 92.6052017211914 96.02221488952637
93.89682006835938 79.78165435791016 111.81839370727539 79.78165435791016 111.81839370727539 96.52011489868164 93.89682006835938 96.52011489868164
94.6122055053711 80.98435974121094 112.19317817687988 80.98435974121094 112.19317817687988 97.5218391418457 94.6122055053711 97.5218391418457
94.56864929199219 82.70549774169922 113.26433372497559 82.70549774169922 113.26433372497559 98.70379829406738 94.56864929199219 98.70379829406738
97.1579818725586 83.36392974853516 115.26286506652832 83.36392974853516 115.26286506652832 100.08514785766602 97.1579818725586 100.08514785766602
97.03751373291016 83.88150787353516 115.73507690429688 83.88150787353516 115.73507690429688 99.88746070861816 97.03751373291016 99.88746070861816
98.24436950683594 84.39712524414062 116.28461265563965 84.39712524414062 116.28461265563965 100.94338798522949 98.24436950683594 100.94338798522949
99.63444519042969 85.83378601074219 118.50617027282715 85.83378601074219 118.50617027282715 101.82527446746826 99.63444519042969 101.82527446746826
100.30313873291016 87.14964294433594 119.58879852294922 87.14964294433594 119.58879852294922 103.3437385559082 100.30313873291016 103.3437385559082
100.75634765625 86.85552215576172 119.54706573486328 86.85552215576172 119.54706573486328 103.37737655639648 100.75634765625 103.37737655639648
101.60691833496094 87.32687377929688 119.90467643737793 87.32687377929688 119.90467643737793 104.35992050170898 101.60691833496094 104.35992050170898
103.70542907714844 88.8729476928711 122.26732063293457 88.8729476928711 122.26732063293457 105.43080711364746 103.70542907714844 105.43080711364746
103.9740219116211 89.59342956542969 121.67500495910645 89.59342956542969 121.67500495910645 105.71590805053711 103.9740219116211 105.71590805053711
105.17668151855469 90.6637191772461 124.43685913085938 90.6637191772461 124.43685913085938 107.4686222076416 105.17668151855469 107.4686222076416
106.38102722167969 91.16744232177734 125.45216751098633 91.16744232177734 125.45216751098633 107.63393974304199 106.38102722167969 107.63393974304199
106.9976806640625 91.59584045410156 125.78021621704102 91.59584045410156 125.78021621704102 108.73036766052246 106.9976806640625 108.73036766052246
108.92376708984375 92.5639877319336 127.44465255737305 92.5639877319336 127.44465255737305 109.19327926635742 108.92376708984375 109.19327926635742
109.324951171875 93.251220703125 128.08943557739258 93.251220703125 128.08943557739258 110.1595458984375 109.324951171875 110.1595458984375
109.8847885131836 95.83937072753906 128.6512107849121 95.83937072753906 128.6512107849121 111.80852317810059 109.8847885131836 111.80852317810059
110.55717468261719 95.18212890625 130.210693359375 95.18212890625 130.210693359375 112.03302955627441 110.55717468261719 112.03302955627441
111.71043395996094 94.25181579589844 130.65435791015625 94.25181579589844 130.65435791015625 112.5892448425293 111.71043395996094 112.5892448425293
112.6939926147461 96.93408966064453 132.12299728393555 96.93408966064453 132.12299728393555 114.1442699432373 112.6939926147461 114.1442699432373
111.78288269042969 97.60563659667969 131.90948486328125 97.60563659667969 131.90948486328125 114.1349983215332 111.78288269042969 114.1349983215332
114.24173736572266 98.71551513671875 133.97647666931152 98.71551513671875 133.97647666931152 116.13586044311523 114.24173736572266 116.13586044311523
115.36894226074219 99.63304901123047 134.76616668701172 99.63304901123047 134.76616668701172 116.73200416564941 115.36894226074219 116.73200416564941
116.20185852050781 101.15630340576172 135.7263889312744 101.15630340576172 135.7263889312744 118.0491714477539 116.20185852050781 118.0491714477539
116.79205322265625 101.85397338867188 136.23423194885254 101.85397338867188 136.23423194885254 119.6494026184082 116.79205322265625 119.6494026184082
117.14798736572266 101.99302673339844 136.9085865020752 101.99302673339844 136.9085865020752 119.85734558105469 117.14798736572266 119.85734558105469
118.5123519897461 105.2178726196289 138.11491012573242 105.2178726196289 138.11491012573242 121.8880729675293 118.5123519897461 121.8880729675293
118.8194580078125 103.4113540649414 138.780122756958 103.4113540649414 138.780122756958 121.47772598266602 118.8194580078125 121.47772598266602
120.41032409667969 105.082763671875 139.91253280639648 105.082763671875 139.91253280639648 123.91000938415527 120.41032409667969 123.91000938415527
121.4173355102539 105.0737533569336 139.9209499359131 105.0737533569336 139.9209499359131 123.60357856750488 121.4173355102539 123.60357856750488
122.12264251708984 108.17057800292969 142.20907592773438 108.17057800292969 142.20907592773438 126.0483283996582 122.12264251708984 126.0483283996582
122.4371337890625 110.35450744628906 141.8441047668457 110.35450744628906 141.8441047668457 127.28879165649414 122.4371337890625 127.28879165649414
124.8469009399414 111.14451599121094 144.61679077148438 111.14451599121094 144.61679077148438 128.20376205444336 124.8469009399414 128.20376205444336
125.26487731933594 111.2047119140625 143.82726287841797 111.2047119140625 143.82726287841797 128.7913990020752 125.26487731933594 128.7913990020752
124.9092025756836 112.07664489746094 148.6528091430664 112.07664489746094 148.6528091430664 131.57619667053223 124.9092025756836 131.57619667053223
127.93597412109375 115.19380187988281 148.1601448059082 115.19380187988281 148.1601448059082 130.68411254882812 127.93597412109375 130.68411254882812
129.32498168945312 115.50785827636719 149.66222190856934 115.50785827636719 149.66222190856934 132.44121551513672 129.32498168945312 132.44121551513672
129.43072509765625 115.47457122802734 150.25628471374512 115.47457122802734 150.25628471374512 132.93815422058105 129.43072509765625 132.93815422058105
131.24142456054688 118.40279388427734 152.82487678527832 118.40279388427734 152.82487678527832 136.06463241577148 131.24142456054688 136.06463241577148
133.4588623046875 120.11822509765625 154.23456954956055 120.11822509765625 154.23456954956055 137.57499313354492 133.4588623046875 137.57499313354492
134.35618591308594 121.7650146484375 156.02249717712402 121.7650146484375 156.02249717712402 138.98024368286133 134.35618591308594 138.98024368286133
134.9287109375 122.99981689453125 156.50547981262207 122.99981689453125 156.50547981262207 140.44237518310547 134.9287109375 140.44237518310547
136.42018127441406 122.16484069824219 158.2748146057129 122.16484069824219 158.2748146057129 140.34704971313477 136.42018127441406 140.34704971313477
138.09671020507812 124.67912292480469 159.40451431274414 124.67912292480469 159.40451431274414 142.0988826751709 138.09671020507812 142.0988826751709
140.80929565429688 127.56446838378906 162.24921226501465 127.56446838378906 162.24921226501465 144.96960830688477 140.80929565429688 144.96960830688477
141.7625274658203 127.32081604003906 163.14312362670898 127.32081604003906 163.14312362670898 145.5672092437744 141.7625274658203 145.5672092437744
144.4364013671875 129.912109375 166.20851516723633 129.912109375 166.20851516723633 147.82068252563477 144.4364013671875 147.82068252563477
144.44686889648438 130.23178100585938 166.33373069763184 130.23178100585938 166.33373069763184 148.13708114624023 144.44686889648438 148.13708114624023
148.2608184814453 132.92428588867188 169.49694061279297 132.92428588867188 169.49694061279297 150.32953071594238 148.2608184814453 150.32953071594238
147.907958984375 132.69583129882812 169.45940971374512 132.69583129882812 169.45940971374512 150.55629348754883 147.907958984375 150.55629348754883
151.591796875 134.34365844726562 173.15251541137695 134.34365844726562 173.15251541137695 153.61831665039062 151.591796875 153.61831665039062
152.63983154296875 135.81944274902344 175.00000381469727 135.81944274902344 175.00000381469727 154.4303855895996 152.63983154296875 154.4303855895996
157.12881469726562 141.29296875 177.60419464111328 141.29296875 177.60419464111328 158.49993896484375 157.12881469726562 158.49993896484375
158.37379455566406 140.3167724609375 178.71893310546875 140.3167724609375 178.71893310546875 157.49480438232422 158.37379455566406 157.49480438232422
159.8450469970703 141.9196319580078 181.24242210388184 141.9196319580078 181.24242210388184 160.28458404541016 159.8450469970703 160.28458404541016
162.9766387939453 145.43161010742188 183.355224609375 145.43161010742188 183.355224609375 162.75979232788086 162.9766387939453 162.75979232788086
164.56951904296875 145.69204711914062 184.73336791992188 145.69204711914062 184.73336791992188 163.10604667663574 164.56951904296875 163.10604667663574
164.40196228027344 145.00888061523438 189.78555488586426 145.00888061523438 189.78555488586426 165.91300582885742 164.40196228027344 165.91300582885742
168.0044403076172 148.9748992919922 188.77227783203125 148.9748992919922 188.77227783203125 167.23079299926758 168.0044403076172 167.23079299926758
170.7527618408203 151.1319580078125 191.59398460388184 151.1319580078125 191.59398460388184 169.92865562438965 170.7527618408203 169.92865562438965
170.09292602539062 156.0603485107422 192.1337718963623 156.0603485107422 192.1337718963623 174.01288223266602 170.09292602539062 174.01288223266602
173.40977478027344 154.6458740234375 194.7796173095703 154.6458740234375 194.7796173095703 172.0257797241211 173.40977478027344 172.0257797241211
174.60928344726562 159.11056518554688 195.44947242736816 159.11056518554688 195.44947242736816 178.16790390014648 174.60928344726562 178.16790390014648
176.21682739257812 158.3561248779297 195.90198135375977 158.3561248779297 195.90198135375977 177.22640228271484 176.21682739257812 177.22640228271484
172.12692260742188 156.69662475585938 197.6219367980957 156.69662475585938 197.6219367980957 177.69250106811523 172.12692260742188 177.69250106811523
171.54959106445312 158.35546875 197.16173362731934 158.35546875 197.16173362731934 179.44780349731445 171.54959106445312 179.44780349731445
174.62161254882812 159.87217712402344 196.85871505737305 159.87217712402344 196.85871505737305 178.4397029876709 174.62161254882812 178.4397029876709
173.28335571289062 158.01321411132812 199.25061416625977 158.01321411132812 199.25061416625977 179.3979949951172 173.28335571289062 179.3979949951172
174.41622924804688 160.6242218017578 200.76679039001465 160.6242218017578 200.76679039001465 182.32466506958008 174.41622924804688 182.32466506958008
176.5210418701172 160.78627014160156 203.24449729919434 160.78627014160156 203.24449729919434 182.79380226135254 176.5210418701172 182.79380226135254
