291.0 140.0 307.0 140.0 307.0 169.0 291.0 169.0
285.64764404296875 135.9393310546875 300.3384122848511 135.9393310546875 300.3384122848511 165.61647987365723 285.64764404296875 165.61647987365723
280.58026123046875 133.9552764892578 295.79877281188965 133.9552764892578 295.79877281188965 163.55028343200684 280.58026123046875 163.55028343200684
274.68182373046875 131.2809600830078 290.50166511535645 131.2809600830078 290.50166511535645 160.33385848999023 274.68182373046875 160.33385848999023
269.56781005859375 128.171630859375 283.8316526412964 128.171630859375 283.8316526412964 155.72443199157715 269.56781005859375 155.72443199157715
264.072509765625 124.94383239746094 278.11402320861816 124.94383239746094 278.11402320861816 153.3395175933838 264.072509765625 153.3395175933838
258.4439392089844 122.06892395019531 272.2366237640381 122.06892395019531 272.2366237640381 151.18828201293945 258.4439392089844 151.18828201293945
254.3815460205078 120.5815658569336 268.3919143676758 120.5815658569336 268.3919143676758 148.13346481323242 254.3815460205078 148.13346481323242
248.5943603515625 117.294921875 261.91529846191406 117.294921875 261.91529846191406 146.33949851989746 248.5943603515625 146.33949851989746
243.9990234375 113.48441314697266 256.2601909637451 113.48441314697266 256.2601909637451 142.30872344970703 243.9990234375 142.30872344970703
240.47470092773438 111.25907897949219 253.22421073913574 111.25907897949219 253.22421073913574 142.02769088745117 240.47470092773438 142.02769088745117
240.61190795898438 111.51078796386719 253.4993076324463 111.51078796386719 253.4993076324463 141.7259979248047 240.61190795898438 141.7259979248047
234.76953125 110.41817474365234 247.0004529953003 110.41817474365234 247.0004529953003 137.81762886047363 234.76953125 137.81762886047363
231.21701049804688 107.64591217041016 243.8064317703247 107.64591217041016 243.8064317703247 136.86650276184082 231.21701049804688 136.86650276184082
226.04580688476562 105.20098876953125 238.37961292266846 105.20098876953125 238.37961292266846 134.2936305999756 226.04580688476562 134.2936305999756
221.50326538085938 102.78653717041016 232.73022270202637 102.78653717041016 232.73022270202637 131.89831161499023 221.50326538085938 131.89831161499023
221.9165802001953 102.82362365722656 232.99982166290283 102.82362365722656 232.99982166290283 131.65603256225586 221.9165802001953 131.65603256225586
218.23410034179688 100.97518920898438 229.4457244873047 100.97518920898438 229.4457244873047 129.76602745056152 218.23410034179688 129.76602745056152
214.02017211914062 98.52294921875 225.5677375793457 98.52294921875 225.5677375793457 129.15187644958496 214.02017211914062 129.15187644958496
211.10269165039062 97.43948364257812 222.74371528625488 97.43948364257812 222.74371528625488 126.87792015075684 211.10269165039062 126.87792015075684
207.7329559326172 94.04643249511719 218.43692302703857 94.04643249511719 218.43692302703857 124.11868858337402 207.7329559326172 124.11868858337402
204.6687774658203 93.44097900390625 215.82565879821777 93.44097900390625 215.82565879821777 122.41469764709473 204.6687774658203 122.41469764709473
204.878662109375 93.46385955810547 215.90945529937744 93.46385955810547 215.90945529937744 122.09065055847168 204.878662109375 122.09065055847168
200.9811553955078 90.71684265136719 211.90799140930176 90.71684265136719 211.90799140930176 119.09476852416992 200.9811553955078 119.09476852416992
199.41908264160156 89.31657409667969 210.46041870117188 89.31657409667969 210.46041870117188 118.44285011291504 199.41908264160156 118.44285011291504
195.47744750976562 86.31593322753906 206.49908924102783 86.31593322753906 206.49908924102783 115.36008071899414 195.47744750976562 115.36008071899414
192.79234313964844 84.52787780761719 203.4058322906494 84.52787780761719 203.4058322906494 112.49005126953125 192.79234313964844 112.49005126953125
192.90708923339844 84.75260162353516 203.47014808654785 84.75260162353516 203.47014808654785 112.43075180053711 192.90708923339844 112.43075180053711
189.9801788330078 82.1478500366211 200.39398384094238 82.1478500366211 200.39398384094238 110.22090911865234 189.9801788330078 110.22090911865234
187.7588348388672 82.02116394042969 197.57150268554688 82.02116394042969 197.57150268554688 108.3717041015625 187.7588348388672 108.3717041015625
184.67782592773438 80.23126220703125 194.42708778381348 80.23126220703125 194.42708778381348 106.34535598754883 184.67782592773438 106.34535598754883
181.8380126953125 79.37628173828125 192.0790615081787 79.37628173828125 192.0790615081787 106.76945495605469 181.8380126953125 106.76945495605469
176.1792755126953 77.60165405273438 189.28529930114746 77.60165405273438 189.28529930114746 103.12689781188965 176.1792755126953 103.12689781188965
176.50335693359375 77.4679183959961 189.5344944000244 77.4679183959961 189.5344944000244 103.72883224487305 176.50335693359375 103.72883224487305
173.60986328125 76.69456481933594 187.6439914703369 76.69456481933594 187.6439914703369 102.13141250610352 173.60986328125 102.13141250610352
171.380859375 75.9298095703125 185.00573539733887 75.9298095703125 185.00573539733887 100.6248893737793 171.380859375 100.6248893737793
168.24488830566406 75.61892700195312 182.114408493042 75.61892700195312 182.114408493042 100.75742530822754 168.24488830566406 100.75742530822754
165.80856323242188 73.49705505371094 179.14199542999268 73.49705505371094 179.14199542999268 98.76544570922852 165.80856323242188 98.76544570922852
162.88311767578125 71.44029235839844 174.22679328918457 71.44029235839844 174.22679328918457 94.99234580993652 162.88311767578125 94.99234580993652
159.70040893554688 69.58942413330078 171.12222480773926 69.58942413330078 171.12222480773926 93.04399490356445 159.70040893554688 93.04399490356445
159.87545776367188 69.81434631347656 171.22163581848145 69.81434631347656 171.22163581848145 93.04494285583496 159.87545776367188 93.04494285583496
157.1609649658203 66.98836517333984 168.36913871765137 66.98836517333984 168.36913871765137 90.90285682678223 157.1609649658203 90.90285682678223
156.52926635742188 65.0320053100586 166.6612777709961 65.0320053100586 166.6612777709961 89.37835502624512 156.52926635742188 89.37835502624512
153.34805297851562 62.86378860473633 164.94373226165771 62.86378860473633 164.94373226165771 88.94384574890137 153.34805297851562 88.94384574890137
150.953857421875 61.43865966796875 163.07591819763184 61.43865966796875 163.07591819763184 86.34492111206055 150.953857421875 86.34492111206055
149.0279541015625 61.07985305786133 162.36703300476074 61.07985305786133 162.36703300476074 85.25692558288574 149.0279541015625 85.25692558288574
149.36758422851562 60.702980041503906 162.5807752609253 60.702980041503906 162.5807752609253 84.65188217163086 149.36758422851562 84.65188217163086
148.28851318359375 56.533912658691406 159.60206031799316 56.533912658691406 159.60206031799316 82.68713569641113 148.28851318359375 82.68713569641113
146.749267578125 56.90556716918945 157.8572483062744 56.90556716918945 157.8572483062744 81.51021957397461 146.749267578125 81.51021957397461
144.211181640625 55.3689079284668 155.26216220855713 55.3689079284668 155.26216220855713 80.40516662597656 144.211181640625 80.40516662597656
143.34017944335938 55.154518127441406 154.8113613128662 55.154518127441406 154.8113613128662 79.8781967163086 143.34017944335938 79.8781967163086
141.17396545410156 52.9495735168457 151.63671398162842 52.9495735168457 151.63671398162842 77.80487823486328 141.17396545410156 77.80487823486328
141.05007934570312 53.11841583251953 151.3907651901245 53.11841583251953 151.3907651901245 77.89448738098145 141.05007934570312 77.89448738098145
139.35446166992188 51.048133850097656 149.40824699401855 51.048133850097656 149.40824699401855 76.67559051513672 139.35446166992188 76.67559051513672
138.343505859375 50.74605178833008 148.13290119171143 50.74605178833008 148.13290119171143 76.1092414855957 138.343505859375 76.1092414855957
136.7399444580078 49.18262481689453 146.82634162902832 49.18262481689453 146.82634162902832 75.35172271728516 136.7399444580078 75.35172271728516
134.23532104492188 46.9947395324707 144.7471580505371 46.9947395324707 144.7471580505371 74.4227066040039 134.23532104492188 74.4227066040039
134.73324584960938 47.076438903808594 144.91865730285645 47.076438903808594 144.91865730285645 74.49706840515137 134.73324584960938 74.49706840515137
133.59786987304688 46.83012771606445 144.3277463912964 46.83012771606445 144.3277463912964 73.34817886352539 133.59786987304688 73.34817886352539
132.78875732421875 45.66544723510742 143.27111148834229 45.66544723510742 143.27111148834229 73.29989242553711 132.78875732421875 73.29989242553711
132.05491638183594 44.93190002441406 142.56377124786377 44.93190002441406 142.56377124786377 72.51971817016602 132.05491638183594 72.51971817016602
131.4442138671875 43.108577728271484 141.74575424194336 43.108577728271484 141.74575424194336 71.79367256164551 131.4442138671875 71.79367256164551
130.4664764404297 42.569679260253906 141.44959831237793 42.569679260253906 141.44959831237793 71.19209480285645 130.4664764404297 71.19209480285645
130.30197143554688 41.90796661376953 141.25200939178467 41.90796661376953 141.25200939178467 70.85488510131836 130.30197143554688 70.85488510131836
130.2933807373047 42.09994888305664 140.90903186798096 42.09994888305664 140.90903186798096 70.43157196044922 130.2933807373047 70.43157196044922
