170.0 179.0 207.0 179.0 207.0 234.0 170.0 234.0
174.9647979736328 179.0409393310547 211.78897857666016 179.0409393310547 211.78897857666016 231.38807678222656 174.9647979736328 231.38807678222656
185.82772827148438 176.4151611328125 222.7597427368164 176.4151611328125 222.7597427368164 230.40127563476562 185.82772827148438 230.40127563476562
191.47708129882812 176.12001037597656 227.31421661376953 176.12001037597656 227.31421661376953 230.04394912719727 191.47708129882812 230.04394912719727
194.612060546875 174.8336181640625 231.16997528076172 174.8336181640625 231.16997528076172 229.37299728393555 194.612060546875 229.37299728393555
197.8221893310547 174.199462890625 233.58367538452148 174.199462890625 233.58367538452148 228.66983795166016 197.8221893310547 228.66983795166016
202.2042236328125 174.3743896484375 236.98876953125 174.3743896484375 236.98876953125 226.27016067504883 202.2042236328125 226.27016067504883
204.7790069580078 173.33847045898438 239.88122177124023 173.33847045898438 239.88122177124023 227.35177612304688 204.7790069580078 227.35177612304688
207.67398071289062 173.1799774169922 241.2501678466797 173.1799774169922 241.2501678466797 227.15600967407227 207.67398071289062 227.15600967407227
210.6658935546875 173.99288940429688 245.28105926513672 173.99288940429688 245.28105926513672 225.48212814331055 210.6658935546875 225.48212814331055
213.12890625 173.8128204345703 246.37266159057617 173.8128204345703 246.37266159057617 225.87947845458984 213.12890625 225.87947845458984
214.5614776611328 174.1649627685547 248.19738006591797 174.1649627685547 248.19738006591797 224.89722061157227 214.5614776611328 224.89722061157227
216.2059783935547 173.78785705566406 250.37494277954102 173.78785705566406 250.37494277954102 223.33627700805664 216.2059783935547 223.33627700805664
218.300537109375 173.24423217773438 251.82213973999023 173.24423217773438 251.82213973999023 223.75612258911133 218.300537109375 223.75612258911133
219.2877960205078 174.37217712402344 252.5433578491211 174.37217712402344 252.5433578491211 224.80290603637695 219.2877960205078 224.80290603637695
219.889892578125 174.82028198242188 253.33281707763672 174.82028198242188 253.33281707763672 224.2854232788086 219.889892578125 224.2854232788086
220.09799194335938 173.7057342529297 253.33504104614258 173.7057342529297 253.33504104614258 223.51560592651367 220.09799194335938 223.51560592651367
221.2678985595703 174.3354949951172 253.83698654174805 174.3354949951172 253.83698654174805 224.37554931640625 221.2678985595703 224.37554931640625
222.0634307861328 174.76980590820312 254.9353370666504 174.76980590820312 254.9353370666504 223.13270950317383 222.0634307861328 223.13270950317383
222.4064178466797 173.30624389648438 255.32843780517578 173.30624389648438 255.32843780517578 223.62907791137695 222.4064178466797 223.62907791137695
222.13937377929688 174.92648315429688 255.32278442382812 174.92648315429688 255.32278442382812 222.26229858398438 222.13937377929688 222.26229858398438
223.2820281982422 174.8482666015625 255.68627548217773 174.8482666015625 255.68627548217773 222.0599136352539 223.2820281982422 222.0599136352539
222.9400177001953 175.56594848632812 255.35852813720703 175.56594848632812 255.35852813720703 223.6730842590332 222.9400177001953 223.6730842590332
223.38455200195312 174.32675170898438 255.6916275024414 174.32675170898438 255.6916275024414 221.3266372680664 223.38455200195312 221.3266372680664
223.64071655273438 173.91183471679688 255.25644302368164 173.91183471679688 255.25644302368164 221.19115447998047 223.64071655273438 221.19115447998047
221.8795623779297 174.88662719726562 253.5817813873291 174.88662719726562 253.5817813873291 221.26914978027344 221.8795623779297 221.26914978027344
223.0550994873047 176.02548217773438 252.9998664855957 176.02548217773438 252.9998664855957 221.2425765991211 223.0550994873047 221.2425765991211
223.68734741210938 176.32102966308594 253.50551795959473 176.32102966308594 253.50551795959473 221.4260025024414 223.68734741210938 221.4260025024414
222.75064086914062 175.43408203125 253.4711570739746 175.43408203125 253.4711570739746 221.19405364990234 222.75064086914062 221.19405364990234
221.87765502929688 174.95510864257812 252.12353897094727 174.95510864257812 252.12353897094727 219.71798706054688 221.87765502929688 219.71798706054688
221.9070281982422 176.54344177246094 251.71510887145996 176.54344177246094 251.71510887145996 219.76164627075195 221.9070281982422 219.76164627075195
220.5835418701172 175.26377868652344 251.2604160308838 175.26377868652344 251.2604160308838 220.0004005432129 220.5835418701172 220.0004005432129
220.0640869140625 176.24746704101562 250.5327205657959 176.24746704101562 250.5327205657959 219.42822647094727 220.0640869140625 219.42822647094727
219.0537567138672 176.59207153320312 248.72430038452148 176.59207153320312 248.72430038452148 219.24232864379883 219.0537567138672 219.24232864379883
217.67898559570312 175.34207153320312 248.20551109313965 175.34207153320312 248.20551109313965 218.5822982788086 217.67898559570312 218.5822982788086
218.13296508789062 175.02151489257812 247.62815284729004 175.02151489257812 247.62815284729004 219.85927200317383 218.13296508789062 219.85927200317383
217.2166290283203 174.2739715576172 247.3919734954834 174.2739715576172 247.3919734954834 219.12920379638672 217.2166290283203 219.12920379638672
216.02890014648438 173.4479217529297 245.73482131958008 173.4479217529297 245.73482131958008 218.30003356933594 216.02890014648438 218.30003356933594
214.63528442382812 173.1852569580078 245.06121253967285 173.1852569580078 245.06121253967285 218.46221160888672 214.63528442382812 218.46221160888672
212.65432739257812 172.42184448242188 243.0852508544922 172.42184448242188 243.0852508544922 217.65698623657227 212.65432739257812 217.65698623657227
212.4759063720703 174.5995330810547 242.6487636566162 174.5995330810547 242.6487636566162 217.6596908569336 212.4759063720703 217.6596908569336
212.0587615966797 172.67672729492188 241.96994400024414 172.67672729492188 241.96994400024414 216.8105812072754 212.0587615966797 216.8105812072754
211.701416015625 173.3845672607422 241.61504745483398 173.3845672607422 241.61504745483398 217.33596420288086 211.701416015625 217.33596420288086
211.2418212890625 173.7196044921875 240.49399185180664 173.7196044921875 240.49399185180664 216.79348754882812 211.2418212890625 216.79348754882812
210.7579345703125 173.60145568847656 240.0278778076172 173.60145568847656 240.0278778076172 216.6196517944336 210.7579345703125 216.6196517944336
210.07925415039062 174.7503662109375 238.83208084106445 174.7503662109375 238.83208084106445 216.50989151000977 210.07925415039062 216.50989151000977
209.60775756835938 174.3465576171875 238.0983943939209 174.3465576171875 238.0983943939209 215.45926666259766 209.60775756835938 215.45926666259766
208.25729370117188 173.28236389160156 237.08042526245117 173.28236389160156 237.08042526245117 215.16655731201172 208.25729370117188 215.16655731201172
207.9316864013672 174.092041015625 236.69033432006836 174.092041015625 236.69033432006836 215.35816192626953 207.9316864013672 215.35816192626953
208.4160919189453 174.3180694580078 236.19906044006348 174.3180694580078 236.19906044006348 215.09624862670898 208.4160919189453 215.09624862670898
208.5304412841797 174.606201171875 236.23504257202148 174.606201171875 236.23504257202148 215.30845260620117 208.5304412841797 215.30845260620117
208.8087158203125 174.58694458007812 236.33291053771973 174.58694458007812 236.33291053771973 214.94839477539062 208.8087158203125 214.94839477539062
209.0806427001953 174.5032196044922 235.19118881225586 174.5032196044922 235.19118881225586 214.02424240112305 209.0806427001953 214.02424240112305
208.39999389648438 173.75828552246094 235.7672233581543 173.75828552246094 235.7672233581543 214.4749984741211 208.39999389648438 214.4749984741211
209.6359100341797 174.73948669433594 236.5829734802246 174.73948669433594 236.5829734802246 214.79591751098633 209.6359100341797 214.79591751098633
208.7626953125 174.4486846923828 235.6079616546631 174.4486846923828 235.6079616546631 214.39611053466797 208.7626953125 214.39611053466797
209.0682830810547 175.50308227539062 235.59203147888184 175.50308227539062 235.59203147888184 214.93025970458984 209.0682830810547 214.93025970458984
209.6892547607422 174.2968292236328 236.25633811950684 174.2968292236328 236.25633811950684 213.78842163085938 209.6892547607422 213.78842163085938
210.13095092773438 174.3120880126953 236.6534366607666 174.3120880126953 236.6534366607666 213.7373809814453 210.13095092773438 213.7373809814453
210.67138671875 174.35511779785156 236.90599060058594 174.35511779785156 236.90599060058594 213.35247802734375 210.67138671875 213.35247802734375
210.23779296875 175.048828125 236.3570098876953 175.048828125 236.3570098876953 213.87467193603516 210.23779296875 213.87467193603516
211.3766632080078 173.70877075195312 237.43207168579102 173.70877075195312 237.43207168579102 212.43976211547852 211.3766632080078 212.43976211547852
211.76513671875 174.1490020751953 238.26517295837402 174.1490020751953 238.26517295837402 213.5409278869629 211.76513671875 213.5409278869629
211.91299438476562 174.05325317382812 238.20990562438965 174.05325317382812 238.20990562438965 213.1432342529297 211.91299438476562 213.1432342529297
212.8451690673828 173.27359008789062 238.9353847503662 173.27359008789062 238.9353847503662 211.9485626220703 212.8451690673828 211.9485626220703
213.0161895751953 173.98385620117188 239.12405014038086 173.98385620117188 239.12405014038086 212.7928123474121 213.0161895751953 212.7928123474121
214.36083984375 173.69741821289062 240.2918586730957 173.69741821289062 240.2918586730957 212.24350357055664 214.36083984375 212.24350357055664
214.6893768310547 173.40335083007812 240.71416091918945 173.40335083007812 240.71416091918945 211.1751480102539 214.6893768310547 211.1751480102539
214.93234252929688 173.2422332763672 241.1205711364746 173.2422332763672 241.1205711364746 211.4983787536621 214.93234252929688 211.4983787536621
215.37698364257812 172.9961395263672 241.88905715942383 172.9961395263672 241.88905715942383 212.40595245361328 215.37698364257812 212.40595245361328
217.0325164794922 173.79977416992188 243.3244743347168 173.79977416992188 243.3244743347168 211.7229118347168 217.0325164794922 211.7229118347168
217.3199462890625 175.39630126953125 242.99549293518066 175.39630126953125 242.99549293518066 213.5626335144043 217.3199462890625 213.5626335144043
217.34304809570312 175.7062225341797 242.6138153076172 175.7062225341797 242.6138153076172 213.27085494995117 217.34304809570312 213.27085494995117
218.9661865234375 174.47132873535156 244.14886856079102 174.47132873535156 244.14886856079102 211.78431701660156 218.9661865234375 211.78431701660156
219.14974975585938 173.7456512451172 244.44191551208496 173.7456512451172 244.44191551208496 211.34209442138672 219.14974975585938 211.34209442138672
219.27224731445312 174.88742065429688 244.37984657287598 174.88742065429688 244.37984657287598 212.20951080322266 219.27224731445312 212.20951080322266
219.50186157226562 173.55567932128906 244.72413444519043 173.55567932128906 244.72413444519043 211.04823303222656 219.50186157226562 211.04823303222656
220.91357421875 173.39776611328125 245.86860847473145 173.39776611328125 245.86860847473145 210.4930763244629 220.91357421875 210.4930763244629
220.60800170898438 173.19638061523438 245.62428665161133 173.19638061523438 245.62428665161133 210.3827362060547 220.60800170898438 210.3827362060547
221.00277709960938 172.8339385986328 246.19675064086914 172.8339385986328 246.19675064086914 210.09174346923828 221.00277709960938 210.09174346923828
221.97732543945312 173.155029296875 246.8067283630371 173.155029296875 246.8067283630371 209.52721786499023 221.97732543945312 209.52721786499023
221.5885467529297 173.0939178466797 246.34908866882324 173.0939178466797 246.34908866882324 209.9001121520996 221.5885467529297 209.9001121520996
221.68258666992188 173.2896270751953 246.77208709716797 173.2896270751953 246.77208709716797 209.21963119506836 221.68258666992188 209.21963119506836
221.60409545898438 174.00738525390625 246.3937282562256 174.00738525390625 246.3937282562256 210.8568229675293 221.60409545898438 210.8568229675293
222.04391479492188 173.2224884033203 246.24708366394043 173.2224884033203 246.24708366394043 209.20015716552734 222.04391479492188 209.20015716552734
222.8668670654297 174.41452026367188 246.76571464538574 174.41452026367188 246.76571464538574 209.9398193359375 222.8668670654297 209.9398193359375
222.9333038330078 174.45217895507812 246.69974899291992 174.45217895507812 246.69974899291992 209.7806625366211 222.9333038330078 209.7806625366211
223.7793731689453 174.337890625 247.10297775268555 174.337890625 247.10297775268555 209.18230438232422 223.7793731689453 209.18230438232422
224.48635864257812 174.5511016845703 247.6807041168213 174.5511016845703 247.6807041168213 208.42437744140625 224.48635864257812 208.42437744140625
223.44223022460938 174.35655212402344 246.3848114013672 174.35655212402344 246.3848114013672 208.46036911010742 223.44223022460938 208.46036911010742
223.83651733398438 174.8328857421875 246.85276222229004 174.8328857421875 246.85276222229004 208.2418556213379 223.83651733398438 208.2418556213379
224.5499725341797 175.06300354003906 247.32547569274902 175.06300354003906 247.32547569274902 208.91846466064453 224.5499725341797 208.91846466064453
224.79714965820312 174.48379516601562 247.54872131347656 174.48379516601562 247.54872131347656 208.30368041992188 224.79714965820312 208.30368041992188
224.6065673828125 174.6605224609375 247.0272560119629 174.6605224609375 247.0272560119629 207.98855590820312 224.6065673828125 207.98855590820312
226.534912109375 174.75405883789062 248.89175033569336 174.75405883789062 248.89175033569336 207.9871826171875 226.534912109375 207.9871826171875
226.09884643554688 174.70782470703125 248.31471061706543 174.70782470703125 248.31471061706543 207.73139190673828 226.09884643554688 207.73139190673828
226.8028564453125 174.8743133544922 248.67277908325195 174.8743133544922 248.67277908325195 207.3836441040039 226.8028564453125 207.3836441040039
227.40890502929688 175.49172973632812 249.44312477111816 175.49172973632812 249.44312477111816 208.24528884887695 227.40890502929688 208.24528884887695
229.4425506591797 176.7466583251953 251.4239959716797 176.7466583251953 251.4239959716797 209.42176818847656 229.4425506591797 209.42176818847656
229.58053588867188 175.4150848388672 251.70853424072266 175.4150848388672 251.70853424072266 208.30804824829102 229.58053588867188 208.30804824829102
229.66275024414062 174.8484649658203 251.47278022766113 174.8484649658203 251.47278022766113 207.26877212524414 229.66275024414062 207.26877212524414
229.839599609375 175.93637084960938 251.475191116333 175.93637084960938 251.475191116333 208.09737396240234 229.839599609375 208.09737396240234
230.75961303710938 175.0806121826172 252.24745750427246 175.0806121826172 252.24745750427246 207.02199363708496 230.75961303710938 207.02199363708496
231.71322631835938 175.2103729248047 253.27295303344727 175.2103729248047 253.27295303344727 207.25860595703125 231.71322631835938 207.25860595703125
232.0493621826172 174.4300994873047 253.5744972229004 174.4300994873047 253.5744972229004 206.4269142150879 232.0493621826172 206.4269142150879
232.5491180419922 176.3927764892578 253.75986862182617 176.3927764892578 253.75986862182617 207.92226219177246 232.5491180419922 207.92226219177246
232.98007202148438 174.7025909423828 254.30000495910645 174.7025909423828 254.30000495910645 206.3943748474121 232.98007202148438 206.3943748474121
234.1741180419922 175.25790405273438 255.12005233764648 175.25790405273438 255.12005233764648 206.3937473297119 234.1741180419922 206.3937473297119
234.2273712158203 175.62173461914062 254.83565711975098 175.62173461914062 254.83565711975098 206.2556667327881 234.2273712158203 206.2556667327881
235.34530639648438 176.38475036621094 255.90697860717773 176.38475036621094 255.90697860717773 206.9493923187256 235.34530639648438 206.9493923187256
236.8876190185547 176.50634765625 257.100435256958 176.50634765625 257.100435256958 206.5524196624756 236.8876190185547 206.5524196624756
236.7714385986328 175.60940551757812 257.1766700744629 175.60940551757812 257.1766700744629 205.94150161743164 236.7714385986328 205.94150161743164
237.5169219970703 175.59915161132812 258.12335777282715 175.59915161132812 258.12335777282715 206.2303352355957 237.5169219970703 206.2303352355957
238.56893920898438 175.21206665039062 258.9707775115967 175.21206665039062 258.9707775115967 205.53911781311035 238.56893920898438 205.53911781311035
239.0639190673828 175.69552612304688 259.8171138763428 175.69552612304688 259.8171138763428 206.54486656188965 239.0639190673828 206.54486656188965
238.86953735351562 175.5325469970703 259.4721794128418 175.5325469970703 259.4721794128418 206.15809059143066 238.86953735351562 206.15809059143066
238.7264862060547 175.16351318359375 259.2609519958496 175.16351318359375 259.2609519958496 205.68771362304688 238.7264862060547 205.68771362304688
239.8225860595703 175.5612030029297 260.2802562713623 175.5612030029297 260.2802562713623 205.97124862670898 239.8225860595703 205.97124862670898
240.3706512451172 175.4786834716797 260.9859848022461 175.4786834716797 260.9859848022461 206.1230926513672 240.3706512451172 206.1230926513672
240.7130126953125 175.69566345214844 260.90273666381836 175.69566345214844 260.90273666381836 205.7074089050293 240.7130126953125 205.7074089050293
241.629150390625 175.4886474609375 261.8421287536621 175.4886474609375 261.8421287536621 205.53496170043945 241.629150390625 205.53496170043945
240.90576171875 176.1413116455078 260.76674461364746 176.1413116455078 260.76674461364746 205.6643886566162 240.90576171875 205.6643886566162
241.29531860351562 174.97769165039062 261.1648349761963 174.97769165039062 261.1648349761963 204.51345443725586 241.29531860351562 204.51345443725586
243.0045623779297 175.34425354003906 263.1209297180176 175.34425354003906 263.1209297180176 205.24695777893066 243.0045623779297 205.24695777893066
243.515625 175.3874969482422 263.5881538391113 175.3874969482422 263.5881538391113 205.22503662109375 243.515625 205.22503662109375
243.3457489013672 174.00656127929688 263.39842224121094 174.00656127929688 263.39842224121094 203.8145866394043 243.3457489013672 203.8145866394043
243.4116973876953 175.0171661376953 263.2234859466553 175.0171661376953 263.2234859466553 204.46712112426758 243.4116973876953 204.46712112426758
244.66964721679688 175.48858642578125 264.3495178222656 175.48858642578125 264.3495178222656 204.74244689941406 244.66964721679688 204.74244689941406
244.61465454101562 175.46533203125 264.11110496520996 175.46533203125 264.11110496520996 204.44654273986816 244.61465454101562 204.44654273986816
244.87136840820312 174.9080352783203 264.29377365112305 174.9080352783203 264.29377365112305 203.77917861938477 244.87136840820312 203.77917861938477
