249.0 221.0 296.0 221.0 296.0 256.0 249.0 256.0
246.5017547607422 217.64694213867188 293.1142272949219 217.64694213867188 293.1142272949219 252.28643798828125 246.5017547607422 252.28643798828125
246.0187225341797 217.7543487548828 293.38280487060547 217.7543487548828 293.38280487060547 251.97789001464844 246.0187225341797 251.97789001464844
245.77725219726562 217.5146484375 292.2100601196289 217.5146484375 292.2100601196289 252.40043258666992 245.77725219726562 252.40043258666992
243.3996124267578 215.12899780273438 289.37863540649414 215.12899780273438 289.37863540649414 248.9446907043457 243.3996124267578 248.9446907043457
244.30520629882812 214.8532257080078 290.23230743408203 214.8532257080078 290.23230743408203 249.57991790771484 244.30520629882812 249.57991790771484
239.9545135498047 211.33853149414062 286.22835540771484 211.33853149414062 286.22835540771484 246.41206741333008 239.9545135498047 246.41206741333008
240.7525634765625 212.0153350830078 285.95035552978516 212.0153350830078 285.95035552978516 245.90200805664062 240.7525634765625 245.90200805664062
236.6604766845703 209.3725128173828 281.84911346435547 209.3725128173828 281.84911346435547 243.36754608154297 236.6604766845703 243.36754608154297
236.3938751220703 209.10018920898438 281.26401138305664 209.10018920898438 281.26401138305664 243.20549392700195 236.3938751220703 243.20549392700195
231.7720489501953 206.21920776367188 277.48523712158203 206.21920776367188 277.48523712158203 239.3909149169922 231.7720489501953 239.3909149169922
232.12033081054688 205.4626007080078 277.6080665588379 205.4626007080078 277.6080665588379 239.11974334716797 232.12033081054688 239.11974334716797
229.27401733398438 203.63699340820312 273.72595596313477 203.63699340820312 273.72595596313477 236.8975601196289 229.27401733398438 236.8975601196289
229.64462280273438 203.3454132080078 273.2306938171387 203.3454132080078 273.2306938171387 237.02076721191406 229.64462280273438 237.02076721191406
226.1831817626953 200.69158935546875 271.1454544067383 200.69158935546875 271.1454544067383 234.04803466796875 226.1831817626953 234.04803466796875
227.21298217773438 200.47572326660156 271.7814292907715 200.47572326660156 271.7814292907715 234.10131454467773 227.21298217773438 234.10131454467773
223.83786010742188 198.5880584716797 268.98368072509766 198.5880584716797 268.98368072509766 230.93272399902344 223.83786010742188 230.93272399902344
224.94247436523438 198.36801147460938 268.4175834655762 198.36801147460938 268.4175834655762 230.85612869262695 224.94247436523438 230.85612869262695
224.1171875 197.44273376464844 268.6185493469238 197.44273376464844 268.6185493469238 230.7387580871582 224.1171875 230.7387580871582
220.76895141601562 194.9983673095703 265.6646728515625 194.9983673095703 265.6646728515625 227.76143264770508 220.76895141601562 227.76143264770508
221.07125854492188 195.18502807617188 265.2410774230957 195.18502807617188 265.2410774230957 227.3659782409668 221.07125854492188 227.3659782409668
218.5485382080078 191.19317626953125 263.46252822875977 191.19317626953125 263.46252822875977 224.30049896240234 218.5485382080078 224.30049896240234
219.2769012451172 191.2924346923828 264.01221084594727 191.2924346923828 264.01221084594727 224.60411834716797 219.2769012451172 224.60411834716797
215.33981323242188 187.12063598632812 258.3380546569824 187.12063598632812 258.3380546569824 220.49671173095703 215.33981323242188 220.49671173095703
215.49227905273438 187.5608673095703 258.00456619262695 187.5608673095703 258.00456619262695 219.90911483764648 215.49227905273438 219.90911483764648
211.8625030517578 185.2471160888672 254.79911041259766 185.2471160888672 254.79911041259766 217.4783592224121 211.8625030517578 217.4783592224121
210.67300415039062 182.788330078125 252.76883697509766 182.788330078125 252.76883697509766 215.68415069580078 210.67300415039062 215.68415069580078
210.4038848876953 183.9688720703125 252.36530685424805 183.9688720703125 252.36530685424805 216.25048828125 210.4038848876953 216.25048828125
211.2700958251953 183.1817169189453 252.71243286132812 183.1817169189453 252.71243286132812 215.39564895629883 211.2700958251953 215.39564895629883
207.42965698242188 180.74862670898438 249.4457778930664 180.74862670898438 249.4457778930664 212.73410034179688 207.42965698242188 212.73410034179688
207.8853759765625 180.02017211914062 249.00580215454102 180.02017211914062 249.00580215454102 211.47524642944336 207.8853759765625 211.47524642944336
205.580322265625 177.95626831054688 246.81075286865234 177.95626831054688 246.81075286865234 208.81178283691406 205.580322265625 208.81178283691406
206.0206298828125 178.17617797851562 246.45904922485352 178.17617797851562 246.45904922485352 208.9256992340088 206.0206298828125 208.9256992340088
205.05862426757812 175.3696746826172 245.38737106323242 175.3696746826172 245.38737106323242 206.2493782043457 205.05862426757812 206.2493782043457
204.40347290039062 175.5895538330078 245.565673828125 175.5895538330078 245.565673828125 206.48205184936523 204.40347290039062 206.48205184936523
202.05593872070312 173.6543731689453 243.28160858154297 173.6543731689453 243.28160858154297 204.35432815551758 202.05593872070312 204.35432815551758
202.35623168945312 173.7901611328125 243.01563262939453 173.7901611328125 243.01563262939453 204.06842422485352 202.35623168945312 204.06842422485352
199.98910522460938 171.66778564453125 239.4715576171875 171.66778564453125 239.4715576171875 202.2001075744629 199.98910522460938 202.2001075744629
200.51556396484375 171.8682861328125 240.90619659423828 171.8682861328125 240.90619659423828 202.12788009643555 200.51556396484375 202.12788009643555
198.73422241210938 169.9777069091797 238.6068344116211 169.9777069091797 238.6068344116211 199.75927734375 198.73422241210938 199.75927734375
198.78536987304688 170.37442016601562 238.63572692871094 170.37442016601562 238.63572692871094 200.2528476715088 198.78536987304688 200.2528476715088
196.85702514648438 169.05288696289062 237.2238998413086 169.05288696289062 237.2238998413086 199.11330795288086 196.85702514648438 199.11330795288086
196.8894500732422 168.29592895507812 236.70478057861328 168.29592895507812 236.70478057861328 197.9456272125244 196.8894500732422 197.9456272125244
193.626953125 165.85995483398438 233.8265495300293 165.85995483398438 233.8265495300293 195.8585205078125 193.626953125 195.8585205078125
192.859130859375 165.3494110107422 232.74087142944336 165.3494110107422 232.74087142944336 195.0944118499756 192.859130859375 195.0944118499756
190.3289031982422 164.37168884277344 230.1424331665039 164.37168884277344 230.1424331665039 194.02004623413086 190.3289031982422 194.02004623413086
187.34693908691406 164.46249389648438 227.16781997680664 164.46249389648438 227.16781997680664 194.11632347106934 187.34693908691406 194.11632347106934
189.96194458007812 161.45388793945312 229.92677688598633 161.45388793945312 229.92677688598633 191.2149143218994 189.96194458007812 191.2149143218994
188.09339904785156 161.856201171875 227.4167823791504 161.856201171875 227.4167823791504 191.71417808532715 188.09339904785156 191.71417808532715
185.3723602294922 157.17262268066406 224.70960235595703 157.17262268066406 224.70960235595703 186.4662971496582 185.3723602294922 186.4662971496582
184.21438598632812 156.513427734375 224.11883163452148 156.513427734375 224.11883163452148 186.24975204467773 184.21438598632812 186.24975204467773
183.95950317382812 156.69549560546875 223.59717559814453 156.69549560546875 223.59717559814453 186.1815700531006 183.95950317382812 186.1815700531006
181.13363647460938 156.1070098876953 221.53772735595703 156.1070098876953 221.53772735595703 186.1951446533203 181.13363647460938 186.1951446533203
181.07479858398438 157.14974975585938 221.09478759765625 157.14974975585938 221.09478759765625 186.9518527984619 181.07479858398438 186.9518527984619
177.0693359375 152.70480346679688 216.71327590942383 152.70480346679688 216.71327590942383 182.22686767578125 177.0693359375 182.22686767578125
178.53419494628906 152.15628051757812 218.43145370483398 152.15628051757812 218.43145370483398 181.8669891357422 178.53419494628906 181.8669891357422
174.55038452148438 151.00286865234375 214.64141845703125 151.00286865234375 214.64141845703125 180.85787963867188 174.55038452148438 180.85787963867188
174.45318603515625 150.6478271484375 214.5029182434082 150.6478271484375 214.5029182434082 180.4720802307129 174.45318603515625 180.4720802307129
172.40618896484375 149.21949768066406 212.44107055664062 149.21949768066406 212.44107055664062 179.03269386291504 172.40618896484375 179.03269386291504
171.77853393554688 149.51754760742188 211.7445411682129 149.51754760742188 211.7445411682129 179.2794532775879 171.77853393554688 179.2794532775879
168.79881286621094 147.5541229248047 209.0248146057129 147.5541229248047 209.0248146057129 177.50963973999023 168.79881286621094 177.50963973999023
168.67010498046875 147.99301147460938 209.69652938842773 147.99301147460938 209.69652938842773 178.54458618164062 168.67010498046875 178.54458618164062
165.91354370117188 145.9152374267578 206.8070182800293 145.9152374267578 206.8070182800293 176.36780738830566 165.91354370117188 176.36780738830566
166.37974548339844 145.21241760253906 207.5204620361328 145.21241760253906 207.5204620361328 175.84910583496094 166.37974548339844 175.84910583496094
164.93963623046875 143.65878295898438 205.1568374633789 143.65878295898438 205.1568374633789 173.6077480316162 164.93963623046875 173.6077480316162
163.9927520751953 143.65042114257812 204.46382904052734 143.65042114257812 204.46382904052734 173.77941513061523 163.9927520751953 173.77941513061523
161.86717224121094 141.5281982421875 202.44131469726562 141.5281982421875 202.44131469726562 171.74296951293945 161.86717224121094 171.74296951293945
161.81381225585938 142.15011596679688 202.11272811889648 142.15011596679688 202.11272811889648 172.15993118286133 161.81381225585938 172.15993118286133
158.84475708007812 140.50238037109375 198.76004791259766 140.50238037109375 198.76004791259766 170.1617946624756 158.84475708007812 170.1617946624756
158.66213989257812 140.44271850585938 198.885498046875 140.44271850585938 198.885498046875 170.39626693725586 158.66213989257812 170.39626693725586
156.48727416992188 137.81338500976562 196.53133010864258 137.81338500976562 196.53133010864258 167.7286834716797 156.48727416992188 167.7286834716797
157.10577392578125 137.7572479248047 197.29206085205078 137.7572479248047 197.29206085205078 167.6831874847412 157.10577392578125 167.6831874847412
156.35519409179688 136.63023376464844 195.5049705505371 136.63023376464844 195.5049705505371 165.8531093597412 156.35519409179688 165.8531093597412
156.56446838378906 136.77505493164062 195.38863372802734 136.77505493164062 195.38863372802734 165.68664169311523 156.56446838378906 165.68664169311523
153.71377563476562 133.8972625732422 192.76330947875977 133.8972625732422 192.76330947875977 162.97667503356934 153.71377563476562 162.97667503356934
151.8855743408203 134.47760009765625 191.3772735595703 134.47760009765625 191.3772735595703 163.88628578186035 151.8855743408203 163.88628578186035
151.58261108398438 131.94439697265625 190.5943717956543 131.94439697265625 190.5943717956543 161.06933975219727 151.58261108398438 161.06933975219727
151.71743774414062 132.08543395996094 190.12206268310547 132.08543395996094 190.12206268310547 160.68459701538086 151.71743774414062 160.68459701538086
151.5374755859375 131.8112030029297 189.26697158813477 131.8112030029297 189.26697158813477 159.90761184692383 151.5374755859375 159.90761184692383
151.1999053955078 131.4419708251953 188.4305305480957 131.4419708251953 188.4305305480957 159.16687965393066 151.1999053955078 159.16687965393066
149.6212158203125 130.08692932128906 186.99094009399414 130.08692932128906 186.99094009399414 157.91542434692383 149.6212158203125 157.91542434692383
149.39163208007812 130.6356658935547 186.08624267578125 130.6356658935547 186.08624267578125 157.96141624450684 149.39163208007812 157.96141624450684
148.96444702148438 130.36419677734375 185.34525680541992 130.36419677734375 185.34525680541992 157.4562644958496 148.96444702148438 157.4562644958496
148.4312286376953 128.5630340576172 184.95186614990234 128.5630340576172 184.95186614990234 155.75922775268555 148.4312286376953 155.75922775268555
147.84323120117188 128.66622924804688 183.73432540893555 128.66622924804688 183.73432540893555 155.39361572265625 147.84323120117188 155.39361572265625
146.08819580078125 127.40193176269531 181.74635696411133 127.40193176269531 181.74635696411133 153.9558563232422 146.08819580078125 153.9558563232422
144.77197265625 126.1568603515625 179.46616744995117 126.1568603515625 179.46616744995117 151.99293899536133 144.77197265625 151.99293899536133
144.7877655029297 125.33863830566406 179.84290313720703 125.33863830566406 179.84290313720703 151.44350624084473 144.7877655029297 151.44350624084473
141.51425170898438 124.2919692993164 176.59232330322266 124.2919692993164 176.59232330322266 150.4139175415039 141.51425170898438 150.4139175415039
141.87664794921875 124.08414459228516 176.84785079956055 124.08414459228516 176.84785079956055 150.12650871276855 141.87664794921875 150.12650871276855
143.45236206054688 125.6607894897461 177.34160614013672 125.6607894897461 177.34160614013672 150.89743995666504 143.45236206054688 150.89743995666504
140.90023803710938 122.69853210449219 174.61181640625 122.69853210449219 174.61181640625 147.80288124084473 140.90023803710938 147.80288124084473
140.67625427246094 122.21479797363281 173.97037506103516 122.21479797363281 173.97037506103516 147.00827407836914 140.67625427246094 147.00827407836914
140.6829833984375 121.9476318359375 174.509521484375 121.9476318359375 174.509521484375 147.1375904083252 140.6829833984375 147.1375904083252
139.73294067382812 122.07413482666016 173.3320083618164 122.07413482666016 173.3320083618164 147.09470176696777 139.73294067382812 147.09470176696777
136.36770629882812 118.5495834350586 170.60950469970703 118.5495834350586 170.60950469970703 144.04878044128418 136.36770629882812 144.04878044128418
136.58372497558594 118.59114837646484 170.6331024169922 118.59114837646484 170.6331024169922 143.94705390930176 136.58372497558594 143.94705390930176
136.11065673828125 118.1473388671875 169.79340744018555 118.1473388671875 169.79340744018555 143.230224609375 136.11065673828125 143.230224609375
136.28433227539062 117.7606430053711 169.97790145874023 117.7606430053711 169.97790145874023 142.8515853881836 136.28433227539062 142.8515853881836
134.4058837890625 117.6769027709961 168.37638473510742 117.6769027709961 168.37638473510742 142.97407150268555 134.4058837890625 142.97407150268555
134.9495086669922 116.6219711303711 168.6518669128418 116.6219711303711 168.6518669128418 141.71945571899414 134.9495086669922 141.71945571899414
132.1079864501953 115.3741455078125 166.23520278930664 115.3741455078125 166.23520278930664 140.78801345825195 132.1079864501953 140.78801345825195
131.38693237304688 115.1922607421875 165.63440704345703 115.1922607421875 165.63440704345703 140.6956844329834 131.38693237304688 140.6956844329834
130.52606201171875 114.51365661621094 164.51248931884766 114.51365661621094 164.51248931884766 139.82268714904785 130.52606201171875 139.82268714904785
129.51156616210938 114.25624084472656 164.03580856323242 114.25624084472656 164.03580856323242 139.96577072143555 129.51156616210938 139.96577072143555
128.71311950683594 113.19862365722656 162.77933502197266 113.19862365722656 162.77933502197266 138.56706619262695 128.71311950683594 138.56706619262695
129.23464965820312 113.28941345214844 163.26068496704102 113.28941345214844 163.26068496704102 138.62793350219727 129.23464965820312 138.62793350219727
127.3403091430664 111.13531494140625 160.98707580566406 111.13531494140625 160.98707580566406 136.19139862060547 127.3403091430664 136.19139862060547
127.83463287353516 110.67982482910156 161.24634552001953 110.67982482910156 161.24634552001953 135.56086921691895 127.83463287353516 135.56086921691895
125.6471939086914 111.0972900390625 159.36051177978516 111.0972900390625 159.36051177978516 136.20293617248535 125.6471939086914 136.20293617248535
125.988525390625 110.83101654052734 159.1211051940918 110.83101654052734 159.1211051940918 135.50419998168945 125.988525390625 135.50419998168945
124.2594223022461 109.29444885253906 157.46881484985352 109.29444885253906 157.46881484985352 134.02482986450195 124.2594223022461 134.02482986450195
124.81707763671875 109.6866226196289 157.2785530090332 109.6866226196289 157.2785530090332 133.86004638671875 124.81707763671875 133.86004638671875
122.12139892578125 109.04820251464844 154.33098602294922 109.04820251464844 154.33098602294922 133.03404998779297 122.12139892578125 133.03404998779297
122.74446868896484 108.60456848144531 155.5207633972168 108.60456848144531 155.5207633972168 133.01243209838867 122.74446868896484 133.01243209838867
122.52197265625 107.6112289428711 154.7652359008789 107.6112289428711 154.7652359008789 131.62215042114258 122.52197265625 131.62215042114258
122.8648910522461 107.41556549072266 155.62209701538086 107.41556549072266 155.62209701538086 131.80920791625977 122.8648910522461 131.80920791625977
121.21549224853516 106.10807800292969 153.4318389892578 106.10807800292969 153.4318389892578 130.0989532470703 121.21549224853516 130.0989532470703
121.149658203125 106.59175872802734 152.9074764251709 106.59175872802734 152.9074764251709 130.24117851257324 121.149658203125 130.24117851257324
119.9161148071289 104.90480041503906 151.5899486541748 104.90480041503906 151.5899486541748 128.49168014526367 119.9161148071289 128.49168014526367
120.20098876953125 104.81306457519531 151.95469284057617 104.81306457519531 151.95469284057617 128.45942306518555 120.20098876953125 128.45942306518555
118.89015197753906 104.299072265625 150.54136276245117 104.299072265625 150.54136276245117 127.86910629272461 118.89015197753906 127.86910629272461
119.2138671875 104.08454895019531 150.65813636779785 104.08454895019531 150.65813636779785 127.5004768371582 119.2138671875 127.5004768371582
117.3030014038086 103.2724609375 148.29702377319336 103.2724609375 148.29702377319336 126.35309600830078 117.3030014038086 126.35309600830078
117.78275299072266 103.1294937133789 148.6928424835205 103.1294937133789 148.6928424835205 126.14762496948242 117.78275299072266 126.14762496948242
116.76175689697266 102.71097564697266 147.85880851745605 102.71097564697266 147.85880851745605 125.86833381652832 116.76175689697266 125.86833381652832
115.1998062133789 101.89277648925781 146.73989486694336 101.89277648925781 146.73989486694336 125.38005447387695 115.1998062133789 125.38005447387695
116.02220153808594 101.61793518066406 147.4491424560547 101.61793518066406 147.4491424560547 125.02095413208008 116.02220153808594 125.02095413208008
114.37308502197266 100.63929748535156 145.53379440307617 100.63929748535156 145.53379440307617 123.84405899047852 114.37308502197266 123.84405899047852
114.03898620605469 100.02165985107422 144.81296157836914 100.02165985107422 144.81296157836914 122.93842887878418 114.03898620605469 122.93842887878418
114.5661392211914 99.23397827148438 145.1999855041504 99.23397827148438 145.1999855041504 122.04639625549316 114.5661392211914 122.04639625549316
112.54112243652344 98.91465759277344 143.08977699279785 98.91465759277344 143.08977699279785 121.66363525390625 112.54112243652344 121.66363525390625
113.85736083984375 98.11241149902344 144.0650634765625 98.11241149902344 144.0650634765625 120.60749053955078 113.85736083984375 120.60749053955078
111.62339782714844 97.9986801147461 141.53991317749023 97.9986801147461 141.53991317749023 120.27691841125488 111.62339782714844 120.27691841125488
112.1866226196289 97.27901458740234 142.03350639343262 97.27901458740234 142.03350639343262 119.50539779663086 112.1866226196289 119.50539779663086
111.86968994140625 96.61510467529297 142.06064796447754 96.61510467529297 142.06064796447754 119.09771347045898 111.86968994140625 119.09771347045898
110.62483215332031 95.49071502685547 140.93314743041992 95.49071502685547 140.93314743041992 118.06071853637695 110.62483215332031 118.06071853637695
109.37373352050781 95.83802032470703 139.7527256011963 95.83802032470703 139.7527256011963 118.46065902709961 109.37373352050781 118.46065902709961
110.17521667480469 94.72584533691406 140.0213966369629 94.72584533691406 140.0213966369629 116.95170974731445 110.17521667480469 116.95170974731445
109.85322570800781 95.40911102294922 139.4196319580078 95.40911102294922 139.4196319580078 117.42663383483887 109.85322570800781 117.42663383483887
108.06068420410156 93.99830627441406 137.47926712036133 93.99830627441406 137.47926712036133 115.9057445526123 108.06068420410156 115.9057445526123
108.24555969238281 93.84432983398438 137.79615783691406 93.84432983398438 137.79615783691406 115.85007667541504 108.24555969238281 115.85007667541504
107.28410339355469 92.517333984375 136.9370937347412 92.517333984375 136.9370937347412 114.59932899475098 107.28410339355469 114.59932899475098
107.93589782714844 93.23210144042969 137.85542678833008 93.23210144042969 137.85542678833008 115.51258277893066 107.93589782714844 115.51258277893066
105.81513977050781 91.45132446289062 135.63340187072754 91.45132446289062 135.63340187072754 113.65639305114746 105.81513977050781 113.65639305114746
105.72186279296875 91.71464538574219 135.10003280639648 91.71464538574219 135.10003280639648 113.59198570251465 105.72186279296875 113.59198570251465
105.01460266113281 91.51556396484375 133.8364601135254 91.51556396484375 133.8364601135254 112.97862815856934 105.01460266113281 112.97862815856934
104.96500396728516 91.85494232177734 133.4999656677246 91.85494232177734 133.4999656677246 113.1043586730957 104.96500396728516 113.1043586730957
105.03887939453125 90.33399200439453 133.53273391723633 90.33399200439453 133.53273391723633 111.55279350280762 105.03887939453125 111.55279350280762
104.65538024902344 90.9103775024414 132.92638778686523 90.9103775024414 132.92638778686523 111.96323013305664 104.65538024902344 111.96323013305664
103.5324935913086 89.67472839355469 131.90080642700195 89.67472839355469 131.90080642700195 110.8000431060791 103.5324935913086 110.8000431060791
103.40911865234375 89.72086334228516 131.89698791503906 89.72086334228516 131.89698791503906 110.93520927429199 103.40911865234375 110.93520927429199
103.0179214477539 89.18522644042969 131.49120712280273 89.18522644042969 131.49120712280273 110.38871192932129 103.0179214477539 110.38871192932129
102.33396911621094 88.63423156738281 130.46281051635742 88.63423156738281 130.46281051635742 109.58121681213379 102.33396911621094 109.58121681213379
102.37540435791016 88.73698425292969 130.35251235961914 88.73698425292969 130.35251235961914 109.57097434997559 102.37540435791016 109.57097434997559
100.08740234375 88.32228088378906 128.0695400238037 88.32228088378906 128.0695400238037 109.16001510620117 100.08740234375 109.16001510620117
99.73844909667969 87.10555267333984 127.54214477539062 87.10555267333984 127.54214477539062 107.81040573120117 99.73844909667969 107.81040573120117
100.02635955810547 87.02625274658203 127.95674896240234 87.02625274658203 127.95674896240234 107.8254508972168 100.02635955810547 107.8254508972168
98.33270263671875 85.92153930664062 126.26572608947754 85.92153930664062 126.26572608947754 106.72269821166992 98.33270263671875 106.72269821166992
98.50251007080078 86.23097229003906 126.78227615356445 86.23097229003906 126.78227615356445 107.29034423828125 98.50251007080078 107.29034423828125
96.87040710449219 85.3171615600586 125.08243751525879 85.3171615600586 125.08243751525879 106.32609176635742 96.87040710449219 106.32609176635742
98.04205322265625 84.67322540283203 126.02811050415039 84.67322540283203 126.02811050415039 105.51387596130371 98.04205322265625 105.51387596130371
98.04185485839844 85.0119857788086 126.34740829467773 85.0119857788086 126.34740829467773 106.0905590057373 98.04185485839844 106.0905590057373
97.61231231689453 83.70589447021484 125.84889030456543 83.70589447021484 125.84889030456543 104.73310279846191 97.61231231689453 104.73310279846191
96.5500259399414 84.72811126708984 124.8260669708252 84.72811126708984 124.8260669708252 105.78470611572266 96.5500259399414 105.78470611572266
96.02474212646484 82.91824340820312 123.95903205871582 82.91824340820312 123.95903205871582 103.72034072875977 96.02474212646484 103.72034072875977
94.7734603881836 81.69490814208984 122.57751083374023 81.69490814208984 122.57751083374023 102.40001678466797 94.7734603881836 102.40001678466797
95.60228729248047 81.4982681274414 123.31979751586914 81.4982681274414 123.31979751586914 102.1389331817627 95.60228729248047 102.1389331817627
94.23970031738281 81.67813110351562 121.89736557006836 81.67813110351562 121.89736557006836 102.27423095703125 94.23970031738281 102.27423095703125
94.61058807373047 81.6700668334961 122.00556755065918 81.6700668334961 122.00556755065918 102.07054901123047 94.61058807373047 102.07054901123047
94.11363983154297 81.12620544433594 121.2148666381836 81.12620544433594 121.2148666381836 101.30793762207031 94.11363983154297 101.30793762207031
