119.0 101.0 128.0 101.0 128.0 120.0 119.0 120.0
119.29457092285156 100.87236022949219 127.7342586517334 100.87236022949219 127.7342586517334 120.46775436401367 119.29457092285156 120.46775436401367
119.42044830322266 101.59706115722656 129.6067295074463 101.59706115722656 129.6067295074463 120.64086532592773 119.42044830322266 120.64086532592773
121.17845153808594 102.52250671386719 129.33504486083984 102.52250671386719 129.33504486083984 121.1970386505127 121.17845153808594 121.1970386505127
120.9515609741211 102.40531158447266 129.59170055389404 102.40531158447266 129.59170055389404 120.93497657775879 120.9515609741211 120.93497657775879
122.71500396728516 102.90779113769531 131.23426628112793 102.90779113769531 131.23426628112793 121.5670051574707 122.71500396728516 121.5670051574707
123.61637878417969 104.07197570800781 131.95712089538574 104.07197570800781 131.95712089538574 121.02807235717773 123.61637878417969 121.02807235717773
124.98748779296875 102.8629150390625 133.715500831604 102.8629150390625 133.715500831604 120.38713455200195 124.98748779296875 120.38713455200195
126.3328857421875 102.45233154296875 134.63733386993408 102.45233154296875 134.63733386993408 120.92271995544434 126.3328857421875 120.92271995544434
127.56329345703125 102.89646911621094 135.98153972625732 102.89646911621094 135.98153972625732 121.57497024536133 127.56329345703125 121.57497024536133
127.6249771118164 102.19419860839844 135.81195545196533 102.19419860839844 135.81195545196533 120.37484359741211 127.6249771118164 120.37484359741211
128.38040161132812 103.81007385253906 136.96153736114502 103.81007385253906 136.96153736114502 122.18773078918457 128.38040161132812 122.18773078918457
129.76080322265625 103.52656555175781 137.59966135025024 103.52656555175781 137.59966135025024 120.90778541564941 129.76080322265625 120.90778541564941
129.9951171875 103.4647445678711 138.06128406524658 103.4647445678711 138.06128406524658 121.65650749206543 129.9951171875 121.65650749206543
131.16726684570312 101.65184020996094 139.31089305877686 101.65184020996094 139.31089305877686 121.04256057739258 131.16726684570312 121.04256057739258
132.41677856445312 102.7633285522461 140.49973678588867 102.7633285522461 140.49973678588867 120.82608413696289 132.41677856445312 120.82608413696289
133.59881591796875 102.20358276367188 142.05246925354004 102.20358276367188 142.05246925354004 121.71064186096191 133.59881591796875 121.71064186096191
133.5990753173828 101.81735229492188 142.13161659240723 101.81735229492188 142.13161659240723 121.20023727416992 133.5990753173828 121.20023727416992
134.76101684570312 103.49800872802734 143.29211711883545 103.49800872802734 143.29211711883545 122.64038276672363 134.76101684570312 122.64038276672363
134.75814819335938 103.0437240600586 143.71974658966064 103.0437240600586 143.71974658966064 122.15266227722168 134.75814819335938 122.15266227722168
136.70997619628906 101.5225601196289 144.78891563415527 101.5225601196289 144.78891563415527 121.12618827819824 136.70997619628906 121.12618827819824
137.57301330566406 102.28990173339844 146.1298589706421 102.28990173339844 146.1298589706421 121.26200294494629 137.57301330566406 121.26200294494629
137.32034301757812 102.48429870605469 146.16534233093262 102.48429870605469 146.16534233093262 120.88679122924805 137.32034301757812 120.88679122924805
138.76480102539062 102.6822280883789 147.51577186584473 102.6822280883789 147.51577186584473 121.66998672485352 138.76480102539062 121.66998672485352
138.4029083251953 102.64897155761719 147.13210678100586 102.64897155761719 147.13210678100586 121.53434944152832 138.4029083251953 121.53434944152832
138.7805633544922 103.162841796875 147.41884517669678 103.162841796875 147.41884517669678 122.05082321166992 138.7805633544922 122.05082321166992
140.94052124023438 102.74427795410156 149.83654403686523 102.74427795410156 149.83654403686523 122.69026565551758 140.94052124023438 122.69026565551758
141.62905883789062 103.50907135009766 150.36004257202148 103.50907135009766 150.36004257202148 122.0324878692627 141.62905883789062 122.0324878692627
143.78237915039062 102.0451889038086 153.2389087677002 102.0451889038086 153.2389087677002 122.20514488220215 143.78237915039062 122.20514488220215
143.4192657470703 102.12956237792969 152.58171939849854 102.12956237792969 152.58171939849854 122.34823417663574 143.4192657470703 122.34823417663574
143.81297302246094 102.06208801269531 153.00512313842773 102.06208801269531 153.00512313842773 122.07966995239258 143.81297302246094 122.07966995239258
145.5355224609375 103.24272155761719 154.7064437866211 103.24272155761719 154.7064437866211 123.21925735473633 145.5355224609375 123.21925735473633
145.308349609375 103.1253662109375 154.78909873962402 103.1253662109375 154.78909873962402 122.61850357055664 145.308349609375 122.61850357055664
145.33750915527344 103.1220474243164 154.57467651367188 103.1220474243164 154.57467651367188 122.79051971435547 145.33750915527344 122.79051971435547
146.86111450195312 101.3711929321289 156.7291841506958 101.3711929321289 156.7291841506958 121.35175704956055 146.86111450195312 121.35175704956055
148.48294067382812 102.5265884399414 158.07876014709473 102.5265884399414 158.07876014709473 121.47615432739258 148.48294067382812 121.47615432739258
149.3358917236328 102.18819427490234 159.44578742980957 102.18819427490234 159.44578742980957 121.52507400512695 149.3358917236328 121.52507400512695
151.09800720214844 102.366455078125 160.86219310760498 102.366455078125 160.86219310760498 122.34125518798828 151.09800720214844 122.34125518798828
150.75942993164062 102.56910705566406 160.2157106399536 102.56910705566406 160.2157106399536 122.33259773254395 150.75942993164062 122.33259773254395
150.78372192382812 101.96379089355469 160.87717628479004 101.96379089355469 160.87717628479004 121.9724006652832 150.78372192382812 121.9724006652832
152.59262084960938 102.22209167480469 162.1621551513672 102.22209167480469 162.1621551513672 121.75099563598633 152.59262084960938 121.75099563598633
152.14175415039062 102.46076965332031 161.8250026702881 102.46076965332031 161.8250026702881 121.9009017944336 152.14175415039062 121.9009017944336
154.23643493652344 102.06436920166016 163.64520454406738 102.06436920166016 163.64520454406738 122.03410720825195 154.23643493652344 122.03410720825195
155.2512664794922 102.21546936035156 165.14923286437988 102.21546936035156 165.14923286437988 120.50706100463867 155.2512664794922 120.50706100463867
155.00148010253906 102.06539916992188 164.66912078857422 102.06539916992188 164.66912078857422 120.90185546875 155.00148010253906 120.90185546875
156.55380249023438 102.13224029541016 166.25736808776855 102.13224029541016 166.25736808776855 121.43597412109375 156.55380249023438 121.43597412109375
157.4058837890625 102.31446838378906 167.1303482055664 102.31446838378906 167.1303482055664 121.13535118103027 157.4058837890625 121.13535118103027
158.85775756835938 102.42315673828125 168.04623985290527 102.42315673828125 168.04623985290527 121.78754234313965 158.85775756835938 121.78754234313965
159.85317993164062 102.60163879394531 169.5797519683838 102.60163879394531 169.5797519683838 121.57209396362305 159.85317993164062 121.57209396362305
160.59066772460938 102.2109146118164 170.4559497833252 102.2109146118164 170.4559497833252 121.60683822631836 160.59066772460938 121.60683822631836
162.01828002929688 102.66065979003906 171.77634239196777 102.66065979003906 171.77634239196777 122.14453506469727 162.01828002929688 122.14453506469727
161.85324096679688 102.49442291259766 171.54051208496094 102.49442291259766 171.54051208496094 121.97175788879395 161.85324096679688 121.97175788879395
162.38394165039062 102.00035095214844 172.36176300048828 102.00035095214844 172.36176300048828 121.10052299499512 162.38394165039062 121.10052299499512
162.77920532226562 102.0622787475586 172.6448745727539 102.0622787475586 172.6448745727539 121.77547836303711 162.77920532226562 121.77547836303711
164.16229248046875 101.19117736816406 173.91670894622803 101.19117736816406 173.91670894622803 120.47454261779785 164.16229248046875 120.47454261779785
165.5945587158203 101.69193267822266 175.30198574066162 101.69193267822266 175.30198574066162 122.1131591796875 165.5945587158203 122.1131591796875
166.07174682617188 102.19963836669922 175.70410442352295 102.19963836669922 175.70410442352295 121.4681167602539 166.07174682617188 121.4681167602539
166.5531768798828 101.41886901855469 176.87337589263916 101.41886901855469 176.87337589263916 121.12294006347656 166.5531768798828 121.12294006347656
167.0061798095703 101.17642974853516 177.22590923309326 101.17642974853516 177.22590923309326 121.82187080383301 167.0061798095703 121.82187080383301
167.77285766601562 101.21235656738281 178.02437782287598 101.21235656738281 178.02437782287598 121.02048873901367 167.77285766601562 121.02048873901367
169.14126586914062 101.40164947509766 179.26895904541016 101.40164947509766 179.26895904541016 121.56589126586914 169.14126586914062 121.56589126586914
169.9992218017578 101.25537109375 180.22689533233643 101.25537109375 180.22689533233643 120.55391120910645 169.9992218017578 120.55391120910645
170.88845825195312 101.72826385498047 180.92259788513184 101.72826385498047 180.92259788513184 120.61516189575195 170.88845825195312 120.61516189575195
171.66307067871094 101.70158386230469 182.01173877716064 101.70158386230469 182.01173877716064 120.24551391601562 171.66307067871094 120.24551391601562
172.77293395996094 100.34928894042969 182.84800624847412 100.34928894042969 182.84800624847412 119.53728294372559 172.77293395996094 119.53728294372559
172.7975616455078 101.24403381347656 182.8411979675293 101.24403381347656 182.8411979675293 119.8124942779541 172.7975616455078 119.8124942779541
173.29388427734375 101.22184753417969 183.49368000030518 101.22184753417969 183.49368000030518 120.83647727966309 173.29388427734375 120.83647727966309
174.01229858398438 101.08293151855469 183.66796875 101.08293151855469 183.66796875 120.7387466430664 174.01229858398438 120.7387466430664
174.24267578125 102.22709655761719 184.21412467956543 102.22709655761719 184.21412467956543 120.62822914123535 174.24267578125 120.62822914123535
175.5602264404297 102.11598205566406 185.06793022155762 102.11598205566406 185.06793022155762 120.37231063842773 175.5602264404297 120.37231063842773
176.41595458984375 100.73667907714844 186.45767974853516 100.73667907714844 186.45767974853516 120.46235847473145 176.41595458984375 120.46235847473145
176.59461975097656 102.01433563232422 186.80213356018066 102.01433563232422 186.80213356018066 120.55354118347168 176.59461975097656 120.55354118347168
178.03744506835938 101.50481414794922 187.55238151550293 101.50481414794922 187.55238151550293 120.54659080505371 178.03744506835938 120.54659080505371
178.1625518798828 101.86714172363281 188.35141563415527 101.86714172363281 188.35141563415527 120.48159980773926 178.1625518798828 120.48159980773926
178.77572631835938 101.5320053100586 188.63798141479492 101.5320053100586 188.63798141479492 120.34353828430176 178.77572631835938 120.34353828430176
179.0050506591797 101.32955169677734 188.918306350708 101.32955169677734 188.918306350708 119.67909622192383 179.0050506591797 119.67909622192383
181.0336151123047 101.34861755371094 191.19320678710938 101.34861755371094 191.19320678710938 119.57184600830078 181.0336151123047 119.57184600830078
180.59930419921875 100.96936798095703 190.60914134979248 100.96936798095703 190.60914134979248 119.67697334289551 180.59930419921875 119.67697334289551
180.82867431640625 101.57127380371094 191.01956367492676 101.57127380371094 191.01956367492676 119.63560485839844 180.82867431640625 119.63560485839844
182.5133514404297 99.75065612792969 192.81389808654785 99.75065612792969 192.81389808654785 118.16713523864746 182.5133514404297 118.16713523864746
184.15011596679688 100.19757080078125 194.20338249206543 100.19757080078125 194.20338249206543 119.56518936157227 184.15011596679688 119.56518936157227
183.45559692382812 100.44072723388672 193.65527248382568 100.44072723388672 193.65527248382568 119.37794876098633 183.45559692382812 119.37794876098633
184.8127899169922 101.37934875488281 195.09670066833496 101.37934875488281 195.09670066833496 120.05672073364258 184.8127899169922 120.05672073364258
186.11033630371094 100.37361907958984 195.907488822937 100.37361907958984 195.907488822937 118.49043655395508 186.11033630371094 118.49043655395508
186.1855010986328 100.32813262939453 195.6740140914917 100.32813262939453 195.6740140914917 118.65373229980469 186.1855010986328 118.65373229980469
186.01797485351562 100.23323822021484 196.10090160369873 100.23323822021484 196.10090160369873 118.65817642211914 186.01797485351562 118.65817642211914
186.4762420654297 100.2657470703125 196.46267223358154 100.2657470703125 196.46267223358154 119.04172134399414 186.4762420654297 119.04172134399414
187.2736053466797 100.023193359375 197.80853080749512 100.023193359375 197.80853080749512 118.91879844665527 187.2736053466797 118.91879844665527
188.40367126464844 100.30582427978516 198.0588665008545 100.30582427978516 198.0588665008545 120.16140556335449 188.40367126464844 120.16140556335449
188.5406036376953 99.8860092163086 198.5978546142578 99.8860092163086 198.5978546142578 119.46603012084961 188.5406036376953 119.46603012084961
189.58901977539062 100.4749755859375 199.36510467529297 100.4749755859375 199.36510467529297 119.33138084411621 189.58901977539062 119.33138084411621
190.2890167236328 100.21708679199219 200.4006929397583 100.21708679199219 200.4006929397583 119.03860664367676 190.2890167236328 119.03860664367676
190.81826782226562 99.92108154296875 200.6189317703247 99.92108154296875 200.6189317703247 119.18904685974121 190.81826782226562 119.18904685974121
189.77694702148438 101.10383605957031 199.79197216033936 101.10383605957031 199.79197216033936 119.58151435852051 189.77694702148438 119.58151435852051
190.37588500976562 100.84852600097656 200.47354698181152 100.84852600097656 200.47354698181152 120.22410583496094 190.37588500976562 120.22410583496094
191.276123046875 99.86833190917969 201.077054977417 99.86833190917969 201.077054977417 119.68548393249512 191.276123046875 119.68548393249512
191.03016662597656 100.59901428222656 200.9700698852539 100.59901428222656 200.9700698852539 119.56206321716309 191.03016662597656 119.56206321716309
192.31326293945312 99.94869232177734 201.9021806716919 99.94869232177734 201.9021806716919 118.60872268676758 192.31326293945312 118.60872268676758
192.19918823242188 99.70375061035156 202.1305570602417 99.70375061035156 202.1305570602417 118.09806823730469 192.19918823242188 118.09806823730469
192.17999267578125 99.87735748291016 201.93097400665283 99.87735748291016 201.93097400665283 118.3606185913086 192.17999267578125 118.3606185913086
191.46664428710938 100.19434356689453 200.85015106201172 100.19434356689453 200.85015106201172 118.62943077087402 191.46664428710938 118.62943077087402
191.35049438476562 99.77134704589844 201.2577886581421 99.77134704589844 201.2577886581421 118.09864807128906 191.35049438476562 118.09864807128906
192.97584533691406 100.10057830810547 202.56312084197998 100.10057830810547 202.56312084197998 118.4439754486084 192.97584533691406 118.4439754486084
193.05099487304688 99.32484436035156 202.7871799468994 99.32484436035156 202.7871799468994 117.79825592041016 193.05099487304688 117.79825592041016
192.7674560546875 99.27033996582031 202.45528984069824 99.27033996582031 202.45528984069824 117.79351615905762 192.7674560546875 117.79351615905762
