125.0 84.0 148.0 84.0 148.0 101.0 125.0 101.0
125.87489318847656 84.6395492553711 148.23040199279785 84.6395492553711 148.23040199279785 101.70365333557129 125.87489318847656 101.70365333557129
126.849609375 85.51593017578125 149.22087860107422 85.51593017578125 149.22087860107422 102.6568431854248 126.849609375 102.6568431854248
128.70977783203125 85.90937805175781 151.12435913085938 85.90937805175781 151.12435913085938 102.88675308227539 128.70977783203125 102.88675308227539
129.19908142089844 86.27723693847656 151.52292823791504 86.27723693847656 151.52292823791504 103.69424819946289 129.19908142089844 103.69424819946289
130.33462524414062 87.16800689697266 152.89366912841797 87.16800689697266 152.89366912841797 104.38329696655273 130.33462524414062 104.38329696655273
131.6286163330078 88.14330291748047 153.66382217407227 88.14330291748047 153.66382217407227 106.36080551147461 131.6286163330078 106.36080551147461
131.09475708007812 89.1319351196289 154.18980026245117 89.1319351196289 154.18980026245117 106.39372444152832 131.09475708007812 106.39372444152832
131.20773315429688 89.12435150146484 154.6783046722412 89.12435150146484 154.6783046722412 106.83368110656738 131.20773315429688 106.83368110656738
132.66481018066406 89.60822296142578 155.0804042816162 89.60822296142578 155.0804042816162 107.50813865661621 132.66481018066406 107.50813865661621
133.79122924804688 89.9534683227539 156.8369846343994 89.9534683227539 156.8369846343994 107.45713424682617 133.79122924804688 107.45713424682617
134.09927368164062 91.15604400634766 156.64226150512695 91.15604400634766 156.64226150512695 108.80480003356934 134.09927368164062 108.80480003356934
135.4331817626953 92.43802642822266 157.95775032043457 92.43802642822266 157.95775032043457 109.39686584472656 135.4331817626953 109.39686584472656
136.31802368164062 92.22791290283203 159.30866241455078 92.22791290283203 159.30866241455078 110.32663345336914 136.31802368164062 110.32663345336914
136.86749267578125 93.20552062988281 161.058012008667 93.20552062988281 161.058012008667 111.66995811462402 136.86749267578125 111.66995811462402
137.53033447265625 94.08253479003906 160.90978622436523 94.08253479003906 160.90978622436523 111.84466171264648 137.53033447265625 111.84466171264648
137.23805236816406 95.02819061279297 160.74739265441895 95.02819061279297 160.74739265441895 113.3832015991211 137.23805236816406 113.3832015991211
138.8948211669922 96.15565490722656 162.6973934173584 96.15565490722656 162.6973934173584 114.03532409667969 138.8948211669922 114.03532409667969
139.42227172851562 96.5152816772461 162.73901748657227 96.5152816772461 162.73901748657227 114.66915130615234 139.42227172851562 114.66915130615234
139.8927459716797 95.92591094970703 163.1309757232666 95.92591094970703 163.1309757232666 114.4214859008789 139.8927459716797 114.4214859008789
140.1535186767578 97.52708435058594 163.08865928649902 97.52708435058594 163.08865928649902 115.2097110748291 140.1535186767578 115.2097110748291
140.96218872070312 97.67961120605469 164.08364486694336 97.67961120605469 164.08364486694336 116.18800735473633 140.96218872070312 116.18800735473633
141.68426513671875 98.47412109375 164.09523391723633 98.47412109375 164.09523391723633 116.93510055541992 141.68426513671875 116.93510055541992
141.9153594970703 98.6125259399414 164.97187042236328 98.6125259399414 164.97187042236328 117.43118286132812 141.9153594970703 117.43118286132812
143.28884887695312 100.05440521240234 165.9083595275879 100.05440521240234 165.9083595275879 118.08248138427734 143.28884887695312 118.08248138427734
144.0674285888672 100.82508850097656 166.76733589172363 100.82508850097656 166.76733589172363 118.93625259399414 144.0674285888672 118.93625259399414
144.6837158203125 102.07970428466797 167.65740394592285 102.07970428466797 167.65740394592285 119.83179473876953 144.6837158203125 119.83179473876953
144.7913055419922 102.10045623779297 168.39438247680664 102.10045623779297 168.39438247680664 120.46489143371582 144.7913055419922 120.46489143371582
146.48590087890625 103.9158935546875 169.92980575561523 103.9158935546875 169.92980575561523 121.2998104095459 146.48590087890625 121.2998104095459
146.2560272216797 104.39371490478516 169.82204055786133 104.39371490478516 169.82204055786133 122.39427375793457 146.2560272216797 122.39427375793457
147.0068817138672 103.7181396484375 170.4326629638672 103.7181396484375 170.4326629638672 122.44449996948242 147.0068817138672 122.44449996948242
147.4191131591797 104.90046691894531 170.87147903442383 104.90046691894531 170.87147903442383 123.30245971679688 147.4191131591797 123.30245971679688
147.638427734375 105.78177642822266 171.44477653503418 105.78177642822266 171.44477653503418 124.34142875671387 147.638427734375 124.34142875671387
149.25753784179688 106.66497802734375 172.65946769714355 106.66497802734375 172.65946769714355 125.21260643005371 149.25753784179688 125.21260643005371
149.39306640625 108.11085510253906 172.63104248046875 108.11085510253906 172.63104248046875 127.03750991821289 149.39306640625 127.03750991821289
149.93411254882812 108.30918884277344 173.6126937866211 108.30918884277344 173.6126937866211 127.1518325805664 149.93411254882812 127.1518325805664
150.72067260742188 109.97554016113281 174.59252548217773 109.97554016113281 174.59252548217773 127.67558670043945 150.72067260742188 127.67558670043945
151.83737182617188 110.55461120605469 175.6184482574463 110.55461120605469 175.6184482574463 129.5136260986328 151.83737182617188 129.5136260986328
152.29360961914062 110.88023376464844 175.7636833190918 110.88023376464844 175.7636833190918 130.30778121948242 152.29360961914062 130.30778121948242
151.62985229492188 111.34090423583984 176.0851287841797 111.34090423583984 176.0851287841797 129.94365310668945 151.62985229492188 129.94365310668945
153.1470184326172 112.68050384521484 177.83913040161133 112.68050384521484 177.83913040161133 131.67975234985352 153.1470184326172 131.67975234985352
154.2154998779297 112.84883117675781 178.53310012817383 112.84883117675781 178.53310012817383 132.4485740661621 154.2154998779297 132.4485740661621
155.63172912597656 114.70835876464844 178.8974609375 114.70835876464844 178.8974609375 133.1595401763916 155.63172912597656 133.1595401763916
155.58731079101562 115.52095031738281 179.899808883667 115.52095031738281 179.899808883667 134.31793212890625 155.58731079101562 134.31793212890625
156.94882202148438 115.84217834472656 180.46709060668945 115.84217834472656 180.46709060668945 135.1479377746582 156.94882202148438 135.1479377746582
157.0614471435547 116.99861145019531 181.1597137451172 116.99861145019531 181.1597137451172 135.93391036987305 157.0614471435547 135.93391036987305
157.92494201660156 118.55757141113281 182.83681678771973 118.55757141113281 182.83681678771973 137.48923683166504 157.92494201660156 137.48923683166504
158.50820922851562 120.03852844238281 182.91720581054688 120.03852844238281 182.91720581054688 138.26080322265625 158.50820922851562 138.26080322265625
159.22959899902344 119.8664779663086 184.26779556274414 119.8664779663086 184.26779556274414 139.18069648742676 159.22959899902344 139.18069648742676
161.00927734375 120.64471435546875 185.17868423461914 120.64471435546875 185.17868423461914 140.17742538452148 161.00927734375 140.17742538452148
160.0892791748047 121.33155822753906 184.179536819458 121.33155822753906 184.179536819458 140.41837120056152 160.0892791748047 140.41837120056152
161.32736206054688 122.72187805175781 185.52596473693848 122.72187805175781 185.52596473693848 142.00443077087402 161.32736206054688 142.00443077087402
162.83700561523438 123.33695983886719 187.94269561767578 123.33695983886719 187.94269561767578 142.49923133850098 162.83700561523438 142.49923133850098
162.8943634033203 124.71107482910156 187.31499862670898 124.71107482910156 187.31499862670898 143.81183242797852 162.8943634033203 143.81183242797852
163.02590942382812 124.72569274902344 187.9906005859375 124.72569274902344 187.9906005859375 144.20723152160645 163.02590942382812 144.20723152160645
164.7508087158203 127.04273986816406 188.98039627075195 127.04273986816406 188.98039627075195 146.3653678894043 164.7508087158203 146.3653678894043
163.64120483398438 127.5494613647461 188.37913513183594 127.5494613647461 188.37913513183594 147.44835662841797 163.64120483398438 147.44835662841797
165.8349151611328 129.61514282226562 191.0048828125 129.61514282226562 191.0048828125 148.4823513031006 165.8349151611328 148.4823513031006
168.6522979736328 132.09542846679688 192.82646560668945 132.09542846679688 192.82646560668945 150.5122184753418 168.6522979736328 150.5122184753418
169.61105346679688 132.9712677001953 193.90895462036133 132.9712677001953 193.90895462036133 151.45054054260254 169.61105346679688 151.45054054260254
168.93064880371094 133.3917999267578 193.5430965423584 133.3917999267578 193.5430965423584 151.71371841430664 168.93064880371094 151.71371841430664
169.23977661132812 134.82127380371094 194.9183349609375 134.82127380371094 194.9183349609375 153.6162452697754 169.23977661132812 153.6162452697754
169.36959838867188 135.1735076904297 195.61038208007812 135.1735076904297 195.61038208007812 154.48714447021484 169.36959838867188 154.48714447021484
169.93795776367188 135.61585998535156 196.29800987243652 135.61585998535156 196.29800987243652 155.67162322998047 169.93795776367188 155.67162322998047
171.08938598632812 136.49864196777344 197.0195827484131 136.49864196777344 197.0195827484131 156.56720733642578 171.08938598632812 156.56720733642578
171.46102905273438 138.6419219970703 197.22654724121094 138.6419219970703 197.22654724121094 157.7783432006836 171.46102905273438 157.7783432006836
172.85977172851562 140.56407165527344 198.84794235229492 140.56407165527344 198.84794235229492 159.57242965698242 172.85977172851562 159.57242965698242
174.51806640625 141.69541931152344 200.32644081115723 141.69541931152344 200.32644081115723 160.49913024902344 174.51806640625 160.49913024902344
175.0252685546875 143.83432006835938 199.94109725952148 143.83432006835938 199.94109725952148 162.37599182128906 175.0252685546875 162.37599182128906
175.38571166992188 143.3709716796875 201.5079002380371 143.3709716796875 201.5079002380371 163.9286880493164 175.38571166992188 163.9286880493164
175.44886779785156 144.01998901367188 201.40813827514648 144.01998901367188 201.40813827514648 163.68660354614258 175.44886779785156 163.68660354614258
178.05014038085938 145.8058319091797 203.1531867980957 145.8058319091797 203.1531867980957 165.14634323120117 178.05014038085938 165.14634323120117
179.25621032714844 150.0278778076172 205.54226684570312 150.0278778076172 205.54226684570312 168.34130859375 179.25621032714844 168.34130859375
179.2574920654297 150.4203643798828 206.0376033782959 150.4203643798828 206.0376033782959 169.06510734558105 179.2574920654297 169.06510734558105
179.81179809570312 150.38414001464844 207.22623252868652 150.38414001464844 207.22623252868652 169.88550758361816 179.81179809570312 169.88550758361816
181.4374237060547 151.31185913085938 208.36928939819336 151.31185913085938 208.36928939819336 171.7950782775879 181.4374237060547 171.7950782775879
182.27786254882812 153.59011840820312 208.54026794433594 153.59011840820312 208.54026794433594 173.74084854125977 182.27786254882812 173.74084854125977
183.1890869140625 155.11680603027344 210.4370002746582 155.11680603027344 210.4370002746582 174.99881172180176 183.1890869140625 174.99881172180176
184.7986602783203 156.5703582763672 211.41846084594727 156.5703582763672 211.41846084594727 176.7879753112793 184.7986602783203 176.7879753112793
186.28506469726562 158.45388793945312 213.69842529296875 158.45388793945312 213.69842529296875 178.5671787261963 186.28506469726562 178.5671787261963
187.38735961914062 159.46719360351562 214.16666793823242 159.46719360351562 214.16666793823242 179.92404174804688 187.38735961914062 179.92404174804688
189.24960327148438 161.8118438720703 216.09015274047852 161.8118438720703 216.09015274047852 182.29788970947266 189.24960327148438 182.29788970947266
190.65066528320312 163.22657775878906 218.68638038635254 163.22657775878906 218.68638038635254 183.22374534606934 190.65066528320312 183.22374534606934
190.71353149414062 163.97482299804688 219.0240478515625 163.97482299804688 219.0240478515625 184.35139083862305 190.71353149414062 184.35139083862305
192.35763549804688 165.65074157714844 220.25584030151367 165.65074157714844 220.25584030151367 186.2364902496338 192.35763549804688 186.2364902496338
193.8329315185547 165.69076538085938 221.54638671875 165.69076538085938 221.54638671875 187.0921230316162 193.8329315185547 187.0921230316162
194.194580078125 167.61395263671875 222.52385330200195 167.61395263671875 222.52385330200195 188.7126865386963 194.194580078125 188.7126865386963
197.05902099609375 169.8656005859375 226.1783847808838 169.8656005859375 226.1783847808838 191.59748458862305 197.05902099609375 191.59748458862305
197.4800262451172 171.7589569091797 226.59807968139648 171.7589569091797 226.59807968139648 193.28828239440918 197.4800262451172 193.28828239440918
199.36221313476562 173.26593017578125 227.52745628356934 173.26593017578125 227.52745628356934 194.95113945007324 199.36221313476562 194.95113945007324
198.99530029296875 172.30160522460938 226.7573947906494 172.30160522460938 226.7573947906494 192.48241806030273 198.99530029296875 192.48241806030273
199.7692413330078 174.32473754882812 227.60344886779785 174.32473754882812 227.60344886779785 196.03699111938477 199.7692413330078 196.03699111938477
203.0821990966797 177.0335693359375 230.58468627929688 177.0335693359375 230.58468627929688 198.74993324279785 203.0821990966797 198.74993324279785
203.49490356445312 176.88150024414062 231.9878044128418 176.88150024414062 231.9878044128418 199.04896926879883 203.49490356445312 199.04896926879883
204.3914337158203 177.23251342773438 233.01453590393066 177.23251342773438 233.01453590393066 198.96968460083008 204.3914337158203 198.96968460083008
205.7679443359375 177.30801391601562 234.30146408081055 177.30801391601562 234.30146408081055 199.3587989807129 205.7679443359375 199.3587989807129
204.924560546875 175.8717041015625 240.22093963623047 175.8717041015625 240.22093963623047 201.9603328704834 204.924560546875 201.9603328704834
215.3793487548828 187.3958740234375 245.84510231018066 187.3958740234375 245.84510231018066 210.78798294067383 215.3793487548828 210.78798294067383
218.8772735595703 188.60958862304688 247.65146827697754 188.60958862304688 247.65146827697754 210.49350547790527 218.8772735595703 210.49350547790527
214.8400115966797 193.8265380859375 250.19757461547852 193.8265380859375 250.19757461547852 219.96038246154785 214.8400115966797 219.96038246154785
221.4215850830078 191.19235229492188 250.1240749359131 191.19235229492188 250.1240749359131 212.78522872924805 221.4215850830078 212.78522872924805
223.14260864257812 191.4325714111328 252.02279663085938 191.4325714111328 252.02279663085938 213.00087356567383 223.14260864257812 213.00087356567383
221.6052703857422 190.33155822753906 249.2912940979004 190.33155822753906 249.2912940979004 211.62479209899902 221.6052703857422 211.62479209899902
221.5928497314453 191.05380249023438 249.68137550354004 191.05380249023438 249.68137550354004 213.03814315795898 221.5928497314453 213.03814315795898
223.1697998046875 191.50308227539062 249.9950408935547 191.50308227539062 249.9950408935547 213.14867973327637 223.1697998046875 213.14867973327637
228.6522979736328 197.3010711669922 256.4204292297363 197.3010711669922 256.4204292297363 220.65464973449707 228.6522979736328 220.65464973449707
233.1118927001953 198.6901092529297 260.2589473724365 198.6901092529297 260.2589473724365 222.22365188598633 233.1118927001953 222.22365188598633
232.602294921875 205.40609741210938 268.100528717041 205.40609741210938 268.100528717041 231.6439208984375 232.602294921875 231.6439208984375
239.794921875 209.7041778564453 268.09589195251465 209.7041778564453 268.09589195251465 232.3360252380371 239.794921875 232.3360252380371
245.2241668701172 219.46804809570312 272.07041358947754 219.46804809570312 272.07041358947754 239.6522331237793 245.2241668701172 239.6522331237793
246.17214965820312 222.42910766601562 273.26104164123535 222.42910766601562 273.26104164123535 243.5720500946045 246.17214965820312 243.5720500946045
248.6516571044922 225.00112915039062 277.36111068725586 225.00112915039062 277.36111068725586 247.04820442199707 248.6516571044922 247.04820442199707
250.28134155273438 227.2097625732422 279.15821266174316 227.2097625732422 279.15821266174316 249.24830055236816 250.28134155273438 249.24830055236816
250.3712615966797 227.5828094482422 278.79660987854004 227.5828094482422 278.79660987854004 249.07335662841797 250.3712615966797 249.07335662841797
253.0284423828125 227.67062377929688 282.1704349517822 227.67062377929688 282.1704349517822 249.9510498046875 253.0284423828125 249.9510498046875
254.52334594726562 230.68594360351562 283.22104835510254 230.68594360351562 283.22104835510254 253.37709617614746 254.52334594726562 253.37709617614746
256.2555236816406 232.0988311767578 285.5169429779053 232.0988311767578 285.5169429779053 255.20315742492676 256.2555236816406 255.20315742492676
261.12677001953125 240.4132080078125 290.2562370300293 240.4132080078125 290.2562370300293 262.06287002563477 261.12677001953125 262.06287002563477
260.9974670410156 238.5337371826172 290.85473251342773 238.5337371826172 290.85473251342773 260.0009708404541 260.9974670410156 260.0009708404541
262.54864501953125 241.3601837158203 292.5978698730469 241.3601837158203 292.5978698730469 263.4880905151367 262.54864501953125 263.4880905151367
264.9281311035156 245.4122772216797 296.277156829834 245.4122772216797 296.277156829834 268.7532711029053 264.9281311035156 268.7532711029053
265.6448669433594 244.54971313476562 297.4236602783203 244.54971313476562 297.4236602783203 267.26699447631836 265.6448669433594 267.26699447631836
271.0498962402344 248.7891387939453 301.15537452697754 248.7891387939453 301.15537452697754 272.37311363220215 271.0498962402344 272.37311363220215
272.2279052734375 251.53933715820312 303.7439365386963 251.53933715820312 303.7439365386963 275.2433223724365 272.2279052734375 275.2433223724365
275.72979736328125 254.58242797851562 306.8091983795166 254.58242797851562 306.8091983795166 277.40892028808594 275.72979736328125 277.40892028808594
