395.0 110.0 418.0 110.0 418.0 155.0 395.0 155.0
391.47174072265625 110.26866149902344 414.30108642578125 110.26866149902344 414.30108642578125 154.48841857910156 391.47174072265625 154.48841857910156
389.9136047363281 110.43089294433594 412.33876037597656 110.43089294433594 412.33876037597656 154.44231414794922 389.9136047363281 154.44231414794922
390.2494812011719 110.88267517089844 413.981481552124 110.88267517089844 413.981481552124 157.31485748291016 390.2494812011719 157.31485748291016
382.1559753417969 109.98966217041016 404.718692779541 109.98966217041016 404.718692779541 154.41851425170898 382.1559753417969 154.41851425170898
377.7366027832031 107.97007751464844 399.8900032043457 107.97007751464844 399.8900032043457 153.30071640014648 377.7366027832031 153.30071640014648
374.8702697753906 108.4808578491211 397.53474044799805 108.4808578491211 397.53474044799805 152.8243865966797 374.8702697753906 152.8243865966797
371.4904479980469 107.0223159790039 392.66823959350586 107.0223159790039 392.66823959350586 150.01428985595703 371.4904479980469 150.01428985595703
367.308837890625 105.38383483886719 389.75615882873535 105.38383483886719 389.75615882873535 149.30250549316406 367.308837890625 149.30250549316406
364.31085205078125 106.97187805175781 386.61084175109863 106.97187805175781 386.61084175109863 150.60229110717773 364.31085205078125 150.60229110717773
361.14251708984375 105.60243225097656 383.2593803405762 105.60243225097656 383.2593803405762 148.8745574951172 361.14251708984375 148.8745574951172
359.15155029296875 106.32273864746094 381.02736473083496 106.32273864746094 381.02736473083496 149.1232452392578 359.15155029296875 149.1232452392578
356.7398376464844 107.10113525390625 378.7919120788574 107.10113525390625 378.7919120788574 150.24649810791016 356.7398376464844 150.24649810791016
361.70458984375 109.19444274902344 383.4340362548828 109.19444274902344 383.4340362548828 151.70858001708984 361.70458984375 151.70858001708984
357.8785705566406 108.31256103515625 379.7488613128662 108.31256103515625 379.7488613128662 151.10226440429688 357.8785705566406 151.10226440429688
360.79595947265625 109.08174896240234 382.57053565979004 109.08174896240234 382.57053565979004 151.6841812133789 360.79595947265625 151.6841812133789
358.2281188964844 110.2786865234375 380.1209526062012 110.2786865234375 380.1209526062012 153.11249160766602 358.2281188964844 153.11249160766602
361.59259033203125 109.25410461425781 383.0097465515137 109.25410461425781 383.0097465515137 151.1572380065918 361.59259033203125 151.1572380065918
362.156982421875 110.87054443359375 383.39959716796875 110.87054443359375 383.39959716796875 152.43218612670898 362.156982421875 152.43218612670898
362.3788757324219 109.89935302734375 383.5873374938965 109.89935302734375 383.5873374938965 151.39417266845703 362.3788757324219 151.39417266845703
388.32659912109375 111.98140716552734 408.86108016967773 111.98140716552734 408.86108016967773 152.94816970825195 388.32659912109375 152.94816970825195
400.70391845703125 115.44061279296875 421.0275363922119 115.44061279296875 421.0275363922119 156.33051300048828 400.70391845703125 156.33051300048828
396.7877197265625 115.77252197265625 416.81198501586914 115.77252197265625 416.81198501586914 155.0091552734375 396.7877197265625 155.0091552734375
392.31048583984375 114.67387390136719 412.0816116333008 114.67387390136719 412.0816116333008 154.0724105834961 392.31048583984375 154.0724105834961
388.4751892089844 112.21186828613281 407.5175075531006 112.21186828613281 407.5175075531006 151.2756576538086 388.4751892089844 151.2756576538086
384.6325988769531 110.75228118896484 403.40479278564453 110.75228118896484 403.40479278564453 149.46917724609375 384.6325988769531 149.46917724609375
378.77972412109375 111.9516830444336 398.3233757019043 111.9516830444336 398.3233757019043 150.1892547607422 378.77972412109375 150.1892547607422
374.14849853515625 110.8539047241211 393.51980209350586 110.8539047241211 393.51980209350586 149.34748458862305 374.14849853515625 149.34748458862305
369.4285583496094 108.92020416259766 387.9679756164551 108.92020416259766 387.9679756164551 148.12149047851562 369.4285583496094 148.12149047851562
365.58160400390625 106.4378890991211 385.47864151000977 106.4378890991211 385.47864151000977 145.36687469482422 365.58160400390625 145.36687469482422
365.0729675292969 106.71636962890625 385.0944080352783 106.71636962890625 385.0944080352783 145.88875198364258 365.0729675292969 145.88875198364258
365.56536865234375 112.9924545288086 385.5553340911865 112.9924545288086 385.5553340911865 152.10325622558594 365.56536865234375 152.10325622558594
392.4488830566406 111.88685607910156 412.1412544250488 111.88685607910156 412.1412544250488 150.41541290283203 392.4488830566406 150.41541290283203
394.58551025390625 111.70027160644531 414.71478843688965 111.70027160644531 414.71478843688965 151.08364868164062 394.58551025390625 151.08364868164062
393.8298645019531 112.43367004394531 414.17078590393066 112.43367004394531 414.17078590393066 150.97935485839844 393.8298645019531 150.97935485839844
391.88153076171875 113.1171875 412.63967514038086 113.1171875 412.63967514038086 151.6510772705078 391.88153076171875 151.6510772705078
388.55621337890625 110.50048828125 408.75110244750977 110.50048828125 408.75110244750977 150.0122299194336 388.55621337890625 150.0122299194336
385.029541015625 111.5943374633789 405.0706672668457 111.5943374633789 405.0706672668457 150.80524063110352 385.029541015625 150.80524063110352
382.9514465332031 111.69691467285156 403.3346977233887 111.69691467285156 403.3346977233887 151.57719039916992 382.9514465332031 151.57719039916992
378.4720153808594 111.42616271972656 399.0496063232422 111.42616271972656 399.0496063232422 151.6866683959961 378.4720153808594 151.6866683959961
370.0191650390625 108.71510314941406 390.6073913574219 108.71510314941406 390.6073913574219 148.99641799926758 370.0191650390625 148.99641799926758
368.1138000488281 107.525146484375 388.7037353515625 107.525146484375 388.7037353515625 147.78329467773438 368.1138000488281 147.78329467773438
366.7347412109375 106.28717041015625 387.0535316467285 106.28717041015625 387.0535316467285 146.04132080078125 366.7347412109375 146.04132080078125
364.7832946777344 109.79692077636719 384.6334114074707 109.79692077636719 384.6334114074707 148.63410186767578 364.7832946777344 148.63410186767578
363.8341369628906 108.46500396728516 383.8392524719238 108.46500396728516 383.8392524719238 147.6054458618164 363.8341369628906 147.6054458618164
360.5323791503906 111.783203125 380.46369552612305 111.783203125 380.46369552612305 150.77925872802734 360.5323791503906 150.77925872802734
360.8835754394531 114.4448471069336 381.0126533508301 114.4448471069336 381.0126533508301 153.82782363891602 360.8835754394531 153.82782363891602
362.8111877441406 112.73908996582031 382.8068332672119 112.73908996582031 382.8068332672119 151.86100006103516 362.8111877441406 151.86100006103516
363.690185546875 112.38504791259766 383.45275688171387 112.38504791259766 383.45275688171387 151.05094146728516 363.690185546875 151.05094146728516
372.1270446777344 111.1424560546875 391.8602714538574 111.1424560546875 391.8602714538574 149.75093460083008 372.1270446777344 149.75093460083008
386.01287841796875 112.32051086425781 405.9765377044678 112.32051086425781 405.9765377044678 151.3798370361328 386.01287841796875 151.3798370361328
388.48150634765625 104.71517181396484 408.51095962524414 104.71517181396484 408.51095962524414 143.90322494506836 388.48150634765625 143.90322494506836
383.3763122558594 95.35496520996094 403.33314514160156 95.35496520996094 403.33314514160156 134.40093612670898 383.3763122558594 134.40093612670898
377.2267150878906 80.61125183105469 397.2295780181885 80.61125183105469 397.2295780181885 119.74728012084961 377.2267150878906 119.74728012084961
383.3652038574219 70.46163940429688 403.71782302856445 70.46163940429688 403.71782302856445 110.28197479248047 383.3652038574219 110.28197479248047
414.15350341796875 72.7206802368164 434.57154273986816 72.7206802368164 434.57154273986816 112.66901016235352 414.15350341796875 112.66901016235352
397.0503845214844 87.27279663085938 417.70347023010254 87.27279663085938 417.70347023010254 127.68099212646484 397.0503845214844 127.68099212646484
373.50689697265625 82.13703918457031 394.1250476837158 82.13703918457031 394.1250476837158 122.47688293457031 373.50689697265625 122.47688293457031
353.487060546875 78.92780303955078 374.1756782531738 78.92780303955078 374.1756782531738 119.405517578125 353.487060546875 119.405517578125
371.2496337890625 73.37262725830078 391.7840213775635 73.37262725830078 391.7840213775635 113.548583984375 371.2496337890625 113.548583984375
371.30364990234375 77.26420593261719 391.98876571655273 77.26420593261719 391.98876571655273 117.73507308959961 371.30364990234375 117.73507308959961
372.985107421875 73.53456115722656 393.8973979949951 73.53456115722656 393.8973979949951 114.44990158081055 372.985107421875 114.44990158081055
373.55230712890625 75.27056884765625 392.56889724731445 75.27056884765625 392.56889724731445 115.46208953857422 373.55230712890625 115.46208953857422
373.2403259277344 73.2876205444336 392.25409507751465 73.2876205444336 392.25409507751465 113.12338256835938 373.2403259277344 113.12338256835938
373.62847900390625 73.4637222290039 392.771276473999 73.4637222290039 392.771276473999 114.57398223876953 373.62847900390625 114.57398223876953
373.04168701171875 72.99785614013672 391.74196434020996 72.99785614013672 391.74196434020996 114.1299934387207 373.04168701171875 114.1299934387207
372.8680725097656 72.74462890625 390.96533584594727 72.74462890625 390.96533584594727 112.35643768310547 372.8680725097656 112.35643768310547
374.0244140625 73.89733123779297 393.0483112335205 73.89733123779297 393.0483112335205 112.88146209716797 374.0244140625 112.88146209716797
372.8245544433594 73.1996841430664 391.32293701171875 73.1996841430664 391.32293701171875 112.30848693847656 372.8245544433594 112.30848693847656
372.83026123046875 73.71932983398438 391.2377052307129 73.71932983398438 391.2377052307129 112.92082977294922 372.83026123046875 112.92082977294922
372.41021728515625 70.83572387695312 389.7170219421387 70.83572387695312 389.7170219421387 110.17569732666016 372.41021728515625 110.17569732666016
372.4036560058594 73.80174255371094 390.5688171386719 73.80174255371094 390.5688171386719 111.96134567260742 372.4036560058594 111.96134567260742
372.5416564941406 72.9014892578125 390.8676815032959 72.9014892578125 390.8676815032959 110.75946044921875 372.5416564941406 110.75946044921875
373.0377197265625 73.93669128417969 391.1748561859131 73.93669128417969 391.1748561859131 111.83133697509766 373.0377197265625 111.83133697509766
371.6417541503906 73.05567169189453 390.72826194763184 73.05567169189453 390.72826194763184 110.39883422851562 371.6417541503906 110.39883422851562
371.83477783203125 73.5550765991211 389.9970703125 73.5550765991211 389.9970703125 112.12105178833008 371.83477783203125 112.12105178833008
373.02099609375 72.41963958740234 390.468599319458 72.41963958740234 390.468599319458 110.98039245605469 373.02099609375 110.98039245605469
372.2630310058594 73.54713439941406 390.58912658691406 73.54713439941406 390.58912658691406 111.61985397338867 372.2630310058594 111.61985397338867
371.56964111328125 74.23640441894531 389.2063407897949 74.23640441894531 389.2063407897949 111.6939468383789 371.56964111328125 111.6939468383789
371.46331787109375 73.23080444335938 389.2992820739746 73.23080444335938 389.2992820739746 110.65906143188477 371.46331787109375 110.65906143188477
369.9748840332031 74.56065368652344 388.3308963775635 74.56065368652344 388.3308963775635 111.05794906616211 369.9748840332031 111.05794906616211
370.0511169433594 73.48970794677734 388.31823921203613 73.48970794677734 388.31823921203613 109.13589477539062 370.0511169433594 109.13589477539062
369.54534912109375 73.52608489990234 387.26642417907715 73.52608489990234 387.26642417907715 109.16302490234375 369.54534912109375 109.16302490234375
368.9244689941406 73.05804443359375 386.7525062561035 73.05804443359375 386.7525062561035 109.98464584350586 368.9244689941406 109.98464584350586
369.4927062988281 74.28147888183594 387.8338985443115 74.28147888183594 387.8338985443115 110.53871154785156 369.4927062988281 110.53871154785156
370.14776611328125 72.64607238769531 387.9841613769531 72.64607238769531 387.9841613769531 109.23096466064453 370.14776611328125 109.23096466064453
369.3250427246094 73.15826416015625 386.714506149292 73.15826416015625 386.714506149292 111.16479873657227 369.3250427246094 111.16479873657227
369.6994934082031 74.91043853759766 387.654447555542 74.91043853759766 387.654447555542 111.5245361328125 369.6994934082031 111.5245361328125
369.7215270996094 74.83219146728516 388.15794372558594 74.83219146728516 388.15794372558594 110.90342712402344 369.7215270996094 110.90342712402344
369.46392822265625 75.71187591552734 387.6683692932129 75.71187591552734 387.6683692932129 111.95858383178711 369.46392822265625 111.95858383178711
369.2042236328125 75.38432312011719 387.4633731842041 75.38432312011719 387.4633731842041 111.10873031616211 369.2042236328125 111.10873031616211
369.6380615234375 74.4893569946289 387.7701778411865 74.4893569946289 387.7701778411865 109.96522521972656 369.6380615234375 109.96522521972656
369.95733642578125 74.18804931640625 387.82702827453613 74.18804931640625 387.82702827453613 109.77691268920898 369.95733642578125 109.77691268920898
370.0069885253906 73.9573974609375 388.3399829864502 73.9573974609375 388.3399829864502 110.42606735229492 370.0069885253906 110.42606735229492
369.923095703125 74.38102722167969 387.7931785583496 74.38102722167969 387.7931785583496 110.72346878051758 369.923095703125 110.72346878051758
370.8194885253906 74.63555908203125 389.49926567077637 74.63555908203125 389.49926567077637 112.12118530273438 370.8194885253906 112.12118530273438
371.8504943847656 71.64192962646484 389.7700939178467 71.64192962646484 389.7700939178467 109.51001358032227 371.8504943847656 109.51001358032227
370.9356689453125 72.0750732421875 389.50023460388184 72.0750732421875 389.50023460388184 110.23225021362305 370.9356689453125 110.23225021362305
372.0779113769531 71.40796661376953 390.3795986175537 71.40796661376953 390.3795986175537 110.01898574829102 372.0779113769531 110.01898574829102
371.7170715332031 69.91097259521484 390.33864402770996 69.91097259521484 390.33864402770996 108.05076599121094 371.7170715332031 108.05076599121094
370.6885986328125 72.50169372558594 389.92382431030273 72.50169372558594 389.92382431030273 110.94172286987305 370.6885986328125 110.94172286987305
370.452880859375 72.68903350830078 389.1599712371826 72.68903350830078 389.1599712371826 111.13249969482422 370.452880859375 111.13249969482422
370.1876220703125 72.67462921142578 388.91094970703125 72.67462921142578 388.91094970703125 111.40097045898438 370.1876220703125 111.40097045898438
369.9549560546875 70.76566314697266 388.15091705322266 70.76566314697266 388.15091705322266 110.00593566894531 369.9549560546875 110.00593566894531
369.98126220703125 71.58030700683594 388.03592681884766 71.58030700683594 388.03592681884766 109.91242218017578 369.98126220703125 109.91242218017578
387.4593200683594 71.52522277832031 405.6997375488281 71.52522277832031 405.6997375488281 106.65023803710938 387.4593200683594 106.65023803710938
386.3478088378906 76.64928436279297 405.35144424438477 76.64928436279297 405.35144424438477 113.83030700683594 386.3478088378906 113.83030700683594
375.31378173828125 70.19195556640625 394.68878173828125 70.19195556640625 394.68878173828125 108.09955596923828 375.31378173828125 108.09955596923828
400.600341796875 70.21669006347656 420.09875297546387 70.21669006347656 420.09875297546387 108.3657455444336 400.600341796875 108.3657455444336
380.68231201171875 71.39002990722656 399.988037109375 71.39002990722656 399.988037109375 109.16209030151367 380.68231201171875 109.16209030151367
370.04443359375 86.66507720947266 389.4568061828613 86.66507720947266 389.4568061828613 124.64579391479492 370.04443359375 124.64579391479492
369.66241455078125 87.91305541992188 389.2518539428711 87.91305541992188 389.2518539428711 126.24020767211914 369.66241455078125 126.24020767211914
386.6680603027344 85.9308090209961 406.0348930358887 85.9308090209961 406.0348930358887 123.82242584228516 386.6680603027344 123.82242584228516
392.0535583496094 91.2794189453125 411.1944160461426 91.2794189453125 411.1944160461426 128.72891235351562 392.0535583496094 128.72891235351562
392.5253601074219 91.49717712402344 411.99779891967773 91.49717712402344 411.99779891967773 129.59542083740234 392.5253601074219 129.59542083740234
393.4341735839844 91.9452133178711 412.89468002319336 91.9452133178711 412.89468002319336 130.02011108398438 393.4341735839844 130.02011108398438
395.22576904296875 94.41935729980469 414.7428741455078 94.41935729980469 414.7428741455078 132.60498809814453 395.22576904296875 132.60498809814453
393.36956787109375 92.21472930908203 413.1096954345703 92.21472930908203 413.1096954345703 130.83670806884766 393.36956787109375 130.83670806884766
375.73797607421875 94.66903686523438 395.72399520874023 94.66903686523438 395.72399520874023 133.7721061706543 375.73797607421875 133.7721061706543
389.4127197265625 99.31527709960938 409.76729011535645 99.31527709960938 409.76729011535645 139.1394271850586 389.4127197265625 139.1394271850586
398.872802734375 112.42138671875 419.1500072479248 112.42138671875 419.1500072479248 152.210205078125 398.872802734375 152.210205078125
394.7910461425781 102.82357025146484 415.13250160217285 102.82357025146484 415.13250160217285 142.6220588684082 394.7910461425781 142.6220588684082
385.57379150390625 95.11555480957031 405.81618881225586 95.11555480957031 405.81618881225586 134.7202377319336 385.57379150390625 134.7202377319336
388.0451965332031 98.24345397949219 407.83595275878906 98.24345397949219 407.83595275878906 136.96449279785156 388.0451965332031 136.96449279785156
380.5603332519531 97.6478500366211 400.2055244445801 97.6478500366211 400.2055244445801 136.08408737182617 380.5603332519531 136.08408737182617
382.5697326660156 98.67756652832031 402.136194229126 98.67756652832031 402.136194229126 136.9597625732422 382.5697326660156 136.9597625732422
385.90972900390625 96.38573455810547 405.1332187652588 96.38573455810547 405.1332187652588 133.9969024658203 385.90972900390625 133.9969024658203
382.70867919921875 97.98201751708984 401.9601173400879 97.98201751708984 401.9601173400879 135.6478614807129 382.70867919921875 135.6478614807129
375.77960205078125 96.98282623291016 394.9830913543701 96.98282623291016 394.9830913543701 134.55485916137695 375.77960205078125 134.55485916137695
385.10711669921875 98.035888671875 404.559268951416 98.035888671875 404.559268951416 136.09443283081055 385.10711669921875 136.09443283081055
385.43157958984375 98.05682373046875 404.55370712280273 98.05682373046875 404.55370712280273 135.46966552734375 385.43157958984375 135.46966552734375
381.6686706542969 98.45231628417969 400.9225730895996 98.45231628417969 400.9225730895996 136.12297821044922 381.6686706542969 136.12297821044922
382.8455810546875 97.64192199707031 402.1176872253418 97.64192199707031 402.1176872253418 135.34819793701172 382.8455810546875 135.34819793701172
387.0731506347656 101.37940979003906 406.5763969421387 101.37940979003906 406.5763969421387 139.5379180908203 387.0731506347656 139.5379180908203
379.908447265625 96.7226333618164 399.1942844390869 96.7226333618164 399.1942844390869 134.45577239990234 379.908447265625 134.45577239990234
390.70440673828125 89.25179290771484 410.3390350341797 89.25179290771484 410.3390350341797 127.66735076904297 390.70440673828125 127.66735076904297
389.2723693847656 97.51551055908203 408.48637771606445 97.51551055908203 408.48637771606445 135.10811233520508 389.2723693847656 135.10811233520508
400.9554138183594 101.48672485351562 420.2882595062256 101.48672485351562 420.2882595062256 139.31183624267578 400.9554138183594 139.31183624267578
390.8365173339844 97.31204223632812 410.09803771972656 97.31204223632812 410.09803771972656 134.9976043701172 390.8365173339844 134.9976043701172
386.64251708984375 99.04732513427734 405.44952392578125 99.04732513427734 405.44952392578125 135.8436279296875 386.64251708984375 135.8436279296875
381.7061462402344 96.1964340209961 400.6405735015869 96.1964340209961 400.6405735015869 133.24203872680664 381.7061462402344 133.24203872680664
381.3981018066406 95.7848129272461 400.52845191955566 95.7848129272461 400.52845191955566 133.21374130249023 381.3981018066406 133.21374130249023
381.93292236328125 95.28507995605469 400.49874114990234 95.28507995605469 400.49874114990234 131.60949325561523 381.93292236328125 131.60949325561523
393.9148254394531 101.46882629394531 412.11581230163574 101.46882629394531 412.11581230163574 137.07944107055664 393.9148254394531 137.07944107055664
387.05133056640625 98.22030639648438 404.90085220336914 98.22030639648438 404.90085220336914 133.14327239990234 387.05133056640625 133.14327239990234
384.05792236328125 97.33354949951172 401.8373222351074 97.33354949951172 401.8373222351074 132.11932373046875 384.05792236328125 132.11932373046875
383.558349609375 97.91434478759766 401.35512924194336 97.91434478759766 401.35512924194336 132.7341194152832 383.558349609375 132.7341194152832
383.07513427734375 96.92131805419922 401.06079483032227 96.92131805419922 401.06079483032227 132.11063766479492 383.07513427734375 132.11063766479492
382.3917541503906 96.00192260742188 400.47100830078125 96.00192260742188 400.47100830078125 131.37435913085938 382.3917541503906 131.37435913085938
384.9588928222656 98.6613540649414 402.71316146850586 98.6613540649414 402.71316146850586 133.39795303344727 384.9588928222656 133.39795303344727
384.3361511230469 99.281005859375 402.0034770965576 99.281005859375 402.0034770965576 133.84749603271484 384.3361511230469 133.84749603271484
383.3630676269531 97.73062896728516 400.81993103027344 97.73062896728516 400.81993103027344 131.88534545898438 383.3630676269531 131.88534545898438
383.73828125 97.9594955444336 401.416202545166 97.9594955444336 401.416202545166 132.54671096801758 383.73828125 132.54671096801758
385.4161071777344 98.24208068847656 402.86681938171387 98.24208068847656 402.86681938171387 132.3847541809082 385.4161071777344 132.3847541809082
400.3595275878906 99.06426239013672 417.6894989013672 99.06426239013672 417.6894989013672 132.970703125 400.3595275878906 132.970703125
433.57421875 100.27604675292969 450.8960266113281 100.27604675292969 450.8960266113281 134.1665153503418 433.57421875 134.1665153503418
465.623779296875 99.04597473144531 482.77683448791504 99.04597473144531 482.77683448791504 132.60627365112305 465.623779296875 132.60627365112305
500.7339782714844 98.87480926513672 518.1565361022949 98.87480926513672 518.1565361022949 132.96240234375 500.7339782714844 132.96240234375
518.5371704101562 97.57801818847656 536.2424926757812 97.57801818847656 536.2424926757812 132.21884536743164 518.5371704101562 132.21884536743164
555.9224853515625 99.9892578125 573.2761344909668 99.9892578125 573.2761344909668 133.9420280456543 555.9224853515625 133.9420280456543
591.7472534179688 96.26287078857422 609.1295680999756 96.26287078857422 609.1295680999756 130.27172470092773 591.7472534179688 130.27172470092773
592.4832763671875 93.66748046875 609.8357467651367 93.66748046875 609.8357467651367 127.6179428100586 592.4832763671875 127.6179428100586
564.5227661132812 63.962432861328125 581.6958045959473 63.962432861328125 581.6958045959473 97.56183624267578 564.5227661132812 97.56183624267578
555.0194091796875 65.50286865234375 571.8852939605713 65.50286865234375 571.8852939605713 98.5013198852539 555.0194091796875 98.5013198852539
552.08349609375 63.35203170776367 569.1860656738281 63.35203170776367 569.1860656738281 96.81356048583984 552.08349609375 96.81356048583984
550.3870239257812 63.4467887878418 567.6517868041992 63.4467887878418 567.6517868041992 97.22565078735352 550.3870239257812 97.22565078735352
553.34423828125 64.26463317871094 570.6989555358887 64.26463317871094 570.6989555358887 98.21949005126953 553.34423828125 98.21949005126953
552.895751953125 59.41264724731445 570.4416465759277 59.41264724731445 570.4416465759277 93.74154281616211 552.895751953125 93.74154281616211
553.4342651367188 62.9326171875 570.8656425476074 62.9326171875 570.8656425476074 97.0374641418457 553.4342651367188 97.0374641418457
551.9058837890625 64.12947845458984 569.2527885437012 64.12947845458984 569.2527885437012 98.06904983520508 551.9058837890625 98.06904983520508
552.0125732421875 63.94990158081055 569.4296207427979 63.94990158081055 569.4296207427979 98.02670669555664 552.0125732421875 98.02670669555664
549.7418823242188 63.5050048828125 567.4495048522949 63.5050048828125 567.4495048522949 98.15032577514648 549.7418823242188 98.15032577514648
549.6492919921875 63.4654655456543 567.4735145568848 63.4654655456543 567.4735145568848 98.33891677856445 549.6492919921875 98.33891677856445
550.1773681640625 63.39918899536133 568.1502799987793 63.39918899536133 568.1502799987793 98.56356048583984 550.1773681640625 98.56356048583984
551.2008056640625 63.776527404785156 569.0435581207275 63.776527404785156 569.0435581207275 98.68624114990234 551.2008056640625 98.68624114990234
550.771728515625 62.750022888183594 568.8083724975586 62.750022888183594 568.8083724975586 98.03908920288086 550.771728515625 98.03908920288086
550.3245849609375 62.648765563964844 568.5933074951172 62.648765563964844 568.5933074951172 98.39189910888672 550.3245849609375 98.39189910888672
550.267822265625 62.28577423095703 568.5700283050537 62.28577423095703 568.5700283050537 98.09442138671875 550.267822265625 98.09442138671875
551.3555908203125 63.26823043823242 569.4845237731934 63.26823043823242 569.4845237731934 98.73786544799805 551.3555908203125 98.73786544799805
551.3307495117188 63.04233932495117 569.5122318267822 63.04233932495117 569.5122318267822 98.61478805541992 551.3307495117188 98.61478805541992
550.0462036132812 62.76488494873047 568.4327621459961 62.76488494873047 568.4327621459961 98.73856735229492 550.0462036132812 98.73856735229492
551.9765625 63.124610900878906 570.3222427368164 63.124610900878906 570.3222427368164 99.018310546875 551.9765625 99.018310546875
552.0023193359375 63.45039749145508 570.0687408447266 63.45039749145508 570.0687408447266 98.79772567749023 552.0023193359375 98.79772567749023
550.8436279296875 63.3587646484375 568.8857612609863 63.3587646484375 568.8857612609863 98.65857315063477 550.8436279296875 98.65857315063477
550.3917236328125 63.4771614074707 568.4118041992188 63.4771614074707 568.4118041992188 98.73382186889648 550.3917236328125 98.73382186889648
550.481201171875 63.588348388671875 568.2829189300537 63.588348388671875 568.2829189300537 98.41777801513672 550.481201171875 98.41777801513672
551.22216796875 63.2307014465332 569.0133857727051 63.2307014465332 569.0133857727051 98.03959274291992 551.22216796875 98.03959274291992
550.8207397460938 63.37640380859375 568.5333023071289 63.37640380859375 568.5333023071289 98.03140640258789 550.8207397460938 98.03140640258789
551.7788696289062 64.28056335449219 569.5516548156738 64.28056335449219 569.5516548156738 99.05339431762695 551.7788696289062 99.05339431762695
539.0654907226562 78.21698760986328 557.0475540161133 78.21698760986328 557.0475540161133 113.39927291870117 539.0654907226562 113.39927291870117
528.5324096679688 90.50707244873047 546.5924415588379 90.50707244873047 546.5924415588379 125.84190368652344 528.5324096679688 125.84190368652344
526.7508544921875 77.46598815917969 545.12939453125 77.46598815917969 545.12939453125 113.42398834228516 526.7508544921875 113.42398834228516
523.6536254882812 75.81562805175781 541.9224128723145 75.81562805175781 541.9224128723145 111.55889892578125 523.6536254882812 111.55889892578125
523.8982543945312 73.87358093261719 542.1872291564941 73.87358093261719 542.1872291564941 109.65634536743164 523.8982543945312 109.65634536743164
535.4459228515625 66.94090270996094 554.002347946167 66.94090270996094 554.002347946167 103.24694061279297 535.4459228515625 103.24694061279297
539.4561157226562 61.85026931762695 557.8673515319824 61.85026931762695 557.8673515319824 97.87223434448242 539.4561157226562 97.87223434448242
538.8563232421875 22.075654983520508 557.3289680480957 22.075654983520508 557.3289680480957 58.2177677154541 538.8563232421875 58.2177677154541
536.7291259765625 19.653278350830078 555.111156463623 19.653278350830078 555.111156463623 55.61810302734375 536.7291259765625 55.61810302734375
534.61962890625 18.286733627319336 552.8877944946289 18.286733627319336 552.8877944946289 54.02877998352051 534.61962890625 54.02877998352051
536.563720703125 18.34848403930664 554.6396484375 18.34848403930664 554.6396484375 53.714412689208984 536.563720703125 53.714412689208984
533.3748168945312 17.771656036376953 551.6517333984375 17.771656036376953 551.6517333984375 53.53082275390625 533.3748168945312 53.53082275390625
530.1762084960938 14.279037475585938 548.3630638122559 14.279037475585938 548.3630638122559 49.861995697021484 530.1762084960938 49.861995697021484
536.851806640625 18.325641632080078 555.2280864715576 18.325641632080078 555.2280864715576 54.27921676635742 536.851806640625 54.27921676635742
525.9442138671875 11.349790573120117 544.5351982116699 11.349790573120117 544.5351982116699 47.72343635559082 525.9442138671875 47.72343635559082
529.7664794921875 16.865520477294922 548.4334106445312 16.865520477294922 548.4334106445312 53.387760162353516 529.7664794921875 53.387760162353516
505.70361328125 13.566726684570312 524.0199089050293 13.566726684570312 524.0199089050293 49.40293884277344 505.70361328125 49.40293884277344
522.9637451171875 15.040298461914062 541.4912776947021 15.040298461914062 541.4912776947021 51.28980255126953 522.9637451171875 51.28980255126953
525.3782348632812 17.061859130859375 544.0797920227051 17.061859130859375 544.0797920227051 53.6518440246582 525.3782348632812 53.6518440246582
534.7867431640625 16.8944149017334 553.325647354126 16.8944149017334 553.325647354126 53.16616630554199 534.7867431640625 53.16616630554199
536.6986694335938 16.58526611328125 555.1792621612549 16.58526611328125 555.1792621612549 52.74292755126953 536.6986694335938 52.74292755126953
535.3031005859375 17.6977596282959 553.5234489440918 17.6977596282959 553.5234489440918 53.34625053405762 535.3031005859375 53.34625053405762
528.7726440429688 12.3436279296875 546.8715133666992 12.3436279296875 546.8715133666992 47.75443649291992 528.7726440429688 47.75443649291992
517.3181762695312 16.17510414123535 535.1852149963379 16.17510414123535 535.1852149963379 51.1323299407959 517.3181762695312 51.1323299407959
534.5814208984375 18.059383392333984 552.4937705993652 18.059383392333984 552.4937705993652 53.10525894165039 534.5814208984375 53.10525894165039
536.3304443359375 19.42397689819336 553.7764472961426 19.42397689819336 553.7764472961426 53.557437896728516 536.3304443359375 53.557437896728516
530.3624877929688 19.5311222076416 547.6466541290283 19.5311222076416 547.6466541290283 53.34794807434082 530.3624877929688 53.34794807434082
534.6116943359375 19.30071449279785 551.9060764312744 19.30071449279785 551.9060764312744 53.13752555847168 534.6116943359375 53.13752555847168
534.6293334960938 19.142925262451172 552.0313587188721 19.142925262451172 552.0313587188721 53.19034194946289 534.6293334960938 53.19034194946289
535.1845092773438 18.68073081970215 552.8291206359863 18.68073081970215 552.8291206359863 53.20277214050293 535.1845092773438 53.20277214050293
538.6838989257812 19.539031982421875 556.1421184539795 19.539031982421875 556.1421184539795 53.69639205932617 538.6838989257812 53.69639205932617
537.7857055664062 18.961883544921875 555.1015186309814 18.961883544921875 555.1015186309814 52.84061813354492 537.7857055664062 52.84061813354492
533.3837890625 19.314098358154297 550.8638935089111 19.314098358154297 550.8638935089111 53.5142707824707 533.3837890625 53.5142707824707
534.9430541992188 19.045475006103516 552.6145915985107 19.045475006103516 552.6145915985107 53.62018966674805 534.9430541992188 53.62018966674805
537.4707641601562 18.392026901245117 554.9626884460449 18.392026901245117 554.9626884460449 52.61532402038574 537.4707641601562 52.61532402038574
536.5814819335938 19.389734268188477 554.0966606140137 19.389734268188477 554.0966606140137 53.658525466918945 536.5814819335938 53.658525466918945
534.9022827148438 18.1497745513916 552.7592849731445 18.1497745513916 552.7592849731445 53.087350845336914 534.9022827148438 53.087350845336914
531.7770385742188 17.948518753051758 549.5863838195801 17.948518753051758 549.5863838195801 52.7928524017334 531.7770385742188 52.7928524017334
542.6151123046875 17.932825088500977 560.576322555542 17.932825088500977 560.576322555542 53.074289321899414 542.6151123046875 53.074289321899414
534.1602783203125 19.151546478271484 552.0536460876465 19.151546478271484 552.0536460876465 54.1602783203125 534.1602783203125 54.1602783203125
537.3272705078125 17.839061737060547 555.4536952972412 17.839061737060547 555.4536952972412 53.303775787353516 537.3272705078125 53.303775787353516
538.5020141601562 17.807098388671875 556.8523464202881 17.807098388671875 556.8523464202881 53.70989227294922 538.5020141601562 53.70989227294922
535.6689453125 17.613636016845703 554.0822410583496 17.613636016845703 554.0822410583496 53.63961410522461 535.6689453125 53.63961410522461
537.5829467773438 18.52315330505371 555.9384899139404 18.52315330505371 555.9384899139404 54.43613624572754 537.5829467773438 54.43613624572754
535.0677490234375 16.496809005737305 553.4180164337158 16.496809005737305 553.4180164337158 52.39946937561035 535.0677490234375 52.39946937561035
538.1498413085938 17.753204345703125 556.5422248840332 17.753204345703125 556.5422248840332 53.73826217651367 538.1498413085938 53.73826217651367
536.6912841796875 17.12256622314453 554.9166851043701 17.12256622314453 554.9166851043701 52.780921936035156 536.6912841796875 52.780921936035156
537.4373779296875 16.951274871826172 555.8091297149658 16.951274871826172 555.8091297149658 52.895965576171875 537.4373779296875 52.895965576171875
535.6954956054688 17.492176055908203 554.2790260314941 17.492176055908203 554.2790260314941 53.851219177246094 535.6954956054688 53.851219177246094
