368.0 364.0 418.0 364.0 418.0 442.0 368.0 442.0
371.4359436035156 365.816162109375 419.54713439941406 365.816162109375 419.54713439941406 440.9749069213867 371.4359436035156 440.9749069213867
375.47845458984375 365.42095947265625 424.6071662902832 365.42095947265625 424.6071662902832 440.11907958984375 375.47845458984375 440.11907958984375
378.9449157714844 363.7249450683594 429.4720916748047 363.7249450683594 429.4720916748047 439.52269744873047 378.9449157714844 439.52269744873047
385.68402099609375 360.2895812988281 435.68119049072266 360.2895812988281 435.68119049072266 438.28517150878906 385.68402099609375 438.28517150878906
395.0264587402344 358.1707763671875 446.0867042541504 358.1707763671875 446.0867042541504 437.8247604370117 395.0264587402344 437.8247604370117
396.38763427734375 357.6007080078125 449.8594970703125 357.6007080078125 449.8594970703125 431.82540130615234 396.38763427734375 431.82540130615234
399.0570373535156 357.5750732421875 453.2626419067383 357.5750732421875 453.2626419067383 430.9063262939453 399.0570373535156 430.9063262939453
401.88812255859375 357.38720703125 453.69232177734375 357.38720703125 453.69232177734375 432.42491149902344 401.88812255859375 432.42491149902344
406.95953369140625 356.7299499511719 458.5190238952637 356.7299499511719 458.5190238952637 433.90028381347656 406.95953369140625 433.90028381347656
416.9344787597656 354.7708435058594 468.1018180847168 354.7708435058594 468.1018180847168 433.42327880859375 416.9344787597656 433.42327880859375
418.64678955078125 359.46453857421875 465.8315773010254 359.46453857421875 465.8315773010254 439.1182327270508 418.64678955078125 439.1182327270508
424.00555419921875 355.6357727050781 472.8256034851074 355.6357727050781 472.8256034851074 435.75782775878906 424.00555419921875 435.75782775878906
429.78485107421875 355.5346984863281 476.0753746032715 355.5346984863281 476.0753746032715 437.60010528564453 429.78485107421875 437.60010528564453
432.2021484375 354.57275390625 479.5650215148926 354.57275390625 479.5650215148926 434.4495086669922 432.2021484375 434.4495086669922
437.43853759765625 355.3742980957031 484.33378982543945 355.3742980957031 484.33378982543945 431.92234802246094 437.43853759765625 431.92234802246094
440.1734924316406 354.713623046875 486.98300552368164 354.713623046875 486.98300552368164 430.13304138183594 440.1734924316406 430.13304138183594
443.3760681152344 355.11407470703125 490.6874694824219 355.11407470703125 490.6874694824219 428.76428985595703 443.3760681152344 428.76428985595703
446.62030029296875 354.67462158203125 496.00057220458984 354.67462158203125 496.00057220458984 429.18273162841797 446.62030029296875 429.18273162841797
449.921875 355.1240539550781 501.6581497192383 355.1240539550781 501.6581497192383 429.5674514770508 449.921875 429.5674514770508
454.9998474121094 355.8968200683594 506.8738899230957 355.8968200683594 506.8738899230957 428.9963836669922 454.9998474121094 428.9963836669922
458.56646728515625 354.5687561035156 511.27925872802734 354.5687561035156 511.27925872802734 431.1658706665039 458.56646728515625 431.1658706665039
462.6488342285156 355.07611083984375 514.9467239379883 355.07611083984375 514.9467239379883 432.6729965209961 462.6488342285156 432.6729965209961
464.68994140625 353.9512023925781 518.4419364929199 353.9512023925781 518.4419364929199 431.9614028930664 464.68994140625 431.9614028930664
469.1521911621094 353.71197509765625 522.9782485961914 353.71197509765625 522.9782485961914 431.1602249145508 469.1521911621094 431.1602249145508
474.64862060546875 354.1641845703125 527.089771270752 354.1641845703125 527.089771270752 429.02784729003906 474.64862060546875 429.02784729003906
477.5694274902344 353.8321228027344 531.368522644043 353.8321228027344 531.368522644043 428.87120819091797 477.5694274902344 428.87120819091797
482.56402587890625 354.5782165527344 534.5557479858398 354.5782165527344 534.5557479858398 430.6283874511719 482.56402587890625 430.6283874511719
486.2195739746094 352.9648742675781 537.1907043457031 352.9648742675781 537.1907043457031 432.1118927001953 486.2195739746094 432.1118927001953
491.24432373046875 351.5871276855469 540.4468154907227 351.5871276855469 540.4468154907227 433.66102600097656 491.24432373046875 433.66102600097656
498.455810546875 351.8988342285156 543.874397277832 351.8988342285156 543.874397277832 433.02772521972656 498.455810546875 433.02772521972656
502.0179748535156 353.6640930175781 547.1258964538574 353.6640930175781 547.1258964538574 431.9634323120117 502.0179748535156 431.9634323120117
503.528564453125 354.0816650390625 551.1818923950195 354.0816650390625 551.1818923950195 431.8361358642578 503.528564453125 431.8361358642578
506.4839782714844 355.0333557128906 553.4220275878906 355.0333557128906 553.4220275878906 431.3968963623047 506.4839782714844 431.3968963623047
508.26129150390625 353.54339599609375 555.3564376831055 353.54339599609375 555.3564376831055 429.75423431396484 508.26129150390625 429.75423431396484
512.6680908203125 354.24884033203125 561.2206230163574 354.24884033203125 561.2206230163574 429.4327926635742 512.6680908203125 429.4327926635742
515.0130004882812 352.24298095703125 565.6321640014648 352.24298095703125 565.6321640014648 429.55289459228516 515.0130004882812 429.55289459228516
518.283203125 348.9079895019531 570.3616142272949 348.9079895019531 570.3616142272949 428.0701370239258 518.283203125 428.0701370239258
521.3726196289062 347.3542175292969 572.8302612304688 347.3542175292969 572.8302612304688 426.60072326660156 521.3726196289062 426.60072326660156
522.86328125 345.7116394042969 575.7285690307617 345.7116394042969 575.7285690307617 425.07982635498047 522.86328125 425.07982635498047
526.7373046875 345.19952392578125 579.3247489929199 345.19952392578125 579.3247489929199 423.51009368896484 526.7373046875 423.51009368896484
530.8601684570312 344.939453125 582.4264602661133 344.939453125 582.4264602661133 421.718505859375 530.8601684570312 421.718505859375
533.4010620117188 346.1670837402344 583.9174499511719 346.1670837402344 583.9174499511719 420.93670654296875 533.4010620117188 420.93670654296875
536.4193115234375 347.9834899902344 586.994758605957 347.9834899902344 586.994758605957 421.8817443847656 536.4193115234375 421.8817443847656
539.6964721679688 346.2140197753906 588.7982711791992 346.2140197753906 588.7982711791992 420.0362548828125 539.6964721679688 420.0362548828125
545.6143798828125 345.5821838378906 591.2842102050781 345.5821838378906 591.2842102050781 421.97601318359375 545.6143798828125 421.97601318359375
547.6353759765625 344.3731384277344 593.0057792663574 344.3731384277344 593.0057792663574 420.97666931152344 547.6353759765625 420.97666931152344
549.4641723632812 345.0223693847656 596.1990127563477 345.0223693847656 596.1990127563477 420.1169738769531 549.4641723632812 420.1169738769531
554.0943603515625 345.89324951171875 600.1496925354004 345.89324951171875 600.1496925354004 422.2360076904297 554.0943603515625 422.2360076904297
556.1884765625 347.04742431640625 603.4427719116211 347.04742431640625 603.4427719116211 422.63834381103516 556.1884765625 422.63834381103516
560.2135009765625 348.74896240234375 606.8048324584961 348.74896240234375 606.8048324584961 422.9786682128906 560.2135009765625 422.9786682128906
562.3385009765625 347.7980041503906 610.5095520019531 347.7980041503906 610.5095520019531 423.0191345214844 562.3385009765625 423.0191345214844
564.6737060546875 349.03936767578125 612.5367546081543 349.03936767578125 612.5367546081543 423.78131103515625 564.6737060546875 423.78131103515625
567.0634155273438 348.34295654296875 614.6657905578613 348.34295654296875 614.6657905578613 421.85782623291016 567.0634155273438 421.85782623291016
569.7320556640625 345.01666259765625 618.019889831543 345.01666259765625 618.019889831543 419.3053665161133 569.7320556640625 419.3053665161133
574.3734130859375 344.8135986328125 622.5534896850586 344.8135986328125 622.5534896850586 419.9745330810547 574.3734130859375 419.9745330810547
573.7726440429688 342.0186462402344 622.4729881286621 342.0186462402344 622.4729881286621 416.5284881591797 573.7726440429688 416.5284881591797
577.4432373046875 340.2359313964844 626.2113342285156 340.2359313964844 626.2113342285156 415.54759979248047 577.4432373046875 415.54759979248047
579.7255249023438 342.319091796875 628.6716194152832 342.319091796875 628.6716194152832 417.39964294433594 579.7255249023438 417.39964294433594
582.5823974609375 342.0010681152344 631.8787117004395 342.0010681152344 631.8787117004395 417.45872497558594 582.5823974609375 417.45872497558594
585.2160034179688 342.68817138671875 634.348030090332 342.68817138671875 634.348030090332 418.3038024902344 585.2160034179688 418.3038024902344
586.519775390625 342.50799560546875 636.2023773193359 342.50799560546875 636.2023773193359 415.4804916381836 586.519775390625 415.4804916381836
589.670166015625 343.18450927734375 638.4472770690918 343.18450927734375 638.4472770690918 416.81395721435547 589.670166015625 416.81395721435547
594.693603515625 343.17889404296875 639.5407104492188 343.17889404296875 639.5407104492188 417.1392059326172 594.693603515625 417.1392059326172
597.8634033203125 343.0492248535156 641.7658538818359 343.0492248535156 641.7658538818359 416.07582092285156 597.8634033203125 416.07582092285156
601.5720825195312 343.06170654296875 645.6552696228027 343.06170654296875 645.6552696228027 415.40840911865234 601.5720825195312 415.40840911865234
602.5700073242188 342.7763671875 648.1009063720703 342.7763671875 648.1009063720703 416.2530746459961 602.5700073242188 416.2530746459961
603.5707397460938 343.4862365722656 649.1078643798828 343.4862365722656 649.1078643798828 415.2461471557617 603.5707397460938 415.2461471557617
604.1336669921875 343.24505615234375 651.0872421264648 343.24505615234375 651.0872421264648 415.29676055908203 604.1336669921875 415.29676055908203
606.1619873046875 342.47711181640625 655.3686408996582 342.47711181640625 655.3686408996582 414.39429473876953 606.1619873046875 414.39429473876953
609.7698364257812 340.8077087402344 658.4746322631836 340.8077087402344 658.4746322631836 412.96607208251953 609.7698364257812 412.96607208251953
612.4774169921875 340.04901123046875 661.8327713012695 340.04901123046875 661.8327713012695 412.96605682373047 612.4774169921875 412.96605682373047
615.3170166015625 340.7908020019531 664.2707099914551 340.7908020019531 664.2707099914551 413.3889694213867 615.3170166015625 413.3889694213867
616.3555297851562 340.2021484375 665.336067199707 340.2021484375 665.336067199707 413.25323486328125 616.3555297851562 413.25323486328125
618.5698852539062 339.67132568359375 668.1652908325195 339.67132568359375 668.1652908325195 413.85831451416016 618.5698852539062 413.85831451416016
620.108154296875 340.38031005859375 669.8947944641113 340.38031005859375 669.8947944641113 414.8677749633789 620.108154296875 414.8677749633789
620.5975952148438 339.87457275390625 670.5520668029785 339.87457275390625 670.5520668029785 413.2810516357422 620.5975952148438 413.2810516357422
623.910400390625 339.55316162109375 672.8409004211426 339.55316162109375 672.8409004211426 412.0498504638672 623.910400390625 412.0498504638672
629.0839233398438 340.3065490722656 674.2392196655273 340.3065490722656 674.2392196655273 411.4268341064453 629.0839233398438 411.4268341064453
630.2708740234375 340.26690673828125 677.1255645751953 340.26690673828125 677.1255645751953 413.44517517089844 630.2708740234375 413.44517517089844
633.7542724609375 339.8687438964844 679.8308944702148 339.8687438964844 679.8308944702148 413.4275360107422 633.7542724609375 413.4275360107422
636.1829223632812 339.689208984375 681.7052192687988 339.689208984375 681.7052192687988 413.5376663208008 636.1829223632812 413.5376663208008
638.85498046875 339.537353515625 683.9905319213867 339.537353515625 683.9905319213867 411.8895263671875 638.85498046875 411.8895263671875
642.0459594726562 339.7500915527344 685.3600730895996 339.7500915527344 685.3600730895996 411.04295349121094 642.0459594726562 411.04295349121094
642.0037841796875 340.5305480957031 688.6153144836426 340.5305480957031 688.6153144836426 410.3771057128906 642.0037841796875 410.3771057128906
643.3546752929688 340.8938903808594 690.82763671875 340.8938903808594 690.82763671875 408.0439910888672 643.3546752929688 408.0439910888672
646.7063598632812 339.9591979980469 693.5367012023926 339.9591979980469 693.5367012023926 408.95874786376953 646.7063598632812 408.95874786376953
647.7100830078125 336.8867492675781 693.9687042236328 336.8867492675781 693.9687042236328 405.9321975708008 647.7100830078125 405.9321975708008
649.4344482421875 334.8253479003906 695.5182609558105 334.8253479003906 695.5182609558105 405.06170654296875 649.4344482421875 405.06170654296875
652.58984375 335.4554748535156 698.6247940063477 335.4554748535156 698.6247940063477 404.78392028808594 652.58984375 404.78392028808594
654.42041015625 332.4489440917969 699.501392364502 332.4489440917969 699.501392364502 402.7753143310547 654.42041015625 402.7753143310547
656.72021484375 333.594970703125 702.9102172851562 333.594970703125 702.9102172851562 403.1438446044922 656.72021484375 403.1438446044922
657.834716796875 334.28448486328125 703.8954544067383 334.28448486328125 703.8954544067383 404.8578414916992 657.834716796875 404.8578414916992
659.0751953125 334.26702880859375 704.3972816467285 334.26702880859375 704.3972816467285 403.8772659301758 659.0751953125 403.8772659301758
661.7943115234375 334.41900634765625 706.7774314880371 334.41900634765625 706.7774314880371 401.85646057128906 661.7943115234375 401.85646057128906
662.9190673828125 333.27435302734375 707.4527931213379 333.27435302734375 707.4527931213379 401.0027542114258 662.9190673828125 401.0027542114258
665.3890380859375 334.17205810546875 708.2365188598633 334.17205810546875 708.2365188598633 401.80039978027344 665.3890380859375 401.80039978027344
669.7755737304688 333.44525146484375 712.3234062194824 333.44525146484375 712.3234062194824 399.81988525390625 669.7755737304688 399.81988525390625
670.6021118164062 333.2276916503906 713.0909652709961 333.2276916503906 713.0909652709961 399.51031494140625 670.6021118164062 399.51031494140625
673.3900146484375 331.93414306640625 716.4881973266602 331.93414306640625 716.4881973266602 399.1673126220703 673.3900146484375 399.1673126220703
673.0979614257812 334.5687561035156 716.1480484008789 334.5687561035156 716.1480484008789 401.72689056396484 673.0979614257812 401.72689056396484
674.6306762695312 333.234375 716.9026145935059 333.234375 716.9026145935059 399.17860412597656 674.6306762695312 399.17860412597656
679.6597900390625 334.9093322753906 720.8329544067383 334.9093322753906 720.8329544067383 399.1394805908203 679.6597900390625 399.1394805908203
679.9754028320312 334.7124938964844 721.1535530090332 334.7124938964844 721.1535530090332 398.95042419433594 679.9754028320312 398.95042419433594
681.5093994140625 335.8934020996094 722.4137573242188 335.8934020996094 722.4137573242188 399.7042121887207 681.5093994140625 399.7042121887207
680.8055419921875 334.52423095703125 721.609748840332 334.52423095703125 721.609748840332 398.1788101196289 680.8055419921875 398.1788101196289
680.7830810546875 331.95587158203125 722.1528778076172 331.95587158203125 722.1528778076172 396.4927749633789 680.7830810546875 396.4927749633789
681.5518188476562 331.72479248046875 723.0555953979492 331.72479248046875 723.0555953979492 396.470703125 681.5518188476562 396.470703125
683.6940307617188 333.15625 724.9776000976562 333.15625 724.9776000976562 397.5586395263672 683.6940307617188 397.5586395263672
683.7813720703125 336.4842834472656 724.2296829223633 336.4842834472656 724.2296829223633 399.5836715698242 683.7813720703125 399.5836715698242
686.8497314453125 335.55242919921875 726.1814193725586 335.55242919921875 726.1814193725586 396.9098815917969 686.8497314453125 396.9098815917969
687.6652221679688 336.7090148925781 726.6366806030273 336.7090148925781 726.6366806030273 397.5045051574707 687.6652221679688 397.5045051574707
688.9620361328125 336.87249755859375 728.0889358520508 336.87249755859375 728.0889358520508 397.91047286987305 688.9620361328125 397.91047286987305
689.266357421875 337.0120849609375 728.6500701904297 337.0120849609375 728.6500701904297 398.45068359375 689.266357421875 398.45068359375
689.4051513671875 331.1073913574219 728.574390411377 331.1073913574219 728.574390411377 392.2114143371582 689.4051513671875 392.2114143371582
689.3343505859375 331.431396484375 728.1403999328613 331.431396484375 728.1403999328613 391.9688491821289 689.3343505859375 391.9688491821289
689.9556884765625 330.72174072265625 728.6851272583008 330.72174072265625 728.6851272583008 391.1396789550781 689.9556884765625 391.1396789550781
690.1968994140625 331.4601745605469 728.7916641235352 331.4601745605469 728.7916641235352 391.66801834106445 690.1968994140625 391.66801834106445
691.7254028320312 332.61041259765625 730.1029205322266 332.61041259765625 730.1029205322266 392.4793510437012 691.7254028320312 392.4793510437012
692.2337646484375 332.314697265625 730.4513473510742 332.314697265625 730.4513473510742 391.9341354370117 692.2337646484375 391.9341354370117
694.2947998046875 332.59161376953125 732.0156784057617 332.59161376953125 732.0156784057617 391.4361991882324 694.2947998046875 391.4361991882324
693.3109741210938 332.93701171875 731.7759475708008 332.93701171875 731.7759475708008 392.94239044189453 693.3109741210938 392.94239044189453
693.6596069335938 332.2732849121094 732.1987686157227 332.2732849121094 732.1987686157227 392.39440155029297 693.6596069335938 392.39440155029297
694.936279296875 331.6876220703125 734.253547668457 331.6876220703125 734.253547668457 393.0225830078125 694.936279296875 393.0225830078125
697.9608154296875 331.72564697265625 737.0167274475098 331.72564697265625 737.0167274475098 392.65289306640625 697.9608154296875 392.65289306640625
701.03564453125 334.734619140625 739.4265670776367 334.734619140625 739.4265670776367 394.6244888305664 701.03564453125 394.6244888305664
700.1934204101562 335.624755859375 738.5665054321289 335.624755859375 738.5665054321289 395.4867973327637 700.1934204101562 395.4867973327637
699.9970092773438 334.40728759765625 738.8356170654297 334.40728759765625 738.8356170654297 394.99554443359375 699.9970092773438 394.99554443359375
700.34130859375 337.0585632324219 738.8751029968262 337.0585632324219 738.8751029968262 397.17131423950195 700.34130859375 397.17131423950195
699.8257446289062 335.09490966796875 738.0603218078613 335.09490966796875 738.0603218078613 394.7408752441406 699.8257446289062 394.7408752441406
700.5115356445312 338.2594299316406 738.868839263916 338.2594299316406 738.868839263916 398.09685134887695 700.5115356445312 398.09685134887695
701.6130981445312 334.921142578125 740.7098083496094 334.921142578125 740.7098083496094 395.9120407104492 701.6130981445312 395.9120407104492
700.9957885742188 331.66632080078125 740.4951400756836 331.66632080078125 740.4951400756836 393.2853469848633 700.9957885742188 393.2853469848633
701.7880859375 331.52862548828125 741.3098640441895 331.52862548828125 741.3098640441895 393.1826400756836 701.7880859375 393.1826400756836
700.7930297851562 330.2615661621094 740.6864547729492 330.2615661621094 740.6864547729492 391.90203857421875 700.7930297851562 391.90203857421875
700.9808959960938 327.8210144042969 740.7751312255859 327.8210144042969 740.7751312255859 389.6491508483887 700.9808959960938 389.6491508483887
701.9146118164062 328.8556213378906 740.7977676391602 328.8556213378906 740.7977676391602 389.5250663757324 701.9146118164062 389.5250663757324
702.8693237304688 324.27850341796875 741.9587287902832 324.27850341796875 741.9587287902832 385.2580261230469 702.8693237304688 385.2580261230469
704.3118896484375 324.84185791015625 743.1068649291992 324.84185791015625 743.1068649291992 385.3620719909668 704.3118896484375 385.3620719909668
705.9949340820312 323.2023620605469 744.433219909668 323.2023620605469 744.433219909668 383.16614532470703 705.9949340820312 383.16614532470703
711.3641967773438 330.0052795410156 749.8102378845215 330.0052795410156 749.8102378845215 389.9811592102051 711.3641967773438 389.9811592102051
708.6116943359375 327.27093505859375 746.9680137634277 327.27093505859375 746.9680137634277 387.10684967041016 708.6116943359375 387.10684967041016
706.1915893554688 324.16754150390625 743.6762199401855 324.16754150390625 743.6762199401855 382.6436233520508 706.1915893554688 382.6436233520508
706.1170654296875 327.52166748046875 743.4748344421387 327.52166748046875 743.4748344421387 385.79984283447266 706.1170654296875 385.79984283447266
706.721435546875 329.00506591796875 743.594841003418 329.00506591796875 743.594841003418 386.52763748168945 706.721435546875 386.52763748168945
708.0347900390625 331.2115478515625 745.3431930541992 331.2115478515625 745.3431930541992 389.41271209716797 708.0347900390625 389.41271209716797
706.484375 333.4557189941406 743.852409362793 333.4557189941406 743.852409362793 391.7499198913574 706.484375 391.7499198913574
706.6168823242188 333.8712463378906 744.1681709289551 333.8712463378906 744.1681709289551 392.45133209228516 706.6168823242188 392.45133209228516
706.5958862304688 333.11859130859375 744.3946876525879 333.11859130859375 744.3946876525879 392.08480072021484 706.5958862304688 392.08480072021484
708.8922119140625 332.2998962402344 747.1738510131836 332.2998962402344 747.1738510131836 392.0193290710449 708.8922119140625 392.0193290710449
709.6663818359375 332.3702392578125 748.4773635864258 332.3702392578125 748.4773635864258 392.91544342041016 709.6663818359375 392.91544342041016
710.1982421875 330.33331298828125 749.0734024047852 330.33331298828125 749.0734024047852 390.9786262512207 710.1982421875 390.9786262512207
710.7178955078125 331.20928955078125 749.9694633483887 331.20928955078125 749.9694633483887 392.4417953491211 710.7178955078125 392.4417953491211
709.8228759765625 330.9632873535156 748.2993583679199 330.9632873535156 748.2993583679199 390.98665618896484 709.8228759765625 390.98665618896484
709.8331298828125 331.94793701171875 748.0245895385742 331.94793701171875 748.0245895385742 391.52667236328125 709.8331298828125 391.52667236328125
711.0010986328125 328.8266906738281 749.0728530883789 328.8266906738281 749.0728530883789 388.2186813354492 711.0010986328125 388.2186813354492
710.8959350585938 327.5111083984375 748.7280960083008 327.5111083984375 748.7280960083008 386.52933502197266 710.8959350585938 386.52933502197266
711.2537841796875 327.4626159667969 748.5860939025879 327.4626159667969 748.5860939025879 385.7010688781738 711.2537841796875 385.7010688781738
711.0956420898438 325.96661376953125 748.4911804199219 325.96661376953125 748.4911804199219 384.30370330810547 711.0956420898438 384.30370330810547
712.374755859375 326.02191162109375 749.8435173034668 326.02191162109375 749.8435173034668 384.4732360839844 712.374755859375 384.4732360839844
712.2776489257812 327.46624755859375 750.1562652587891 327.46624755859375 750.1562652587891 386.55694580078125 712.2776489257812 386.55694580078125
713.5586547851562 328.2843322753906 751.187686920166 328.2843322753906 751.187686920166 386.9856758117676 713.5586547851562 386.9856758117676
712.6046142578125 326.27093505859375 750.1673164367676 326.27093505859375 750.1673164367676 385.4749221801758 712.6046142578125 385.4749221801758
714.2620239257812 325.3055725097656 751.9789428710938 325.3055725097656 751.9789428710938 384.1440238952637 714.2620239257812 384.1440238952637
714.8870849609375 325.2262268066406 751.9716300964355 325.2262268066406 751.9716300964355 383.07817459106445 714.8870849609375 383.07817459106445
715.8102416992188 325.6320495605469 752.6439094543457 325.6320495605469 752.6439094543457 383.0926284790039 715.8102416992188 383.0926284790039
716.2020263671875 323.73846435546875 753.2488784790039 323.73846435546875 753.2488784790039 381.53160858154297 716.2020263671875 381.53160858154297
716.5240478515625 325.8686828613281 752.7173461914062 325.8686828613281 752.7173461914062 382.3302803039551 716.5240478515625 382.3302803039551
717.8572387695312 326.280029296875 753.8862609863281 326.280029296875 753.8862609863281 382.4853515625 717.8572387695312 382.4853515625
717.0956420898438 326.7622375488281 752.9907722473145 326.7622375488281 752.9907722473145 382.7586898803711 717.0956420898438 382.7586898803711
717.7782592773438 324.5697326660156 754.290771484375 324.5697326660156 754.290771484375 381.5293083190918 717.7782592773438 381.5293083190918
717.292724609375 325.47406005859375 752.9345207214355 325.47406005859375 752.9345207214355 381.0753173828125 717.292724609375 381.0753173828125
717.80224609375 325.4447021484375 753.3544502258301 325.4447021484375 753.3544502258301 380.90618896484375 717.80224609375 380.90618896484375
717.2891845703125 324.553955078125 752.6791496276855 324.553955078125 752.6791496276855 379.7623519897461 717.2891845703125 379.7623519897461
717.2430419921875 324.94366455078125 753.3439865112305 324.94366455078125 753.3439865112305 381.2611885070801 717.2430419921875 381.2611885070801
717.8682861328125 325.3461608886719 753.8032302856445 325.3461608886719 753.8032302856445 381.4047164916992 717.8682861328125 381.4047164916992
717.366943359375 324.334228515625 753.1189460754395 324.334228515625 753.1189460754395 380.1073913574219 717.366943359375 380.1073913574219
717.270751953125 322.8700866699219 753.3344116210938 322.8700866699219 753.3344116210938 379.1294364929199 717.270751953125 379.1294364929199
716.6280517578125 322.56683349609375 752.3084297180176 322.56683349609375 752.3084297180176 378.2282600402832 716.6280517578125 378.2282600402832
717.3883056640625 321.4256286621094 752.9021072387695 321.4256286621094 752.9021072387695 376.82719802856445 717.3883056640625 376.82719802856445
715.9681396484375 320.9557800292969 751.2636413574219 320.9557800292969 751.2636413574219 376.0168037414551 715.9681396484375 376.0168037414551
715.0032958984375 320.7725524902344 749.8650817871094 320.7725524902344 749.8650817871094 375.15697479248047 715.0032958984375 375.15697479248047
716.4803466796875 319.8793029785156 751.1312942504883 319.8793029785156 751.1312942504883 373.93482208251953 716.4803466796875 373.93482208251953
715.8385620117188 319.87335205078125 750.2520217895508 319.87335205078125 750.2520217895508 373.5583915710449 715.8385620117188 373.5583915710449
714.8544921875 319.8673095703125 749.2011909484863 319.8673095703125 749.2011909484863 373.44820404052734 714.8544921875 373.44820404052734
715.3152465820312 317.67913818359375 749.6176376342773 317.67913818359375 749.6176376342773 371.19091033935547 715.3152465820312 371.19091033935547
716.4713745117188 319.763671875 750.3789443969727 319.763671875 750.3789443969727 372.6595230102539 716.4713745117188 372.6595230102539
715.7182006835938 317.18328857421875 749.3063125610352 317.18328857421875 749.3063125610352 369.5807876586914 715.7182006835938 369.5807876586914
715.4086303710938 320.01409912109375 748.4866409301758 320.01409912109375 748.4866409301758 371.61583709716797 715.4086303710938 371.61583709716797
715.4299926757812 319.76153564453125 749.3427925109863 319.76153564453125 749.3427925109863 372.6655464172363 715.4299926757812 372.6655464172363
714.9398193359375 318.4242248535156 749.1197929382324 318.4242248535156 749.1197929382324 371.74503326416016 714.9398193359375 371.74503326416016
714.458984375 320.215576171875 748.12646484375 320.215576171875 748.12646484375 372.7368965148926 714.458984375 372.7368965148926
713.81494140625 320.1741943359375 748.057731628418 320.1741943359375 748.057731628418 373.5929985046387 713.81494140625 373.5929985046387
712.8165283203125 320.4967956542969 746.6847229003906 320.4967956542969 746.6847229003906 373.33122634887695 712.8165283203125 373.33122634887695
711.8746948242188 320.58648681640625 745.4914855957031 320.58648681640625 745.4914855957031 373.02872467041016 711.8746948242188 373.02872467041016
712.6472778320312 320.56597900390625 745.8556900024414 320.56597900390625 745.8556900024414 372.3711471557617 712.6472778320312 372.3711471557617
712.1870727539062 320.7904052734375 744.9876937866211 320.7904052734375 744.9876937866211 371.95942306518555 712.1870727539062 371.95942306518555
712.7273559570312 320.876220703125 745.7360153198242 320.876220703125 745.7360153198242 372.3697814941406 712.7273559570312 372.3697814941406
711.2120361328125 320.0738525390625 743.6508865356445 320.0738525390625 743.6508865356445 370.6785125732422 711.2120361328125 370.6785125732422
711.817626953125 320.8592834472656 744.265007019043 320.8592834472656 744.265007019043 371.47724533081055 711.817626953125 371.47724533081055
711.0928955078125 320.29571533203125 743.048547744751 320.29571533203125 743.048547744751 370.1465835571289 711.0928955078125 370.1465835571289
711.2638549804688 323.0340881347656 742.6305961608887 323.0340881347656 742.6305961608887 371.9662551879883 711.2638549804688 371.9662551879883
712.0552978515625 323.2745666503906 743.2510948181152 323.2745666503906 743.2510948181152 371.94005966186523 712.0552978515625 371.94005966186523
709.2614135742188 321.43072509765625 740.5607795715332 321.43072509765625 740.5607795715332 370.2577781677246 709.2614135742188 370.2577781677246
708.6986083984375 321.3866882324219 739.6535892486572 321.3866882324219 739.6535892486572 369.67649841308594 708.6986083984375 369.67649841308594
707.2302856445312 319.3805847167969 738.167989730835 319.3805847167969 738.167989730835 367.6434440612793 707.2302856445312 367.6434440612793
707.5242919921875 320.3879089355469 737.9578800201416 320.3879089355469 737.9578800201416 367.86434173583984 707.5242919921875 367.86434173583984
706.3193969726562 319.75482177734375 736.4214057922363 319.75482177734375 736.4214057922363 366.7139892578125 706.3193969726562 366.7139892578125
706.2112426757812 320.50238037109375 736.1919593811035 320.50238037109375 736.1919593811035 367.27233123779297 706.2112426757812 367.27233123779297
706.8937377929688 319.87017822265625 736.4065761566162 319.87017822265625 736.4065761566162 365.9102363586426 706.8937377929688 365.9102363586426
705.0947265625 321.4449157714844 734.5128536224365 321.4449157714844 734.5128536224365 367.3372268676758 705.0947265625 367.3372268676758
703.7440795898438 321.612548828125 733.1356296539307 321.612548828125 733.1356296539307 367.4633979797363 703.7440795898438 367.4633979797363
703.1570434570312 320.18084716796875 732.4155368804932 320.18084716796875 732.4155368804932 365.82412338256836 703.1570434570312 365.82412338256836
703.0042724609375 318.93505859375 732.1960144042969 318.93505859375 732.1960144042969 364.4741973876953 703.0042724609375 364.4741973876953
702.7724609375 319.14703369140625 731.8414516448975 319.14703369140625 731.8414516448975 364.4946823120117 702.7724609375 364.4946823120117
701.0451049804688 319.1144104003906 729.8093509674072 319.1144104003906 729.8093509674072 363.98665618896484 701.0451049804688 363.98665618896484
700.5934448242188 317.07037353515625 729.4983940124512 317.07037353515625 729.4983940124512 362.1621208190918 700.5934448242188 362.1621208190918
700.36376953125 318.38153076171875 729.6807098388672 318.38153076171875 729.6807098388672 364.1159896850586 700.36376953125 364.1159896850586
698.6480712890625 318.0029296875 728.2130241394043 318.0029296875 728.2130241394043 364.1242904663086 698.6480712890625 364.1242904663086
698.9197998046875 319.6056823730469 727.9400062561035 319.6056823730469 727.9400062561035 364.87723541259766 698.9197998046875 364.87723541259766
697.9373779296875 320.3656311035156 726.1920967102051 320.3656311035156 726.1920967102051 364.44301986694336 697.9373779296875 364.44301986694336
695.5426025390625 320.19635009765625 723.9082641601562 320.19635009765625 723.9082641601562 364.4468116760254 695.5426025390625 364.4468116760254
693.5532836914062 319.0816650390625 721.9539432525635 319.0816650390625 721.9539432525635 363.38672637939453 693.5532836914062 363.38672637939453
693.5479736328125 319.54840087890625 722.0062503814697 319.54840087890625 722.0062503814697 363.9433479309082 693.5479736328125 363.9433479309082
693.0020751953125 318.488037109375 721.2586822509766 318.488037109375 721.2586822509766 362.5683784484863 693.0020751953125 362.5683784484863
692.6834716796875 319.7571105957031 720.7675724029541 319.7571105957031 720.7675724029541 363.56834411621094 692.6834716796875 363.56834411621094
692.97216796875 321.2016296386719 720.7365169525146 321.2016296386719 720.7365169525146 364.5140495300293 692.97216796875 364.5140495300293
691.8316650390625 320.72998046875 719.2164764404297 320.72998046875 719.2164764404297 363.45032501220703 691.8316650390625 363.45032501220703
689.5607299804688 320.2251281738281 717.0128116607666 320.2251281738281 717.0128116607666 363.0504150390625 689.5607299804688 363.0504150390625
690.0315551757812 319.754150390625 717.8189811706543 319.754150390625 717.8189811706543 363.1025810241699 690.0315551757812 363.1025810241699
689.2371215820312 319.3924865722656 716.4204902648926 319.3924865722656 716.4204902648926 361.79858779907227 689.2371215820312 361.79858779907227
689.2728271484375 318.88641357421875 715.7978267669678 318.88641357421875 715.7978267669678 360.2654571533203 689.2728271484375 360.2654571533203
689.4835205078125 318.2210998535156 715.3994693756104 318.2210998535156 715.3994693756104 358.65002059936523 689.4835205078125 358.65002059936523
688.2833251953125 319.17779541015625 714.1399841308594 319.17779541015625 714.1399841308594 359.5142250061035 688.2833251953125 359.5142250061035
687.4388427734375 319.9247131347656 712.8739261627197 319.9247131347656 712.8739261627197 359.6034812927246 687.4388427734375 359.6034812927246
687.3161010742188 319.7369689941406 712.4848709106445 319.7369689941406 712.4848709106445 359.0002861022949 687.3161010742188 359.0002861022949
686.9295654296875 319.8701171875 712.5334224700928 319.8701171875 712.5334224700928 359.81217193603516 686.9295654296875 359.81217193603516
685.6957397460938 319.47845458984375 710.6579685211182 319.47845458984375 710.6579685211182 358.4195671081543 685.6957397460938 358.4195671081543
685.1480712890625 319.55963134765625 710.0591430664062 319.55963134765625 710.0591430664062 358.42093658447266 685.1480712890625 358.42093658447266
684.5516357421875 320.45440673828125 709.3106994628906 320.45440673828125 709.3106994628906 359.0785827636719 684.5516357421875 359.0785827636719
683.3970947265625 320.51092529296875 708.0772304534912 320.51092529296875 708.0772304534912 359.01197052001953 683.3970947265625 359.01197052001953
682.61376953125 319.4191589355469 707.1718902587891 319.4191589355469 707.1718902587891 357.7298583984375 682.61376953125 357.7298583984375
681.2801513671875 320.2854919433594 705.3886833190918 320.2854919433594 705.3886833190918 357.89483642578125 681.2801513671875 357.89483642578125
681.5111083984375 319.73760986328125 705.9415626525879 319.73760986328125 705.9415626525879 357.8491554260254 681.5111083984375 357.8491554260254
679.5888061523438 318.8509826660156 704.0279026031494 318.8509826660156 704.0279026031494 356.9760093688965 679.5888061523438 356.9760093688965
678.1781005859375 318.92266845703125 702.2126617431641 318.92266845703125 702.2126617431641 356.41661834716797 678.1781005859375 356.41661834716797
678.6485595703125 320.5484313964844 702.5717277526855 320.5484313964844 702.5717277526855 357.8686103820801 678.6485595703125 357.8686103820801
676.611328125 320.3858337402344 700.5697708129883 320.3858337402344 700.5697708129883 357.7610397338867 676.611328125 357.7610397338867
675.78564453125 320.12103271484375 699.8958282470703 320.12103271484375 699.8958282470703 357.7329521179199 675.78564453125 357.7329521179199
673.7361450195312 321.42681884765625 697.8634243011475 321.42681884765625 697.8634243011475 359.0654067993164 673.7361450195312 359.0654067993164
672.9503784179688 320.8163757324219 697.4667701721191 320.8163757324219 697.4667701721191 359.0619812011719 672.9503784179688 359.0619812011719
673.8323974609375 320.14605712890625 697.9960079193115 320.14605712890625 697.9960079193115 357.8413200378418 673.8323974609375 357.8413200378418
672.365234375 321.4898376464844 696.4201679229736 321.4898376464844 696.4201679229736 359.01556396484375 672.365234375 359.01556396484375
672.7091064453125 318.99371337890625 696.9733276367188 318.99371337890625 696.9733276367188 356.8459281921387 672.7091064453125 356.8459281921387
670.1993408203125 320.11199951171875 693.6975288391113 320.11199951171875 693.6975288391113 356.76920318603516 670.1993408203125 356.76920318603516
669.7630004882812 320.8861999511719 693.0602378845215 320.8861999511719 693.0602378845215 357.22991943359375 669.7630004882812 357.22991943359375
669.1279296875 318.7933044433594 692.8319301605225 318.7933044433594 692.8319301605225 355.7715721130371 669.1279296875 355.7715721130371
668.1066284179688 317.5503234863281 691.8864002227783 317.5503234863281 691.8864002227783 354.6467971801758 668.1066284179688 354.6467971801758
666.8912963867188 318.42535400390625 690.4619255065918 318.42535400390625 690.4619255065918 355.19556427001953 666.8912963867188 355.19556427001953
666.9952392578125 318.56732177734375 690.1771049499512 318.56732177734375 690.1771049499512 354.7310600280762 666.9952392578125 354.7310600280762
665.9346313476562 318.1112976074219 689.0433921813965 318.1112976074219 689.0433921813965 354.1609916687012 665.9346313476562 354.1609916687012
664.1376953125 319.01220703125 687.2526760101318 319.01220703125 687.2526760101318 355.07160568237305 664.1376953125 355.07160568237305
662.9708251953125 317.634521484375 686.4202976226807 317.634521484375 686.4202976226807 354.2157211303711 662.9708251953125 354.2157211303711
662.9638671875 318.027587890625 685.972583770752 318.027587890625 685.972583770752 353.9212074279785 662.9638671875 353.9212074279785
662.3739013671875 317.1980285644531 685.3935050964355 317.1980285644531 685.3935050964355 353.1086311340332 662.3739013671875 353.1086311340332
661.6143798828125 317.52471923828125 684.6019020080566 317.52471923828125 684.6019020080566 353.3852729797363 661.6143798828125 353.3852729797363
659.6854248046875 316.8575744628906 682.7572975158691 316.8575744628906 682.7572975158691 352.8497123718262 659.6854248046875 352.8497123718262
657.967529296875 315.0880432128906 681.3084964752197 315.0880432128906 681.3084964752197 351.4999694824219 657.967529296875 351.4999694824219
657.72412109375 315.65380859375 681.5977993011475 315.65380859375 681.5977993011475 352.89676666259766 657.72412109375 352.89676666259766
656.4073486328125 315.44921875 680.4303169250488 315.44921875 680.4303169250488 352.9250679016113 656.4073486328125 352.9250679016113
