368.0 155.0 394.0 155.0 394.0 198.0 368.0 198.0
369.83203125 156.3605194091797 394.1474494934082 156.3605194091797 394.1474494934082 198.85652923583984 369.83203125 198.85652923583984
370.4625244140625 157.55487060546875 395.05241203308105 157.55487060546875 395.05241203308105 198.04838180541992 370.4625244140625 198.04838180541992
370.51885986328125 157.7076416015625 395.3318290710449 157.7076416015625 395.3318290710449 199.51796340942383 370.51885986328125 199.51796340942383
372.8957214355469 155.5803680419922 398.8933506011963 155.5803680419922 398.8933506011963 198.57645416259766 372.8957214355469 198.57645416259766
375.52972412109375 155.360107421875 398.73247146606445 155.360107421875 398.73247146606445 199.05875396728516 375.52972412109375 199.05875396728516
376.99383544921875 155.9702911376953 399.92809104919434 155.9702911376953 399.92809104919434 198.51301956176758 376.99383544921875 198.51301956176758
380.1424560546875 157.25210571289062 403.1121196746826 157.25210571289062 403.1121196746826 204.24251556396484 380.1424560546875 204.24251556396484
382.1736755371094 157.22926330566406 406.8180332183838 157.22926330566406 406.8180332183838 203.38678359985352 382.1736755371094 203.38678359985352
383.5756530761719 157.68853759765625 408.73024559020996 157.68853759765625 408.73024559020996 202.43762588500977 383.5756530761719 202.43762588500977
385.35626220703125 159.11056518554688 410.04400634765625 159.11056518554688 410.04400634765625 201.55149459838867 385.35626220703125 201.55149459838867
385.5926513671875 157.78067016601562 411.370059967041 157.78067016601562 411.370059967041 201.77531814575195 385.5926513671875 201.77531814575195
386.96868896484375 158.07672119140625 412.8188533782959 158.07672119140625 412.8188533782959 202.36287307739258 386.96868896484375 202.36287307739258
388.5006408691406 158.45639038085938 414.8140754699707 158.45639038085938 414.8140754699707 202.34004592895508 388.5006408691406 202.34004592895508
390.1905517578125 159.0619354248047 415.97170066833496 159.0619354248047 415.97170066833496 202.71620559692383 390.1905517578125 202.71620559692383
391.4050598144531 159.531494140625 417.4121742248535 159.531494140625 417.4121742248535 202.18270111083984 391.4050598144531 202.18270111083984
394.0682373046875 158.5518341064453 420.1158027648926 158.5518341064453 420.1158027648926 201.39128875732422 394.0682373046875 201.39128875732422
396.5072326660156 160.31422424316406 421.81257820129395 160.31422424316406 421.81257820129395 202.67938613891602 396.5072326660156 202.67938613891602
398.8626708984375 161.9503631591797 424.8716335296631 161.9503631591797 424.8716335296631 202.55485153198242 398.8626708984375 202.55485153198242
401.40313720703125 159.40228271484375 427.11062240600586 159.40228271484375 427.11062240600586 202.09162521362305 401.40313720703125 202.09162521362305
402.8807067871094 158.44430541992188 428.84446716308594 158.44430541992188 428.84446716308594 201.38439178466797 402.8807067871094 201.38439178466797
404.961669921875 159.8922882080078 431.0926456451416 159.8922882080078 431.0926456451416 203.10892486572266 404.961669921875 203.10892486572266
404.76678466796875 159.5761260986328 431.17192459106445 159.5761260986328 431.17192459106445 203.24618530273438 404.76678466796875 203.24618530273438
406.0069274902344 159.8740234375 431.9327278137207 159.8740234375 431.9327278137207 202.75132369995117 406.0069274902344 202.75132369995117
406.960205078125 159.56661987304688 433.33537673950195 159.56661987304688 433.33537673950195 203.1871109008789 406.960205078125 203.1871109008789
407.48114013671875 160.37692260742188 433.43288230895996 160.37692260742188 433.43288230895996 203.29712677001953 407.48114013671875 203.29712677001953
408.1336364746094 160.10354614257812 434.0959014892578 160.10354614257812 434.0959014892578 203.0411491394043 408.1336364746094 203.0411491394043
409.981201171875 158.8478546142578 436.401123046875 158.8478546142578 436.401123046875 202.54235076904297 409.981201171875 202.54235076904297
409.59039306640625 160.82522583007812 436.2162055969238 160.82522583007812 436.2162055969238 205.06775665283203 409.59039306640625 205.06775665283203
409.3429260253906 161.69581604003906 435.13945960998535 161.69581604003906 435.13945960998535 205.7013168334961 409.3429260253906 205.7013168334961
409.58917236328125 161.11715698242188 435.56719398498535 161.11715698242188 435.56719398498535 205.11902236938477 409.58917236328125 205.11902236938477
408.04534912109375 160.95486450195312 435.3767395019531 160.95486450195312 435.3767395019531 206.30612182617188 408.04534912109375 206.30612182617188
406.4526062011719 161.14541625976562 433.49859619140625 161.14541625976562 433.49859619140625 205.68292999267578 406.4526062011719 205.68292999267578
406.80499267578125 161.23538208007812 434.5322666168213 161.23538208007812 434.5322666168213 205.94300079345703 406.80499267578125 205.94300079345703
406.9666748046875 161.71536254882812 433.9072456359863 161.71536254882812 433.9072456359863 206.14796447753906 406.9666748046875 206.14796447753906
407.96893310546875 162.8501739501953 433.8953094482422 162.8501739501953 433.8953094482422 205.83830642700195 407.96893310546875 205.83830642700195
407.25860595703125 163.94583129882812 434.169189453125 163.94583129882812 434.169189453125 207.44185638427734 407.25860595703125 207.44185638427734
408.58746337890625 164.47494506835938 434.4468574523926 164.47494506835938 434.4468574523926 206.14405822753906 408.58746337890625 206.14405822753906
408.134765625 162.9431915283203 434.7404441833496 162.9431915283203 434.7404441833496 206.74175262451172 408.134765625 206.74175262451172
409.1265563964844 162.1043701171875 435.6318607330322 162.1043701171875 435.6318607330322 206.28277206420898 409.1265563964844 206.28277206420898
407.48529052734375 163.0219268798828 435.3494071960449 163.0219268798828 435.3494071960449 207.68506240844727 407.48529052734375 207.68506240844727
407.45684814453125 164.94424438476562 434.64744567871094 164.94424438476562 434.64744567871094 207.35961151123047 407.45684814453125 207.35961151123047
406.26812744140625 164.1762237548828 434.5607204437256 164.1762237548828 434.5607204437256 207.5590934753418 406.26812744140625 207.5590934753418
405.5428466796875 163.1510467529297 434.53001976013184 163.1510467529297 434.53001976013184 206.25076293945312 405.5428466796875 206.25076293945312
406.04559326171875 162.69288635253906 434.3790473937988 162.69288635253906 434.3790473937988 207.3628158569336 406.04559326171875 207.3628158569336
407.1226501464844 164.4519805908203 435.55738830566406 164.4519805908203 435.55738830566406 208.70378875732422 407.1226501464844 208.70378875732422
409.05889892578125 165.5822296142578 435.98645973205566 165.5822296142578 435.98645973205566 208.33510971069336 409.05889892578125 208.33510971069336
409.78448486328125 165.25112915039062 437.20140647888184 165.25112915039062 437.20140647888184 207.16164016723633 409.78448486328125 207.16164016723633
411.84747314453125 164.9568328857422 438.20644187927246 164.9568328857422 438.20644187927246 207.7707748413086 411.84747314453125 207.7707748413086
412.9130859375 164.5790557861328 439.5189781188965 164.5790557861328 439.5189781188965 209.4294776916504 412.9130859375 209.4294776916504
412.5887145996094 163.66610717773438 441.1233425140381 163.66610717773438 441.1233425140381 208.77980422973633 412.5887145996094 208.77980422973633
414.09466552734375 162.50802612304688 442.801326751709 162.50802612304688 442.801326751709 207.95153045654297 414.09466552734375 207.95153045654297
414.90704345703125 164.79165649414062 443.6359157562256 164.79165649414062 443.6359157562256 209.2333641052246 414.90704345703125 209.2333641052246
416.89813232421875 165.14242553710938 445.20917320251465 165.14242553710938 445.20917320251465 209.08936309814453 416.89813232421875 209.08936309814453
418.54608154296875 161.86907958984375 446.4268093109131 161.86907958984375 446.4268093109131 207.97954559326172 418.54608154296875 207.97954559326172
419.33892822265625 165.29319763183594 448.4184818267822 165.29319763183594 448.4184818267822 210.71784210205078 419.33892822265625 210.71784210205078
421.8894958496094 166.8460235595703 450.38343811035156 166.8460235595703 450.38343811035156 211.40518951416016 421.8894958496094 211.40518951416016
422.95611572265625 167.81533813476562 452.1257266998291 167.81533813476562 452.1257266998291 210.7513198852539 422.95611572265625 210.7513198852539
426.123046875 166.97976684570312 455.28197860717773 166.97976684570312 455.28197860717773 210.66903686523438 426.123046875 210.66903686523438
426.5332946777344 165.5807647705078 455.6773262023926 165.5807647705078 455.6773262023926 210.86591339111328 426.5332946777344 210.86591339111328
428.558837890625 164.6180877685547 457.6481018066406 164.6180877685547 457.6481018066406 210.8988914489746 428.558837890625 210.8988914489746
430.06005859375 165.89535522460938 458.8665199279785 165.89535522460938 458.8665199279785 212.36395263671875 430.06005859375 212.36395263671875
430.913330078125 167.6704864501953 459.06206703186035 167.6704864501953 459.06206703186035 213.84635543823242 430.913330078125 213.84635543823242
431.9562072753906 164.5862274169922 460.1927604675293 164.5862274169922 460.1927604675293 211.06697845458984 431.9562072753906 211.06697845458984
433.2958068847656 165.30543518066406 461.3528480529785 165.30543518066406 461.3528480529785 210.80379486083984 433.2958068847656 210.80379486083984
434.08099365234375 163.74661254882812 461.34356117248535 163.74661254882812 461.34356117248535 208.8347396850586 434.08099365234375 208.8347396850586
436.507568359375 165.72088623046875 463.26275634765625 165.72088623046875 463.26275634765625 209.96988677978516 436.507568359375 209.96988677978516
439.99310302734375 165.88104248046875 466.58600997924805 165.88104248046875 466.58600997924805 209.86165618896484 439.99310302734375 209.86165618896484
441.2666015625 167.24853515625 468.4413242340088 167.24853515625 468.4413242340088 209.55338287353516 441.2666015625 209.55338287353516
443.230224609375 165.6842498779297 470.1481533050537 165.6842498779297 470.1481533050537 210.20240020751953 443.230224609375 210.20240020751953
444.721923828125 164.7175750732422 471.9378852844238 164.7175750732422 471.9378852844238 209.72863006591797 444.721923828125 209.72863006591797
445.95977783203125 165.5145721435547 473.1484565734863 165.5145721435547 473.1484565734863 210.48050689697266 445.95977783203125 210.48050689697266
446.735595703125 166.5488739013672 473.92962646484375 166.5488739013672 473.92962646484375 211.52366638183594 446.735595703125 211.52366638183594
447.7088928222656 166.86093139648438 475.0997314453125 166.86093139648438 475.0997314453125 212.16121673583984 447.7088928222656 212.16121673583984
449.3619079589844 165.3539581298828 476.5559539794922 165.3539581298828 476.5559539794922 210.3287811279297 449.3619079589844 210.3287811279297
450.52716064453125 166.8658447265625 477.7771797180176 166.8658447265625 477.7771797180176 211.93323516845703 450.52716064453125 211.93323516845703
453.42669677734375 165.52101135253906 481.2701663970947 165.52101135253906 481.2701663970947 211.56987762451172 453.42669677734375 211.56987762451172
455.0909729003906 167.09915161132812 483.38176345825195 167.09915161132812 483.38176345825195 211.73752975463867 455.0909729003906 211.73752975463867
456.181640625 168.32574462890625 484.7391700744629 168.32574462890625 484.7391700744629 211.79747772216797 456.181640625 211.79747772216797
457.9452209472656 165.14144897460938 484.9485378265381 165.14144897460938 484.9485378265381 209.80082321166992 457.9452209472656 209.80082321166992
459.90313720703125 164.21334838867188 486.59413719177246 164.21334838867188 486.59413719177246 208.35619354248047 459.90313720703125 208.35619354248047
460.79443359375 163.4482421875 487.9432067871094 163.4482421875 487.9432067871094 208.34817123413086 460.79443359375 208.34817123413086
462.6689453125 166.22781372070312 489.63078689575195 166.22781372070312 489.63078689575195 210.81858444213867 462.6689453125 210.81858444213867
463.455078125 166.3360137939453 490.23565673828125 166.3360137939453 490.23565673828125 210.62700271606445 463.455078125 210.62700271606445
465.42730712890625 167.87655639648438 492.13849449157715 167.87655639648438 492.13849449157715 212.05278396606445 465.42730712890625 212.05278396606445
466.4254455566406 164.80343627929688 493.4696464538574 164.80343627929688 493.4696464538574 209.5304183959961 466.4254455566406 209.5304183959961
467.980712890625 165.5269317626953 495.316930770874 165.5269317626953 495.316930770874 210.7368621826172 467.980712890625 210.7368621826172
469.33599853515625 164.44790649414062 496.8744468688965 164.44790649414062 496.8744468688965 209.9922981262207 469.33599853515625 209.9922981262207
472.62841796875 164.89788818359375 500.2432289123535 164.89788818359375 500.2432289123535 210.56857299804688 472.62841796875 210.56857299804688
472.350830078125 165.1060028076172 500.0932159423828 165.1060028076172 500.0932159423828 210.98767852783203 472.350830078125 210.98767852783203
470.363037109375 163.52847290039062 498.2897090911865 163.52847290039062 498.2897090911865 209.71492767333984 470.363037109375 209.71492767333984
474.52655029296875 168.1560821533203 502.16547203063965 168.1560821533203 502.16547203063965 213.86663818359375 474.52655029296875 213.86663818359375
474.93292236328125 166.12802124023438 502.14145851135254 166.12802124023438 502.14145851135254 211.12677764892578 474.93292236328125 211.12677764892578
475.3846130371094 166.86119079589844 502.75812911987305 166.86119079589844 502.75812911987305 212.13280487060547 475.3846130371094 212.13280487060547
477.5154724121094 166.35768127441406 505.17001724243164 166.35768127441406 505.17001724243164 211.40840911865234 477.5154724121094 211.40840911865234
479.33453369140625 168.55776977539062 506.838415145874 168.55776977539062 506.838415145874 211.91551971435547 479.33453369140625 211.91551971435547
480.47369384765625 164.76539611816406 507.5316505432129 164.76539611816406 507.5316505432129 209.51512145996094 480.47369384765625 209.51512145996094
481.33428955078125 167.2327117919922 508.7455081939697 167.2327117919922 508.7455081939697 210.94408798217773 481.33428955078125 210.94408798217773
483.51251220703125 170.81158447265625 510.9037685394287 170.81158447265625 510.9037685394287 214.29092407226562 483.51251220703125 214.29092407226562
483.16461181640625 170.17312622070312 511.4240779876709 170.17312622070312 511.4240779876709 212.02685928344727 483.16461181640625 212.02685928344727
483.94195556640625 172.10653686523438 512.045446395874 172.10653686523438 512.045446395874 214.30092239379883 483.94195556640625 214.30092239379883
482.2689514160156 169.67776489257812 510.9682559967041 169.67776489257812 510.9682559967041 211.90705108642578 482.2689514160156 211.90705108642578
484.05804443359375 171.13497924804688 512.1828880310059 171.13497924804688 512.1828880310059 213.36462020874023 484.05804443359375 213.36462020874023
486.4598083496094 172.78768920898438 514.1535301208496 172.78768920898438 514.1535301208496 213.63372039794922 486.4598083496094 213.63372039794922
488.4737243652344 170.27810668945312 514.4957847595215 170.27810668945312 514.4957847595215 213.31461715698242 488.4737243652344 213.31461715698242
489.19512939453125 170.53451538085938 515.0932559967041 170.53451538085938 515.0932559967041 213.36605834960938 489.19512939453125 213.36605834960938
490.63604736328125 170.0185546875 516.5309505462646 170.0185546875 516.5309505462646 212.84476852416992 490.63604736328125 212.84476852416992
489.407958984375 170.36062622070312 515.7131900787354 170.36062622070312 515.7131900787354 212.30830001831055 489.407958984375 212.30830001831055
490.025634765625 169.9100799560547 515.9753532409668 169.9100799560547 515.9753532409668 212.82695770263672 490.025634765625 212.82695770263672
488.82415771484375 170.2587890625 515.0395908355713 170.2587890625 515.0395908355713 213.61511611938477 488.82415771484375 213.61511611938477
489.70391845703125 172.68728637695312 517.039794921875 172.68728637695312 517.039794921875 214.59717559814453 489.70391845703125 214.59717559814453
492.4310607910156 176.2290802001953 520.5243949890137 176.2290802001953 520.5243949890137 217.77350234985352 492.4310607910156 217.77350234985352
491.3168029785156 172.2195587158203 518.4107933044434 172.2195587158203 518.4107933044434 217.0288848876953 491.3168029785156 217.0288848876953
493.3388671875 173.66421508789062 521.0770835876465 173.66421508789062 521.0770835876465 219.53899383544922 493.3388671875 219.53899383544922
495.16497802734375 175.16636657714844 523.2655372619629 175.16636657714844 523.2655372619629 219.6810646057129 495.16497802734375 219.6810646057129
497.5809020996094 174.9335174560547 525.0886192321777 174.9335174560547 525.0886192321777 220.4270896911621 497.5809020996094 220.4270896911621
498.82391357421875 171.88172912597656 526.8800868988037 171.88172912597656 526.8800868988037 218.28236389160156 498.82391357421875 218.28236389160156
501.2235412597656 172.18661499023438 529.7203712463379 172.18661499023438 529.7203712463379 219.3160285949707 501.2235412597656 219.3160285949707
500.3013610839844 173.4788360595703 529.0058650970459 173.4788360595703 529.0058650970459 220.95171737670898 500.3013610839844 220.95171737670898
500.7259826660156 178.11289978027344 530.3500671386719 178.11289978027344 530.3500671386719 223.78967666625977 500.7259826660156 223.78967666625977
503.1459045410156 175.66246032714844 532.2277374267578 175.66246032714844 532.2277374267578 223.75938415527344 503.1459045410156 223.75938415527344
502.20660400390625 175.23800659179688 532.1560573577881 175.23800659179688 532.1560573577881 222.05399703979492 502.20660400390625 222.05399703979492
504.7232971191406 173.1322021484375 534.5263423919678 173.1322021484375 534.5263423919678 220.76981353759766 504.7232971191406 220.76981353759766
505.159912109375 171.7178497314453 533.9100646972656 171.7178497314453 533.9100646972656 219.26621627807617 505.159912109375 219.26621627807617
505.85394287109375 172.28587341308594 534.7097415924072 172.28587341308594 534.7097415924072 220.00896453857422 505.85394287109375 220.00896453857422
506.50482177734375 173.62319946289062 535.9302730560303 173.62319946289062 535.9302730560303 219.52336502075195 506.50482177734375 219.52336502075195
508.5206604003906 171.28787231445312 536.4713497161865 171.28787231445312 536.4713497161865 217.5140495300293 508.5206604003906 217.5140495300293
507.5807189941406 173.21029663085938 535.6063652038574 173.21029663085938 535.6063652038574 219.56044387817383 507.5807189941406 219.56044387817383
509.68963623046875 173.64004516601562 537.5279903411865 173.64004516601562 537.5279903411865 218.44306564331055 509.68963623046875 218.44306564331055
510.5025329589844 172.97561645507812 537.7046451568604 172.97561645507812 537.7046451568604 217.96376419067383 510.5025329589844 217.96376419067383
512.2301635742188 172.7940216064453 539.4244117736816 172.7940216064453 539.4244117736816 217.76916122436523 512.2301635742188 217.76916122436523
512.8531494140625 173.91644287109375 539.9514122009277 173.91644287109375 539.9514122009277 218.73284149169922 512.8531494140625 218.73284149169922
517.0179443359375 174.751708984375 544.1044654846191 174.751708984375 544.1044654846191 219.5486831665039 517.0179443359375 219.5486831665039
517.8900146484375 177.3949737548828 545.6096305847168 177.3949737548828 545.6096305847168 220.63431549072266 517.8900146484375 220.63431549072266
520.7144775390625 178.91168212890625 547.915002822876 178.91168212890625 547.915002822876 221.92931365966797 520.7144775390625 221.92931365966797
521.3428955078125 178.30783081054688 549.0110473632812 178.30783081054688 549.0110473632812 222.86966705322266 521.3428955078125 222.86966705322266
522.2210693359375 178.27474975585938 549.748119354248 178.27474975585938 549.748119354248 223.80030059814453 522.2210693359375 223.80030059814453
522.7507934570312 178.7958526611328 550.2220916748047 178.7958526611328 550.2220916748047 222.85987091064453 522.7507934570312 222.85987091064453
523.8936767578125 177.35763549804688 550.9466667175293 177.35763549804688 550.9466667175293 222.09915924072266 523.8936767578125 222.09915924072266
525.4933471679688 177.75477600097656 552.1800689697266 177.75477600097656 552.1800689697266 221.89055252075195 525.4933471679688 221.89055252075195
526.3616943359375 180.21316528320312 553.4220695495605 180.21316528320312 553.4220695495605 224.9669075012207 526.3616943359375 224.9669075012207
526.9297485351562 179.73898315429688 554.215576171875 179.73898315429688 554.215576171875 224.86559295654297 526.9297485351562 224.86559295654297
528.9383544921875 183.97425842285156 556.4667301177979 183.97425842285156 556.4667301177979 229.00880432128906 528.9383544921875 229.00880432128906
529.76171875 182.4583740234375 557.5854244232178 182.4583740234375 557.5854244232178 228.47455596923828 529.76171875 228.47455596923828
530.4837646484375 186.90972900390625 559.358814239502 186.90972900390625 559.358814239502 233.44666290283203 530.4837646484375 233.44666290283203
530.7528076171875 187.02244567871094 559.9629020690918 187.02244567871094 559.9629020690918 233.47699737548828 530.7528076171875 233.47699737548828
529.3377685546875 185.34542846679688 558.3967170715332 185.34542846679688 558.3967170715332 232.83316040039062 529.3377685546875 232.83316040039062
530.3114624023438 182.22193908691406 559.3788814544678 182.22193908691406 559.3788814544678 230.29505157470703 530.3114624023438 230.29505157470703
531.7138061523438 180.6493377685547 561.4158229827881 180.6493377685547 561.4158229827881 228.80141830444336 531.7138061523438 228.80141830444336
531.63818359375 181.9083709716797 562.1221008300781 181.9083709716797 562.1221008300781 229.83342742919922 531.63818359375 229.83342742919922
534.52490234375 185.21060180664062 564.6050777435303 185.21060180664062 564.6050777435303 230.48936080932617 534.52490234375 230.48936080932617
534.69140625 185.1094512939453 565.9143371582031 185.1094512939453 565.9143371582031 231.4065818786621 534.69140625 231.4065818786621
537.1851806640625 183.7808837890625 567.664306640625 183.7808837890625 567.664306640625 232.91164016723633 537.1851806640625 232.91164016723633
538.3804931640625 184.8361053466797 569.4300537109375 184.8361053466797 569.4300537109375 233.90222930908203 538.3804931640625 233.90222930908203
538.5308837890625 189.64501953125 570.3952026367188 189.64501953125 570.3952026367188 238.39008331298828 538.5308837890625 238.39008331298828
538.130126953125 189.8312530517578 570.7988929748535 189.8312530517578 570.7988929748535 237.55657577514648 538.130126953125 237.55657577514648
539.3977661132812 186.95411682128906 572.1067886352539 186.95411682128906 572.1067886352539 237.2250633239746 539.3977661132812 237.2250633239746
538.880859375 186.7043914794922 572.4275703430176 186.7043914794922 572.4275703430176 236.5012435913086 538.880859375 236.5012435913086
538.5533447265625 187.760986328125 571.3659896850586 187.760986328125 571.3659896850586 238.3746566772461 538.5533447265625 238.3746566772461
515.03955078125 187.85243225097656 547.2974014282227 187.85243225097656 547.2974014282227 241.20204162597656 515.03955078125 241.20204162597656
477.40576171875 181.84548950195312 509.3581428527832 181.84548950195312 509.3581428527832 234.68989944458008 477.40576171875 234.68989944458008
430.9361267089844 187.7775421142578 462.7662467956543 187.7775421142578 462.7662467956543 240.4197540283203 430.9361267089844 240.4197540283203
378.01226806640625 192.0512237548828 412.2515640258789 192.0512237548828 412.2515640258789 235.7554473876953 378.01226806640625 235.7554473876953
356.6183776855469 192.01651000976562 387.90700912475586 192.01651000976562 387.90700912475586 243.76317596435547 356.6183776855469 243.76317596435547
310.4148864746094 193.22714233398438 344.06433868408203 193.22714233398438 344.06433868408203 238.36997604370117 310.4148864746094 238.36997604370117
309.1888122558594 194.9644012451172 343.0627212524414 194.9644012451172 343.0627212524414 238.3415756225586 309.1888122558594 238.3415756225586
309.28125 195.43643188476562 340.4371852874756 195.43643188476562 340.4371852874756 242.29141235351562 309.28125 242.29141235351562
308.1924743652344 193.3757781982422 341.71400451660156 193.3757781982422 341.71400451660156 239.75154876708984 308.1924743652344 239.75154876708984
310.1587219238281 194.9130859375 343.6489143371582 194.9130859375 343.6489143371582 242.99152755737305 310.1587219238281 242.99152755737305
310.70574951171875 194.53042602539062 344.1145362854004 194.53042602539062 344.1145362854004 241.8851547241211 310.70574951171875 241.8851547241211
311.31689453125 193.60984802246094 343.8206787109375 193.60984802246094 343.8206787109375 243.47766876220703 311.31689453125 243.47766876220703
312.96343994140625 196.7757110595703 345.0852584838867 196.7757110595703 345.0852584838867 245.52587890625 312.96343994140625 245.52587890625
311.9642333984375 194.1575927734375 344.00677490234375 194.1575927734375 344.00677490234375 242.81252670288086 311.9642333984375 242.81252670288086
310.4097900390625 193.98098754882812 342.90583419799805 193.98098754882812 342.90583419799805 242.09560012817383 310.4097900390625 242.09560012817383
311.7789306640625 195.71994018554688 343.67222023010254 195.71994018554688 343.67222023010254 245.1460189819336 311.7789306640625 245.1460189819336
311.465576171875 194.64022827148438 344.20076751708984 194.64022827148438 344.20076751708984 243.23775100708008 311.465576171875 243.23775100708008
314.11798095703125 190.8914337158203 345.8511543273926 190.8914337158203 345.8511543273926 242.2821388244629 314.11798095703125 242.2821388244629
314.3258361816406 192.00917053222656 345.6731872558594 192.00917053222656 345.6731872558594 243.85296249389648 314.3258361816406 243.85296249389648
315.23468017578125 192.97213745117188 347.1084041595459 192.97213745117188 347.1084041595459 243.86969757080078 315.23468017578125 243.86969757080078
317.16888427734375 192.0343475341797 348.3346309661865 192.0343475341797 348.3346309661865 243.57779693603516 317.16888427734375 243.57779693603516
317.3396911621094 192.32276916503906 348.3994655609131 192.32276916503906 348.3994655609131 243.69095611572266 317.3396911621094 243.69095611572266
317.68328857421875 192.5067901611328 348.9117679595947 192.5067901611328 348.9117679595947 244.15398788452148 317.68328857421875 244.15398788452148
317.67718505859375 193.69149780273438 348.53844261169434 193.69149780273438 348.53844261169434 244.73136520385742 317.67718505859375 244.73136520385742
318.3304443359375 194.4431915283203 349.30866622924805 194.4431915283203 349.30866622924805 244.50272369384766 318.3304443359375 244.50272369384766
318.32757568359375 193.40513610839844 349.4371643066406 193.40513610839844 349.4371643066406 244.85570907592773 318.32757568359375 244.85570907592773
320.5959777832031 196.68247985839844 352.2724304199219 196.68247985839844 352.2724304199219 246.1645050048828 320.5959777832031 246.1645050048828
321.90716552734375 194.99314880371094 352.80102157592773 194.99314880371094 352.80102157592773 246.0869369506836 321.90716552734375 246.0869369506836
326.1072692871094 197.4786376953125 357.4403076171875 197.4786376953125 357.4403076171875 246.66849517822266 326.1072692871094 246.66849517822266
325.9602355957031 193.682861328125 356.6114845275879 193.682861328125 356.6114845275879 244.37540817260742 325.9602355957031 244.37540817260742
326.58453369140625 195.0957794189453 357.23015785217285 195.0957794189453 357.23015785217285 244.92732620239258 326.58453369140625 244.92732620239258
327.46295166015625 196.7245635986328 357.9605255126953 196.7245635986328 357.9605255126953 245.51360321044922 327.46295166015625 245.51360321044922
326.85504150390625 200.3539581298828 357.86590576171875 200.3539581298828 357.86590576171875 247.35705184936523 326.85504150390625 247.35705184936523
326.6856994628906 195.2932891845703 356.6117706298828 195.2932891845703 356.6117706298828 244.78650283813477 326.6856994628906 244.78650283813477
329.0672607421875 201.8385772705078 358.22280502319336 201.8385772705078 358.22280502319336 247.40937042236328 329.0672607421875 247.40937042236328
329.0246887207031 200.9212646484375 358.3782444000244 200.9212646484375 358.3782444000244 248.0895881652832 329.0246887207031 248.0895881652832
327.68621826171875 200.26744079589844 357.2835750579834 200.26744079589844 357.2835750579834 247.99341583251953 327.68621826171875 247.99341583251953
329.58587646484375 201.19772338867188 358.7342891693115 201.19772338867188 358.7342891693115 247.84044647216797 329.58587646484375 247.84044647216797
329.5007629394531 199.59144592285156 359.30360984802246 199.59144592285156 359.30360984802246 245.7542495727539 329.5007629394531 245.7542495727539
329.5683898925781 200.53204345703125 359.194299697876 200.53204345703125 359.194299697876 246.48280334472656 329.5683898925781 246.48280334472656
328.40155029296875 200.97743225097656 358.00718688964844 200.97743225097656 358.00718688964844 245.89458465576172 328.40155029296875 245.89458465576172
329.57928466796875 201.40504455566406 358.0698127746582 201.40504455566406 358.0698127746582 246.1795997619629 329.57928466796875 246.1795997619629
328.51422119140625 199.25045776367188 358.3618469238281 199.25045776367188 358.3618469238281 248.18354034423828 328.51422119140625 248.18354034423828
330.49249267578125 200.38693237304688 359.9888610839844 200.38693237304688 359.9888610839844 248.0654525756836 330.49249267578125 248.0654525756836
329.5328063964844 201.13674926757812 358.8809394836426 201.13674926757812 358.8809394836426 247.7049674987793 329.5328063964844 247.7049674987793
329.77728271484375 197.38406372070312 359.19593811035156 197.38406372070312 359.19593811035156 243.07891845703125 329.77728271484375 243.07891845703125
329.0758056640625 199.92678833007812 358.30422019958496 199.92678833007812 358.30422019958496 247.66268920898438 329.0758056640625 247.66268920898438
328.00140380859375 199.6230926513672 358.2149658203125 199.6230926513672 358.2149658203125 247.4663963317871 328.00140380859375 247.4663963317871
327.40240478515625 199.85791015625 357.6292419433594 199.85791015625 357.6292419433594 248.02103424072266 327.40240478515625 248.02103424072266
328.5658264160156 199.23611450195312 358.6204719543457 199.23611450195312 358.6204719543457 247.85927200317383 328.5658264160156 247.85927200317383
330.1905822753906 200.09915161132812 360.274600982666 200.09915161132812 360.274600982666 248.86046981811523 330.1905822753906 248.86046981811523
328.52166748046875 203.02650451660156 358.5291385650635 203.02650451660156 358.5291385650635 250.72491455078125 328.52166748046875 250.72491455078125
329.0003356933594 203.07070922851562 358.3268280029297 203.07070922851562 358.3268280029297 249.22784042358398 329.0003356933594 249.22784042358398
329.5138244628906 204.78121948242188 358.2560977935791 204.78121948242188 358.2560977935791 249.62298965454102 329.5138244628906 249.62298965454102
328.08294677734375 203.85787963867188 356.7303581237793 203.85787963867188 356.7303581237793 248.14423751831055 328.08294677734375 248.14423751831055
329.5047912597656 201.91720581054688 357.6178169250488 201.91720581054688 357.6178169250488 246.73094940185547 329.5047912597656 246.73094940185547
330.47698974609375 199.9051971435547 358.43076515197754 199.9051971435547 358.43076515197754 246.13652801513672 330.47698974609375 246.13652801513672
328.5896911621094 201.16049194335938 356.6185665130615 201.16049194335938 356.6185665130615 247.51602935791016 328.5896911621094 247.51602935791016
331.1210632324219 204.610595703125 359.814510345459 204.610595703125 359.814510345459 249.36602020263672 331.1210632324219 249.36602020263672
335.4671325683594 206.7495880126953 363.47161293029785 206.7495880126953 363.47161293029785 251.1849708557129 335.4671325683594 251.1849708557129
336.0520324707031 208.42056274414062 364.09596252441406 208.42056274414062 364.09596252441406 254.80100631713867 336.0520324707031 254.80100631713867
303.4581604003906 217.3325958251953 331.5655822753906 217.3325958251953 331.5655822753906 263.8180503845215 303.4581604003906 263.8180503845215
267.5547790527344 225.48397827148438 295.77784156799316 225.48397827148438 295.77784156799316 272.1606864929199 267.5547790527344 272.1606864929199
256.1416015625 228.75247192382812 284.81645584106445 228.75247192382812 284.81645584106445 276.1763801574707 256.1416015625 276.1763801574707
260.9530029296875 268.75286865234375 290.04326248168945 268.75286865234375 290.04326248168945 316.8637924194336 260.9530029296875 316.8637924194336
264.8335876464844 269.6524963378906 293.8821601867676 269.6524963378906 293.8821601867676 318.94725799560547 264.8335876464844 318.94725799560547
259.60394287109375 270.1811828613281 289.5347709655762 270.1811828613281 289.5347709655762 319.68227767944336 259.60394287109375 319.68227767944336
263.2587585449219 269.7116394042969 292.55681228637695 269.7116394042969 292.55681228637695 317.9776840209961 263.2587585449219 317.9776840209961
261.64886474609375 274.02301025390625 291.6355381011963 274.02301025390625 291.6355381011963 323.9976806640625 261.64886474609375 323.9976806640625
261.7811584472656 271.12261962890625 290.67865562438965 271.12261962890625 290.67865562438965 321.0582809448242 261.7811584472656 321.0582809448242
262.5553283691406 270.445068359375 292.7302665710449 270.445068359375 292.7302665710449 321.3813819885254 262.5553283691406 321.3813819885254
266.37017822265625 268.42669677734375 296.65000343322754 268.42669677734375 296.65000343322754 318.50498962402344 266.37017822265625 318.50498962402344
256.4930419921875 245.07382202148438 287.0812282562256 245.07382202148438 287.0812282562256 295.66210174560547 256.4930419921875 295.66210174560547
262.97467041015625 262.45623779296875 293.4365425109863 262.45623779296875 293.4365425109863 312.83560943603516 262.97467041015625 312.83560943603516
261.27618408203125 248.031494140625 291.5463218688965 248.031494140625 291.5463218688965 298.0937690734863 261.27618408203125 298.0937690734863
268.4436950683594 252.8426513671875 299.0134582519531 252.8426513671875 299.0134582519531 303.4004669189453 268.4436950683594 303.4004669189453
262.708984375 263.0244445800781 293.177001953125 263.0244445800781 293.177001953125 313.38643646240234 262.708984375 313.38643646240234
262.2916564941406 268.642822265625 291.6658515930176 268.642822265625 291.6658515930176 318.8773994445801 262.2916564941406 318.8773994445801
260.6776123046875 267.5290832519531 290.91942405700684 267.5290832519531 290.91942405700684 316.575740814209 260.6776123046875 316.575740814209
259.1454772949219 267.31256103515625 290.5187873840332 267.31256103515625 290.5187873840332 317.62482833862305 259.1454772949219 317.62482833862305
259.54486083984375 269.0702209472656 289.15009117126465 269.0702209472656 289.15009117126465 317.51899337768555 259.54486083984375 317.51899337768555
260.7016906738281 269.029541015625 291.2007694244385 269.029541015625 291.2007694244385 320.62336349487305 260.7016906738281 320.62336349487305
262.25054931640625 269.69647216796875 292.4468078613281 269.69647216796875 292.4468078613281 319.5994186401367 262.25054931640625 319.5994186401367
260.48370361328125 268.95001220703125 292.2303066253662 268.95001220703125 292.2303066253662 321.45415115356445 260.48370361328125 321.45415115356445
261.40753173828125 268.49493408203125 293.72696685791016 268.49493408203125 293.72696685791016 321.9464530944824 261.40753173828125 321.9464530944824
261.34820556640625 268.2312316894531 291.36595153808594 268.2312316894531 291.36595153808594 319.3763427734375 261.34820556640625 319.3763427734375
264.5622253417969 266.38751220703125 294.978271484375 266.38751220703125 294.978271484375 315.4475631713867 264.5622253417969 315.4475631713867
261.0270690917969 266.48095703125 291.50043869018555 266.48095703125 291.50043869018555 315.3854179382324 261.0270690917969 315.3854179382324
263.3264465332031 266.1639099121094 292.89171409606934 266.1639099121094 292.89171409606934 316.35790634155273 263.3264465332031 316.35790634155273
263.65673828125 267.8117980957031 292.4835662841797 267.8117980957031 292.4835662841797 318.5643081665039 263.65673828125 318.5643081665039
264.7881774902344 269.8804016113281 293.7039432525635 269.8804016113281 293.7039432525635 320.53649520874023 264.7881774902344 320.53649520874023
263.99371337890625 268.3907470703125 293.1205234527588 268.3907470703125 293.1205234527588 315.56302642822266 263.99371337890625 315.56302642822266
259.3529052734375 267.00506591796875 290.3424892425537 267.00506591796875 290.3424892425537 318.2572212219238 259.3529052734375 318.2572212219238
259.763427734375 266.19512939453125 288.86853981018066 266.19512939453125 288.86853981018066 315.35871505737305 259.763427734375 315.35871505737305
259.88372802734375 267.177734375 289.11484146118164 267.177734375 289.11484146118164 317.19278717041016 259.88372802734375 317.19278717041016
261.9671630859375 270.23583984375 291.9792671203613 270.23583984375 291.9792671203613 320.42713165283203 261.9671630859375 320.42713165283203
263.013671875 269.7528076171875 293.26416397094727 269.7528076171875 293.26416397094727 319.05427169799805 263.013671875 319.05427169799805
261.30780029296875 266.5152282714844 291.4379482269287 266.5152282714844 291.4379482269287 318.3258247375488 261.30780029296875 318.3258247375488
263.54547119140625 266.41021728515625 292.95355796813965 266.41021728515625 292.95355796813965 316.9469184875488 263.54547119140625 316.9469184875488
265.7998962402344 267.11688232421875 297.1181697845459 267.11688232421875 297.1181697845459 318.2698860168457 265.7998962402344 318.2698860168457
262.32818603515625 265.40472412109375 293.692663192749 265.40472412109375 293.692663192749 317.76099395751953 262.32818603515625 317.76099395751953
260.12579345703125 263.9295654296875 291.8218879699707 263.9295654296875 291.8218879699707 314.9943046569824 260.12579345703125 314.9943046569824
259.24346923828125 265.25616455078125 291.44929122924805 265.25616455078125 291.44929122924805 318.05249786376953 259.24346923828125 318.05249786376953
259.8515319824219 264.1461181640625 291.7489013671875 264.1461181640625 291.7489013671875 316.22417068481445 259.8515319824219 316.22417068481445
258.6420593261719 264.86663818359375 290.5545997619629 264.86663818359375 290.5545997619629 317.4389877319336 258.6420593261719 317.4389877319336
258.6996154785156 263.6396484375 290.00038146972656 263.6396484375 290.00038146972656 314.6259078979492 258.6996154785156 314.6259078979492
258.6402893066406 265.08538818359375 290.3787841796875 265.08538818359375 290.3787841796875 317.59732818603516 258.6402893066406 317.59732818603516
256.6029357910156 265.53558349609375 288.91919326782227 265.53558349609375 288.91919326782227 316.5970268249512 256.6029357910156 316.5970268249512
256.3379211425781 264.97021484375 289.0928077697754 264.97021484375 289.0928077697754 316.7990531921387 256.3379211425781 316.7990531921387
257.3909912109375 265.4407653808594 288.486852645874 265.4407653808594 288.486852645874 317.8849067687988 257.3909912109375 317.8849067687988
257.93646240234375 265.9562683105469 289.3266716003418 265.9562683105469 289.3266716003418 318.8502311706543 257.93646240234375 318.8502311706543
260.58367919921875 266.05670166015625 291.39068031311035 266.05670166015625 291.39068031311035 318.32706451416016 260.58367919921875 318.32706451416016
261.0428161621094 265.947021484375 291.99188232421875 265.947021484375 291.99188232421875 316.73257064819336 261.0428161621094 316.73257064819336
258.4368591308594 265.3852844238281 288.8714237213135 265.3852844238281 288.8714237213135 317.5146598815918 258.4368591308594 317.5146598815918
257.6648254394531 265.1915588378906 288.88390159606934 265.1915588378906 288.88390159606934 317.3798522949219 257.6648254394531 317.3798522949219
258.4376525878906 264.18243408203125 290.2337226867676 264.18243408203125 290.2337226867676 316.1313285827637 258.4376525878906 316.1313285827637
254.7637481689453 265.50006103515625 286.4253349304199 265.50006103515625 286.4253349304199 318.81683349609375 254.7637481689453 318.81683349609375
258.16192626953125 264.250732421875 290.7011032104492 264.250732421875 290.7011032104492 314.9289779663086 258.16192626953125 314.9289779663086
254.2414093017578 264.5419006347656 287.5903205871582 264.5419006347656 287.5903205871582 317.94652557373047 254.2414093017578 317.94652557373047
251.87301635742188 237.3241729736328 285.5444526672363 237.3241729736328 285.5444526672363 293.01171112060547 251.87301635742188 293.01171112060547
254.85940551757812 222.1923828125 287.95755767822266 222.1923828125 287.95755767822266 274.8650932312012 254.85940551757812 274.8650932312012
255.21109008789062 223.0220489501953 286.7821102142334 223.0220489501953 286.7821102142334 275.47326278686523 255.21109008789062 275.47326278686523
255.8115997314453 223.1516876220703 287.3527889251709 223.1516876220703 287.3527889251709 275.71407318115234 255.8115997314453 275.71407318115234
257.05987548828125 222.9637908935547 288.704626083374 222.9637908935547 288.704626083374 275.9173812866211 257.05987548828125 275.9173812866211
259.345947265625 222.42626953125 289.9469108581543 222.42626953125 289.9469108581543 275.2418212890625 259.345947265625 275.2418212890625
259.25238037109375 221.4647216796875 290.39272117614746 221.4647216796875 290.39272117614746 274.3138732910156 259.25238037109375 274.3138732910156
259.43450927734375 222.01504516601562 290.838342666626 222.01504516601562 290.838342666626 273.6705322265625 259.43450927734375 273.6705322265625
259.6514892578125 220.51364135742188 291.82302474975586 220.51364135742188 291.82302474975586 272.7340621948242 259.6514892578125 272.7340621948242
257.794677734375 221.3427734375 289.24294662475586 221.3427734375 289.24294662475586 273.4433403015137 257.794677734375 273.4433403015137
257.284423828125 222.89187622070312 289.3344612121582 222.89187622070312 289.3344612121582 276.334716796875 257.284423828125 276.334716796875
254.5670166015625 221.7740020751953 286.76102447509766 221.7740020751953 286.76102447509766 273.27988052368164 254.5670166015625 273.27988052368164
255.28848266601562 221.98855590820312 287.880802154541 221.98855590820312 287.880802154541 272.7502899169922 255.28848266601562 272.7502899169922
256.81561279296875 221.7436981201172 290.0342788696289 221.7436981201172 290.0342788696289 272.409122467041 256.81561279296875 272.409122467041
255.73825073242188 221.9369659423828 288.5809745788574 221.9369659423828 288.5809745788574 274.4232864379883 255.73825073242188 274.4232864379883
256.41937255859375 222.04666137695312 288.89469146728516 222.04666137695312 288.89469146728516 274.9624824523926 256.41937255859375 274.9624824523926
258.53851318359375 223.4774169921875 290.24521255493164 223.4774169921875 290.24521255493164 275.59488677978516 258.53851318359375 275.59488677978516
257.65948486328125 221.3156280517578 289.818172454834 221.3156280517578 289.818172454834 274.5603256225586 257.65948486328125 274.5603256225586
258.8169250488281 222.42947387695312 291.33674240112305 222.42947387695312 291.33674240112305 276.7080497741699 258.8169250488281 276.7080497741699
260.5248107910156 222.34140014648438 293.7250785827637 222.34140014648438 293.7250785827637 276.1412887573242 260.5248107910156 276.1412887573242
258.25177001953125 220.7713623046875 291.3789482116699 220.7713623046875 291.3789482116699 272.88549041748047 258.25177001953125 272.88549041748047
259.1685485839844 221.5262908935547 291.82994842529297 221.5262908935547 291.82994842529297 274.1446762084961 259.1685485839844 274.1446762084961
246.9169921875 219.6676788330078 281.7457504272461 219.6676788330078 281.7457504272461 269.8466262817383 246.9169921875 269.8466262817383
223.081298828125 218.8672637939453 257.9030075073242 218.8672637939453 257.9030075073242 276.4571762084961 223.081298828125 276.4571762084961
190.57611083984375 221.4635772705078 225.18545150756836 221.4635772705078 225.18545150756836 271.98592376708984 190.57611083984375 271.98592376708984
170.72946166992188 223.175537109375 206.00677108764648 223.175537109375 206.00677108764648 281.5189437866211 170.72946166992188 281.5189437866211
179.57315063476562 260.2014465332031 214.2143440246582 260.2014465332031 214.2143440246582 317.4928169250488 179.57315063476562 317.4928169250488
192.0603485107422 292.9195251464844 226.8204116821289 292.9195251464844 226.8204116821289 350.4074897766113 192.0603485107422 350.4074897766113
210.92138671875 315.9891357421875 245.44896697998047 315.9891357421875 245.44896697998047 373.0926094055176 210.92138671875 373.0926094055176
206.39920043945312 352.84454345703125 241.12491607666016 352.84454345703125 241.12491607666016 410.27569580078125 206.39920043945312 410.27569580078125
210.71206665039062 371.1229248046875 244.4481430053711 371.1229248046875 244.4481430053711 424.81315994262695 210.71206665039062 424.81315994262695
208.82803344726562 372.79229736328125 244.62371063232422 372.79229736328125 244.62371063232422 421.5571975708008 208.82803344726562 421.5571975708008
210.98532104492188 371.7288818359375 245.32003784179688 371.7288818359375 245.32003784179688 427.55545806884766 210.98532104492188 427.55545806884766
208.4502410888672 372.4968566894531 242.4656639099121 372.4968566894531 242.4656639099121 428.04210662841797 208.4502410888672 428.04210662841797
212.079345703125 372.9223937988281 245.26014709472656 372.9223937988281 245.26014709472656 423.2000160217285 212.079345703125 423.2000160217285
214.5023193359375 369.25152587890625 246.73665618896484 369.25152587890625 246.73665618896484 422.68194580078125 214.5023193359375 422.68194580078125
212.3513641357422 370.6648864746094 244.43645095825195 370.6648864746094 244.43645095825195 423.7012519836426 212.3513641357422 423.7012519836426
211.5458526611328 371.42169189453125 244.8750991821289 371.42169189453125 244.8750991821289 426.2608108520508 211.5458526611328 426.2608108520508
213.7357940673828 369.5282287597656 247.18933486938477 369.5282287597656 247.18933486938477 426.0755615234375 213.7357940673828 426.0755615234375
211.4595184326172 370.066650390625 244.7032928466797 370.066650390625 244.7032928466797 423.2502632141113 211.4595184326172 423.2502632141113
210.84609985351562 372.92608642578125 245.34099578857422 372.92608642578125 245.34099578857422 429.5321846008301 210.84609985351562 429.5321846008301
211.85205078125 370.88336181640625 246.69964981079102 370.88336181640625 246.69964981079102 426.9279670715332 211.85205078125 426.9279670715332
213.5833282470703 370.48419189453125 247.35974884033203 370.48419189453125 247.35974884033203 424.7901191711426 213.5833282470703 424.7901191711426
211.3855743408203 368.9198913574219 246.0738639831543 368.9198913574219 246.0738639831543 425.15843963623047 211.3855743408203 425.15843963623047
211.48171997070312 370.5819396972656 246.57025909423828 370.5819396972656 246.57025909423828 428.4767036437988 211.48171997070312 428.4767036437988
210.35379028320312 370.02069091796875 244.76608657836914 370.02069091796875 244.76608657836914 426.1061782836914 210.35379028320312 426.1061782836914
211.9996795654297 368.0727233886719 246.8430519104004 368.0727233886719 246.8430519104004 425.13077545166016 211.9996795654297 425.13077545166016
212.6400604248047 369.79449462890625 246.5196189880371 369.79449462890625 246.5196189880371 425.9289970397949 212.6400604248047 425.9289970397949
210.6546630859375 368.96221923828125 245.83349990844727 368.96221923828125 245.83349990844727 426.274658203125 210.6546630859375 426.274658203125
211.33255004882812 367.9173278808594 245.84975814819336 367.9173278808594 245.84975814819336 422.4601745605469 211.33255004882812 422.4601745605469
209.25399780273438 370.3119812011719 244.81095504760742 370.3119812011719 244.81095504760742 427.05896759033203 209.25399780273438 427.05896759033203
211.6156005859375 369.30029296875 246.88751220703125 369.30029296875 246.88751220703125 426.0643730163574 211.6156005859375 426.0643730163574
211.05789184570312 368.8182067871094 246.95401763916016 368.8182067871094 246.95401763916016 427.8276672363281 211.05789184570312 427.8276672363281
211.22055053710938 368.762939453125 246.69279861450195 368.762939453125 246.69279861450195 426.4235038757324 211.22055053710938 426.4235038757324
211.13595581054688 368.3620300292969 247.05415725708008 368.3620300292969 247.05415725708008 426.17414474487305 211.13595581054688 426.17414474487305
210.1692352294922 368.96258544921875 247.02501678466797 368.96258544921875 247.02501678466797 429.4761276245117 210.1692352294922 429.4761276245117
209.50967407226562 369.45941162109375 245.8197364807129 369.45941162109375 245.8197364807129 429.8941116333008 209.50967407226562 429.8941116333008
211.03988647460938 369.83941650390625 247.3887939453125 369.83941650390625 247.3887939453125 429.8068962097168 211.03988647460938 429.8068962097168
211.25930786132812 368.1085510253906 247.58578491210938 368.1085510253906 247.58578491210938 427.9313774108887 211.25930786132812 427.9313774108887
213.10769653320312 369.0294494628906 248.07721710205078 369.0294494628906 248.07721710205078 426.8299865722656 213.10769653320312 426.8299865722656
210.75082397460938 369.52655029296875 246.32922744750977 369.52655029296875 246.32922744750977 427.5625228881836 210.75082397460938 427.5625228881836
211.9150848388672 368.6988220214844 247.42472076416016 368.6988220214844 247.42472076416016 428.13353729248047 211.9150848388672 428.13353729248047
210.99301147460938 370.20367431640625 246.6110954284668 370.20367431640625 246.6110954284668 429.124267578125 210.99301147460938 429.124267578125
211.32009887695312 371.0668029785156 247.57559967041016 371.0668029785156 247.57559967041016 429.07923126220703 211.32009887695312 429.07923126220703
193.95394897460938 365.7193908691406 232.28662109375 365.7193908691406 232.28662109375 429.1159248352051 193.95394897460938 429.1159248352051
149.05764770507812 337.6571350097656 187.19025802612305 337.6571350097656 187.19025802612305 400.7228012084961 149.05764770507812 400.7228012084961
126.11924743652344 373.06854248046875 164.5902862548828 373.06854248046875 164.5902862548828 428.31084060668945 126.11924743652344 428.31084060668945
96.76750183105469 374.13653564453125 135.6363296508789 374.13653564453125 135.6363296508789 429.9406051635742 96.76750183105469 429.9406051635742
69.1787109375 373.6838073730469 108.81427764892578 373.6838073730469 108.81427764892578 428.9775619506836 69.1787109375 428.9775619506836
41.373565673828125 368.8682556152344 79.01708602905273 368.8682556152344 79.01708602905273 431.1250419616699 41.373565673828125 431.1250419616699
0.07935523986816406 371.9100646972656 37.69034004211426 371.9100646972656 37.69034004211426 434.11304473876953 0.07935523986816406 434.11304473876953
27.881977081298828 326.61328125 64.66779708862305 326.61328125 64.66779708862305 387.4515609741211 27.881977081298828 387.4515609741211
52.884620666503906 347.59771728515625 90.07432556152344 347.59771728515625 90.07432556152344 409.10396575927734 52.884620666503906 409.10396575927734
51.433868408203125 394.52130126953125 88.13643646240234 394.52130126953125 88.13643646240234 455.2219009399414 51.433868408203125 455.2219009399414
59.134071350097656 408.7771911621094 95.7331657409668 408.7771911621094 95.7331657409668 469.3066596984863 59.134071350097656 469.3066596984863
68.93895721435547 418.1728515625 105.90428161621094 418.1728515625 105.90428161621094 479.3080062866211 68.93895721435547 479.3080062866211
72.52146911621094 394.7963562011719 108.98318099975586 394.7963562011719 108.98318099975586 455.0986137390137 72.52146911621094 455.0986137390137
70.17818450927734 420.3150939941406 106.26660537719727 420.3150939941406 106.26660537719727 479.9999885559082 70.17818450927734 479.9999885559082
70.65193939208984 422.1988220214844 105.60134887695312 422.1988220214844 105.60134887695312 479.9999580383301 70.65193939208984 479.9999580383301
62.111793518066406 411.69354248046875 96.73625564575195 411.69354248046875 96.73625564575195 468.9572639465332 62.111793518066406 468.9572639465332
61.98467254638672 412.6412048339844 96.10130310058594 412.6412048339844 96.10130310058594 469.0650520324707 61.98467254638672 469.0650520324707
63.148292541503906 412.58416748046875 96.92091369628906 412.58416748046875 96.92091369628906 468.4390754699707 63.148292541503906 468.4390754699707
69.47337341308594 424.9920349121094 102.73388671875 424.9920349121094 102.73388671875 479.99999237060547 69.47337341308594 479.99999237060547
71.77189636230469 427.09698486328125 103.75963973999023 427.09698486328125 103.75963973999023 479.9999694824219 71.77189636230469 479.9999694824219
71.90708923339844 427.55865478515625 103.6157112121582 427.55865478515625 103.6157112121582 480.0000114440918 71.90708923339844 480.0000114440918
70.67692565917969 428.07489013671875 102.07341575622559 428.07489013671875 102.07341575622559 480.0000305175781 70.67692565917969 480.0000305175781
69.99546813964844 428.68963623046875 101.02023315429688 428.68963623046875 101.02023315429688 480.0 69.99546813964844 480.0
72.34141540527344 429.8788146972656 102.64714622497559 429.8788146972656 102.64714622497559 480.00000762939453 72.34141540527344 480.00000762939453
71.68620300292969 429.5589294433594 102.18533706665039 429.5589294433594 102.18533706665039 479.9999809265137 71.68620300292969 479.9999809265137
70.25740051269531 428.7295837402344 101.25802230834961 428.7295837402344 101.25802230834961 480.0000228881836 70.25740051269531 480.0000228881836
71.48321533203125 428.6831970214844 102.40054893493652 428.6831970214844 102.40054893493652 479.8158950805664 71.48321533203125 479.8158950805664
74.59815979003906 429.33233642578125 105.23432540893555 429.33233642578125 105.23432540893555 480.00002670288086 74.59815979003906 480.00002670288086
72.36238098144531 430.62921142578125 102.21437072753906 430.62921142578125 102.21437072753906 479.99999237060547 72.36238098144531 479.99999237060547
72.05224609375 430.05450439453125 102.25176048278809 430.05450439453125 102.25176048278809 480.00003814697266 72.05224609375 480.00003814697266
