150.0 281.0 206.0 281.0 206.0 338.0 150.0 338.0
158.42889404296875 281.22613525390625 210.9931869506836 281.22613525390625 210.9931869506836 337.07867431640625 158.42889404296875 337.07867431640625
169.15786743164062 286.49725341796875 224.21524047851562 286.49725341796875 224.21524047851562 342.8516540527344 169.15786743164062 342.8516540527344
173.93743896484375 290.21624755859375 229.8088493347168 290.21624755859375 229.8088493347168 347.0853500366211 173.93743896484375 347.0853500366211
163.26800537109375 290.0633850097656 218.66390991210938 290.0633850097656 218.66390991210938 346.44849395751953 163.26800537109375 346.44849395751953
206.382568359375 280.76495361328125 261.73188400268555 280.76495361328125 261.73188400268555 337.1026420593262 206.382568359375 337.1026420593262
215.3491973876953 272.4589538574219 270.8348960876465 272.4589538574219 270.8348960876465 328.9354553222656 215.3491973876953 328.9354553222656
208.58456420898438 307.5765075683594 264.05420684814453 307.5765075683594 264.05420684814453 364.0366630554199 208.58456420898438 364.0366630554199
224.2160186767578 344.9224548339844 278.06459045410156 344.9224548339844 278.06459045410156 399.7325859069824 224.2160186767578 399.7325859069824
229.6663055419922 378.92608642578125 283.20471572875977 378.92608642578125 283.20471572875977 433.4205131530762 229.6663055419922 433.4205131530762
262.75933837890625 393.38287353515625 316.02530670166016 393.38287353515625 316.02530670166016 447.5999946594238 262.75933837890625 447.5999946594238
235.2427978515625 377.82928466796875 289.259033203125 377.82928466796875 289.259033203125 432.8100700378418 235.2427978515625 432.8100700378418
243.2909393310547 371.7769470214844 296.916316986084 371.7769470214844 296.916316986084 426.35990142822266 243.2909393310547 426.35990142822266
227.3534698486328 374.7461242675781 282.615909576416 374.7461242675781 282.615909576416 430.9953727722168 227.3534698486328 430.9953727722168
232.90518188476562 372.37799072265625 288.5444107055664 372.37799072265625 288.5444107055664 429.0107536315918 232.90518188476562 429.0107536315918
206.2891082763672 364.37530517578125 260.9938201904297 364.37530517578125 260.9938201904297 420.0568618774414 206.2891082763672 420.0568618774414
161.79409790039062 344.4869384765625 216.71451568603516 344.4869384765625 216.71451568603516 400.3880500793457 161.79409790039062 400.3880500793457
142.2183380126953 314.9942321777344 197.14716339111328 314.9942321777344 197.14716339111328 370.9039001464844 142.2183380126953 370.9039001464844
107.05587005615234 300.3488464355469 162.14332580566406 300.3488464355469 162.14332580566406 356.4199752807617 107.05587005615234 356.4199752807617
79.80270385742188 277.00152587890625 135.55550003051758 277.00152587890625 135.55550003051758 333.74987030029297 79.80270385742188 333.74987030029297
65.01670837402344 283.7702941894531 120.94543075561523 283.7702941894531 120.94543075561523 340.6977005004883 65.01670837402344 340.6977005004883
78.70008087158203 281.32696533203125 134.5390396118164 281.32696533203125 134.5390396118164 338.16300201416016 78.70008087158203 338.16300201416016
80.99242401123047 311.84576416015625 136.99253463745117 311.84576416015625 136.99253463745117 368.84583282470703 80.99242401123047 368.84583282470703
81.73394012451172 344.3175048828125 137.14792251586914 344.3175048828125 137.14792251586914 400.7209777832031 81.73394012451172 400.7209777832031
80.8649673461914 342.5130920410156 136.0189208984375 342.5130920410156 136.0189208984375 398.65189361572266 80.8649673461914 398.65189361572266
78.31781005859375 278.78594970703125 133.12503814697266 278.78594970703125 133.12503814697266 334.5718307495117 78.31781005859375 334.5718307495117
79.34282684326172 280.002685546875 133.8187255859375 280.002685546875 133.8187255859375 335.4513168334961 79.34282684326172 335.4513168334961
81.63416290283203 276.9199523925781 136.02373886108398 276.9199523925781 136.02373886108398 332.28071212768555 81.63416290283203 332.28071212768555
96.59352111816406 279.7603454589844 150.7083396911621 279.7603454589844 150.7083396911621 334.8414421081543 96.59352111816406 334.8414421081543
77.69596862792969 297.54888916015625 131.6644744873047 297.54888916015625 131.6644744873047 352.4810600280762 77.69596862792969 352.4810600280762
96.67716979980469 287.1710510253906 151.21116638183594 287.1710510253906 151.21116638183594 342.6788101196289 96.67716979980469 342.6788101196289
96.16609191894531 279.52618408203125 150.5681381225586 279.52618408203125 150.5681381225586 334.8996353149414 96.16609191894531 334.8996353149414
96.27352905273438 278.4344482421875 151.56425857543945 278.4344482421875 151.56425857543945 334.71245193481445 96.27352905273438 334.71245193481445
68.72941589355469 269.22613525390625 124.55157089233398 269.22613525390625 124.55157089233398 326.0450553894043 68.72941589355469 326.0450553894043
79.36209106445312 276.2574157714844 134.89110565185547 276.2574157714844 134.89110565185547 332.7779655456543 79.36209106445312 332.7779655456543
56.265869140625 270.1559143066406 111.84746170043945 270.1559143066406 111.84746170043945 326.72998046875 56.265869140625 326.72998046875
41.956748962402344 267.85296630859375 96.92911911010742 267.85296630859375 96.92911911010742 323.8069267272949 41.956748962402344 323.8069267272949
35.76992416381836 267.8031921386719 90.12561416625977 267.8031921386719 90.12561416625977 323.12945556640625 35.76992416381836 323.12945556640625
19.1396484375 257.60125732421875 73.53899383544922 257.60125732421875 73.53899383544922 312.9719543457031 19.1396484375 312.9719543457031
24.75942611694336 262.23553466796875 79.15008926391602 262.23553466796875 79.15008926391602 317.5973930358887 24.75942611694336 317.5973930358887
23.122066497802734 259.9158020019531 76.91394805908203 259.9158020019531 76.91394805908203 314.6681900024414 23.122066497802734 314.6681900024414
23.4677677154541 258.32513427734375 77.3152027130127 258.32513427734375 77.3152027130127 313.13407135009766 23.4677677154541 313.13407135009766
24.42076301574707 255.7021942138672 78.21878623962402 255.7021942138672 78.21878623962402 310.4608383178711 24.42076301574707 310.4608383178711
28.60232162475586 261.3069152832031 82.10993194580078 261.3069152832031 82.10993194580078 315.7699661254883 28.60232162475586 315.7699661254883
28.80438804626465 264.02435302734375 82.54582023620605 264.02435302734375 82.54582023620605 318.72540283203125 28.80438804626465 318.72540283203125
44.80000686645508 266.30419921875 98.59625244140625 266.30419921875 98.59625244140625 321.06103515625 44.80000686645508 321.06103515625
32.44627380371094 264.61041259765625 86.60057067871094 264.61041259765625 86.60057067871094 319.731689453125 32.44627380371094 319.731689453125
26.563945770263672 259.68896484375 80.67205047607422 259.68896484375 80.67205047607422 314.7632255554199 26.563945770263672 314.7632255554199
27.043079376220703 261.1031494140625 80.50601959228516 261.1031494140625 80.50601959228516 315.5207290649414 27.043079376220703 315.5207290649414
26.60709571838379 265.64373779296875 80.62477684020996 265.64373779296875 80.62477684020996 320.6259651184082 26.60709571838379 320.6259651184082
26.47321128845215 264.7154235839844 80.30288124084473 264.7154235839844 80.30288124084473 319.50628662109375 26.47321128845215 319.50628662109375
22.82204818725586 259.50714111328125 75.96638870239258 259.50714111328125 75.96638870239258 313.6004409790039 22.82204818725586 313.6004409790039
23.829814910888672 262.4134521484375 75.89052200317383 262.4134521484375 75.89052200317383 315.4037666320801 23.829814910888672 315.4037666320801
22.51499366760254 262.28692626953125 73.54220390319824 262.28692626953125 73.54220390319824 314.22529220581055 22.51499366760254 314.22529220581055
23.818578720092773 263.1191711425781 75.22725868225098 263.1191711425781 75.22725868225098 315.4458198547363 23.818578720092773 315.4458198547363
21.982009887695312 262.3390197753906 73.63171768188477 262.3390197753906 73.63171768188477 314.91100311279297 21.982009887695312 314.91100311279297
24.137727737426758 263.8310852050781 75.42360496520996 263.8310852050781 75.42360496520996 316.0327339172363 24.137727737426758 316.0327339172363
23.97974967956543 263.37628173828125 75.41790962219238 263.37628173828125 75.41790962219238 315.7329330444336 23.97974967956543 315.7329330444336
26.556690216064453 264.44024658203125 77.82563400268555 264.44024658203125 77.82563400268555 316.6246566772461 26.556690216064453 316.6246566772461
28.653690338134766 267.08355712890625 79.23892211914062 267.08355712890625 79.23892211914062 318.5720405578613 28.653690338134766 318.5720405578613
23.994251251220703 266.94561767578125 74.61402130126953 266.94561767578125 74.61402130126953 318.4692497253418 23.994251251220703 318.4692497253418
27.697229385375977 268.83233642578125 76.88950538635254 268.83233642578125 76.88950538635254 318.90299224853516 27.697229385375977 318.90299224853516
25.54070472717285 264.01739501953125 74.98560523986816 264.01739501953125 74.98560523986816 314.3451919555664 25.54070472717285 314.3451919555664
23.843040466308594 265.3277893066406 73.26200485229492 265.3277893066406 73.26200485229492 315.6291809082031 23.843040466308594 315.6291809082031
