555.0 310.0 597.0 310.0 597.0 369.0 555.0 369.0
556.3702392578125 310.38812255859375 598.0725440979004 310.38812255859375 598.0725440979004 368.58415603637695 556.3702392578125 368.58415603637695
559.7371826171875 310.9173889160156 601.9131050109863 310.9173889160156 601.9131050109863 368.17692947387695 559.7371826171875 368.17692947387695
560.4625854492188 311.32904052734375 603.6534004211426 311.32904052734375 603.6534004211426 369.5374946594238 560.4625854492188 369.5374946594238
561.8253173828125 311.2100830078125 605.0993385314941 311.2100830078125 605.0993385314941 368.67366790771484 561.8253173828125 368.67366790771484
562.5738525390625 310.9112243652344 605.830451965332 310.9112243652344 605.830451965332 368.8182258605957 562.5738525390625 368.8182258605957
563.8079833984375 312.01898193359375 607.9685592651367 312.01898193359375 607.9685592651367 368.85562896728516 563.8079833984375 368.85562896728516
566.300537109375 311.99688720703125 610.5935592651367 311.99688720703125 610.5935592651367 369.8407402038574 566.300537109375 369.8407402038574
567.9775390625 310.267578125 612.3614120483398 310.267578125 612.3614120483398 369.8070068359375 567.9775390625 369.8070068359375
568.0902709960938 309.5587463378906 613.4010124206543 309.5587463378906 613.4010124206543 369.1829948425293 568.0902709960938 369.1829948425293
570.7825927734375 309.83563232421875 615.4586219787598 309.83563232421875 615.4586219787598 370.6140556335449 570.7825927734375 370.6140556335449
572.4378051757812 309.6161193847656 616.5446853637695 309.6161193847656 616.5446853637695 370.621337890625 572.4378051757812 370.621337890625
576.6394653320312 311.0154113769531 619.629997253418 311.0154113769531 619.629997253418 371.29594802856445 576.6394653320312 371.29594802856445
578.4549560546875 309.7981872558594 621.2964248657227 309.7981872558594 621.2964248657227 372.8558044433594 578.4549560546875 372.8558044433594
579.7161865234375 310.68548583984375 624.0180816650391 310.68548583984375 624.0180816650391 374.36149978637695 579.7161865234375 374.36149978637695
580.96044921875 313.2579345703125 625.1898002624512 313.2579345703125 625.1898002624512 376.0830993652344 580.96044921875 376.0830993652344
583.4830322265625 316.01495361328125 626.7157173156738 316.01495361328125 626.7157173156738 378.8967704772949 583.4830322265625 378.8967704772949
586.7720947265625 315.3055419921875 628.2649459838867 315.3055419921875 628.2649459838867 378.0994644165039 586.7720947265625 378.0994644165039
587.960693359375 313.3175354003906 630.9911117553711 313.3175354003906 630.9911117553711 377.21794509887695 587.960693359375 377.21794509887695
589.4600219726562 310.9620666503906 632.7548828125 310.9620666503906 632.7548828125 376.0419616699219 589.4600219726562 376.0419616699219
590.8502807617188 309.54913330078125 634.3056755065918 309.54913330078125 634.3056755065918 374.56739807128906 590.8502807617188 374.56739807128906
592.0550537109375 309.78546142578125 636.5514030456543 309.78546142578125 636.5514030456543 374.3029022216797 592.0550537109375 374.3029022216797
595.695556640625 311.3885498046875 639.5347747802734 311.3885498046875 639.5347747802734 372.84953689575195 595.695556640625 372.84953689575195
596.2169189453125 311.5579833984375 641.3855667114258 311.5579833984375 641.3855667114258 374.02851486206055 596.2169189453125 374.02851486206055
596.9546508789062 310.11614990234375 642.9914016723633 310.11614990234375 642.9914016723633 373.6009941101074 596.9546508789062 373.6009941101074
599.3912963867188 310.1724853515625 645.7143173217773 310.1724853515625 645.7143173217773 373.302001953125 599.3912963867188 373.302001953125
601.35498046875 310.2455749511719 647.9180946350098 310.2455749511719 647.9180946350098 373.10261154174805 601.35498046875 373.10261154174805
605.1680297851562 311.8163757324219 650.6424026489258 311.8163757324219 650.6424026489258 373.5401840209961 605.1680297851562 373.5401840209961
606.7332763671875 310.8901672363281 652.949634552002 310.8901672363281 652.949634552002 373.5505676269531 606.7332763671875 373.5505676269531
608.405517578125 310.04266357421875 654.1907348632812 310.04266357421875 654.1907348632812 373.2341499328613 608.405517578125 373.2341499328613
609.743896484375 309.756591796875 656.3696784973145 309.756591796875 656.3696784973145 372.1129264831543 609.743896484375 372.1129264831543
611.7178344726562 310.56658935546875 658.2672500610352 310.56658935546875 658.2672500610352 373.1885986328125 611.7178344726562 373.1885986328125
614.4825439453125 310.9552917480469 662.1945037841797 310.9552917480469 662.1945037841797 374.4370803833008 614.4825439453125 374.4370803833008
615.81689453125 311.51739501953125 663.2954788208008 311.51739501953125 663.2954788208008 376.4184036254883 615.81689453125 376.4184036254883
617.1924438476562 310.9718322753906 665.2847938537598 310.9718322753906 665.2847938537598 375.8792266845703 617.1924438476562 375.8792266845703
619.419921875 311.22247314453125 666.6760368347168 311.22247314453125 666.6760368347168 376.80487060546875 619.419921875 376.80487060546875
621.38232421875 311.11859130859375 668.2005844116211 311.11859130859375 668.2005844116211 376.6957244873047 621.38232421875 376.6957244873047
625.2650146484375 312.79058837890625 671.5060234069824 312.79058837890625 671.5060234069824 377.01048278808594 625.2650146484375 377.01048278808594
627.0601806640625 311.16302490234375 672.6661758422852 311.16302490234375 672.6661758422852 377.7580337524414 627.0601806640625 377.7580337524414
628.2034912109375 308.90802001953125 675.0278129577637 308.90802001953125 675.0278129577637 377.81703186035156 628.2034912109375 377.81703186035156
630.6385498046875 309.1708679199219 677.7377815246582 309.1708679199219 677.7377815246582 378.01683044433594 630.6385498046875 378.01683044433594
631.9454345703125 310.5309143066406 678.9237899780273 310.5309143066406 678.9237899780273 378.75394439697266 631.9454345703125 378.75394439697266
633.5167236328125 309.2164611816406 680.2792587280273 309.2164611816406 680.2792587280273 379.0864562988281 633.5167236328125 379.0864562988281
636.3697509765625 312.42486572265625 680.7829780578613 312.42486572265625 680.7829780578613 379.9162139892578 636.3697509765625 379.9162139892578
636.538818359375 311.14117431640625 681.5557556152344 311.14117431640625 681.5557556152344 379.8463897705078 636.538818359375 379.8463897705078
637.8976440429688 311.14056396484375 682.9983444213867 311.14056396484375 682.9983444213867 380.36930084228516 637.8976440429688 380.36930084228516
638.7770385742188 310.35302734375 684.9381942749023 310.35302734375 684.9381942749023 380.0744934082031 638.7770385742188 380.0744934082031
639.9212036132812 310.7627258300781 687.2339553833008 310.7627258300781 687.2339553833008 381.26318359375 639.9212036132812 381.26318359375
642.6536865234375 312.9748840332031 688.2974739074707 312.9748840332031 688.2974739074707 381.68544006347656 642.6536865234375 381.68544006347656
642.5225830078125 311.7781677246094 689.2775192260742 311.7781677246094 689.2775192260742 381.59776306152344 642.5225830078125 381.59776306152344
644.3073120117188 312.28900146484375 691.6315383911133 312.28900146484375 691.6315383911133 381.64794921875 644.3073120117188 381.64794921875
642.8615112304688 310.8877258300781 692.0349502563477 310.8877258300781 692.0349502563477 381.9391784667969 642.8615112304688 381.9391784667969
644.760009765625 310.5603942871094 693.7675666809082 310.5603942871094 693.7675666809082 382.302978515625 644.760009765625 382.302978515625
645.5592041015625 310.28094482421875 693.8280868530273 310.28094482421875 693.8280868530273 381.974853515625 645.5592041015625 381.974853515625
646.0133056640625 310.86724853515625 694.9549560546875 310.86724853515625 694.9549560546875 382.1913833618164 646.0133056640625 382.1913833618164
647.0772705078125 310.35345458984375 695.7248344421387 310.35345458984375 695.7248344421387 382.0376510620117 647.0772705078125 382.0376510620117
647.8818359375 311.25384521484375 696.4623489379883 311.25384521484375 696.4623489379883 382.9202117919922 647.8818359375 382.9202117919922
647.7418212890625 309.6793518066406 697.8614273071289 309.6793518066406 697.8614273071289 383.12020111083984 647.7418212890625 383.12020111083984
649.1718139648438 310.4833984375 698.288215637207 310.4833984375 698.288215637207 382.58272552490234 649.1718139648438 382.58272552490234
649.2488403320312 309.96685791015625 698.5303344726562 309.96685791015625 698.5303344726562 383.24683380126953 649.2488403320312 383.24683380126953
649.4953002929688 309.9222717285156 698.9739189147949 309.9222717285156 698.9739189147949 385.18892669677734 649.4953002929688 385.18892669677734
650.3425903320312 311.7596740722656 699.0184860229492 311.7596740722656 699.0184860229492 387.0823059082031 650.3425903320312 387.0823059082031
650.8390502929688 311.66461181640625 699.1792030334473 311.66461181640625 699.1792030334473 387.6038589477539 650.8390502929688 387.6038589477539
651.3351440429688 312.7747802734375 698.877986907959 312.7747802734375 698.877986907959 387.2412338256836 651.3351440429688 387.2412338256836
650.8099365234375 312.78564453125 699.267017364502 312.78564453125 699.267017364502 386.7626647949219 650.8099365234375 386.7626647949219
650.2703247070312 312.3878479003906 698.3965682983398 312.3878479003906 698.3965682983398 386.00184631347656 650.2703247070312 386.00184631347656
650.5394287109375 311.3338928222656 698.4879570007324 311.3338928222656 698.4879570007324 385.7410202026367 650.5394287109375 385.7410202026367
649.5721435546875 310.3583984375 697.0879554748535 310.3583984375 697.0879554748535 384.9083023071289 649.5721435546875 384.9083023071289
648.4077758789062 311.1491394042969 695.8220138549805 311.1491394042969 695.8220138549805 385.20359802246094 648.4077758789062 385.20359802246094
647.3221435546875 310.9126892089844 695.2008399963379 310.9126892089844 695.2008399963379 385.67481994628906 647.3221435546875 385.67481994628906
646.7146606445312 311.57342529296875 695.2966117858887 311.57342529296875 695.2966117858887 385.97669982910156 646.7146606445312 385.97669982910156
646.9013671875 311.132568359375 695.8475494384766 311.132568359375 695.8475494384766 384.6437225341797 646.9013671875 384.6437225341797
644.0037841796875 310.24078369140625 696.0335922241211 310.24078369140625 696.0335922241211 385.1459503173828 644.0037841796875 385.1459503173828
643.3338623046875 309.44427490234375 695.1564254760742 309.44427490234375 695.1564254760742 383.9297332763672 643.3338623046875 383.9297332763672
642.4315795898438 308.8071594238281 694.0275650024414 308.8071594238281 694.0275650024414 385.1581497192383 642.4315795898438 385.1581497192383
641.3353271484375 308.7992248535156 693.4613265991211 308.7992248535156 693.4613265991211 385.68113708496094 641.3353271484375 385.68113708496094
640.0740966796875 309.0152282714844 693.0152397155762 309.0152282714844 693.0152397155762 386.6369094848633 640.0740966796875 386.6369094848633
637.2091064453125 309.93780517578125 691.4664726257324 309.93780517578125 691.4664726257324 387.9048538208008 637.2091064453125 387.9048538208008
635.3477783203125 309.1479797363281 689.7026672363281 309.1479797363281 689.7026672363281 386.6957321166992 635.3477783203125 386.6957321166992
634.7814331054688 310.2574157714844 689.353832244873 310.2574157714844 689.353832244873 390.3649597167969 634.7814331054688 390.3649597167969
632.3897094726562 310.57781982421875 687.0945663452148 310.57781982421875 687.0945663452148 391.88553619384766 632.3897094726562 391.88553619384766
629.1824340820312 310.5850524902344 684.4762496948242 310.5850524902344 684.4762496948242 393.60247802734375 629.1824340820312 393.60247802734375
626.2681884765625 311.3521423339844 682.3897018432617 311.3521423339844 682.3897018432617 394.95951080322266 626.2681884765625 394.95951080322266
623.4083251953125 311.6405334472656 680.104663848877 311.6405334472656 680.104663848877 395.3622589111328 623.4083251953125 395.3622589111328
621.3856201171875 311.9665832519531 679.5119132995605 311.9665832519531 679.5119132995605 396.4885711669922 621.3856201171875 396.4885711669922
619.4254150390625 309.16119384765625 678.9471321105957 309.16119384765625 678.9471321105957 394.47169494628906 619.4254150390625 394.47169494628906
616.2263793945312 310.5049133300781 675.9491958618164 310.5049133300781 675.9491958618164 395.7065734863281 616.2263793945312 395.7065734863281
610.9918212890625 307.73614501953125 671.8031311035156 307.73614501953125 671.8031311035156 392.7624969482422 610.9918212890625 392.7624969482422
609.36376953125 308.87994384765625 669.7324333190918 308.87994384765625 669.7324333190918 392.0669937133789 609.36376953125 392.0669937133789
604.5748901367188 306.5001220703125 667.0471725463867 306.5001220703125 667.0471725463867 390.8983840942383 604.5748901367188 390.8983840942383
601.2373046875 306.70452880859375 664.414794921875 306.70452880859375 664.414794921875 390.2849807739258 601.2373046875 390.2849807739258
598.0360107421875 306.42437744140625 661.6667594909668 306.42437744140625 661.6667594909668 390.68709564208984 598.0360107421875 390.68709564208984
593.4811401367188 307.79425048828125 656.7716789245605 307.79425048828125 656.7716789245605 389.3272247314453 593.4811401367188 389.3272247314453
590.1104736328125 309.18560791015625 654.2958679199219 309.18560791015625 654.2958679199219 389.50154876708984 590.1104736328125 389.50154876708984
586.8380126953125 307.11334228515625 650.124195098877 307.11334228515625 650.124195098877 387.3252639770508 586.8380126953125 387.3252639770508
582.97998046875 307.537109375 647.0890655517578 307.537109375 647.0890655517578 387.37451934814453 582.97998046875 387.37451934814453
579.0429077148438 307.7555236816406 643.2644348144531 307.7555236816406 643.2644348144531 387.40589904785156 579.0429077148438 387.40589904785156
575.159423828125 306.8843994140625 639.6529769897461 306.8843994140625 639.6529769897461 389.31809997558594 575.159423828125 389.31809997558594
568.7369995117188 305.41363525390625 633.3164596557617 305.41363525390625 633.3164596557617 391.7695083618164 568.7369995117188 391.7695083618164
564.4307250976562 302.9932556152344 628.9840927124023 302.9932556152344 628.9840927124023 391.47471618652344 564.4307250976562 391.47471618652344
558.453125 305.499267578125 624.178108215332 305.499267578125 624.178108215332 394.86319732666016 558.453125 394.86319732666016
554.7277221679688 303.0727233886719 621.5932769775391 303.0727233886719 621.5932769775391 395.13365936279297 554.7277221679688 395.13365936279297
545.5933837890625 307.20123291015625 611.3610763549805 307.20123291015625 611.3610763549805 397.1252899169922 545.5933837890625 397.1252899169922
542.4717407226562 304.7956237792969 608.4690093994141 304.7956237792969 608.4690093994141 396.0043182373047 542.4717407226562 396.0043182373047
535.2003173828125 305.92095947265625 602.4187164306641 305.92095947265625 602.4187164306641 397.09444427490234 535.2003173828125 397.09444427490234
531.9442138671875 302.60540771484375 598.779296875 302.60540771484375 598.779296875 395.1380920410156 531.9442138671875 395.1380920410156
526.2064208984375 301.57891845703125 594.2769317626953 301.57891845703125 594.2769317626953 395.81044006347656 526.2064208984375 395.81044006347656
517.7424926757812 302.4902648925781 587.7948150634766 302.4902648925781 587.7948150634766 395.9216003417969 517.7424926757812 395.9216003417969
511.11083984375 302.103759765625 579.9710922241211 302.103759765625 579.9710922241211 397.1496124267578 511.11083984375 397.1496124267578
503.08941650390625 302.46942138671875 573.3389129638672 302.46942138671875 573.3389129638672 396.51332092285156 503.08941650390625 396.51332092285156
497.24822998046875 300.7945251464844 568.9356079101562 300.7945251464844 568.9356079101562 395.53932189941406 497.24822998046875 395.53932189941406
492.64501953125 294.9341735839844 563.8448867797852 294.9341735839844 563.8448867797852 394.95310974121094 492.64501953125 394.95310974121094
484.9442443847656 293.13177490234375 555.9395980834961 293.13177490234375 555.9395980834961 392.86341094970703 484.9442443847656 392.86341094970703
474.72406005859375 298.13226318359375 546.8096466064453 298.13226318359375 546.8096466064453 394.6264419555664 474.72406005859375 394.6264419555664
468.5406799316406 295.6340637207031 540.3839797973633 295.6340637207031 540.3839797973633 394.9001922607422 468.5406799316406 394.9001922607422
461.5950622558594 296.42041015625 534.2790603637695 296.42041015625 534.2790603637695 394.2527389526367 461.5950622558594 394.2527389526367
450.1812438964844 293.7829284667969 522.5991668701172 293.7829284667969 522.5991668701172 395.5129089355469 450.1812438964844 395.5129089355469
442.213623046875 291.0781555175781 515.0003509521484 291.0781555175781 515.0003509521484 393.3262176513672 442.213623046875 393.3262176513672
435.6705627441406 289.7628479003906 508.53208923339844 289.7628479003906 508.53208923339844 392.11597442626953 435.6705627441406 392.11597442626953
428.6625061035156 291.3807678222656 502.65830993652344 291.3807678222656 502.65830993652344 395.32727813720703 428.6625061035156 395.32727813720703
418.94097900390625 290.9969787597656 492.36810302734375 290.9969787597656 492.36810302734375 394.14463806152344 418.94097900390625 394.14463806152344
407.37017822265625 293.23907470703125 481.7496795654297 293.23907470703125 481.7496795654297 395.44628143310547 407.37017822265625 395.44628143310547
397.85491943359375 291.71331787109375 472.1651306152344 291.71331787109375 472.1651306152344 396.10150146484375 397.85491943359375 396.10150146484375
382.3072204589844 291.67340087890625 458.0940856933594 291.67340087890625 458.0940856933594 393.59130859375 382.3072204589844 393.59130859375
372.3484191894531 293.3276062011719 449.1936492919922 293.3276062011719 449.1936492919922 396.8050231933594 372.3484191894531 396.8050231933594
363.6249694824219 291.4499816894531 440.0836944580078 291.4499816894531 440.0836944580078 397.57141876220703 363.6249694824219 397.57141876220703
353.72845458984375 292.9259338378906 429.7926254272461 292.9259338378906 429.7926254272461 399.7780303955078 353.72845458984375 399.7780303955078
343.3974914550781 288.91363525390625 420.20728302001953 288.91363525390625 420.20728302001953 396.81314849853516 343.3974914550781 396.81314849853516
328.9495544433594 288.0589294433594 406.85520935058594 288.0589294433594 406.85520935058594 397.3314666748047 328.9495544433594 397.3314666748047
321.3912048339844 291.1398010253906 398.21363067626953 291.1398010253906 398.21363067626953 400.0063171386719 321.3912048339844 400.0063171386719
322.4432373046875 293.47625732421875 399.1210021972656 293.47625732421875 399.1210021972656 402.4103775024414 322.4432373046875 402.4103775024414
331.57855224609375 296.9029235839844 409.0839385986328 296.9029235839844 409.0839385986328 405.5861358642578 331.57855224609375 405.5861358642578
350.2823791503906 296.92266845703125 428.4582977294922 296.92266845703125 428.4582977294922 406.74124908447266 350.2823791503906 406.74124908447266
385.93896484375 302.97479248046875 467.32164001464844 302.97479248046875 467.32164001464844 409.8484649658203 385.93896484375 409.8484649658203
404.3101806640625 305.7790832519531 485.9080352783203 305.7790832519531 485.9080352783203 411.0843963623047 404.3101806640625 411.0843963623047
412.1387634277344 299.480224609375 494.4533386230469 299.480224609375 494.4533386230469 408.82652282714844 412.1387634277344 408.82652282714844
417.16357421875 299.2566833496094 499.3268280029297 299.2566833496094 499.3268280029297 409.1573181152344 417.16357421875 409.1573181152344
413.513916015625 294.90887451171875 497.51927947998047 294.90887451171875 497.51927947998047 407.93690490722656 413.513916015625 407.93690490722656
411.2696838378906 289.0733947753906 495.4888458251953 289.0733947753906 495.4888458251953 398.60070037841797 411.2696838378906 398.60070037841797
416.29168701171875 288.5186462402344 502.7889862060547 288.5186462402344 502.7889862060547 398.6027526855469 416.29168701171875 398.6027526855469
430.9908142089844 287.1598205566406 514.1281585693359 287.1598205566406 514.1281585693359 403.9480667114258 430.9908142089844 403.9480667114258
428.29583740234375 293.49334716796875 517.4136199951172 293.49334716796875 517.4136199951172 402.7625274658203 428.29583740234375 402.7625274658203
438.53399658203125 291.0802917480469 528.655517578125 291.0802917480469 528.655517578125 402.31935119628906 438.53399658203125 402.31935119628906
452.2764587402344 291.8751525878906 544.8948516845703 291.8751525878906 544.8948516845703 404.9270477294922 452.2764587402344 404.9270477294922
465.29486083984375 295.564697265625 552.3332138061523 295.564697265625 552.3332138061523 403.5250244140625 465.29486083984375 403.5250244140625
472.285400390625 297.1285095214844 561.4046630859375 297.1285095214844 561.4046630859375 409.2245635986328 472.285400390625 409.2245635986328
485.7662658691406 296.3047790527344 567.0445404052734 296.3047790527344 567.0445404052734 409.88450622558594 485.7662658691406 409.88450622558594
488.0196838378906 300.4161071777344 570.1085891723633 300.4161071777344 570.1085891723633 411.1645050048828 488.0196838378906 411.1645050048828
481.12908935546875 298.7449645996094 565.9465866088867 298.7449645996094 565.9465866088867 410.73374938964844 481.12908935546875 410.73374938964844
469.8714294433594 297.05804443359375 559.6601409912109 297.05804443359375 559.6601409912109 412.03131103515625 469.8714294433594 412.03131103515625
461.7892150878906 288.8116149902344 550.9887161254883 288.8116149902344 550.9887161254883 411.2129364013672 461.7892150878906 411.2129364013672
450.8740234375 289.36810302734375 538.5239105224609 289.36810302734375 538.5239105224609 409.51114654541016 450.8740234375 409.51114654541016
449.94329833984375 291.0677185058594 539.1239929199219 291.0677185058594 539.1239929199219 409.5343704223633 449.94329833984375 409.5343704223633
454.73675537109375 295.91876220703125 547.6250228881836 295.91876220703125 547.6250228881836 414.38297271728516 454.73675537109375 414.38297271728516
462.8299255371094 291.611083984375 553.0060272216797 291.611083984375 553.0060272216797 416.7307586669922 462.8299255371094 416.7307586669922
466.7749938964844 292.6111755371094 555.5872344970703 292.6111755371094 555.5872344970703 413.8709030151367 466.7749938964844 413.8709030151367
467.2457580566406 297.55230712890625 558.6005630493164 297.55230712890625 558.6005630493164 416.46199798583984 467.2457580566406 416.46199798583984
468.3384704589844 297.86492919921875 558.4310150146484 297.86492919921875 558.4310150146484 416.26133728027344 468.3384704589844 416.26133728027344
463.4810485839844 302.09368896484375 554.8397521972656 302.09368896484375 554.8397521972656 414.6317901611328 463.4810485839844 414.6317901611328
466.11590576171875 300.55218505859375 554.5966720581055 300.55218505859375 554.5966720581055 412.53816986083984 466.11590576171875 412.53816986083984
464.17578125 297.25311279296875 552.6039276123047 297.25311279296875 552.6039276123047 410.93082427978516 464.17578125 410.93082427978516
466.23309326171875 296.9416198730469 553.6381530761719 296.9416198730469 553.6381530761719 408.06663513183594 466.23309326171875 408.06663513183594
468.11016845703125 293.31671142578125 555.5059661865234 293.31671142578125 555.5059661865234 406.33870697021484 468.11016845703125 406.33870697021484
472.8690490722656 291.0927734375 559.5443115234375 291.0927734375 559.5443115234375 404.19544982910156 472.8690490722656 404.19544982910156
474.2265625 291.0875244140625 560.3401184082031 291.0875244140625 560.3401184082031 405.07200622558594 474.2265625 405.07200622558594
477.00799560546875 292.0528869628906 561.8365478515625 292.0528869628906 561.8365478515625 402.6282653808594 477.00799560546875 402.6282653808594
477.5894470214844 294.14691162109375 561.5744018554688 294.14691162109375 561.5744018554688 403.64500427246094 477.5894470214844 403.64500427246094
474.3824768066406 294.92926025390625 561.9146194458008 294.92926025390625 561.9146194458008 403.42469787597656 474.3824768066406 403.42469787597656
472.13519287109375 298.75457763671875 556.5600891113281 298.75457763671875 556.5600891113281 405.81622314453125 472.13519287109375 405.81622314453125
470.21136474609375 296.60430908203125 556.501106262207 296.60430908203125 556.501106262207 406.6429672241211 470.21136474609375 406.6429672241211
472.7040100097656 295.1746826171875 557.8628082275391 295.1746826171875 557.8628082275391 405.2182846069336 472.7040100097656 405.2182846069336
473.66339111328125 293.27911376953125 558.7798767089844 293.27911376953125 558.7798767089844 405.6786117553711 473.66339111328125 405.6786117553711
475.88702392578125 293.48187255859375 560.5547790527344 293.48187255859375 560.5547790527344 407.20108795166016 475.88702392578125 407.20108795166016
483.23443603515625 291.173583984375 569.1441497802734 291.173583984375 569.1441497802734 407.7233428955078 483.23443603515625 407.7233428955078
486.9039001464844 289.69488525390625 575.5012969970703 289.69488525390625 575.5012969970703 406.90110778808594 486.9039001464844 406.90110778808594
493.01336669921875 283.895263671875 583.3768539428711 283.895263671875 583.3768539428711 405.14186096191406 493.01336669921875 405.14186096191406
505.88409423828125 282.35308837890625 593.6410903930664 282.35308837890625 593.6410903930664 405.6307830810547 505.88409423828125 405.6307830810547
522.1102905273438 274.85272216796875 611.1470489501953 274.85272216796875 611.1470489501953 399.9281768798828 522.1102905273438 399.9281768798828
571.5166015625 271.4937744140625 659.9696731567383 271.4937744140625 659.9696731567383 395.7492904663086 571.5166015625 395.7492904663086
598.2717895507812 269.79486083984375 687.1610412597656 269.79486083984375 687.1610412597656 394.66310119628906 598.2717895507812 394.66310119628906
618.0333251953125 263.0843811035156 708.9201202392578 263.0843811035156 708.9201202392578 390.7586975097656 618.0333251953125 390.7586975097656
631.9860229492188 269.1927490234375 725.2027816772461 269.1927490234375 725.2027816772461 388.7117462158203 631.9860229492188 388.7117462158203
643.9165649414062 271.0655517578125 732.4826812744141 271.0655517578125 732.4826812744141 387.66943359375 643.9165649414062 387.66943359375
654.54248046875 271.12689208984375 736.9278411865234 271.12689208984375 736.9278411865234 383.19368743896484 654.54248046875 383.19368743896484
647.0352783203125 269.0425720214844 732.4403228759766 269.0425720214844 732.4403228759766 382.5882263183594 647.0352783203125 382.5882263183594
640.8714599609375 270.49139404296875 725.8842544555664 270.49139404296875 725.8842544555664 383.15032958984375 640.8714599609375 383.15032958984375
633.278564453125 270.09185791015625 719.1043853759766 270.09185791015625 719.1043853759766 383.55809020996094 633.278564453125 383.55809020996094
622.4351806640625 268.67767333984375 711.8634033203125 268.67767333984375 711.8634033203125 383.4219970703125 622.4351806640625 383.4219970703125
625.0724487304688 269.1498107910156 706.8579483032227 269.1498107910156 706.8579483032227 377.8348693847656 625.0724487304688 377.8348693847656
616.6036376953125 270.91412353515625 700.0326538085938 270.91412353515625 700.0326538085938 380.31622314453125 616.6036376953125 380.31622314453125
614.4617919921875 271.5774841308594 697.1463012695312 271.5774841308594 697.1463012695312 380.6750183105469 614.4617919921875 380.6750183105469
615.8328857421875 272.0771484375 701.3676910400391 272.0771484375 701.3676910400391 380.48902893066406 615.8328857421875 380.48902893066406
618.7459106445312 270.45025634765625 703.9084396362305 270.45025634765625 703.9084396362305 379.33126068115234 618.7459106445312 379.33126068115234
625.8680419921875 277.207763671875 706.9873428344727 277.207763671875 706.9873428344727 391.47105407714844 625.8680419921875 391.47105407714844
628.7464599609375 282.2980041503906 712.5234909057617 282.2980041503906 712.5234909057617 396.64440155029297 628.7464599609375 396.64440155029297
639.10693359375 285.69427490234375 721.9395446777344 285.69427490234375 721.9395446777344 400.7007598876953 639.10693359375 400.7007598876953
647.006591796875 287.49078369140625 732.4902648925781 287.49078369140625 732.4902648925781 401.3506317138672 647.006591796875 401.3506317138672
659.0460205078125 284.4560241699219 746.6563415527344 284.4560241699219 746.6563415527344 400.91210174560547 659.0460205078125 400.91210174560547
681.8448486328125 283.0273132324219 765.3069000244141 283.0273132324219 765.3069000244141 399.2727355957031 681.8448486328125 399.2727355957031
691.1740112304688 282.68572998046875 773.2518692016602 282.68572998046875 773.2518692016602 397.22847747802734 691.1740112304688 397.22847747802734
699.166015625 282.14056396484375 779.4579162597656 282.14056396484375 779.4579162597656 395.17474365234375 699.166015625 395.17474365234375
704.287841796875 282.2239074707031 781.5525817871094 282.2239074707031 781.5525817871094 396.2205352783203 704.287841796875 396.2205352783203
709.00830078125 280.97491455078125 783.6066818237305 280.97491455078125 783.6066818237305 392.09849548339844 709.00830078125 392.09849548339844
700.4056396484375 278.1189880371094 774.1344146728516 278.1189880371094 774.1344146728516 390.74620819091797 700.4056396484375 390.74620819091797
693.9756469726562 272.87078857421875 769.4695739746094 272.87078857421875 769.4695739746094 384.20298767089844 693.9756469726562 384.20298767089844
686.0897216796875 269.5773010253906 763.0238342285156 269.5773010253906 763.0238342285156 378.3735046386719 686.0897216796875 378.3735046386719
682.1719970703125 264.1268005371094 754.5905303955078 264.1268005371094 754.5905303955078 374.1241149902344 682.1719970703125 374.1241149902344
680.6553955078125 260.26129150390625 742.7318115234375 260.26129150390625 742.7318115234375 370.80934143066406 680.6553955078125 370.80934143066406
678.8802490234375 257.5683288574219 744.451904296875 257.5683288574219 744.451904296875 373.5022277832031 678.8802490234375 373.5022277832031
666.8353271484375 260.1792907714844 750.7187042236328 260.1792907714844 750.7187042236328 378.0154724121094 666.8353271484375 378.0154724121094
656.9517211914062 256.14068603515625 742.1826324462891 256.14068603515625 742.1826324462891 375.8698272705078 656.9517211914062 375.8698272705078
614.356201171875 164.52915954589844 699.2251281738281 164.52915954589844 699.2251281738281 283.7498016357422 614.356201171875 283.7498016357422
652.4205322265625 65.7861328125 737.0369567871094 65.7861328125 737.0369567871094 184.6520767211914 652.4205322265625 184.6520767211914
710.59130859375 1.5937820672988892 789.3250579833984 1.5937820672988892 789.3250579833984 119.42817842960358 710.59130859375 119.42817842960358
724.9309692382812 0.24133452773094177 808.7384490966797 0.24133452773094177 808.7384490966797 120.83970794081688 724.9309692382812 120.83970794081688
776.7745361328125 3.8159737586975098 858.2504501342773 3.8159737586975098 858.2504501342773 121.16952753067017 776.7745361328125 121.16952753067017
714.5628662109375 0.22502441704273224 799.230583190918 0.22502441704273224 799.230583190918 127.06315918266773 714.5628662109375 127.06315918266773
725.2741088867188 0.945660412311554 810.8902816772461 0.945660412311554 810.8902816772461 126.69651490449905 725.2741088867188 126.69651490449905
733.2088623046875 1.4692519903182983 815.8832168579102 1.4692519903182983 815.8832168579102 122.0768951177597 733.2088623046875 122.0768951177597
727.541748046875 1.2351433038711548 807.9933013916016 1.2351433038711548 807.9933013916016 120.19758379459381 727.541748046875 120.19758379459381
727.08349609375 3.5255706310272217 806.6271591186523 3.5255706310272217 806.6271591186523 119.75195002555847 727.08349609375 119.75195002555847
725.0379028320312 3.6642653942108154 803.4281311035156 3.6642653942108154 803.4281311035156 117.73540949821472 725.0379028320312 117.73540949821472
723.6752319335938 0.9549590945243835 800.8723678588867 0.9549590945243835 800.8723678588867 115.10410612821579 723.6752319335938 115.10410612821579
716.5601806640625 1.692590355873108 794.9702377319336 1.692590355873108 794.9702377319336 115.69970858097076 716.5601806640625 115.69970858097076
722.822265625 3.2179999351501465 801.8704376220703 3.2179999351501465 801.8704376220703 116.77410650253296 722.822265625 116.77410650253296
723.8328857421875 3.339686632156372 801.0801849365234 3.339686632156372 801.0801849365234 116.24327397346497 723.8328857421875 116.24327397346497
719.0662841796875 1.033441185951233 794.4520492553711 1.033441185951233 794.4520492553711 115.05437624454498 719.0662841796875 115.05437624454498
722.9723510742188 1.2884705066680908 800.1918716430664 1.2884705066680908 800.1918716430664 115.01710820198059 722.9723510742188 115.01710820198059
721.1900634765625 2.593726396560669 798.4935531616211 2.593726396560669 798.4935531616211 115.33640217781067 721.1900634765625 115.33640217781067
719.2428588867188 3.3651375770568848 795.6058044433594 3.3651375770568848 795.6058044433594 115.30034112930298 719.2428588867188 115.30034112930298
716.7672729492188 0.6453109979629517 791.380485534668 0.6453109979629517 791.380485534668 114.56427156925201 716.7672729492188 114.56427156925201
717.421875 1.2106049060821533 794.9574432373047 1.2106049060821533 794.9574432373047 115.01326298713684 717.421875 115.01326298713684
725.179443359375 1.155998945236206 801.1533279418945 1.155998945236206 801.1533279418945 116.5061194896698 725.179443359375 116.5061194896698
738.9553833007812 3.278505802154541 817.5732574462891 3.278505802154541 817.5732574462891 116.43431329727173 738.9553833007812 116.43431329727173
751.7166748046875 1.794743299484253 826.6758193969727 1.794743299484253 826.6758193969727 113.746830701828 751.7166748046875 113.746830701828
761.3690185546875 1.1996238231658936 837.3479919433594 1.1996238231658936 837.3479919433594 113.27874064445496 761.3690185546875 113.27874064445496
794.5391845703125 2.97566294670105 867.9554595947266 2.97566294670105 867.9554595947266 113.74348521232605 794.5391845703125 113.74348521232605
776.7783813476562 3.3507590293884277 849.5905609130859 3.3507590293884277 849.5905609130859 111.75623846054077 776.7783813476562 111.75623846054077
783.6932373046875 3.2122581005096436 857.0428848266602 3.2122581005096436 857.0428848266602 111.12502360343933 783.6932373046875 111.12502360343933
785.191650390625 2.8230903148651123 857.2253875732422 2.8230903148651123 857.2253875732422 109.8636405467987 785.191650390625 109.8636405467987
792.7288818359375 0.6513717770576477 867.4990386962891 0.6513717770576477 867.4990386962891 107.96338349580765 792.7288818359375 107.96338349580765
799.9824829101562 1.2861312627792358 872.3186492919922 1.2861312627792358 872.3186492919922 108.65327298641205 799.9824829101562 108.65327298641205
813.7589721679688 0.2579940855503082 887.3083953857422 0.2579940855503082 887.3083953857422 106.49995270371437 813.7589721679688 106.49995270371437
825.3845825195312 0.5207145810127258 897.6820907592773 0.5207145810127258 897.6820907592773 107.22200852632523 825.3845825195312 107.22200852632523
848.63818359375 0.7674247622489929 920.817024230957 0.7674247622489929 920.817024230957 109.73316115140915 848.63818359375 109.73316115140915
855.5783081054688 0.04465789720416069 929.6212387084961 0.04465789720416069 929.6212387084961 111.08082885667682 855.5783081054688 111.08082885667682
877.2435302734375 2.2279884815216064 952.6921463012695 2.2279884815216064 952.6921463012695 116.17499470710754 877.2435302734375 116.17499470710754
885.3946533203125 4.410940647125244 959.0827484130859 4.410940647125244 959.0827484130859 113.83491373062134 885.3946533203125 113.83491373062134
888.6629638671875 2.5019378662109375 957.8426742553711 2.5019378662109375 957.8426742553711 109.94110870361328 888.6629638671875 109.94110870361328
890.0442504882812 3.1856162548065186 958.0513534545898 3.1856162548065186 958.0513534545898 106.00557780265808 890.0442504882812 106.00557780265808
892.8199462890625 1.9608474969863892 957.6545867919922 1.9608474969863892 957.6545867919922 102.26600801944733 892.8199462890625 102.26600801944733
893.7493286132812 1.321740746498108 958.9225006103516 1.321740746498108 958.9225006103516 98.9970794916153 893.7493286132812 98.9970794916153
896.8079223632812 0.3414421081542969 958.1902084350586 0.3414421081542969 958.1902084350586 97.06313705444336 896.8079223632812 97.06313705444336
854.7952880859375 27.10257339477539 920.5423278808594 27.10257339477539 920.5423278808594 119.46152114868164 854.7952880859375 119.46152114868164
787.0892944335938 0.0 851.8421325683594 0.0 851.8421325683594 90.96232604980469 787.0892944335938 90.96232604980469
797.3526611328125 0.0 861.6158828735352 0.0 861.6158828735352 90.27452087402344 797.3526611328125 90.27452087402344
801.7035522460938 7.973298072814941 864.5307540893555 7.973298072814941 864.5307540893555 96.23056125640869 801.7035522460938 96.23056125640869
812.5169067382812 0.0 876.2645072937012 0.0 876.2645072937012 89.55020904541016 812.5169067382812 89.55020904541016
818.9810791015625 0.20067596435546875 883.9183883666992 0.20067596435546875 883.9183883666992 91.42214965820312 818.9810791015625 91.42214965820312
830.0870361328125 0.09800567477941513 893.8117446899414 0.09800567477941513 893.8117446899414 89.61605682224035 830.0870361328125 89.61605682224035
836.76123046875 11.964118003845215 900.7066345214844 11.964118003845215 900.7066345214844 101.79219722747803 836.76123046875 101.79219722747803
843.376953125 38.359275817871094 908.6976089477539 38.359275817871094 908.6976089477539 130.1192626953125 843.376953125 130.1192626953125
846.9447021484375 63.86541748046875 914.0062942504883 63.86541748046875 914.0062942504883 158.0709991455078 846.9447021484375 158.0709991455078
811.7769775390625 84.98507690429688 878.2942657470703 84.98507690429688 878.2942657470703 178.42604064941406 811.7769775390625 178.42604064941406
817.704833984375 94.76655578613281 883.0789184570312 94.76655578613281 883.0789184570312 186.60159301757812 817.704833984375 186.60159301757812
821.3728637695312 97.24021911621094 886.9176788330078 97.24021911621094 886.9176788330078 189.3150863647461 821.3728637695312 189.3150863647461
866.541015625 103.49519348144531 931.31298828125 103.49519348144531 931.31298828125 194.48440551757812 866.541015625 194.48440551757812
854.3065185546875 92.81858825683594 919.3577194213867 92.81858825683594 919.3577194213867 184.2000503540039 854.3065185546875 184.2000503540039
813.1158447265625 139.47869873046875 879.6503753662109 139.47869873046875 879.6503753662109 232.94388580322266 813.1158447265625 232.94388580322266
784.413330078125 143.9443817138672 851.3047332763672 143.9443817138672 851.3047332763672 237.910888671875 784.413330078125 237.910888671875
803.5821533203125 135.40435791015625 870.9106521606445 135.40435791015625 870.9106521606445 229.98487854003906 803.5821533203125 229.98487854003906
820.6555786132812 135.4781494140625 887.1312026977539 135.4781494140625 887.1312026977539 228.86058044433594 820.6555786132812 228.86058044433594
828.85888671875 134.18008422851562 895.9704818725586 134.18008422851562 895.9704818725586 228.45589447021484 828.85888671875 228.45589447021484
834.9089965820312 141.592041015625 901.3723907470703 141.592041015625 901.3723907470703 234.95728302001953 834.9089965820312 234.95728302001953
875.6173706054688 104.9046859741211 942.4416961669922 104.9046859741211 942.4416961669922 198.7769546508789 875.6173706054688 198.7769546508789
879.0289916992188 103.6241683959961 945.7739715576172 103.6241683959961 945.7739715576172 197.3849868774414 879.0289916992188 197.3849868774414
883.9885864257812 103.9880599975586 950.9084854125977 103.9880599975586 950.9084854125977 197.99459838867188 883.9885864257812 197.99459838867188
878.6748046875 115.30238342285156 945.6401672363281 115.30238342285156 945.6401672363281 209.37278747558594 878.6748046875 209.37278747558594
809.4425659179688 155.3960418701172 876.0074005126953 155.3960418701172 876.0074005126953 248.9037857055664 809.4425659179688 248.9037857055664
771.5782470703125 198.63687133789062 837.5659866333008 198.63687133789062 837.5659866333008 291.3339309692383 771.5782470703125 291.3339309692383
761.6116333007812 181.26400756835938 828.3004989624023 181.26400756835938 828.3004989624023 274.94598388671875 761.6116333007812 274.94598388671875
738.0706787109375 165.18557739257812 803.9564208984375 165.18557739257812 803.9564208984375 257.7393569946289 738.0706787109375 257.7393569946289
764.533447265625 181.53807067871094 829.0220108032227 181.53807067871094 829.0220108032227 272.129150390625 764.533447265625 272.129150390625
760.226318359375 199.63565063476562 823.6144790649414 199.63565063476562 823.6144790649414 288.6809310913086 760.226318359375 288.6809310913086
751.4830932617188 184.34799194335938 814.7805061340332 184.34799194335938 814.7805061340332 273.2658004760742 751.4830932617188 273.2658004760742
765.07275390625 145.88772583007812 827.9011764526367 145.88772583007812 827.9011764526367 234.14671325683594 765.07275390625 234.14671325683594
761.5618286132812 179.93099975585938 825.0918464660645 179.93099975585938 825.0918464660645 269.17555236816406 761.5618286132812 269.17555236816406
743.6992797851562 181.831298828125 806.9819221496582 181.831298828125 806.9819221496582 270.7283477783203 743.6992797851562 270.7283477783203
803.9700927734375 177.33831787109375 866.3979072570801 177.33831787109375 866.3979072570801 265.0345458984375 803.9700927734375 265.0345458984375
761.3368530273438 185.8051300048828 822.4392509460449 185.8051300048828 822.4392509460449 271.63946533203125 761.3368530273438 271.63946533203125
744.8365478515625 185.94287109375 805.4631271362305 185.94287109375 805.4631271362305 271.10880279541016 744.8365478515625 271.10880279541016
706.3893432617188 178.75119018554688 766.7242660522461 178.75119018554688 766.7242660522461 263.5074157714844 706.3893432617188 263.5074157714844
695.519775390625 162.6301727294922 756.4875411987305 162.6301727294922 756.4875411987305 248.275390625 695.519775390625 248.275390625
642.0457763671875 82.53043365478516 703.3551826477051 82.53043365478516 703.3551826477051 168.65557098388672 642.0457763671875 168.65557098388672
640.4422607421875 34.40964126586914 699.7430000305176 34.40964126586914 699.7430000305176 123.05185317993164 640.4422607421875 123.05185317993164
646.6867065429688 36.15809631347656 707.8745956420898 36.15809631347656 707.8745956420898 122.112548828125 646.6867065429688 122.112548828125
629.04931640625 44.52727508544922 691.4901008605957 44.52727508544922 691.4901008605957 132.2417449951172 629.04931640625 132.2417449951172
645.9136352539062 34.032875061035156 708.1593742370605 34.032875061035156 708.1593742370605 123.43502044677734 645.9136352539062 123.43502044677734
646.5403442382812 30.60904312133789 709.5349235534668 30.60904312133789 709.5349235534668 119.10146713256836 646.5403442382812 119.10146713256836
652.4754638671875 33.0947151184082 712.3422050476074 33.0947151184082 712.3422050476074 122.43503189086914 652.4754638671875 122.43503189086914
650.4923095703125 31.450931549072266 710.212474822998 31.450931549072266 710.212474822998 121.39667129516602 650.4923095703125 121.39667129516602
650.25048828125 32.00490188598633 712.7146377563477 32.00490188598633 712.7146377563477 122.94043350219727 650.25048828125 122.94043350219727
653.4434814453125 30.333148956298828 713.9599723815918 30.333148956298828 713.9599723815918 123.3115119934082 653.4434814453125 123.3115119934082
657.842529296875 31.368831634521484 719.0037117004395 31.368831634521484 719.0037117004395 124.7742805480957 657.842529296875 124.7742805480957
659.5076293945312 30.762243270874023 722.249641418457 30.762243270874023 722.249641418457 124.40136528015137 659.5076293945312 124.40136528015137
669.9822387695312 32.542022705078125 730.5106391906738 32.542022705078125 730.5106391906738 127.72689819335938 669.9822387695312 127.72689819335938
675.5394287109375 32.13260269165039 734.396858215332 32.13260269165039 734.396858215332 128.55261611938477 675.5394287109375 128.55261611938477
682.8693237304688 31.95367431640625 742.3609504699707 31.95367431640625 742.3609504699707 130.17183685302734 682.8693237304688 130.17183685302734
684.3072509765625 31.402400970458984 744.9344673156738 31.402400970458984 744.9344673156738 128.0376091003418 684.3072509765625 128.0376091003418
683.6641845703125 29.56827735900879 741.2743530273438 29.56827735900879 741.2743530273438 127.1071720123291 683.6641845703125 127.1071720123291
678.7357177734375 29.933868408203125 738.3497314453125 29.933868408203125 738.3497314453125 129.9925079345703 678.7357177734375 129.9925079345703
680.9559326171875 30.888286590576172 740.4916801452637 30.888286590576172 740.4916801452637 131.64663314819336 680.9559326171875 131.64663314819336
685.9912719726562 32.51390075683594 745.8671264648438 32.51390075683594 745.8671264648438 132.3844223022461 685.9912719726562 132.3844223022461
679.8148193359375 33.26288604736328 738.7523193359375 33.26288604736328 738.7523193359375 131.43917083740234 679.8148193359375 131.43917083740234
680.8536987304688 31.142139434814453 740.7036247253418 31.142139434814453 740.7036247253418 130.17264938354492 680.8536987304688 130.17264938354492
678.603271484375 31.548507690429688 738.6957092285156 31.548507690429688 738.6957092285156 131.49871826171875 678.603271484375 131.49871826171875
679.3709716796875 30.83844566345215 739.7178421020508 30.83844566345215 739.7178421020508 133.97850608825684 679.3709716796875 133.97850608825684
678.157470703125 31.4249324798584 739.7975463867188 31.4249324798584 739.7975463867188 132.54584312438965 678.157470703125 132.54584312438965
680.7810668945312 27.387197494506836 740.9957046508789 27.387197494506836 740.9957046508789 126.48155784606934 680.7810668945312 126.48155784606934
674.1758422851562 29.98915672302246 735.0844345092773 29.98915672302246 735.0844345092773 134.06945610046387 674.1758422851562 134.06945610046387
667.1818237304688 30.443981170654297 727.3294486999512 30.443981170654297 727.3294486999512 133.6441535949707 667.1818237304688 133.6441535949707
675.8571166992188 31.42984962463379 737.3784561157227 31.42984962463379 737.3784561157227 134.26607704162598 675.8571166992188 134.26607704162598
681.0660400390625 31.121057510375977 741.9551086425781 31.121057510375977 741.9551086425781 133.74231147766113 681.0660400390625 133.74231147766113
680.9192504882812 30.323974609375 742.3012809753418 30.323974609375 742.3012809753418 132.2948989868164 680.9192504882812 132.2948989868164
678.8038940429688 24.252208709716797 741.2783622741699 24.252208709716797 741.2783622741699 126.9105339050293 678.8038940429688 126.9105339050293
678.8048095703125 24.681447982788086 740.4364013671875 24.681447982788086 740.4364013671875 126.99394798278809 678.8048095703125 126.99394798278809
677.0969848632812 26.077484130859375 739.3376159667969 26.077484130859375 739.3376159667969 129.4347381591797 677.0969848632812 129.4347381591797
677.5059204101562 25.73662757873535 739.3844985961914 25.73662757873535 739.3844985961914 129.6068058013916 677.5059204101562 129.6068058013916
675.8829345703125 26.78851318359375 737.2726860046387 26.78851318359375 737.2726860046387 130.38529205322266 675.8829345703125 130.38529205322266
675.2927856445312 23.589508056640625 737.4134407043457 23.589508056640625 737.4134407043457 126.45319366455078 675.2927856445312 126.45319366455078
674.321044921875 25.625213623046875 736.3962707519531 25.625213623046875 736.3962707519531 128.90221405029297 674.321044921875 128.90221405029297
675.3603515625 23.7652587890625 737.336540222168 23.7652587890625 737.336540222168 127.9152603149414 675.3603515625 127.9152603149414
675.2883911132812 23.910253524780273 737.4601516723633 23.910253524780273 737.4601516723633 125.86946678161621 675.2883911132812 125.86946678161621
672.2020263671875 23.59749984741211 734.6944274902344 23.59749984741211 734.6944274902344 129.27543258666992 672.2020263671875 129.27543258666992
673.3248901367188 23.843059539794922 737.135856628418 23.843059539794922 737.135856628418 128.35073471069336 673.3248901367188 128.35073471069336
675.1343994140625 24.44625473022461 737.2838134765625 24.44625473022461 737.2838134765625 129.0014305114746 675.1343994140625 129.0014305114746
669.3356323242188 25.119312286376953 732.0503921508789 25.119312286376953 732.0503921508789 127.17182540893555 669.3356323242188 127.17182540893555
674.3582153320312 25.52649688720703 737.2923202514648 25.52649688720703 737.2923202514648 127.89177703857422 674.3582153320312 127.89177703857422
674.3206787109375 23.952098846435547 737.3924331665039 23.952098846435547 737.3924331665039 125.34541702270508 674.3206787109375 125.34541702270508
675.2734375 26.762985229492188 739.6703338623047 26.762985229492188 739.6703338623047 128.16400146484375 675.2734375 128.16400146484375
675.9171752929688 26.37127685546875 740.1993179321289 26.37127685546875 740.1993179321289 125.50138854980469 675.9171752929688 125.50138854980469
677.0061645507812 24.68045997619629 740.088550567627 24.68045997619629 740.088550567627 124.39287757873535 677.0061645507812 124.39287757873535
676.1283569335938 25.315929412841797 738.9525833129883 25.315929412841797 738.9525833129883 125.87012100219727 676.1283569335938 125.87012100219727
675.5382690429688 25.04263687133789 739.4529418945312 25.04263687133789 739.4529418945312 126.25638198852539 675.5382690429688 126.25638198852539
674.52197265625 25.841739654541016 739.2803192138672 25.841739654541016 739.2803192138672 125.60219955444336 674.52197265625 125.60219955444336
674.31787109375 22.76059913635254 738.9500885009766 22.76059913635254 738.9500885009766 123.34109687805176 674.31787109375 123.34109687805176
672.5418701171875 22.77536964416504 738.8086624145508 22.77536964416504 738.8086624145508 127.84246253967285 672.5418701171875 127.84246253967285
672.68994140625 22.624279022216797 738.7887878417969 22.624279022216797 738.7887878417969 127.8129768371582 672.68994140625 127.8129768371582
673.5946044921875 24.513980865478516 739.1376190185547 24.513980865478516 739.1376190185547 126.40508651733398 673.5946044921875 126.40508651733398
674.7345581054688 22.84861183166504 738.8356781005859 22.84861183166504 738.8356781005859 124.14901924133301 674.7345581054688 124.14901924133301
675.1246948242188 23.638931274414062 740.3158416748047 23.638931274414062 740.3158416748047 126.6701431274414 675.1246948242188 126.6701431274414
670.8295288085938 24.288909912109375 736.1663284301758 24.288909912109375 736.1663284301758 128.53163146972656 670.8295288085938 128.53163146972656
673.142333984375 24.10586166381836 737.8743133544922 24.10586166381836 737.8743133544922 125.63065719604492 673.142333984375 125.63065719604492
675.3546142578125 24.084125518798828 738.4342842102051 24.084125518798828 738.4342842102051 126.1876106262207 675.3546142578125 126.1876106262207
673.5069580078125 23.68683433532715 738.0586776733398 23.68683433532715 738.0586776733398 127.10468101501465 673.5069580078125 127.10468101501465
672.7592163085938 24.09827423095703 737.4086837768555 24.09827423095703 737.4086837768555 126.61226654052734 672.7592163085938 126.61226654052734
671.79541015625 24.245786666870117 736.8809356689453 24.245786666870117 736.8809356689453 125.33646202087402 671.79541015625 125.33646202087402
674.6331176757812 23.89896583557129 737.7353515625 23.89896583557129 737.7353515625 124.42145729064941 674.6331176757812 124.42145729064941
673.4938354492188 23.19987678527832 737.0964164733887 23.19987678527832 737.0964164733887 125.40283393859863 673.4938354492188 125.40283393859863
670.8660888671875 21.877456665039062 735.2432174682617 21.877456665039062 735.2432174682617 125.53591918945312 670.8660888671875 125.53591918945312
670.822509765625 23.892791748046875 735.9067764282227 23.892791748046875 735.9067764282227 125.55809020996094 670.822509765625 125.55809020996094
672.4154052734375 26.7728214263916 736.1528701782227 26.7728214263916 736.1528701782227 129.19317054748535 672.4154052734375 129.19317054748535
675.1494140625 27.450836181640625 737.1039924621582 27.450836181640625 737.1039924621582 129.5307159423828 675.1494140625 129.5307159423828
671.3395385742188 26.411590576171875 734.257209777832 26.411590576171875 734.257209777832 127.73100280761719 671.3395385742188 127.73100280761719
672.3846435546875 25.692907333374023 734.6329154968262 25.692907333374023 734.6329154968262 124.8663387298584 672.3846435546875 124.8663387298584
673.6417846679688 26.140766143798828 734.0536918640137 26.140766143798828 734.0536918640137 123.68587875366211 673.6417846679688 123.68587875366211
673.6522216796875 26.211639404296875 734.8587036132812 26.211639404296875 734.8587036132812 125.10414123535156 673.6522216796875 125.10414123535156
674.1204833984375 24.29827880859375 734.94873046875 24.29827880859375 734.94873046875 123.59199523925781 674.1204833984375 123.59199523925781
672.4904174804688 27.347537994384766 735.1123580932617 27.347537994384766 735.1123580932617 122.23908615112305 672.4904174804688 122.23908615112305
674.9209594726562 28.28375816345215 734.6869316101074 28.28375816345215 734.6869316101074 123.77023124694824 674.9209594726562 123.77023124694824
676.6405639648438 25.198944091796875 735.5063781738281 25.198944091796875 735.5063781738281 119.47398376464844 676.6405639648438 119.47398376464844
672.9471435546875 28.230274200439453 733.7402534484863 28.230274200439453 733.7402534484863 122.11127090454102 672.9471435546875 122.11127090454102
672.3536376953125 25.410614013671875 732.3643112182617 25.410614013671875 732.3643112182617 121.16641235351562 672.3536376953125 121.16641235351562
673.9444580078125 28.401927947998047 733.4228744506836 28.401927947998047 733.4228744506836 125.6377067565918 673.9444580078125 125.6377067565918
669.736328125 24.230255126953125 730.763599395752 24.230255126953125 730.763599395752 122.97651672363281 669.736328125 122.97651672363281
671.2311401367188 28.519399642944336 732.4767227172852 28.519399642944336 732.4767227172852 127.86899375915527 671.2311401367188 127.86899375915527
670.4103393554688 25.8438777923584 731.071460723877 25.8438777923584 731.071460723877 122.97055625915527 670.4103393554688 122.97055625915527
671.9896240234375 27.733200073242188 730.7020072937012 27.733200073242188 730.7020072937012 123.62997436523438 671.9896240234375 123.62997436523438
670.9064331054688 27.34275245666504 730.9393424987793 27.34275245666504 730.9393424987793 125.48763465881348 670.9064331054688 125.48763465881348
672.9129638671875 27.867334365844727 731.8626480102539 27.867334365844727 731.8626480102539 126.68779182434082 672.9129638671875 126.68779182434082
669.7605590820312 25.627685546875 730.4842147827148 25.627685546875 730.4842147827148 123.84188079833984 669.7605590820312 123.84188079833984
670.4904174804688 27.003992080688477 730.5769958496094 27.003992080688477 730.5769958496094 124.7403736114502 670.4904174804688 124.7403736114502
669.5941162109375 23.36665916442871 731.889762878418 23.36665916442871 731.889762878418 121.31427574157715 669.5941162109375 121.31427574157715
666.3330078125 25.0772762298584 729.2883491516113 25.0772762298584 729.2883491516113 125.65106773376465 666.3330078125 125.65106773376465
665.9656982421875 22.685461044311523 728.651195526123 22.685461044311523 728.651195526123 122.31916618347168 665.9656982421875 122.31916618347168
666.58642578125 24.236642837524414 729.3499374389648 24.236642837524414 729.3499374389648 123.48446846008301 666.58642578125 123.48446846008301
663.9246826171875 25.360454559326172 727.6759262084961 25.360454559326172 727.6759262084961 127.06703567504883 663.9246826171875 127.06703567504883
666.5545654296875 22.212451934814453 729.4579544067383 22.212451934814453 729.4579544067383 126.46475601196289 666.5545654296875 126.46475601196289
664.9371337890625 21.985225677490234 726.8944816589355 21.985225677490234 726.8944816589355 122.69018173217773 664.9371337890625 122.69018173217773
666.1238403320312 22.028654098510742 728.8547477722168 22.028654098510742 728.8547477722168 124.77940940856934 666.1238403320312 124.77940940856934
668.6689453125 23.698936462402344 731.270336151123 23.698936462402344 731.270336151123 126.28998565673828 668.6689453125 126.28998565673828
666.0515747070312 21.557437896728516 727.4750785827637 21.557437896728516 727.4750785827637 124.41768264770508 666.0515747070312 124.41768264770508
666.5067138671875 22.939411163330078 729.322380065918 22.939411163330078 729.322380065918 124.10036087036133 666.5067138671875 124.10036087036133
666.3367919921875 21.45160675048828 728.4218254089355 21.45160675048828 728.4218254089355 124.53794860839844 666.3367919921875 124.53794860839844
667.2745361328125 21.229089736938477 730.6989440917969 21.229089736938477 730.6989440917969 124.87113380432129 667.2745361328125 124.87113380432129
664.2715454101562 22.272634506225586 726.6670341491699 22.272634506225586 726.6670341491699 126.60002708435059 664.2715454101562 126.60002708435059
665.8538818359375 23.09299659729004 728.7850036621094 23.09299659729004 728.7850036621094 124.84414100646973 665.8538818359375 124.84414100646973
667.1055908203125 21.217363357543945 728.6305122375488 21.217363357543945 728.6305122375488 122.82266426086426 667.1055908203125 122.82266426086426
668.185791015625 24.037450790405273 728.5244255065918 24.037450790405273 728.5244255065918 124.71333122253418 668.185791015625 124.71333122253418
662.5906372070312 22.872051239013672 724.7496566772461 22.872051239013672 724.7496566772461 121.39529800415039 662.5906372070312 121.39529800415039
662.8470458984375 21.502914428710938 723.394603729248 21.502914428710938 723.394603729248 120.88523864746094 662.8470458984375 120.88523864746094
668.8426513671875 23.4189395904541 729.2109146118164 23.4189395904541 729.2109146118164 121.91903114318848 668.8426513671875 121.91903114318848
665.9071655273438 21.731197357177734 729.7148132324219 21.731197357177734 729.7148132324219 117.15018081665039 665.9071655273438 117.15018081665039
674.80419921875 26.21683120727539 734.103199005127 26.21683120727539 734.103199005127 124.5524787902832 674.80419921875 124.5524787902832
680.9900512695312 21.30843734741211 740.8050346374512 21.30843734741211 740.8050346374512 120.4148063659668 680.9900512695312 120.4148063659668
691.6409912109375 20.92228126525879 750.5516777038574 20.92228126525879 750.5516777038574 118.5431079864502 691.6409912109375 118.5431079864502
693.5996704101562 22.099742889404297 751.9804267883301 22.099742889404297 751.9804267883301 120.55645370483398 693.5996704101562 120.55645370483398
696.7026977539062 23.111764907836914 755.5883293151855 23.111764907836914 755.5883293151855 120.90128517150879 696.7026977539062 120.90128517150879
697.3960571289062 22.23577117919922 756.0451583862305 22.23577117919922 756.0451583862305 119.46150970458984 697.3960571289062 119.46150970458984
696.1587524414062 21.04465103149414 755.1885299682617 21.04465103149414 755.1885299682617 120.33819961547852 696.1587524414062 120.33819961547852
695.5299072265625 22.201873779296875 755.5710639953613 22.201873779296875 755.5710639953613 120.93714904785156 695.5299072265625 120.93714904785156
701.4830322265625 22.246231079101562 761.0299301147461 22.246231079101562 761.0299301147461 118.66822814941406 701.4830322265625 118.66822814941406
696.2461547851562 21.100252151489258 756.3472099304199 21.100252151489258 756.3472099304199 116.73689460754395 696.2461547851562 116.73689460754395
689.9982299804688 23.413654327392578 749.1137580871582 23.413654327392578 749.1137580871582 121.91122817993164 689.9982299804688 121.91122817993164
698.4346923828125 22.422019958496094 759.9827270507812 22.422019958496094 759.9827270507812 119.8386459350586 698.4346923828125 119.8386459350586
699.1126708984375 23.551305770874023 760.1057014465332 23.551305770874023 760.1057014465332 118.9327449798584 699.1126708984375 118.9327449798584
697.502197265625 21.065662384033203 757.9983291625977 21.065662384033203 757.9983291625977 118.74699020385742 697.502197265625 118.74699020385742
698.1914672851562 24.750732421875 758.7334823608398 24.750732421875 758.7334823608398 120.80330657958984 698.1914672851562 120.80330657958984
697.2720947265625 23.715194702148438 757.6575927734375 23.715194702148438 757.6575927734375 121.07640838623047 697.2720947265625 121.07640838623047
697.35986328125 22.68086814880371 757.9779052734375 22.68086814880371 757.9779052734375 122.37552452087402 697.35986328125 122.37552452087402
697.8905029296875 24.56649398803711 757.8831672668457 24.56649398803711 757.8831672668457 122.19196701049805 697.8905029296875 122.19196701049805
701.0703735351562 25.018178939819336 760.9036445617676 25.018178939819336 760.9036445617676 121.85064506530762 701.0703735351562 121.85064506530762
700.390869140625 24.76459503173828 760.1162338256836 24.76459503173828 760.1162338256836 123.36693572998047 700.390869140625 123.36693572998047
697.6217651367188 27.287689208984375 757.7772636413574 27.287689208984375 757.7772636413574 127.03193664550781 697.6217651367188 127.03193664550781
699.6680908203125 28.69138526916504 759.1651000976562 28.69138526916504 759.1651000976562 128.75959968566895 699.6680908203125 128.75959968566895
699.9573974609375 30.7039737701416 759.3895034790039 30.7039737701416 759.3895034790039 128.81476020812988 699.9573974609375 128.81476020812988
698.1988525390625 25.1872501373291 757.7434577941895 25.1872501373291 757.7434577941895 126.08756446838379 698.1988525390625 126.08756446838379
700.6337280273438 17.783599853515625 760.7167663574219 17.783599853515625 760.7167663574219 119.47168731689453 700.6337280273438 119.47168731689453
706.8837890625 21.535755157470703 767.2035636901855 21.535755157470703 767.2035636901855 118.58841323852539 706.8837890625 118.58841323852539
721.5166625976562 21.85504150390625 781.9912185668945 21.85504150390625 781.9912185668945 116.56047821044922 721.5166625976562 116.56047821044922
731.3865356445312 16.089529037475586 792.102123260498 16.089529037475586 792.102123260498 111.85029411315918 731.3865356445312 111.85029411315918
757.7356567382812 18.048419952392578 818.0543746948242 18.048419952392578 818.0543746948242 115.21072006225586 757.7356567382812 115.21072006225586
770.7340087890625 16.954910278320312 832.8791732788086 16.954910278320312 832.8791732788086 111.18505859375 770.7340087890625 111.18505859375
791.8843994140625 15.537755966186523 854.8823127746582 15.537755966186523 854.8823127746582 109.94145774841309 791.8843994140625 109.94145774841309
809.447021484375 13.201629638671875 873.4477920532227 13.201629638671875 873.4477920532227 106.19112396240234 809.447021484375 106.19112396240234
818.3211669921875 15.511594772338867 878.3952026367188 15.511594772338867 878.3952026367188 108.78006553649902 818.3211669921875 108.78006553649902
821.3062744140625 15.301931381225586 880.4200019836426 15.301931381225586 880.4200019836426 107.61707878112793 821.3062744140625 107.61707878112793
822.6077880859375 18.583810806274414 885.3571701049805 18.583810806274414 885.3571701049805 108.01925849914551 822.6077880859375 108.01925849914551
832.1212768554688 18.093034744262695 890.8553352355957 18.093034744262695 890.8553352355957 107.49685859680176 832.1212768554688 107.49685859680176
841.1837768554688 17.04319190979004 900.1370010375977 17.04319190979004 900.1370010375977 108.53092384338379 841.1837768554688 108.53092384338379
851.5216064453125 15.386797904968262 910.6941604614258 15.386797904968262 910.6941604614258 105.24682140350342 851.5216064453125 105.24682140350342
866.1468505859375 2.7134742736816406 928.8693923950195 2.7134742736816406 928.8693923950195 93.1979866027832 866.1468505859375 93.1979866027832
888.5087890625 0.8862602114677429 952.7511444091797 0.8862602114677429 952.7511444091797 91.13157576322556 888.5087890625 91.13157576322556
896.5018310546875 16.397449493408203 957.827751159668 16.397449493408203 957.827751159668 108.27399063110352 896.5018310546875 108.27399063110352
897.5601806640625 23.524738311767578 959.0000114440918 23.524738311767578 959.0000114440918 109.83317184448242 897.5601806640625 109.83317184448242
896.3175659179688 0.0 959.0000228881836 0.0 959.0000228881836 88.05403900146484 896.3175659179688 88.05403900146484
898.9290161132812 0.0 959.0000228881836 0.0 959.0000228881836 84.38557434082031 898.9290161132812 84.38557434082031
899.3148193359375 0.9728332757949829 958.9999160766602 0.9728332757949829 958.9999160766602 84.8162933588028 899.3148193359375 84.8162933588028
899.4786987304688 0.7341415286064148 959.0000228881836 0.7341415286064148 959.0000228881836 84.34753721952438 899.4786987304688 84.34753721952438
901.4078369140625 0.0 958.9999809265137 0.0 958.9999809265137 80.90335845947266 901.4078369140625 80.90335845947266
902.7469482421875 0.0 959.0000305175781 0.0 959.0000305175781 79.02229309082031 902.7469482421875 79.02229309082031
903.8035278320312 0.0 959.000072479248 0.0 959.000072479248 77.5381088256836 903.8035278320312 77.5381088256836
903.4337158203125 40.71541213989258 959.0000114440918 40.71541213989258 959.0000114440918 118.77293014526367 903.4337158203125 118.77293014526367
900.9152221679688 6.807823181152344 958.9999504089355 6.807823181152344 958.9999504089355 88.40315246582031 900.9152221679688 88.40315246582031
900.228515625 12.209217071533203 959.000072479248 12.209217071533203 959.000072479248 94.76938247680664 900.228515625 94.76938247680664
863.5845947265625 42.2169189453125 922.6567687988281 42.2169189453125 922.6567687988281 125.19937133789062 863.5845947265625 125.19937133789062
899.4610595703125 20.516109466552734 958.9999771118164 20.516109466552734 958.9999771118164 104.15422439575195 899.4610595703125 104.15422439575195
899.8445434570312 10.490335464477539 959.0000915527344 10.490335464477539 959.0000915527344 93.58990669250488 899.8445434570312 93.58990669250488
901.0711059570312 41.5616455078125 959.0000610351562 41.5616455078125 959.0000610351562 122.93814086914062 901.0711059570312 122.93814086914062
901.2664794921875 72.0932388305664 958.9999694824219 72.0932388305664 958.9999694824219 153.1951446533203 901.2664794921875 153.1951446533203
901.6878051757812 15.3404541015625 958.9999084472656 15.3404541015625 958.9999084472656 95.85041046142578 901.6878051757812 95.85041046142578
902.73681640625 4.7888078689575195 959.0 4.7888078689575195 959.0 83.82528400421143 902.73681640625 83.82528400421143
901.2747802734375 1.8207839727401733 958.9999084472656 1.8207839727401733 958.9999084472656 82.91094815731049 901.2747802734375 82.91094815731049
901.6329345703125 1.2177330255508423 959.0000534057617 1.2177330255508423 959.0000534057617 81.80499041080475 901.6329345703125 81.80499041080475
900.6871337890625 0.6305176019668579 959.0000076293945 0.6305176019668579 959.0000076293945 82.54633486270905 900.6871337890625 82.54633486270905
901.9212646484375 0.5956634283065796 958.9999885559082 0.5956634283065796 958.9999885559082 80.77779233455658 901.9212646484375 80.77779233455658
900.2784423828125 1.2874443531036377 959.0000114440918 1.2874443531036377 959.0000114440918 83.77738118171692 900.2784423828125 83.77738118171692
901.1154174804688 0.561597466468811 959.0 0.561597466468811 959.0 81.87576067447662 901.1154174804688 81.87576067447662
903.5099487304688 11.514227867126465 958.9999084472656 11.514227867126465 958.9999084472656 89.46450710296631 903.5099487304688 89.46450710296631
905.0626220703125 0.0 958.9999923706055 0.0 958.9999923706055 75.76925659179688 905.0626220703125 75.76925659179688
907.1062622070312 0.3547462522983551 958.9999198913574 0.3547462522983551 958.9999198913574 73.25307694077492 907.1062622070312 73.25307694077492
907.7862548828125 19.97406768798828 959.0000686645508 19.97406768798828 959.0000686645508 91.9173812866211 907.7862548828125 91.9173812866211
908.2405395507812 3.4891579151153564 959.0000228881836 3.4891579151153564 959.0000228881836 74.79425740242004 908.2405395507812 74.79425740242004
907.9978637695312 2.146338701248169 958.9999885559082 2.146338701248169 958.9999885559082 73.79228901863098 907.9978637695312 73.79228901863098
908.2658081054688 10.508710861206055 958.9999923706055 10.508710861206055 958.9999923706055 81.77826499938965 908.2658081054688 81.77826499938965
907.9109497070312 42.113868713378906 958.9999732971191 42.113868713378906 958.9999732971191 113.88188934326172 907.9109497070312 113.88188934326172
908.2388916015625 3.5587189197540283 959.0000534057617 3.5587189197540283 959.0000534057617 74.86617588996887 908.2388916015625 74.86617588996887
909.9415283203125 23.817413330078125 958.9999771118164 23.817413330078125 958.9999771118164 92.73295593261719 909.9415283203125 92.73295593261719
910.9202880859375 35.0175666809082 958.9999694824219 35.0175666809082 958.9999694824219 102.55817031860352 910.9202880859375 102.55817031860352
911.3792724609375 56.4994010925293 958.9999160766602 56.4994010925293 958.9999160766602 123.39516830444336 911.3792724609375 123.39516830444336
912.6618041992188 1.0150749683380127 958.9999771118164 1.0150749683380127 958.9999771118164 66.10926747322083 912.6618041992188 66.10926747322083
912.3348388671875 31.911540985107422 959.0000534057617 31.911540985107422 959.0000534057617 97.46515274047852 912.3348388671875 97.46515274047852
912.7561645507812 21.4685001373291 959.0000801086426 21.4685001373291 959.0000801086426 86.4302921295166 912.7561645507812 86.4302921295166
913.4547119140625 16.35556411743164 958.9999771118164 16.35556411743164 958.9999771118164 80.33591842651367 913.4547119140625 80.33591842651367
914.6220703125 3.648935317993164 958.9999580383301 3.648935317993164 958.9999580383301 65.9893970489502 914.6220703125 65.9893970489502
914.1671142578125 19.47579002380371 959.0000534057617 19.47579002380371 959.0000534057617 82.45549583435059 914.1671142578125 82.45549583435059
913.7613525390625 14.615137100219727 958.9985466003418 14.615137100219727 958.9985466003418 78.16273307800293 913.7613525390625 78.16273307800293
913.9351806640625 15.973897933959961 958.9999580383301 15.973897933959961 958.9999580383301 79.2792797088623 913.9351806640625 79.2792797088623
915.4381103515625 0.0 959.0000534057617 0.0 959.0000534057617 61.194252014160156 915.4381103515625 61.194252014160156
917.4537353515625 0.0 958.9999809265137 0.0 958.9999809265137 58.36267852783203 917.4537353515625 58.36267852783203
919.0289306640625 0.0 958.9880752563477 0.0 958.9880752563477 56.1331787109375 919.0289306640625 56.1331787109375
920.8828125 0.0 959.0000419616699 0.0 959.0000419616699 53.54572677612305 920.8828125 53.54572677612305
922.2555541992188 0.0 959.0000267028809 0.0 959.0000267028809 51.61732864379883 922.2555541992188 51.61732864379883
920.7896728515625 0.0 958.9999542236328 0.0 958.9999542236328 53.67644500732422 920.7896728515625 53.67644500732422
922.1183471679688 0.31294211745262146 958.9999961853027 0.31294211745262146 958.9999961853027 52.12297782301903 922.1183471679688 52.12297782301903
923.5338134765625 0.0 959.000129699707 0.0 959.000129699707 49.82182312011719 923.5338134765625 49.82182312011719
923.0718994140625 0.0 958.9902992248535 0.0 958.9902992248535 50.45689392089844 923.0718994140625 50.45689392089844
922.0673828125 0.07341690361499786 958.9999694824219 0.07341690361499786 958.9999694824219 51.95500870049 922.0673828125 51.95500870049
922.3472900390625 0.0 958.9999923706055 0.0 958.9999923706055 51.48842239379883 922.3472900390625 51.48842239379883
923.1661987304688 0.0 958.9999465942383 0.0 958.9999465942383 50.337989807128906 923.1661987304688 50.337989807128906
923.1482543945312 0.0 959.0000343322754 0.0 959.0000343322754 50.36332321166992 923.1482543945312 50.36332321166992
922.1276245117188 0.0 959.0000190734863 0.0 959.0000190734863 51.79704666137695 922.1276245117188 51.79704666137695
921.0924682617188 0.04734916612505913 959.0000152587891 0.04734916612505913 959.0000152587891 53.298539351671934 921.0924682617188 53.298539351671934
921.2955932617188 0.0 959.0000495910645 0.0 959.0000495910645 52.96590042114258 921.2955932617188 52.96590042114258
922.1849365234375 0.0 958.9999771118164 0.0 958.9999771118164 51.71647262573242 922.1849365234375 51.71647262573242
921.0115356445312 0.0 959.0000076293945 0.0 959.0000076293945 53.3648681640625 921.0115356445312 53.3648681640625
921.0325927734375 0.0 959.0 0.0 959.0 53.33527755737305 921.0325927734375 53.33527755737305
921.6808471679688 0.0 959.0000381469727 0.0 959.0000381469727 52.4246826171875 921.6808471679688 52.4246826171875
922.1643676757812 0.0 959.0000076293945 0.0 959.0000076293945 51.74541091918945 922.1643676757812 51.74541091918945
921.0322265625 0.0 959.0000534057617 0.0 959.0000534057617 53.33586502075195 921.0322265625 53.33586502075195
921.0439453125 0.0 958.9999847412109 0.0 958.9999847412109 53.319297790527344 921.0439453125 53.319297790527344
921.0119018554688 0.0 958.9998931884766 0.0 958.9998931884766 53.36418533325195 921.0119018554688 53.36418533325195
921.09521484375 0.18848571181297302 958.9999923706055 0.18848571181297302 958.9999923706055 53.43577727675438 921.09521484375 53.43577727675438
920.6435546875 0.0 959.0000228881836 0.0 959.0000228881836 53.881813049316406 920.6435546875 53.881813049316406
921.0343017578125 0.0 958.9999771118164 0.0 958.9999771118164 53.33283615112305 921.0343017578125 53.33283615112305
922.0914306640625 0.2628353238105774 959.0000381469727 0.2628353238105774 959.0000381469727 52.11074334383011 922.0914306640625 52.11074334383011
922.3046875 0.21390914916992188 959.0 0.21390914916992188 959.0 51.76218795776367 922.3046875 51.76218795776367
920.6563720703125 0.0 958.9999771118164 0.0 958.9999771118164 53.863746643066406 920.6563720703125 53.863746643066406
921.8528442382812 0.1195247620344162 959.0000305175781 0.1195247620344162 959.0000305175781 52.30258063971996 921.8528442382812 52.30258063971996
922.6800537109375 0.0 958.9999504089355 0.0 958.9999504089355 51.020912170410156 922.6800537109375 51.020912170410156
922.7552490234375 0.0 959.0000343322754 0.0 959.0000343322754 50.915401458740234 922.7552490234375 50.915401458740234
920.9468994140625 0.0 959.0000953674316 0.0 959.0000953674316 53.45579147338867 920.9468994140625 53.45579147338867
921.7540283203125 0.23656730353832245 959.0000610351562 0.23656730353832245 959.0000610351562 52.55848579108715 921.7540283203125 52.55848579108715
922.8797607421875 0.08963890373706818 959.0000076293945 0.08963890373706818 959.0000076293945 50.83008690178394 922.8797607421875 50.83008690178394
921.2926025390625 0.2465541809797287 958.9999580383301 0.2465541809797287 958.9999580383301 53.2165172547102 921.2926025390625 53.2165172547102
920.9959106445312 0.0 958.994083404541 0.0 958.994083404541 53.37849044799805 920.9959106445312 53.37849044799805
921.416015625 0.0 958.9999504089355 0.0 958.9999504089355 52.79658126831055 921.416015625 52.79658126831055
922.1388549804688 0.20394745469093323 959.0000686645508 0.20394745469093323 959.0000686645508 51.98527756333351 922.1388549804688 51.98527756333351
922.2978515625 0.0 958.9999809265137 0.0 958.9999809265137 51.55785369873047 922.2978515625 51.55785369873047
922.5386962890625 0.0 958.8516120910645 0.0 958.8516120910645 51.0110969543457 922.5386962890625 51.0110969543457
922.1925048828125 0.0 959.0000381469727 0.0 959.0000381469727 51.705909729003906 922.1925048828125 51.705909729003906
922.1849365234375 0.0 958.9999389648438 0.0 958.9999389648438 51.716400146484375 922.1849365234375 51.716400146484375
920.9923095703125 0.0 959.0000228881836 0.0 959.0000228881836 53.391876220703125 920.9923095703125 53.391876220703125
920.0505981445312 0.0 958.9999885559082 0.0 958.9999885559082 54.7147102355957 920.0505981445312 54.7147102355957
920.6495971679688 0.0 959.0000076293945 0.0 959.0000076293945 53.87328338623047 920.6495971679688 53.87328338623047
921.7745971679688 0.0 958.999927520752 0.0 958.999927520752 52.292808532714844 921.7745971679688 52.292808532714844
920.2340087890625 0.18877944350242615 959.0001068115234 0.18877944350242615 959.0001068115234 54.64600524306297 920.2340087890625 54.64600524306297
920.0447387695312 0.0 958.9999961853027 0.0 958.9999961853027 54.72294998168945 920.0447387695312 54.72294998168945
920.9918212890625 0.0 959.000072479248 0.0 959.000072479248 53.39262771606445 920.9918212890625 53.39262771606445
919.9933471679688 0.0 959.0001068115234 0.0 959.0001068115234 54.79529571533203 919.9933471679688 54.79529571533203
921.4035034179688 0.09782333672046661 958.999927520752 0.09782333672046661 958.999927520752 52.911929324269295 921.4035034179688 52.911929324269295
922.1350708007812 0.0 958.9999809265137 0.0 958.9999809265137 51.7864990234375 922.1350708007812 51.7864990234375
921.1290893554688 0.4082077145576477 958.9701461791992 0.4082077145576477 958.9701461791992 53.565960705280304 921.1290893554688 53.565960705280304
921.4063720703125 0.06573295593261719 958.9999809265137 0.06573295593261719 958.9999809265137 52.87588310241699 921.4063720703125 52.87588310241699
921.3548583984375 0.0 958.9999198913574 0.0 958.9999198913574 52.88242721557617 921.3548583984375 52.88242721557617
920.6190185546875 0.0 958.9999771118164 0.0 958.9999771118164 53.91619110107422 920.6190185546875 53.91619110107422
921.1032104492188 0.0 959.0000114440918 0.0 959.0000114440918 53.236061096191406 921.1032104492188 53.236061096191406
921.728515625 0.0 958.9999961853027 0.0 958.9999961853027 52.357635498046875 921.728515625 52.357635498046875
921.0177612304688 0.0 958.9999694824219 0.0 958.9999694824219 53.35603713989258 921.0177612304688 53.35603713989258
920.6265869140625 0.1279090940952301 958.9999809265137 0.1279090940952301 958.9999809265137 54.03346863389015 920.6265869140625 54.03346863389015
921.5164184570312 0.05276947095990181 958.9711112976074 0.05276947095990181 958.9711112976074 52.6677711494267 921.5164184570312 52.6677711494267
922.5593872070312 0.0 958.9670791625977 0.0 958.9670791625977 51.14421463012695 922.5593872070312 51.14421463012695
921.0256958007812 0.14244309067726135 958.9999771118164 0.14244309067726135 958.9999771118164 53.48734512925148 921.0256958007812 53.48734512925148
919.587890625 0.0 959.0000190734863 0.0 959.0000190734863 55.36473846435547 919.587890625 55.36473846435547
919.2703857421875 0.0 959.0000534057617 0.0 959.0000534057617 55.8108024597168 919.2703857421875 55.8108024597168
918.4951171875 0.0 959.0000305175781 0.0 959.0000305175781 56.89984130859375 918.4951171875 56.89984130859375
918.5103759765625 0.0 958.9999885559082 0.0 958.9999885559082 56.87834548950195 918.5103759765625 56.87834548950195
918.4835815429688 0.0 959.0000152587891 0.0 959.0000152587891 56.91602325439453 918.4835815429688 56.91602325439453
918.4776611328125 0.0 958.9999885559082 0.0 958.9999885559082 56.92429733276367 918.4776611328125 56.92429733276367
918.7938232421875 0.0 958.9999618530273 0.0 958.9999618530273 56.480125427246094 918.7938232421875 56.480125427246094
918.4898681640625 0.0 959.0000915527344 0.0 959.0000915527344 56.90728759765625 918.4898681640625 56.90728759765625
919.6436767578125 0.0 959.0000076293945 0.0 959.0000076293945 55.286338806152344 919.6436767578125 55.286338806152344
918.4873046875 0.0 959.0000152587891 0.0 959.0000152587891 56.9107780456543 918.4873046875 56.9107780456543
918.4666137695312 0.0 958.9999847412109 0.0 958.9999847412109 56.93980026245117 918.4666137695312 56.93980026245117
918.4890747070312 0.0 959.0000381469727 0.0 959.0000381469727 56.9083251953125 918.4890747070312 56.9083251953125
920.3947143554688 0.0 958.9926948547363 0.0 958.9926948547363 54.221031188964844 920.3947143554688 54.221031188964844
918.9581909179688 0.0 958.9778060913086 0.0 958.9778060913086 56.21809005737305 918.9581909179688 56.21809005737305
918.4947509765625 0.0 959.0000305175781 0.0 959.0000305175781 56.90033721923828 918.4947509765625 56.90033721923828
918.7392578125 0.0 959.0000686645508 0.0 959.0000686645508 56.556922912597656 918.7392578125 56.556922912597656
918.4913940429688 0.0 959.0000305175781 0.0 959.0000305175781 56.905059814453125 918.4913940429688 56.905059814453125
918.4837646484375 0.0 959.0000114440918 0.0 959.0000114440918 56.915748596191406 918.4837646484375 56.915748596191406
919.7657470703125 0.0 959.000057220459 0.0 959.000057220459 55.11493682861328 919.7657470703125 55.11493682861328
918.18994140625 0.0 958.9999847412109 0.0 958.9999847412109 57.32847213745117 918.18994140625 57.32847213745117
918.4814453125 0.0 959.0000419616699 0.0 959.0000419616699 56.9190559387207 918.4814453125 56.9190559387207
918.4660034179688 0.0 958.9999465942383 0.0 958.9999465942383 56.94061279296875 918.4660034179688 56.94061279296875
918.4923706054688 0.0 959.0000114440918 0.0 959.0000114440918 56.903663635253906 918.4923706054688 56.903663635253906
918.1324462890625 0.0 958.6218338012695 0.0 958.6218338012695 56.878021240234375 918.1324462890625 56.878021240234375
918.1614990234375 0.0 959.0000076293945 0.0 959.0000076293945 57.36845779418945 918.1614990234375 57.36845779418945
918.1607666015625 0.0 958.8788185119629 0.0 958.8788185119629 57.199241638183594 918.1607666015625 57.199241638183594
917.6749877929688 0.0 958.4490776062012 0.0 958.4490776062012 57.27796173095703 917.6749877929688 57.27796173095703
918.4895629882812 0.0 959.0000114440918 0.0 959.0000114440918 56.90761184692383 918.4895629882812 56.90761184692383
918.4791259765625 0.0 959.0000534057617 0.0 959.0000534057617 56.922332763671875 918.4791259765625 56.922332763671875
919.7247924804688 0.05944366380572319 958.9999160766602 0.05944366380572319 958.9999160766602 55.23171539232135 919.7247924804688 55.23171539232135
918.0169067382812 0.0 958.9999809265137 0.0 958.9999809265137 57.57154083251953 918.0169067382812 57.57154083251953
918.4832153320312 0.0 958.9999313354492 0.0 958.9999313354492 56.916419982910156 918.4832153320312 56.916419982910156
917.4232177734375 0.0 958.9999160766602 0.0 958.9999160766602 58.40544509887695 917.4232177734375 58.40544509887695
918.0479736328125 0.0 958.5902862548828 0.0 958.5902862548828 56.9523811340332 918.0479736328125 56.9523811340332
918.3904418945312 0.0 959.0000495910645 0.0 959.0000495910645 57.046913146972656 918.3904418945312 57.046913146972656
918.4671020507812 0.0 959.0000801086426 0.0 959.0000801086426 56.93927001953125 918.4671020507812 56.93927001953125
918.4910888671875 0.0 958.9999885559082 0.0 958.9999885559082 56.90544509887695 918.4910888671875 56.90544509887695
918.0955200195312 0.0 958.894458770752 0.0 958.894458770752 57.3128776550293 918.0955200195312 57.3128776550293
918.0255737304688 0.0 958.9999580383301 0.0 958.9999580383301 57.55933380126953 918.0255737304688 57.55933380126953
918.4935302734375 0.0 958.9999580383301 0.0 958.9999580383301 56.90195846557617 918.4935302734375 56.90195846557617
918.4088134765625 0.0 958.93212890625 0.0 958.93212890625 56.925682067871094 918.4088134765625 56.925682067871094
918.1329956054688 0.7871646881103516 959.0000419616699 0.7871646881103516 959.0000419616699 58.19571113586426 918.1329956054688 58.19571113586426
917.6617431640625 0.47212448716163635 958.9999923706055 0.47212448716163635 958.9999923706055 58.54259720444679 917.6617431640625 58.54259720444679
918.4362182617188 1.5797920227050781 959.0000038146973 1.5797920227050781 959.0000038146973 58.56231689453125 918.4362182617188 58.56231689453125
918.4486083984375 0.0 958.9998931884766 0.0 958.9998931884766 56.9649658203125 918.4486083984375 56.9649658203125
918.0349731445312 0.0 958.9999847412109 0.0 958.9999847412109 57.54615020751953 918.0349731445312 57.54615020751953
918.1575927734375 0.0 959.0000381469727 0.0 959.0000381469727 57.37397384643555 918.1575927734375 57.37397384643555
919.2852783203125 0.0 958.9199333190918 0.0 958.9199333190918 55.67731857299805 919.2852783203125 55.67731857299805
918.3297119140625 0.0 959.0001029968262 0.0 959.0001029968262 57.132286071777344 918.3297119140625 57.132286071777344
918.4991455078125 0.0 959.0000152587891 0.0 959.0000152587891 56.89414596557617 918.4991455078125 56.89414596557617
918.4794921875 0.0 959.0000381469727 0.0 959.0000381469727 56.921775817871094 918.4794921875 56.921775817871094
918.18115234375 0.0 959.0000419616699 0.0 959.0000419616699 57.34088134765625 918.18115234375 57.34088134765625
918.2581787109375 0.0 959.0000381469727 0.0 959.0000381469727 57.232666015625 918.2581787109375 57.232666015625
918.4771728515625 0.0 959.0000686645508 0.0 959.0000686645508 56.925071716308594 918.4771728515625 56.925071716308594
918.8104248046875 0.0 958.9999694824219 0.0 958.9999694824219 56.456787109375 918.8104248046875 56.456787109375
917.4464721679688 0.0 958.9999313354492 0.0 958.9999313354492 58.372764587402344 917.4464721679688 58.372764587402344
916.7264404296875 0.0 959.0000343322754 0.0 959.0000343322754 59.38438034057617 916.7264404296875 59.38438034057617
915.1353759765625 0.0 959.0000839233398 0.0 959.0000839233398 61.61951446533203 915.1353759765625 61.61951446533203
915.2506103515625 1.0438251495361328 959.0000610351562 1.0438251495361328 959.0000610351562 62.50143623352051 915.2506103515625 62.50143623352051
915.3513793945312 0.9151222109794617 958.9999351501465 0.9151222109794617 958.9999351501465 62.231002032756805 915.3513793945312 62.231002032756805
915.4099731445312 0.0 958.9999656677246 0.0 958.9999656677246 61.233619689941406 915.4099731445312 61.233619689941406
916.4044189453125 2.8650059700012207 959.0000305175781 2.8650059700012207 959.0000305175781 62.7017560005188 916.4044189453125 62.7017560005188
917.1737060546875 2.8597488403320312 958.8809471130371 2.8597488403320312 958.8809471130371 61.44855499267578 917.1737060546875 61.44855499267578
918.6038818359375 2.568535327911377 959.0000076293945 2.568535327911377 959.0000076293945 59.31553316116333 918.6038818359375 59.31553316116333
919.4970703125 4.463062286376953 958.9999580383301 4.463062286376953 958.9999580383301 59.95526885986328 919.4970703125 59.95526885986328
919.40673828125 3.6939072608947754 959.0000076293945 3.6939072608947754 959.0000076293945 59.3130784034729 919.40673828125 59.3130784034729
919.0787353515625 3.5141708850860596 959.000114440918 3.5141708850860596 959.000114440918 59.594260454177856 919.0787353515625 59.594260454177856
919.7169799804688 5.30794620513916 959.0000190734863 5.30794620513916 959.0000190734863 60.491326332092285 919.7169799804688 60.491326332092285
919.1805419921875 4.243618965148926 958.9999122619629 4.243618965148926 958.9999122619629 60.18040943145752 919.1805419921875 60.18040943145752
919.0407104492188 4.208264350891113 959.0000228881836 4.208264350891113 959.0000228881836 60.34164524078369 919.0407104492188 60.34164524078369
919.6669921875 3.5834221839904785 959.0000495910645 3.5834221839904785 959.0000495910645 58.83706521987915 919.6669921875 58.83706521987915
919.86376953125 3.990375518798828 959.0 3.990375518798828 959.0 58.967525482177734 919.86376953125 58.967525482177734
920.3328247070312 7.573604583740234 958.999927520752 7.573604583740234 958.999927520752 61.89174270629883 920.3328247070312 61.89174270629883
919.7302856445312 6.161951541900635 959.0000610351562 6.161951541900635 959.0000610351562 61.32669687271118 919.7302856445312 61.32669687271118
920.0980224609375 4.607032775878906 958.9999618530273 4.607032775878906 958.9999618530273 59.25505447387695 920.0980224609375 59.25505447387695
920.2882080078125 4.096490383148193 959.0000686645508 4.096490383148193 959.0000686645508 58.47749471664429 920.2882080078125 58.47749471664429
919.1544799804688 5.8704328536987305 958.9999046325684 5.8704328536987305 958.9999046325684 61.84382915496826 919.1544799804688 61.84382915496826
919.5847778320312 6.216248512268066 958.9836654663086 6.216248512268066 958.9836654663086 61.56236743927002 919.5847778320312 61.56236743927002
920.9783325195312 1.1166656017303467 958.9786758422852 1.1166656017303467 958.9786758422852 54.49816584587097 920.9783325195312 54.49816584587097
920.8556518554688 4.605768203735352 958.9999694824219 4.605768203735352 958.9999694824219 58.18951988220215 920.8556518554688 58.18951988220215
920.662109375 6.957032203674316 958.9999389648438 6.957032203674316 958.9999389648438 60.812623023986816 920.662109375 60.812623023986816
919.9109497070312 6.336182594299316 958.9999465942383 6.336182594299316 958.9999465942383 61.24698734283447 919.9109497070312 61.24698734283447
919.9234619140625 2.8295059204101562 959.0000686645508 2.8295059204101562 959.0000686645508 57.72290802001953 919.9234619140625 57.72290802001953
920.0856323242188 3.9396800994873047 958.9999694824219 3.9396800994873047 958.9999694824219 58.60513496398926 920.0856323242188 58.60513496398926
920.2698974609375 6.9723405838012695 959.0000152587891 6.9723405838012695 959.0000152587891 61.37901020050049 920.2698974609375 61.37901020050049
920.3192138671875 6.911203861236572 958.9999504089355 6.911203861236572 958.9999504089355 61.248507022857666 920.3192138671875 61.248507022857666
920.1905517578125 6.5169267654418945 958.7115287780762 6.5169267654418945 958.7115287780762 62.26244831085205 920.1905517578125 62.26244831085205
920.0637817382812 3.4274611473083496 959.0000381469727 3.4274611473083496 959.0000381469727 58.12370824813843 920.0637817382812 58.12370824813843
919.8157958984375 6.5812201499938965 958.9862899780273 6.5812201499938965 958.9862899780273 61.60651922225952 919.8157958984375 61.60651922225952
919.5114135742188 5.965023994445801 958.9914512634277 5.965023994445801 958.9914512634277 61.425156593322754 919.5114135742188 61.425156593322754
919.4856567382812 3.5136966705322266 959.0000228881836 3.5136966705322266 959.0000228881836 59.022050857543945 919.4856567382812 59.022050857543945
919.6004028320312 3.8314526081085205 959.0000152587891 3.8314526081085205 959.0000152587891 59.178609132766724 919.6004028320312 59.178609132766724
920.08935546875 6.7581467628479 959.0000495910645 6.7581467628479 959.0000495910645 61.41849374771118 920.08935546875 61.41849374771118
920.4210815429688 6.993461608886719 959.0000915527344 6.993461608886719 959.0000915527344 61.1878662109375 920.4210815429688 61.1878662109375
920.4817504882812 5.59231424331665 958.9999847412109 5.59231424331665 958.9999847412109 59.701345920562744 920.4817504882812 59.701345920562744
920.64306640625 3.9797725677490234 959.0000114440918 3.9797725677490234 959.0000114440918 57.862226486206055 920.64306640625 57.862226486206055
920.8968505859375 7.482544898986816 959.0000610351562 7.482544898986816 959.0000610351562 61.00855731964111 920.8968505859375 61.00855731964111
920.5093994140625 6.730496406555176 959.0000305175781 6.730496406555176 959.0000305175781 60.800747871398926 920.5093994140625 60.800747871398926
