2.0 284.0 151.0 284.0 151.0 494.0 2.0 494.0
15.271913528442383 288.49603271484375 165.297700881958 288.49603271484375 165.297700881958 498.2048645019531 15.271913528442383 498.2048645019531
25.6868896484375 287.3020935058594 175.2973175048828 287.3020935058594 175.2973175048828 495.62062072753906 25.6868896484375 495.62062072753906
33.333248138427734 286.2680358886719 180.84997177124023 286.2680358886719 180.84997177124023 493.8407440185547 33.333248138427734 493.8407440185547
46.9932861328125 283.5096740722656 190.86985778808594 283.5096740722656 190.86985778808594 491.9953155517578 46.9932861328125 491.9953155517578
52.04486083984375 281.7322692871094 192.13333129882812 281.7322692871094 192.13333129882812 496.3353729248047 52.04486083984375 496.3353729248047
60.81748580932617 279.8470764160156 202.61848068237305 279.8470764160156 202.61848068237305 490.30894470214844 60.81748580932617 490.30894470214844
69.70182037353516 282.34979248046875 208.35338592529297 282.34979248046875 208.35338592529297 485.90806579589844 69.70182037353516 485.90806579589844
76.30524444580078 286.0326232910156 217.4625015258789 286.0326232910156 217.4625015258789 483.4336700439453 76.30524444580078 483.4336700439453
85.55915069580078 285.9437561035156 226.86968231201172 285.9437561035156 226.86968231201172 481.483154296875 85.55915069580078 481.483154296875
95.89656829833984 289.12921142578125 235.71607208251953 289.12921142578125 235.71607208251953 477.2523498535156 95.89656829833984 477.2523498535156
109.15225982666016 287.6539306640625 249.2313003540039 287.6539306640625 249.2313003540039 471.85362243652344 109.15225982666016 471.85362243652344
118.6137466430664 286.5513610839844 260.26428985595703 286.5513610839844 260.26428985595703 469.47760009765625 118.6137466430664 469.47760009765625
129.29367065429688 287.0740966796875 269.3437194824219 287.0740966796875 269.3437194824219 466.39710998535156 129.29367065429688 466.39710998535156
142.45242309570312 285.80523681640625 277.5718994140625 285.80523681640625 277.5718994140625 464.4373474121094 142.45242309570312 464.4373474121094
155.571044921875 284.9167175292969 281.16058349609375 284.9167175292969 281.16058349609375 463.5059814453125 155.571044921875 463.5059814453125
170.7872314453125 282.8204040527344 289.5270767211914 282.8204040527344 289.5270767211914 457.6988220214844 170.7872314453125 457.6988220214844
178.33810424804688 281.87335205078125 296.9356002807617 281.87335205078125 296.9356002807617 456.3102722167969 178.33810424804688 456.3102722167969
186.91665649414062 279.8458251953125 303.40345764160156 279.8458251953125 303.40345764160156 454.9619445800781 186.91665649414062 454.9619445800781
192.383544921875 277.91522216796875 311.59129333496094 277.91522216796875 311.59129333496094 452.2872619628906 192.383544921875 452.2872619628906
199.53445434570312 280.2005615234375 320.86940002441406 280.2005615234375 320.86940002441406 450.8789825439453 199.53445434570312 450.8789825439453
211.0641326904297 282.27728271484375 330.6657943725586 282.27728271484375 330.6657943725586 451.6814880371094 211.0641326904297 451.6814880371094
218.38607788085938 282.7180480957031 338.93846893310547 282.7180480957031 338.93846893310547 452.82301330566406 218.38607788085938 452.82301330566406
226.87744140625 281.80621337890625 344.90779876708984 281.80621337890625 344.90779876708984 452.60362243652344 226.87744140625 452.60362243652344
235.040771484375 280.6170959472656 352.08509826660156 280.6170959472656 352.08509826660156 454.6090087890625 235.040771484375 454.6090087890625
242.96780395507812 281.5447692871094 357.8629455566406 281.5447692871094 357.8629455566406 453.9060974121094 242.96780395507812 453.9060974121094
254.84451293945312 282.2408447265625 368.14025115966797 282.2408447265625 368.14025115966797 454.1117248535156 254.84451293945312 454.1117248535156
262.6921081542969 282.9790954589844 374.09471893310547 282.9790954589844 374.09471893310547 453.82569885253906 262.6921081542969 453.82569885253906
271.71282958984375 283.7735595703125 380.14805603027344 283.7735595703125 380.14805603027344 451.9623107910156 271.71282958984375 451.9623107910156
278.1168212890625 283.6259765625 385.6729507446289 283.6259765625 385.6729507446289 451.2086944580078 278.1168212890625 451.2086944580078
283.94903564453125 281.98223876953125 392.73243713378906 281.98223876953125 392.73243713378906 448.6788635253906 283.94903564453125 448.6788635253906
292.1547546386719 281.36041259765625 400.87962341308594 281.36041259765625 400.87962341308594 443.5137634277344 292.1547546386719 443.5137634277344
297.35491943359375 279.7344665527344 404.24173736572266 279.7344665527344 404.24173736572266 441.88780212402344 297.35491943359375 441.88780212402344
304.9822692871094 283.2166442871094 408.06385803222656 283.2166442871094 408.06385803222656 440.4000701904297 304.9822692871094 440.4000701904297
310.5249328613281 281.45587158203125 413.7580032348633 281.45587158203125 413.7580032348633 437.40443420410156 310.5249328613281 437.40443420410156
315.26434326171875 280.06781005859375 419.90018463134766 280.06781005859375 419.90018463134766 434.8616638183594 315.26434326171875 434.8616638183594
321.8170471191406 279.499267578125 424.0543975830078 279.499267578125 424.0543975830078 433.4815673828125 321.8170471191406 433.4815673828125
328.5470275878906 281.07281494140625 429.9405059814453 281.07281494140625 429.9405059814453 432.0343933105469 328.5470275878906 432.0343933105469
335.4220275878906 279.0248107910156 436.6008758544922 279.0248107910156 436.6008758544922 432.4212646484375 335.4220275878906 432.4212646484375
340.8214111328125 278.1009521484375 441.59967041015625 278.1009521484375 441.59967041015625 431.4478302001953 340.8214111328125 431.4478302001953
346.3357849121094 279.0899963378906 447.0782699584961 279.0899963378906 447.0782699584961 430.99159240722656 346.3357849121094 430.99159240722656
353.1331481933594 281.08172607421875 452.7542190551758 281.08172607421875 452.7542190551758 430.76319885253906 353.1331481933594 430.76319885253906
362.17852783203125 280.62921142578125 459.95838928222656 280.62921142578125 459.95838928222656 429.6961364746094 362.17852783203125 429.6961364746094
366.674072265625 279.1244812011719 464.07372283935547 279.1244812011719 464.07372283935547 428.36936950683594 366.674072265625 428.36936950683594
370.13104248046875 278.23980712890625 466.3683319091797 278.23980712890625 466.3683319091797 429.96302795410156 370.13104248046875 429.96302795410156
374.93023681640625 276.85162353515625 468.83068084716797 276.85162353515625 468.83068084716797 432.6879119873047 374.93023681640625 432.6879119873047
377.9858093261719 277.54412841796875 471.69020080566406 277.54412841796875 471.69020080566406 431.8450164794922 377.9858093261719 431.8450164794922
384.883544921875 273.99371337890625 478.5970764160156 273.99371337890625 478.5970764160156 431.50205993652344 384.883544921875 431.50205993652344
387.6305236816406 273.1813659667969 479.753662109375 273.1813659667969 479.753662109375 431.98973083496094 387.6305236816406 431.98973083496094
390.75054931640625 273.0620422363281 483.3584976196289 273.0620422363281 483.3584976196289 430.80462646484375 390.75054931640625 430.80462646484375
392.9739074707031 275.04010009765625 486.2490997314453 275.04010009765625 486.2490997314453 429.46478271484375 392.9739074707031 429.46478271484375
396.4444274902344 277.9644470214844 488.19984436035156 277.9644470214844 488.19984436035156 426.61712646484375 396.4444274902344 426.61712646484375
398.9576416015625 276.44049072265625 493.8114776611328 276.44049072265625 493.8114776611328 425.69847106933594 398.9576416015625 425.69847106933594
409.4261779785156 277.31719970703125 494.87596893310547 277.31719970703125 494.87596893310547 427.74851989746094 409.4261779785156 427.74851989746094
412.74957275390625 279.84698486328125 497.29335021972656 279.84698486328125 497.29335021972656 424.4909973144531 412.74957275390625 424.4909973144531
417.7117614746094 284.4317626953125 500.9636688232422 284.4317626953125 500.9636688232422 425.39453125 417.7117614746094 425.39453125
424.7406311035156 283.3782653808594 506.1617126464844 283.3782653808594 506.1617126464844 424.6912078857422 424.7406311035156 424.6912078857422
430.8224182128906 285.5443115234375 510.2200012207031 285.5443115234375 510.2200012207031 420.9862823486328 430.8224182128906 420.9862823486328
434.23040771484375 281.64117431640625 513.1420211791992 281.64117431640625 513.1420211791992 420.3605194091797 434.23040771484375 420.3605194091797
437.5372619628906 282.5687561035156 514.6151657104492 282.5687561035156 514.6151657104492 419.9048614501953 437.5372619628906 419.9048614501953
440.95208740234375 283.3169250488281 519.6270065307617 283.3169250488281 519.6270065307617 417.0455627441406 440.95208740234375 417.0455627441406
444.8522033691406 284.34979248046875 524.3643035888672 284.34979248046875 524.3643035888672 416.2545928955078 444.8522033691406 416.2545928955078
448.1885681152344 284.71588134765625 527.0112991333008 284.71588134765625 527.0112991333008 415.3196105957031 448.1885681152344 415.3196105957031
450.85321044921875 283.57476806640625 527.2183990478516 283.57476806640625 527.2183990478516 416.4072265625 450.85321044921875 416.4072265625
454.02899169921875 283.4059143066406 530.1514053344727 283.4059143066406 530.1514053344727 414.2169952392578 454.02899169921875 414.2169952392578
456.2470703125 281.29998779296875 531.6809539794922 281.29998779296875 531.6809539794922 415.8384094238281 456.2470703125 415.8384094238281
457.0044860839844 280.9431457519531 532.7702484130859 280.9431457519531 532.7702484130859 416.3435821533203 457.0044860839844 416.3435821533203
462.090576171875 284.0152282714844 535.8690185546875 284.0152282714844 535.8690185546875 415.61463928222656 462.090576171875 415.61463928222656
463.86065673828125 281.87841796875 537.6781311035156 281.87841796875 537.6781311035156 417.27928161621094 463.86065673828125 417.27928161621094
467.5528869628906 285.89300537109375 539.8479537963867 285.89300537109375 539.8479537963867 416.72596740722656 467.5528869628906 416.72596740722656
469.79168701171875 285.8736877441406 541.758056640625 285.8736877441406 541.758056640625 418.06105041503906 469.79168701171875 418.06105041503906
471.6221618652344 290.74432373046875 543.5198364257812 290.74432373046875 543.5198364257812 417.4739761352539 471.6221618652344 417.4739761352539
477.28216552734375 287.0880126953125 549.3867797851562 287.0880126953125 549.3867797851562 417.37969970703125 477.28216552734375 417.37969970703125
480.21240234375 289.3405456542969 552.741455078125 289.3405456542969 552.741455078125 417.7787628173828 480.21240234375 417.7787628173828
483.2190856933594 288.25537109375 555.6200103759766 288.25537109375 555.6200103759766 417.6170654296875 483.2190856933594 417.6170654296875
487.19970703125 290.8826904296875 560.3764038085938 290.8826904296875 560.3764038085938 418.13330078125 487.19970703125 418.13330078125
490.473388671875 295.78948974609375 563.342414855957 295.78948974609375 563.342414855957 418.36285400390625 490.473388671875 418.36285400390625
498.14813232421875 296.31268310546875 571.2078247070312 296.31268310546875 571.2078247070312 417.0371322631836 498.14813232421875 417.0371322631836
503.7938537597656 295.8177795410156 581.4296569824219 295.8177795410156 581.4296569824219 414.46240997314453 503.7938537597656 414.46240997314453
506.3392639160156 295.77227783203125 581.1376190185547 295.77227783203125 581.1376190185547 414.4611587524414 506.3392639160156 414.4611587524414
509.7049255371094 298.5723876953125 580.9227142333984 298.5723876953125 580.9227142333984 414.51725006103516 509.7049255371094 414.51725006103516
511.11785888671875 299.8816833496094 582.9292449951172 299.8816833496094 582.9292449951172 416.77293395996094 511.11785888671875 416.77293395996094
523.9151611328125 303.8309631347656 594.6597442626953 303.8309631347656 594.6597442626953 420.73851776123047 523.9151611328125 420.73851776123047
527.9698486328125 303.801513671875 599.6573791503906 303.801513671875 599.6573791503906 421.49993896484375 527.9698486328125 421.49993896484375
529.468994140625 303.35479736328125 604.4149703979492 303.35479736328125 604.4149703979492 424.82989501953125 529.468994140625 424.82989501953125
527.2259521484375 302.87469482421875 602.3739013671875 302.87469482421875 602.3739013671875 426.66805267333984 527.2259521484375 426.66805267333984
527.3245849609375 298.7939147949219 608.3494415283203 298.7939147949219 608.3494415283203 421.82396697998047 527.3245849609375 421.82396697998047
524.345703125 299.6165466308594 604.5961837768555 299.6165466308594 604.5961837768555 424.2737503051758 524.345703125 424.2737503051758
528.4197387695312 297.33026123046875 602.7109451293945 297.33026123046875 602.7109451293945 429.8036346435547 528.4197387695312 429.8036346435547
527.6827392578125 295.54547119140625 605.8889007568359 295.54547119140625 605.8889007568359 427.34254455566406 527.6827392578125 427.34254455566406
535.3245239257812 292.72149658203125 614.2092056274414 292.72149658203125 614.2092056274414 421.0581817626953 535.3245239257812 421.0581817626953
537.2586059570312 295.71661376953125 617.4800796508789 295.71661376953125 617.4800796508789 418.0044403076172 537.2586059570312 418.0044403076172
545.1515502929688 294.8987731933594 618.6236190795898 294.8987731933594 618.6236190795898 417.1152801513672 545.1515502929688 417.1152801513672
544.4617919921875 291.9169921875 619.7671127319336 291.9169921875 619.7671127319336 418.6706314086914 544.4617919921875 418.6706314086914
551.1241455078125 290.86663818359375 624.4108200073242 290.86663818359375 624.4108200073242 420.5327453613281 551.1241455078125 420.5327453613281
543.884033203125 292.52740478515625 623.5497436523438 292.52740478515625 623.5497436523438 416.72408294677734 543.884033203125 416.72408294677734
548.9192504882812 288.6397399902344 624.7050018310547 288.6397399902344 624.7050018310547 418.25132751464844 548.9192504882812 418.25132751464844
545.2890014648438 288.18377685546875 626.7202835083008 288.18377685546875 626.7202835083008 412.6733169555664 545.2890014648438 412.6733169555664
572.4178466796875 294.44281005859375 647.9142303466797 294.44281005859375 647.9142303466797 413.65721130371094 572.4178466796875 413.65721130371094
581.126953125 302.1166076660156 652.9625701904297 302.1166076660156 652.9625701904297 414.2794876098633 581.126953125 414.2794876098633
585.3140869140625 302.9346008300781 658.4595108032227 302.9346008300781 658.4595108032227 413.72569274902344 585.3140869140625 413.72569274902344
584.2509765625 301.3514404296875 661.1822052001953 301.3514404296875 661.1822052001953 412.4956817626953 584.2509765625 412.4956817626953
587.5880126953125 300.3714294433594 666.0748062133789 300.3714294433594 666.0748062133789 410.9903259277344 587.5880126953125 410.9903259277344
591.69384765625 299.9202880859375 669.4403839111328 299.9202880859375 669.4403839111328 409.49586486816406 591.69384765625 409.49586486816406
597.3358154296875 302.128662109375 674.0436553955078 302.128662109375 674.0436553955078 410.2403106689453 597.3358154296875 410.2403106689453
601.554443359375 302.9490661621094 676.8319931030273 302.9490661621094 676.8319931030273 409.0448684692383 601.554443359375 409.0448684692383
604.6028442382812 304.3824462890625 678.8525009155273 304.3824462890625 678.8525009155273 409.029541015625 604.6028442382812 409.029541015625
648.1458129882812 304.3211364746094 722.3006744384766 304.3211364746094 722.3006744384766 408.83460998535156 648.1458129882812 408.83460998535156
627.2127075195312 305.88031005859375 699.6129913330078 305.88031005859375 699.6129913330078 409.1450958251953 627.2127075195312 409.1450958251953
625.5537719726562 301.4917907714844 699.946891784668 301.4917907714844 699.946891784668 406.34107208251953 625.5537719726562 406.34107208251953
633.2485961914062 305.320556640625 708.2342529296875 305.320556640625 708.2342529296875 411.0049591064453 633.2485961914062 411.0049591064453
627.9356689453125 306.2283020019531 703.2257690429688 306.2283020019531 703.2257690429688 412.34178161621094 627.9356689453125 412.34178161621094
636.7615966796875 308.4696960449219 711.1590576171875 308.4696960449219 711.1590576171875 413.32508850097656 636.7615966796875 413.32508850097656
