66.0 77.0 201.0 77.0 201.0 128.0 66.0 128.0
96.2583236694336 77.14073181152344 234.62334442138672 77.14073181152344 234.62334442138672 127.37748718261719 96.2583236694336 127.37748718261719
120.58567810058594 74.70574951171875 257.3664093017578 74.70574951171875 257.3664093017578 126.37847137451172 120.58567810058594 126.37847137451172
146.45947265625 76.98185729980469 292.1817169189453 76.98185729980469 292.1817169189453 126.02791595458984 146.45947265625 126.02791595458984
181.9580078125 75.90504455566406 320.6069030761719 75.90504455566406 320.6069030761719 125.57788467407227 181.9580078125 125.57788467407227
210.6007080078125 76.45024108886719 357.4858703613281 76.45024108886719 357.4858703613281 124.78071594238281 210.6007080078125 124.78071594238281
240.66348266601562 75.52247619628906 390.9615478515625 75.52247619628906 390.9615478515625 123.32489013671875 240.66348266601562 123.32489013671875
274.3409423828125 75.10421752929688 417.8935546875 75.10421752929688 417.8935546875 126.17678451538086 274.3409423828125 126.17678451538086
313.86187744140625 74.8014144897461 455.92529296875 74.8014144897461 455.92529296875 126.47948455810547 313.86187744140625 126.47948455810547
343.349365234375 73.47006225585938 488.3165283203125 73.47006225585938 488.3165283203125 125.55692672729492 343.349365234375 125.55692672729492
377.7330322265625 73.76800537109375 526.5617980957031 73.76800537109375 526.5617980957031 123.65135955810547 377.7330322265625 123.65135955810547
377.24444580078125 68.19620513916016 520.9783630371094 68.19620513916016 520.9783630371094 117.2467041015625 377.24444580078125 117.2467041015625
370.95635986328125 67.59439086914062 520.6869812011719 67.59439086914062 520.6869812011719 116.5898666381836 370.95635986328125 116.5898666381836
366.2325134277344 68.09391784667969 515.7134399414062 68.09391784667969 515.7134399414062 114.9607162475586 366.2325134277344 114.9607162475586
363.3890686035156 68.6350326538086 514.5129547119141 68.6350326538086 514.5129547119141 114.6956787109375 363.3890686035156 114.6956787109375
360.8406677246094 69.0545883178711 508.04832458496094 69.0545883178711 508.04832458496094 114.76023864746094 360.8406677246094 114.76023864746094
355.70062255859375 68.1734619140625 504.3262481689453 68.1734619140625 504.3262481689453 115.46279525756836 355.70062255859375 115.46279525756836
355.1648864746094 69.71714782714844 503.20440673828125 69.71714782714844 503.20440673828125 114.52584838867188 355.1648864746094 114.52584838867188
351.1708679199219 69.41780853271484 499.1881103515625 69.41780853271484 499.1881103515625 114.55119705200195 351.1708679199219 114.55119705200195
344.69757080078125 69.9054183959961 493.6759948730469 69.9054183959961 493.6759948730469 114.31916809082031 344.69757080078125 114.31916809082031
343.27093505859375 70.24638366699219 489.6682434082031 70.24638366699219 489.6682434082031 114.15960693359375 343.27093505859375 114.15960693359375
345.5308837890625 69.99681091308594 485.73974609375 69.99681091308594 485.73974609375 115.14983367919922 345.5308837890625 115.14983367919922
338.4287109375 70.2487564086914 486.6549072265625 70.2487564086914 486.6549072265625 114.97917556762695 338.4287109375 114.97917556762695
335.0237731933594 70.32706451416016 484.2582092285156 70.32706451416016 484.2582092285156 115.79872512817383 335.0237731933594 115.79872512817383
331.5310974121094 70.15858459472656 481.8653869628906 70.15858459472656 481.8653869628906 115.66132354736328 331.5310974121094 115.66132354736328
329.5715026855469 69.47354125976562 476.9288635253906 69.47354125976562 476.9288635253906 115.99085998535156 329.5715026855469 115.99085998535156
325.31817626953125 68.8753662109375 473.8750915527344 68.8753662109375 473.8750915527344 117.09820556640625 325.31817626953125 117.09820556640625
322.72613525390625 68.274169921875 469.69775390625 68.274169921875 469.69775390625 116.73933029174805 322.72613525390625 116.73933029174805
303.50445556640625 69.00086212158203 441.32049560546875 69.00086212158203 441.32049560546875 117.45826721191406 303.50445556640625 117.45826721191406
290.8260803222656 70.19573974609375 423.47125244140625 70.19573974609375 423.47125244140625 119.27980422973633 290.8260803222656 119.27980422973633
284.2239990234375 70.47203063964844 415.7254333496094 70.47203063964844 415.7254333496094 121.38382339477539 284.2239990234375 121.38382339477539
281.3631896972656 70.6298599243164 409.47080993652344 70.6298599243164 409.47080993652344 119.9815444946289 281.3631896972656 119.9815444946289
276.38311767578125 71.45612335205078 401.7085189819336 71.45612335205078 401.7085189819336 120.72820281982422 276.38311767578125 120.72820281982422
271.4822082519531 72.0163803100586 395.10669708251953 72.0163803100586 395.10669708251953 121.51441955566406 271.4822082519531 121.51441955566406
267.8633728027344 72.43499755859375 390.1537551879883 72.43499755859375 390.1537551879883 121.90719604492188 267.8633728027344 121.90719604492188
263.3594970703125 72.95792388916016 384.5568389892578 72.95792388916016 384.5568389892578 122.46045684814453 263.3594970703125 122.46045684814453
258.85498046875 74.2123031616211 378.97615814208984 74.2123031616211 378.97615814208984 122.97686767578125 258.85498046875 122.97686767578125
256.222412109375 74.5389175415039 371.61131286621094 74.5389175415039 371.61131286621094 123.29163360595703 256.222412109375 123.29163360595703
249.84835815429688 76.15433502197266 366.4125289916992 76.15433502197266 366.4125289916992 124.78668212890625 249.84835815429688 124.78668212890625
245.31741333007812 77.34546661376953 358.91429901123047 77.34546661376953 358.91429901123047 124.61297607421875 245.31741333007812 124.61297607421875
243.28775024414062 78.4952621459961 353.17881774902344 78.4952621459961 353.17881774902344 125.97600936889648 243.28775024414062 125.97600936889648
242.66983032226562 77.63844299316406 353.9833526611328 77.63844299316406 353.9833526611328 125.35679626464844 242.66983032226562 125.35679626464844
236.97705078125 79.13105773925781 347.19737243652344 79.13105773925781 347.19737243652344 126.58312225341797 236.97705078125 126.58312225341797
231.48046875 81.06702423095703 343.5721664428711 81.06702423095703 343.5721664428711 127.87150573730469 231.48046875 127.87150573730469
235.4810333251953 79.59986877441406 342.58641815185547 79.59986877441406 342.58641815185547 125.75675201416016 235.4810333251953 125.75675201416016
225.25253295898438 82.34060668945312 337.8652801513672 82.34060668945312 337.8652801513672 127.30877685546875 225.25253295898438 127.30877685546875
213.93505859375 83.2536392211914 334.48172760009766 83.2536392211914 334.48172760009766 127.9957046508789 213.93505859375 127.9957046508789
217.4310760498047 85.29927825927734 336.6450424194336 85.29927825927734 336.6450424194336 130.5175666809082 217.4310760498047 130.5175666809082
215.5597686767578 84.47705078125 337.0969009399414 84.47705078125 337.0969009399414 131.0990982055664 215.5597686767578 131.0990982055664
219.04159545898438 85.23270416259766 338.6963348388672 85.23270416259766 338.6963348388672 132.50910186767578 219.04159545898438 132.50910186767578
224.6399383544922 84.0742416381836 341.4652557373047 84.0742416381836 341.4652557373047 132.06716918945312 224.6399383544922 132.06716918945312
215.60342407226562 88.1199722290039 336.6637268066406 88.1199722290039 336.6637268066406 135.8260040283203 215.60342407226562 135.8260040283203
217.1957244873047 86.8425521850586 335.41890716552734 86.8425521850586 335.41890716552734 134.2421417236328 217.1957244873047 134.2421417236328
217.4542999267578 88.02455139160156 336.65091705322266 88.02455139160156 336.65091705322266 134.47462844848633 217.4542999267578 134.47462844848633
214.449951171875 92.1980972290039 333.7619857788086 92.1980972290039 333.7619857788086 140.60548400878906 214.449951171875 140.60548400878906
216.45407104492188 91.86600494384766 334.48487854003906 91.86600494384766 334.48487854003906 138.20704650878906 216.45407104492188 138.20704650878906
216.9868927001953 92.84365844726562 336.0758361816406 92.84365844726562 336.0758361816406 139.1461639404297 216.9868927001953 139.1461639404297
214.7552490234375 93.53936004638672 334.316162109375 93.53936004638672 334.316162109375 141.2747039794922 214.7552490234375 141.2747039794922
217.83889770507812 94.26187133789062 335.5554885864258 94.26187133789062 335.5554885864258 140.18569946289062 217.83889770507812 140.18569946289062
215.69253540039062 95.87384033203125 334.32776641845703 95.87384033203125 334.32776641845703 143.0234260559082 215.69253540039062 143.0234260559082
219.220458984375 96.05158233642578 336.5923080444336 96.05158233642578 336.5923080444336 144.15298080444336 219.220458984375 144.15298080444336
215.9401092529297 97.4083251953125 334.8442687988281 97.4083251953125 334.8442687988281 144.66302490234375 215.9401092529297 144.66302490234375
215.1542205810547 98.9112548828125 334.50569915771484 98.9112548828125 334.50569915771484 146.91168594360352 215.1542205810547 146.91168594360352
215.15023803710938 100.50704956054688 336.40538024902344 100.50704956054688 336.40538024902344 149.2743911743164 215.15023803710938 149.2743911743164
212.4385223388672 102.07662200927734 337.0474548339844 102.07662200927734 337.0474548339844 151.58253479003906 212.4385223388672 151.58253479003906
207.039306640625 105.4271011352539 338.30792236328125 105.4271011352539 338.30792236328125 157.17232131958008 207.039306640625 157.17232131958008
202.70257568359375 105.62921142578125 336.5277862548828 105.62921142578125 336.5277862548828 158.6729850769043 202.70257568359375 158.6729850769043
199.53237915039062 104.9704360961914 336.4534606933594 104.9704360961914 336.4534606933594 156.5999755859375 199.53237915039062 156.5999755859375
198.25625610351562 105.55584716796875 336.81170654296875 105.55584716796875 336.81170654296875 160.57643508911133 198.25625610351562 160.57643508911133
202.99008178710938 107.90202331542969 340.2218017578125 107.90202331542969 340.2218017578125 164.05505752563477 202.99008178710938 164.05505752563477
202.49551391601562 109.2542953491211 341.3927001953125 109.2542953491211 341.3927001953125 165.01300048828125 202.49551391601562 165.01300048828125
202.98472595214844 111.59519958496094 342.9492950439453 111.59519958496094 342.9492950439453 168.02881240844727 202.98472595214844 168.02881240844727
201.4795684814453 113.06575775146484 338.62046813964844 113.06575775146484 338.62046813964844 170.90569305419922 201.4795684814453 170.90569305419922
198.35537719726562 115.220703125 336.99525451660156 115.220703125 336.99525451660156 172.26158905029297 198.35537719726562 172.26158905029297
205.2818145751953 117.43536376953125 342.06040954589844 117.43536376953125 342.06040954589844 177.45293426513672 205.2818145751953 177.45293426513672
203.89578247070312 119.46888732910156 341.55760192871094 119.46888732910156 341.55760192871094 179.35979843139648 203.89578247070312 179.35979843139648
201.15286254882812 118.7557601928711 339.29261779785156 118.7557601928711 339.29261779785156 179.93873596191406 201.15286254882812 179.93873596191406
205.9199676513672 119.6242446899414 341.24366760253906 119.6242446899414 341.24366760253906 183.00615310668945 205.9199676513672 183.00615310668945
202.06866455078125 120.88519287109375 340.80621337890625 120.88519287109375 340.80621337890625 184.09867095947266 202.06866455078125 184.09867095947266
203.62298583984375 123.4012680053711 344.3495178222656 123.4012680053711 344.3495178222656 188.81419372558594 203.62298583984375 188.81419372558594
199.968994140625 122.998779296875 343.73126220703125 122.998779296875 343.73126220703125 187.6773681640625 199.968994140625 187.6773681640625
207.01473999023438 127.28230285644531 346.0229949951172 127.28230285644531 346.0229949951172 194.92886352539062 207.01473999023438 194.92886352539062
200.9093017578125 130.11900329589844 344.5644226074219 130.11900329589844 344.5644226074219 197.4038314819336 200.9093017578125 197.4038314819336
198.9783477783203 133.91822814941406 343.4740753173828 133.91822814941406 343.4740753173828 200.33602905273438 198.9783477783203 200.33602905273438
198.4314727783203 134.28314208984375 341.8446502685547 134.28314208984375 341.8446502685547 201.25961303710938 198.4314727783203 201.25961303710938
200.9483184814453 136.2799530029297 343.1722106933594 136.2799530029297 343.1722106933594 202.8984375 200.9483184814453 202.8984375
203.0463104248047 139.7928009033203 345.6089324951172 139.7928009033203 345.6089324951172 208.6816635131836 203.0463104248047 208.6816635131836
202.44921875 139.54318237304688 346.5762023925781 139.54318237304688 346.5762023925781 207.42508697509766 202.44921875 207.42508697509766
202.9783477783203 144.6064910888672 349.95985412597656 144.6064910888672 349.95985412597656 214.5552520751953 202.9783477783203 214.5552520751953
205.2853240966797 147.23287963867188 354.79795837402344 147.23287963867188 354.79795837402344 216.99332427978516 205.2853240966797 216.99332427978516
205.1204833984375 146.35671997070312 357.2433776855469 146.35671997070312 357.2433776855469 217.1976776123047 205.1204833984375 217.1976776123047
203.20864868164062 152.68994140625 362.59068298339844 152.68994140625 362.59068298339844 226.21630096435547 203.20864868164062 226.21630096435547
201.36734008789062 152.90994262695312 365.11468505859375 152.90994262695312 365.11468505859375 227.23929595947266 201.36734008789062 227.23929595947266
199.1348876953125 154.5747833251953 367.8255157470703 154.5747833251953 367.8255157470703 230.3104248046875 199.1348876953125 230.3104248046875
198.11856079101562 158.0300750732422 369.625244140625 158.0300750732422 369.625244140625 235.77264404296875 198.11856079101562 235.77264404296875
201.04112243652344 160.60421752929688 381.16783142089844 160.60421752929688 381.16783142089844 240.75257873535156 201.04112243652344 240.75257873535156
198.4267120361328 159.7021484375 375.6907653808594 159.7021484375 375.6907653808594 240.63992309570312 198.4267120361328 240.63992309570312
199.94432067871094 164.00828552246094 381.72889709472656 164.00828552246094 381.72889709472656 244.13571166992188 199.94432067871094 244.13571166992188
202.5839385986328 165.4313201904297 385.94093322753906 165.4313201904297 385.94093322753906 244.89501953125 202.5839385986328 244.89501953125
206.85403442382812 169.23162841796875 391.39686584472656 169.23162841796875 391.39686584472656 249.6652603149414 206.85403442382812 249.6652603149414
215.18576049804688 170.93325805664062 394.42822265625 170.93325805664062 394.42822265625 253.08423614501953 215.18576049804688 253.08423614501953
210.9916534423828 177.46969604492188 406.70826721191406 177.46969604492188 406.70826721191406 253.37621307373047 210.9916534423828 253.37621307373047
219.3209686279297 179.18255615234375 409.2375030517578 179.18255615234375 409.2375030517578 257.52774810791016 219.3209686279297 257.52774810791016
224.46578979492188 187.0379180908203 419.37384033203125 187.0379180908203 419.37384033203125 262.575439453125 224.46578979492188 262.575439453125
232.1060791015625 189.2609405517578 431.4837646484375 189.2609405517578 431.4837646484375 264.5814208984375 232.1060791015625 264.5814208984375
241.0126190185547 192.42086791992188 432.2008514404297 192.42086791992188 432.2008514404297 268.2890090942383 241.0126190185547 268.2890090942383
259.0772705078125 197.10708618164062 443.9717559814453 197.10708618164062 443.9717559814453 273.21739959716797 259.0772705078125 273.21739959716797
257.73760986328125 201.41064453125 447.27052307128906 201.41064453125 447.27052307128906 275.1867218017578 257.73760986328125 275.1867218017578
271.35174560546875 206.65048217773438 454.5143737792969 206.65048217773438 454.5143737792969 281.9488220214844 271.35174560546875 281.9488220214844
274.71435546875 211.6501007080078 462.10203552246094 211.6501007080078 462.10203552246094 284.75982666015625 274.71435546875 284.75982666015625
291.4770202636719 217.39974975585938 474.6719970703125 217.39974975585938 474.6719970703125 290.0156555175781 291.4770202636719 290.0156555175781
303.0525817871094 223.54061889648438 489.31573486328125 223.54061889648438 489.31573486328125 294.89832305908203 303.0525817871094 294.89832305908203
312.645263671875 228.385498046875 499.97190856933594 228.385498046875 499.97190856933594 300.93702697753906 312.645263671875 300.93702697753906
324.99481201171875 233.630859375 512.0856018066406 233.630859375 512.0856018066406 304.34498596191406 324.99481201171875 304.34498596191406
340.6959228515625 238.88400268554688 523.2791442871094 238.88400268554688 523.2791442871094 313.5199432373047 340.6959228515625 313.5199432373047
362.87042236328125 237.9204559326172 533.6440734863281 237.9204559326172 533.6440734863281 309.7723617553711 362.87042236328125 309.7723617553711
376.15338134765625 199.33334350585938 554.0031890869141 199.33334350585938 554.0031890869141 276.45147705078125 376.15338134765625 276.45147705078125
386.2298278808594 162.34487915039062 575.7341156005859 162.34487915039062 575.7341156005859 239.34996032714844 386.2298278808594 239.34996032714844
403.35833740234375 129.4999237060547 584.4469909667969 129.4999237060547 584.4469909667969 209.6958999633789 403.35833740234375 209.6958999633789
416.16571044921875 116.65403747558594 606.9862670898438 116.65403747558594 606.9862670898438 195.10638427734375 416.16571044921875 195.10638427734375
432.03704833984375 127.80802917480469 617.7476959228516 127.80802917480469 617.7476959228516 207.86822509765625 432.03704833984375 207.86822509765625
441.96990966796875 135.5050048828125 640.2740325927734 135.5050048828125 640.2740325927734 213.76710510253906 441.96990966796875 213.76710510253906
457.3177185058594 144.02322387695312 651.560791015625 144.02322387695312 651.560791015625 224.7870330810547 457.3177185058594 224.7870330810547
484.78759765625 153.80712890625 668.8010559082031 153.80712890625 668.8010559082031 236.9388198852539 484.78759765625 236.9388198852539
497.2535095214844 166.2373504638672 682.2551879882812 166.2373504638672 682.2551879882812 247.98574829101562 497.2535095214844 247.98574829101562
508.1220703125 176.4707794189453 697.3579406738281 176.4707794189453 697.3579406738281 261.97314453125 508.1220703125 261.97314453125
