779.0 275.0 802.0 275.0 802.0 305.0 779.0 305.0
780.3621215820312 274.66497802734375 803.0616493225098 274.66497802734375 803.0616493225098 304.518310546875 780.3621215820312 304.518310546875
781.2455444335938 274.71197509765625 803.7919673919678 274.71197509765625 803.7919673919678 304.12035751342773 781.2455444335938 304.12035751342773
782.4794921875 274.67572021484375 804.5764808654785 274.67572021484375 804.5764808654785 304.1622772216797 782.4794921875 304.1622772216797
783.4046020507812 275.16290283203125 806.3508892059326 275.16290283203125 806.3508892059326 305.0928497314453 783.4046020507812 305.0928497314453
783.8529052734375 275.020263671875 807.2386817932129 275.020263671875 807.2386817932129 305.5234565734863 783.8529052734375 305.5234565734863
784.7462158203125 275.7718505859375 807.9418449401855 275.7718505859375 807.9418449401855 306.0270290374756 784.7462158203125 306.0270290374756
785.9710083007812 275.6605529785156 808.6117553710938 275.6605529785156 808.6117553710938 305.1919708251953 785.9710083007812 305.1919708251953
788.231689453125 274.83123779296875 810.8096828460693 274.83123779296875 810.8096828460693 304.02825927734375 788.231689453125 304.02825927734375
788.7591552734375 273.85516357421875 811.7020969390869 273.85516357421875 811.7020969390869 303.78074645996094 788.7591552734375 303.78074645996094
789.3822021484375 274.3148498535156 812.9115962982178 274.3148498535156 812.9115962982178 304.6507511138916 789.3822021484375 304.6507511138916
789.8263549804688 274.44842529296875 813.4489650726318 274.44842529296875 813.4489650726318 304.8546199798584 789.8263549804688 304.8546199798584
788.4805297851562 276.62896728515625 812.2631416320801 276.62896728515625 812.2631416320801 307.0172939300537 788.4805297851562 307.0172939300537
787.6433715820312 277.4620361328125 811.2813320159912 277.4620361328125 811.2813320159912 308.2941703796387 787.6433715820312 308.2941703796387
786.8912353515625 279.54205322265625 811.0908298492432 279.54205322265625 811.0908298492432 309.6624870300293 786.8912353515625 309.6624870300293
786.2156372070312 280.5452880859375 809.8694515228271 280.5452880859375 809.8694515228271 310.83955001831055 786.2156372070312 310.83955001831055
785.7447509765625 281.13629150390625 809.1838722229004 281.13629150390625 809.1838722229004 311.9508762359619 785.7447509765625 311.9508762359619
785.2922973632812 282.18939208984375 808.9781131744385 282.18939208984375 808.9781131744385 313.0839443206787 785.2922973632812 313.0839443206787
783.796875 281.7272033691406 807.440601348877 281.7272033691406 807.440601348877 312.566858291626 783.796875 312.566858291626
783.1911010742188 280.492919921875 807.2125339508057 280.492919921875 807.2125339508057 311.8252353668213 783.1911010742188 311.8252353668213
784.623779296875 279.1148986816406 808.6360740661621 279.1148986816406 808.6360740661621 310.4352912902832 784.623779296875 310.4352912902832
780.1199340820312 279.6919860839844 804.0351753234863 279.6919860839844 804.0351753234863 310.8857841491699 780.1199340820312 310.8857841491699
780.8310546875 278.21612548828125 804.873119354248 278.21612548828125 804.873119354248 309.57534408569336 780.8310546875 309.57534408569336
779.4296875 278.087158203125 803.5035133361816 278.087158203125 803.5035133361816 309.48780250549316 779.4296875 309.48780250549316
777.5419921875 279.43597412109375 801.5081176757812 279.43597412109375 801.5081176757812 310.69614028930664 777.5419921875 310.69614028930664
777.4393920898438 280.7161560058594 801.2660293579102 280.7161560058594 801.2660293579102 311.79437828063965 777.4393920898438 311.79437828063965
777.9921875 281.7643127441406 802.1444149017334 281.7643127441406 802.1444149017334 313.2672176361084 777.9921875 313.2672176361084
777.1177978515625 281.92510986328125 801.2183532714844 281.92510986328125 801.2183532714844 313.36061668395996 777.1177978515625 313.36061668395996
776.2542114257812 283.0890808105469 800.9507541656494 283.0890808105469 800.9507541656494 315.3019561767578 776.2542114257812 315.3019561767578
779.06884765625 283.29888916015625 803.2815532684326 283.29888916015625 803.2815532684326 314.88067054748535 779.06884765625 314.88067054748535
779.8224487304688 283.95745849609375 803.8271923065186 283.95745849609375 803.8271923065186 315.2679862976074 779.8224487304688 315.2679862976074
778.8655395507812 284.70391845703125 802.7319087982178 284.70391845703125 802.7319087982178 315.83395767211914 778.8655395507812 315.83395767211914
779.02734375 285.08343505859375 802.8631019592285 285.08343505859375 802.8631019592285 316.173547744751 779.02734375 316.173547744751
779.7721557617188 286.25811767578125 803.4015922546387 286.25811767578125 803.4015922546387 317.07911682128906 779.7721557617188 317.07911682128906
779.0975952148438 286.95703125 802.709903717041 286.95703125 802.709903717041 317.75568771362305 779.0975952148438 317.75568771362305
778.74853515625 286.4676513671875 802.6675472259521 286.4676513671875 802.6675472259521 317.6663570404053 778.74853515625 317.6663570404053
779.4398193359375 288.11663818359375 803.1731376647949 288.11663818359375 803.1731376647949 319.0731315612793 779.4398193359375 319.0731315612793
778.4553833007812 289.35516357421875 802.2441902160645 289.35516357421875 802.2441902160645 320.384033203125 778.4553833007812 320.384033203125
777.0902099609375 288.40362548828125 801.2197799682617 288.40362548828125 801.2197799682617 319.8769645690918 777.0902099609375 319.8769645690918
777.2179565429688 287.9391174316406 801.7971134185791 287.9391174316406 801.7971134185791 319.9988708496094 777.2179565429688 319.9988708496094
776.5098876953125 287.9369201660156 801.2801399230957 287.9369201660156 801.2801399230957 320.2459297180176 776.5098876953125 320.2459297180176
774.7254028320312 288.0274963378906 799.5055809020996 288.0274963378906 799.5055809020996 320.34944915771484 774.7254028320312 320.34944915771484
773.8455810546875 288.9884948730469 798.534839630127 288.9884948730469 798.534839630127 321.19185638427734 773.8455810546875 321.19185638427734
772.4060668945312 288.2079162597656 797.6035022735596 288.2079162597656 797.6035022735596 321.0741157531738 772.4060668945312 321.0741157531738
770.9065551757812 290.02996826171875 796.2195911407471 290.02996826171875 796.2195911407471 323.0469512939453 770.9065551757812 323.0469512939453
770.7741088867188 291.2179260253906 796.1740016937256 291.2179260253906 796.1740016937256 324.348201751709 770.7741088867188 324.348201751709
767.7972412109375 291.23468017578125 793.410945892334 291.23468017578125 793.410945892334 324.6438407897949 767.7972412109375 324.6438407897949
766.78759765625 291.2384948730469 792.393533706665 291.2384948730469 792.393533706665 324.6375198364258 766.78759765625 324.6375198364258
764.8549194335938 290.9861755371094 790.6548709869385 290.9861755371094 790.6548709869385 324.6382637023926 764.8549194335938 324.6382637023926
763.9359130859375 290.9429016113281 789.2776527404785 290.9429016113281 789.2776527404785 323.99732208251953 763.9359130859375 323.99732208251953
762.0899658203125 290.48095703125 787.0070686340332 290.48095703125 787.0070686340332 322.8838577270508 762.0899658203125 322.8838577270508
761.0401611328125 291.598388671875 785.5464305877686 291.598388671875 785.5464305877686 323.5630702972412 761.0401611328125 323.5630702972412
760.0286254882812 290.912109375 784.9659385681152 290.912109375 784.9659385681152 322.84638595581055 760.0286254882812 322.84638595581055
759.1065063476562 290.45404052734375 783.7545413970947 290.45404052734375 783.7545413970947 322.1789360046387 759.1065063476562 322.1789360046387
758.2694091796875 290.8040771484375 782.2422943115234 290.8040771484375 782.2422943115234 322.31745529174805 758.2694091796875 322.31745529174805
756.6268310546875 293.6980895996094 781.1299133300781 293.6980895996094 781.1299133300781 322.6692924499512 756.6268310546875 322.6692924499512
756.52978515625 294.39068603515625 780.4698162078857 294.39068603515625 780.4698162078857 324.4598197937012 756.52978515625 324.4598197937012
756.5402221679688 295.899658203125 780.5325202941895 295.899658203125 780.5325202941895 325.21767234802246 756.5402221679688 325.21767234802246
756.3722534179688 298.3825988769531 780.0893154144287 298.3825988769531 780.0893154144287 328.3839912414551 756.3722534179688 328.3839912414551
756.0996704101562 298.9495544433594 779.8130073547363 298.9495544433594 779.8130073547363 329.5889091491699 756.0996704101562 329.5889091491699
755.4344482421875 299.2398376464844 779.0524425506592 299.2398376464844 779.0524425506592 329.95936012268066 755.4344482421875 329.95936012268066
755.66259765625 300.3742370605469 779.269962310791 300.3742370605469 779.269962310791 331.1664333343506 755.66259765625 331.1664333343506
755.8917236328125 300.1249694824219 779.6568202972412 300.1249694824219 779.6568202972412 331.12290382385254 755.8917236328125 331.12290382385254
755.3339233398438 300.9068298339844 779.0271167755127 300.9068298339844 779.0271167755127 331.810977935791 755.3339233398438 331.810977935791
755.6863403320312 301.2242736816406 779.5166702270508 301.2242736816406 779.5166702270508 332.3072929382324 755.6863403320312 332.3072929382324
755.9830322265625 300.8556823730469 779.9266262054443 300.8556823730469 779.9266262054443 332.0864372253418 755.9830322265625 332.0864372253418
755.9796752929688 301.86712646484375 779.8008823394775 301.86712646484375 779.8008823394775 333.07233238220215 755.9796752929688 333.07233238220215
756.50537109375 300.85772705078125 780.3202095031738 300.85772705078125 780.3202095031738 331.9205379486084 756.50537109375 331.9205379486084
756.3440551757812 301.7879943847656 780.3355369567871 301.7879943847656 780.3355369567871 333.08120346069336 756.3440551757812 333.08120346069336
755.8826904296875 301.2059020996094 780.2182388305664 301.2059020996094 780.2182388305664 332.9478950500488 755.8826904296875 332.9478950500488
754.2330322265625 299.4944152832031 779.0051860809326 299.4944152832031 779.0051860809326 331.8058967590332 754.2330322265625 331.8058967590332
754.79443359375 297.8589782714844 779.7615604400635 297.8589782714844 779.7615604400635 330.1254463195801 754.79443359375 330.1254463195801
754.5374145507812 296.28985595703125 779.7917137145996 296.28985595703125 779.7917137145996 329.3318634033203 754.5374145507812 329.3318634033203
753.4464111328125 297.7695007324219 778.7383460998535 297.7695007324219 778.7383460998535 330.75896072387695 753.4464111328125 330.75896072387695
752.91064453125 297.80804443359375 778.8717041015625 297.80804443359375 778.8717041015625 331.3335380554199 752.91064453125 331.3335380554199
753.2593383789062 299.25433349609375 778.5124855041504 299.25433349609375 778.5124855041504 332.2096862792969 753.2593383789062 332.2096862792969
753.424072265625 300.9698181152344 777.0733375549316 300.9698181152344 777.0733375549316 334.32447052001953 753.424072265625 334.32447052001953
752.9278564453125 302.6282958984375 776.5688438415527 302.6282958984375 776.5688438415527 335.93389892578125 752.9278564453125 335.93389892578125
752.0897216796875 304.01300048828125 775.6595573425293 304.01300048828125 775.6595573425293 337.36395263671875 752.0897216796875 337.36395263671875
750.2727661132812 303.42730712890625 773.2787132263184 303.42730712890625 773.2787132263184 337.65228271484375 750.2727661132812 337.65228271484375
748.255859375 304.7718811035156 771.5425682067871 304.7718811035156 771.5425682067871 337.7186584472656 748.255859375 337.7186584472656
746.8544311523438 304.4169921875 770.0499286651611 304.4169921875 770.0499286651611 337.2035789489746 746.8544311523438 337.2035789489746
744.3942260742188 303.80279541015625 769.5436897277832 303.80279541015625 769.5436897277832 335.4830017089844 744.3942260742188 335.4830017089844
742.993896484375 303.95281982421875 767.9908275604248 303.95281982421875 767.9908275604248 336.6931495666504 742.993896484375 336.6931495666504
742.4481811523438 302.6486511230469 767.4135341644287 302.6486511230469 767.4135341644287 335.94440841674805 742.4481811523438 335.94440841674805
739.2360229492188 302.4541931152344 765.1249046325684 302.4541931152344 765.1249046325684 336.1452941894531 739.2360229492188 336.1452941894531
738.3580932617188 301.4365234375 764.2821750640869 301.4365234375 764.2821750640869 335.60529708862305 738.3580932617188 335.60529708862305
735.23828125 302.22283935546875 761.329647064209 302.22283935546875 761.329647064209 336.2550468444824 735.23828125 336.2550468444824
733.2163696289062 302.62603759765625 759.4592018127441 302.62603759765625 759.4592018127441 336.8558044433594 733.2163696289062 336.8558044433594
732.4517822265625 303.6640930175781 758.262264251709 303.6640930175781 758.262264251709 337.32992935180664 732.4517822265625 337.32992935180664
731.7035522460938 305.87249755859375 757.3419742584229 305.87249755859375 757.3419742584229 339.3139114379883 731.7035522460938 339.3139114379883
728.90869140625 306.7623291015625 754.6391181945801 306.7623291015625 754.6391181945801 340.3237533569336 728.90869140625 340.3237533569336
728.0668334960938 308.2445068359375 754.1307411193848 308.2445068359375 754.1307411193848 342.24090576171875 728.0668334960938 342.24090576171875
726.6884155273438 308.7352294921875 752.8153381347656 308.7352294921875 752.8153381347656 342.8138198852539 726.6884155273438 342.8138198852539
727.8137817382812 311.11016845703125 754.1780185699463 311.11016845703125 754.1780185699463 345.49829483032227 727.8137817382812 345.49829483032227
727.52392578125 311.27178955078125 754.5979557037354 311.27178955078125 754.5979557037354 347.13783264160156 727.52392578125 347.13783264160156
725.937744140625 310.5849914550781 753.5415954589844 310.5849914550781 753.5415954589844 347.28022384643555 725.937744140625 347.28022384643555
726.4552001953125 309.38543701171875 753.5546073913574 309.38543701171875 753.5546073913574 346.9446601867676 726.4552001953125 346.9446601867676
725.43408203125 309.40081787109375 753.2142581939697 309.40081787109375 753.2142581939697 346.35115814208984 725.43408203125 346.35115814208984
724.8604736328125 308.9427795410156 753.0167503356934 308.9427795410156 753.0167503356934 346.2806587219238 724.8604736328125 346.2806587219238
725.3203125 307.3885192871094 752.3493041992188 307.3885192871094 752.3493041992188 344.9854202270508 725.3203125 344.9854202270508
725.8749389648438 307.51470947265625 752.7401218414307 307.51470947265625 752.7401218414307 345.19206619262695 725.8749389648438 345.19206619262695
725.8599853515625 308.0830078125 752.7135009765625 308.0830078125 752.7135009765625 345.8611869812012 725.8599853515625 345.8611869812012
725.3340454101562 307.7049560546875 751.3749504089355 307.7049560546875 751.3749504089355 344.8849563598633 725.3340454101562 344.8849563598633
717.8815307617188 307.074951171875 746.3335113525391 307.074951171875 746.3335113525391 344.1862258911133 717.8815307617188 344.1862258911133
716.60498046875 306.9637145996094 744.8474540710449 306.9637145996094 744.8474540710449 343.80171966552734 716.60498046875 343.80171966552734
717.1654052734375 308.224853515625 744.976354598999 308.224853515625 744.976354598999 344.6493453979492 717.1654052734375 344.6493453979492
716.3892211914062 307.7592468261719 744.4077396392822 307.7592468261719 744.4077396392822 344.3051414489746 716.3892211914062 344.3051414489746
716.4549560546875 308.72637939453125 743.9878234863281 308.72637939453125 743.9878234863281 344.8675193786621 716.4549560546875 344.8675193786621
713.3978271484375 309.5042419433594 740.4572849273682 309.5042419433594 740.4572849273682 345.1901664733887 713.3978271484375 345.1901664733887
712.0955810546875 309.7916259765625 738.7647647857666 309.7916259765625 738.7647647857666 344.2319564819336 712.0955810546875 344.2319564819336
709.4085693359375 310.9048767089844 735.9886512756348 310.9048767089844 735.9886512756348 344.89149475097656 709.4085693359375 344.89149475097656
707.3301391601562 311.8834533691406 733.9051628112793 311.8834533691406 733.9051628112793 345.8215026855469 707.3301391601562 345.8215026855469
705.3630981445312 313.7100524902344 731.3943138122559 313.7100524902344 731.3943138122559 347.2467575073242 705.3630981445312 347.2467575073242
704.1375122070312 314.3516540527344 729.753173828125 314.3516540527344 729.753173828125 347.07691955566406 704.1375122070312 347.07691955566406
700.5465698242188 315.446533203125 726.1535453796387 315.446533203125 726.1535453796387 347.23759841918945 700.5465698242188 347.23759841918945
698.252197265625 314.88690185546875 723.4821186065674 314.88690185546875 723.4821186065674 347.79549407958984 698.252197265625 347.79549407958984
696.4283447265625 315.0879821777344 721.7536239624023 315.0879821777344 721.7536239624023 348.1209526062012 696.4283447265625 348.1209526062012
695.2886962890625 315.75543212890625 720.4358787536621 315.75543212890625 720.4358787536621 348.55610275268555 695.2886962890625 348.55610275268555
695.4609375 316.4828796386719 720.6422214508057 316.4828796386719 720.6422214508057 349.3280334472656 695.4609375 349.3280334472656
692.9232177734375 316.6346740722656 718.1759796142578 316.6346740722656 718.1759796142578 349.3307914733887 692.9232177734375 349.3307914733887
690.8624267578125 316.70703125 716.3006057739258 316.70703125 716.3006057739258 349.57396697998047 690.8624267578125 349.57396697998047
689.5103759765625 316.2015686035156 714.8976497650146 316.2015686035156 714.8976497650146 348.7055320739746 689.5103759765625 348.7055320739746
689.6890869140625 315.4359130859375 714.3570213317871 315.4359130859375 714.3570213317871 348.6224136352539 689.6890869140625 348.6224136352539
688.4766235351562 316.92596435546875 713.2044334411621 316.92596435546875 713.2044334411621 349.4259147644043 688.4766235351562 349.4259147644043
686.8736572265625 316.8797302246094 711.6236209869385 316.8797302246094 711.6236209869385 348.354772567749 686.8736572265625 348.354772567749
685.9487915039062 318.28265380859375 711.2087497711182 318.28265380859375 711.2087497711182 349.0310859680176 685.9487915039062 349.0310859680176
683.2423706054688 318.6751708984375 708.4400997161865 318.6751708984375 708.4400997161865 350.3990287780762 683.2423706054688 350.3990287780762
682.7687377929688 318.06103515625 707.8597621917725 318.06103515625 707.8597621917725 349.94175720214844 682.7687377929688 349.94175720214844
682.3809814453125 318.48486328125 706.9138240814209 318.48486328125 706.9138240814209 350.4842224121094 682.3809814453125 350.4842224121094
681.33935546875 318.4156799316406 705.6027450561523 318.4156799316406 705.6027450561523 350.0635795593262 681.33935546875 350.0635795593262
681.6052856445312 319.37982177734375 705.6691493988037 319.37982177734375 705.6691493988037 350.76747131347656 681.6052856445312 350.76747131347656
680.2288818359375 318.3404541015625 704.6203956604004 318.3404541015625 704.6203956604004 350.1554756164551 680.2288818359375 350.1554756164551
679.3078002929688 316.5055236816406 703.850923538208 316.5055236816406 703.850923538208 348.51829528808594 679.3078002929688 348.51829528808594
679.5562744140625 314.2265319824219 704.8262977600098 314.2265319824219 704.8262977600098 347.1874313354492 679.5562744140625 347.1874313354492
679.3482055664062 312.7896728515625 705.0163764953613 312.7896728515625 705.0163764953613 346.2698974609375 679.3482055664062 346.2698974609375
679.8143920898438 311.0865478515625 705.470458984375 311.0865478515625 705.470458984375 345.4011001586914 679.8143920898438 345.4011001586914
681.7291259765625 309.10015869140625 706.7867202758789 309.10015869140625 706.7867202758789 343.3135414123535 681.7291259765625 343.3135414123535
683.1380615234375 306.46868896484375 707.5877590179443 306.46868896484375 707.5877590179443 341.307315826416 683.1380615234375 341.307315826416
681.216552734375 305.1836853027344 705.7865028381348 305.1836853027344 705.7865028381348 340.4971923828125 681.216552734375 340.4971923828125
679.43212890625 305.4668273925781 704.6288223266602 305.4668273925781 704.6288223266602 340.25754165649414 679.43212890625 340.25754165649414
682.5830078125 305.64874267578125 707.8157024383545 305.64874267578125 707.8157024383545 340.02428436279297 682.5830078125 340.02428436279297
683.1467895507812 304.6443786621094 708.0046577453613 304.6443786621094 708.0046577453613 339.8835563659668 683.1467895507812 339.8835563659668
685.9757690429688 306.0493469238281 710.1759643554688 306.0493469238281 710.1759643554688 341.18242263793945 685.9757690429688 341.18242263793945
686.2823486328125 306.84283447265625 710.1830863952637 306.84283447265625 710.1830863952637 341.01409912109375 686.2823486328125 341.01409912109375
687.3936157226562 307.2147216796875 711.112024307251 307.2147216796875 711.112024307251 341.0612030029297 687.3936157226562 341.0612030029297
688.4883422851562 307.5116271972656 710.9636344909668 307.5116271972656 710.9636344909668 339.7277297973633 688.4883422851562 339.7277297973633
688.3760375976562 302.82666015625 711.2147464752197 302.82666015625 711.2147464752197 336.1979560852051 688.3760375976562 336.1979560852051
691.4674072265625 299.97186279296875 714.0412693023682 299.97186279296875 714.0412693023682 332.84040451049805 691.4674072265625 332.84040451049805
696.5958251953125 300.7701721191406 720.669734954834 300.7701721191406 720.669734954834 332.17092514038086 696.5958251953125 332.17092514038086
696.6917724609375 298.75970458984375 719.9164447784424 298.75970458984375 719.9164447784424 330.4177551269531 696.6917724609375 330.4177551269531
697.61572265625 297.66473388671875 722.3137226104736 297.66473388671875 722.3137226104736 329.50823402404785 697.61572265625 329.50823402404785
700.6549682617188 297.15582275390625 725.1212463378906 297.15582275390625 725.1212463378906 329.06836318969727 700.6549682617188 329.06836318969727
703.7717895507812 294.46661376953125 728.7191352844238 294.46661376953125 728.7191352844238 327.00662994384766 703.7717895507812 327.00662994384766
706.9850463867188 292.2464904785156 731.8629989624023 292.2464904785156 731.8629989624023 324.6959915161133 706.9850463867188 324.6959915161133
709.6671752929688 292.0646057128906 734.0914916992188 292.0646057128906 734.0914916992188 323.9224090576172 709.6671752929688 323.9224090576172
716.6351928710938 291.9384765625 741.0189666748047 291.9384765625 741.0189666748047 323.74339866638184 716.6351928710938 323.74339866638184
721.2216796875 290.6423645019531 745.2283020019531 290.6423645019531 745.2283020019531 321.95534896850586 721.2216796875 321.95534896850586
723.6566162109375 290.51239013671875 747.3935890197754 290.51239013671875 747.3935890197754 321.47365951538086 723.6566162109375 321.47365951538086
725.5592041015625 289.91497802734375 749.0647029876709 289.91497802734375 749.0647029876709 320.5743217468262 725.5592041015625 320.5743217468262
725.6377563476562 290.17144775390625 749.2163276672363 290.17144775390625 749.2163276672363 321.2662658691406 725.6377563476562 321.2662658691406
726.7662963867188 288.33355712890625 750.485767364502 288.33355712890625 750.485767364502 319.2719974517822 726.7662963867188 319.2719974517822
727.5631713867188 287.93194580078125 751.7953147888184 287.93194580078125 751.7953147888184 319.5390930175781 727.5631713867188 319.5390930175781
726.2724609375 289.5765380859375 750.6019248962402 289.5765380859375 750.6019248962402 321.3106269836426 726.2724609375 321.3106269836426
725.3138427734375 290.8368225097656 750.0816020965576 290.8368225097656 750.0816020965576 323.1425971984863 725.3138427734375 323.1425971984863
724.2002563476562 290.7530517578125 749.6068134307861 290.7530517578125 749.6068134307861 323.89204025268555 724.2002563476562 323.89204025268555
724.5066528320312 288.79962158203125 750.1099452972412 288.79962158203125 750.1099452972412 322.19522857666016 724.5066528320312 322.19522857666016
724.4658203125 286.45404052734375 749.9621162414551 286.45404052734375 749.9621162414551 320.53850173950195 724.4658203125 320.53850173950195
724.4898681640625 282.5639343261719 750.7861747741699 282.5639343261719 750.7861747741699 317.3097610473633 724.4898681640625 317.3097610473633
723.1859130859375 280.0892028808594 749.230541229248 280.0892028808594 749.230541229248 315.7423667907715 723.1859130859375 315.7423667907715
723.7203369140625 278.6885681152344 750.6070041656494 278.6885681152344 750.6070041656494 314.87438201904297 723.7203369140625 314.87438201904297
724.0326538085938 277.5563659667969 750.3033866882324 277.5563659667969 750.3033866882324 315.1188087463379 724.0326538085938 315.1188087463379
722.0797119140625 279.1822814941406 747.6600379943848 279.1822814941406 747.6600379943848 315.94056701660156 722.0797119140625 315.94056701660156
720.4000244140625 280.5347900390625 746.5602836608887 280.5347900390625 746.5602836608887 317.8209228515625 720.4000244140625 317.8209228515625
720.4425048828125 281.89727783203125 746.9713745117188 281.89727783203125 746.9713745117188 320.24492263793945 720.4425048828125 320.24492263793945
718.70556640625 284.62017822265625 745.2728214263916 284.62017822265625 745.2728214263916 321.8113784790039 718.70556640625 321.8113784790039
717.2298583984375 285.4387512207031 743.0974006652832 285.4387512207031 743.0974006652832 324.2851142883301 717.2298583984375 324.2851142883301
715.4881591796875 289.2048034667969 741.0294322967529 289.2048034667969 741.0294322967529 327.9108009338379 715.4881591796875 327.9108009338379
714.74560546875 288.8636474609375 741.6239624023438 288.8636474609375 741.6239624023438 329.07246017456055 714.74560546875 329.07246017456055
712.978515625 289.9390563964844 739.7881832122803 289.9390563964844 739.7881832122803 330.40747451782227 712.978515625 330.40747451782227
711.89306640625 290.5115661621094 738.9533271789551 290.5115661621094 738.9533271789551 329.9695510864258 711.89306640625 329.9695510864258
709.2567138671875 291.1080017089844 736.5831909179688 291.1080017089844 736.5831909179688 329.5274963378906 709.2567138671875 329.5274963378906
707.9439697265625 291.0528259277344 734.6116886138916 291.0528259277344 734.6116886138916 328.7509956359863 707.9439697265625 328.7509956359863
702.0916748046875 291.3162536621094 729.550609588623 291.3162536621094 729.550609588623 328.43354415893555 702.0916748046875 328.43354415893555
699.5736083984375 293.65386962890625 726.8682899475098 293.65386962890625 726.8682899475098 328.9214057922363 699.5736083984375 328.9214057922363
694.8024291992188 293.6195373535156 722.1881141662598 293.6195373535156 722.1881141662598 329.2355422973633 694.8024291992188 329.2355422973633
691.072265625 295.150634765625 718.9389591217041 295.150634765625 718.9389591217041 330.5388374328613 691.072265625 330.5388374328613
689.4278564453125 294.6831970214844 718.2714729309082 294.6831970214844 718.2714729309082 332.0590171813965 689.4278564453125 332.0590171813965
686.6614990234375 295.71539306640625 715.5010623931885 295.71539306640625 715.5010623931885 332.47753143310547 686.6614990234375 332.47753143310547
684.3436279296875 297.2046203613281 713.6049194335938 297.2046203613281 713.6049194335938 333.39920806884766 684.3436279296875 333.39920806884766
681.800537109375 299.03973388671875 710.1610469818115 299.03973388671875 710.1610469818115 333.8214874267578 681.800537109375 333.8214874267578
677.8021240234375 299.74481201171875 706.8689365386963 299.74481201171875 706.8689365386963 334.14538955688477 677.8021240234375 334.14538955688477
676.0498046875 299.80511474609375 705.5267734527588 299.80511474609375 705.5267734527588 334.24304962158203 676.0498046875 334.24304962158203
676.1163330078125 299.23956298828125 704.7333374023438 299.23956298828125 704.7333374023438 334.20051193237305 676.1163330078125 334.20051193237305
673.8362426757812 299.340576171875 702.2912292480469 299.340576171875 702.2912292480469 334.72626876831055 673.8362426757812 334.72626876831055
670.7514038085938 302.33746337890625 698.2735652923584 302.33746337890625 698.2735652923584 337.9033508300781 670.7514038085938 337.9033508300781
668.3785400390625 306.1446228027344 695.6765079498291 306.1446228027344 695.6765079498291 342.4491500854492 668.3785400390625 342.4491500854492
668.1829833984375 308.59149169921875 695.6225700378418 308.59149169921875 695.6225700378418 344.42943572998047 668.1829833984375 344.42943572998047
667.4116821289062 309.72076416015625 695.2395477294922 309.72076416015625 695.2395477294922 345.3393325805664 667.4116821289062 345.3393325805664
665.4728393554688 312.56219482421875 693.5529270172119 312.56219482421875 693.5529270172119 348.08003997802734 665.4728393554688 348.08003997802734
664.9755249023438 312.090087890625 692.4519538879395 312.090087890625 692.4519538879395 348.6877861022949 664.9755249023438 348.6877861022949
663.9736328125 311.93145751953125 691.3193550109863 311.93145751953125 691.3193550109863 348.8478317260742 663.9736328125 348.8478317260742
663.05712890625 311.2915954589844 691.0943603515625 311.2915954589844 691.0943603515625 349.6121368408203 663.05712890625 349.6121368408203
662.8302612304688 311.0030212402344 690.5629367828369 311.0030212402344 690.5629367828369 348.50704193115234 662.8302612304688 348.50704193115234
660.2551879882812 310.2732849121094 690.8363304138184 310.2732849121094 690.8363304138184 348.5193862915039 660.2551879882812 348.5193862915039
659.5611572265625 310.2972717285156 688.8487796783447 310.2972717285156 688.8487796783447 349.1599540710449 659.5611572265625 349.1599540710449
658.4616088867188 310.93353271484375 688.5877628326416 310.93353271484375 688.5877628326416 350.7712707519531 658.4616088867188 350.7712707519531
658.5343627929688 311.9776306152344 688.1588478088379 311.9776306152344 688.1588478088379 352.2637481689453 658.5343627929688 352.2637481689453
659.4384155273438 312.5110778808594 688.3592281341553 312.5110778808594 688.3592281341553 352.48262786865234 659.4384155273438 352.48262786865234
657.7584228515625 311.3567810058594 686.4099025726318 311.3567810058594 686.4099025726318 353.23645782470703 657.7584228515625 353.23645782470703
657.95263671875 311.88653564453125 685.9035587310791 311.88653564453125 685.9035587310791 354.23474884033203 657.95263671875 354.23474884033203
656.2786254882812 312.3111877441406 684.9021453857422 312.3111877441406 684.9021453857422 353.50310134887695 656.2786254882812 353.50310134887695
655.5400390625 310.6783752441406 684.0727787017822 310.6783752441406 684.0727787017822 351.93677139282227 655.5400390625 351.93677139282227
654.1707763671875 309.25921630859375 682.9123687744141 309.25921630859375 682.9123687744141 351.68889236450195 654.1707763671875 351.68889236450195
651.8717041015625 309.4263000488281 680.1858005523682 309.4263000488281 680.1858005523682 351.0788040161133 651.8717041015625 351.0788040161133
650.8410034179688 308.90509033203125 679.077184677124 308.90509033203125 679.077184677124 350.66349029541016 650.8410034179688 350.66349029541016
648.4530029296875 313.7833557128906 677.2535209655762 313.7833557128906 677.2535209655762 353.75683975219727 648.4530029296875 353.75683975219727
646.0618896484375 314.47259521484375 674.8718318939209 314.47259521484375 674.8718318939209 354.11249923706055 646.0618896484375 354.11249923706055
646.2562255859375 314.37603759765625 674.4167175292969 314.37603759765625 674.4167175292969 354.9299736022949 646.2562255859375 354.9299736022949
643.4208984375 314.82965087890625 672.8409309387207 314.82965087890625 672.8409309387207 356.1770553588867 643.4208984375 356.1770553588867
642.6307373046875 314.42913818359375 672.1091651916504 314.42913818359375 672.1091651916504 355.61640548706055 642.6307373046875 355.61640548706055
639.0042724609375 313.5231018066406 668.7830848693848 313.5231018066406 668.7830848693848 355.15494537353516 639.0042724609375 355.15494537353516
635.9180908203125 312.5443420410156 667.0402526855469 312.5443420410156 667.0402526855469 356.0232276916504 635.9180908203125 356.0232276916504
633.0570068359375 313.0655822753906 663.8017997741699 313.0655822753906 663.8017997741699 354.7005157470703 633.0570068359375 354.7005157470703
631.7498779296875 313.0265808105469 661.9652156829834 313.0265808105469 661.9652156829834 354.24696350097656 631.7498779296875 354.24696350097656
630.4573974609375 312.64361572265625 660.0641117095947 312.64361572265625 660.0641117095947 352.53418350219727 630.4573974609375 352.53418350219727
627.8558349609375 307.28204345703125 661.8532600402832 307.28204345703125 661.8532600402832 351.62651443481445 627.8558349609375 351.62651443481445
644.3383178710938 333.6241455078125 678.2217636108398 333.6241455078125 678.2217636108398 377.8199462890625 644.3383178710938 377.8199462890625
618.2179565429688 352.5900573730469 652.2559204101562 352.5900573730469 652.2559204101562 396.9874038696289 618.2179565429688 396.9874038696289
615.35791015625 353.13677978515625 649.3733139038086 353.13677978515625 649.3733139038086 397.5047073364258 615.35791015625 397.5047073364258
619.2653198242188 356.60858154296875 653.4762725830078 356.60858154296875 653.4762725830078 401.23157501220703 619.2653198242188 401.23157501220703
618.4805908203125 358.7087707519531 652.6515083312988 358.7087707519531 652.6515083312988 403.27954864501953 618.4805908203125 403.27954864501953
619.5880737304688 362.32159423828125 653.7075691223145 362.32159423828125 653.7075691223145 406.8252983093262 619.5880737304688 406.8252983093262
620.6510009765625 361.28204345703125 655.5691223144531 361.28204345703125 655.5691223144531 406.8274345397949 620.6510009765625 406.8274345397949
623.17724609375 363.750244140625 657.8972053527832 363.750244140625 657.8972053527832 409.0371627807617 623.17724609375 409.0371627807617
624.5017700195312 362.15411376953125 659.757381439209 362.15411376953125 659.757381439209 408.13970947265625 624.5017700195312 408.13970947265625
623.3106689453125 355.5672912597656 658.2058944702148 355.5672912597656 658.2058944702148 401.0828170776367 623.3106689453125 401.0828170776367
606.2254028320312 312.2535705566406 641.6970825195312 312.2535705566406 641.6970825195312 358.52099227905273 606.2254028320312 358.52099227905273
605.5130615234375 312.69757080078125 641.330249786377 312.69757080078125 641.330249786377 359.41565704345703 605.5130615234375 359.41565704345703
608.9027099609375 303.17242431640625 644.9102439880371 303.17242431640625 644.9102439880371 350.1387939453125 608.9027099609375 350.1387939453125
602.4967041015625 310.84124755859375 638.9247970581055 310.84124755859375 638.9247970581055 358.35617446899414 602.4967041015625 358.35617446899414
600.8380126953125 322.5728454589844 631.9250221252441 322.5728454589844 631.9250221252441 364.89433670043945 600.8380126953125 364.89433670043945
601.1071166992188 324.06689453125 631.4379272460938 324.06689453125 631.4379272460938 366.0991554260254 601.1071166992188 366.0991554260254
600.9163818359375 325.7849426269531 631.8166694641113 325.7849426269531 631.8166694641113 367.9659652709961 600.9163818359375 367.9659652709961
603.8624877929688 319.98699951171875 640.2590408325195 319.98699951171875 640.2590408325195 367.4607734680176 603.8624877929688 367.4607734680176
603.2239379882812 325.8549499511719 635.1197052001953 325.8549499511719 635.1197052001953 370.1704330444336 603.2239379882812 370.1704330444336
603.9934692382812 326.8154296875 635.2743587493896 326.8154296875 635.2743587493896 369.437068939209 603.9934692382812 369.437068939209
604.1497192382812 326.30596923828125 636.1771011352539 326.30596923828125 636.1771011352539 369.9219436645508 604.1497192382812 369.9219436645508
603.1292724609375 327.2608947753906 635.8270072937012 327.2608947753906 635.8270072937012 370.11950302124023 603.1292724609375 370.11950302124023
604.6524047851562 326.60650634765625 636.7868347167969 326.60650634765625 636.7868347167969 370.8953094482422 604.6524047851562 370.8953094482422
603.8778076171875 326.6713562011719 636.9815292358398 326.6713562011719 636.9815292358398 370.2395133972168 603.8778076171875 370.2395133972168
603.3468017578125 321.04327392578125 639.4311676025391 321.04327392578125 639.4311676025391 368.10985565185547 603.3468017578125 368.10985565185547
601.6868286132812 319.3133239746094 637.8981246948242 319.3133239746094 637.8981246948242 366.5454635620117 601.6868286132812 366.5454635620117
597.45751953125 320.5881042480469 633.3181953430176 320.5881042480469 633.3181953430176 367.36290740966797 597.45751953125 367.36290740966797
600.8065795898438 319.25115966796875 636.688117980957 319.25115966796875 636.688117980957 366.05317306518555 600.8065795898438 366.05317306518555
600.7315673828125 319.2145080566406 636.6122589111328 319.2145080566406 636.6122589111328 366.01541900634766 600.7315673828125 366.01541900634766
599.4337768554688 318.9878234863281 635.215015411377 318.9878234863281 635.215015411377 365.6590156555176 599.4337768554688 365.6590156555176
597.6168823242188 322.58660888671875 633.7767219543457 322.58660888671875 633.7767219543457 369.7516288757324 597.6168823242188 369.7516288757324
598.2252807617188 347.14520263671875 633.5999984741211 347.14520263671875 633.5999984741211 393.2861518859863 598.2252807617188 393.2861518859863
595.0357666015625 325.51324462890625 630.6523246765137 325.51324462890625 630.6523246765137 371.9696388244629 595.0357666015625 371.9696388244629
590.7742309570312 330.6584167480469 626.7404251098633 330.6584167480469 626.7404251098633 377.570858001709 590.7742309570312 377.570858001709
592.9834594726562 337.36444091796875 628.9868278503418 337.36444091796875 628.9868278503418 384.3253707885742 592.9834594726562 384.3253707885742
608.8772583007812 341.307861328125 644.6764450073242 341.307861328125 644.6764450073242 388.00246810913086 608.8772583007812 388.00246810913086
625.8323364257812 317.1881408691406 662.1722297668457 317.1881408691406 662.1722297668457 364.58801651000977 625.8323364257812 364.58801651000977
624.9303588867188 343.62188720703125 660.8230438232422 343.62188720703125 660.8230438232422 390.4384460449219 624.9303588867188 390.4384460449219
603.3936767578125 339.4991149902344 639.787784576416 339.4991149902344 639.787784576416 386.9697036743164 603.3936767578125 386.9697036743164
575.4149169921875 332.0868225097656 607.9192810058594 332.0868225097656 607.9192810058594 373.6353302001953 575.4149169921875 373.6353302001953
573.0966796875 331.6521301269531 605.7549667358398 331.6521301269531 605.7549667358398 374.0496139526367 573.0966796875 374.0496139526367
570.8934326171875 332.2012939453125 603.0246772766113 332.2012939453125 603.0246772766113 376.0350112915039 570.8934326171875 376.0350112915039
567.94873046875 331.36279296875 600.5265998840332 331.36279296875 600.5265998840332 377.1198196411133 567.94873046875 377.1198196411133
565.3668823242188 333.05572509765625 598.0023727416992 333.05572509765625 598.0023727416992 378.65540313720703 565.3668823242188 378.65540313720703
561.861328125 334.39434814453125 593.5761966705322 334.39434814453125 593.5761966705322 381.04316329956055 561.861328125 381.04316329956055
559.0742797851562 335.333984375 591.8641242980957 335.333984375 591.8641242980957 382.97908782958984 559.0742797851562 382.97908782958984
557.6582641601562 336.5232849121094 590.4985618591309 336.5232849121094 590.4985618591309 384.5556449890137 557.6582641601562 384.5556449890137
556.205322265625 336.6692199707031 588.9019660949707 336.6692199707031 588.9019660949707 382.79748916625977 556.205322265625 382.79748916625977
553.1096801757812 336.2285461425781 585.5716514587402 336.2285461425781 585.5716514587402 382.0165824890137 553.1096801757812 382.0165824890137
552.4285888671875 330.66778564453125 583.2300567626953 330.66778564453125 583.2300567626953 376.49413299560547 552.4285888671875 376.49413299560547
550.6400146484375 327.37152099609375 581.4335269927979 327.37152099609375 581.4335269927979 375.6139831542969 550.6400146484375 375.6139831542969
549.8707275390625 325.94097900390625 580.2976951599121 325.94097900390625 580.2976951599121 373.7309036254883 549.8707275390625 373.7309036254883
549.0769653320312 325.1590270996094 579.7331695556641 325.1590270996094 579.7331695556641 372.6987991333008 549.0769653320312 372.6987991333008
547.68505859375 326.21197509765625 578.3351783752441 326.21197509765625 578.3351783752441 372.69142150878906 547.68505859375 372.69142150878906
545.5427856445312 330.8535461425781 577.7933578491211 330.8535461425781 577.7933578491211 378.7968940734863 545.5427856445312 378.7968940734863
545.2477416992188 333.5274963378906 576.2422542572021 333.5274963378906 576.2422542572021 383.05279541015625 545.2477416992188 383.05279541015625
544.5761108398438 335.58770751953125 575.7050666809082 335.58770751953125 575.7050666809082 386.48194122314453 544.5761108398438 386.48194122314453
544.8746337890625 337.5174255371094 575.7918434143066 337.5174255371094 575.7918434143066 386.4521598815918 544.8746337890625 386.4521598815918
545.2725830078125 337.5166320800781 576.3203678131104 337.5166320800781 576.3203678131104 386.2039680480957 545.2725830078125 386.2039680480957
546.4637451171875 337.5863037109375 577.1358242034912 337.5863037109375 577.1358242034912 384.8109130859375 546.4637451171875 384.8109130859375
544.2973022460938 334.6578674316406 576.5077285766602 334.6578674316406 576.5077285766602 382.99430084228516 544.2973022460938 382.99430084228516
544.3865966796875 333.6556091308594 577.2501220703125 333.6556091308594 577.2501220703125 379.97771072387695 544.3865966796875 379.97771072387695
543.6531372070312 335.70574951171875 576.4634399414062 335.70574951171875 576.4634399414062 378.38422775268555 543.6531372070312 378.38422775268555
543.3756713867188 334.85809326171875 576.564453125 334.85809326171875 576.564453125 377.6604118347168 543.3756713867188 377.6604118347168
547.5267333984375 336.6033630371094 579.4930019378662 336.6033630371094 579.4930019378662 378.4237518310547 547.5267333984375 378.4237518310547
549.6965942382812 341.68157958984375 581.5978698730469 341.68157958984375 581.5978698730469 385.4824409484863 549.6965942382812 385.4824409484863
550.4888916015625 346.2515563964844 582.6112442016602 346.2515563964844 582.6112442016602 388.6847114562988 550.4888916015625 388.6847114562988
551.0433959960938 355.6271057128906 582.0280799865723 355.6271057128906 582.0280799865723 396.60489654541016 551.0433959960938 396.60489654541016
546.5789184570312 361.7643127441406 580.0278854370117 361.7643127441406 580.0278854370117 403.2567367553711 546.5789184570312 403.2567367553711
546.8387451171875 366.47613525390625 581.0939712524414 366.47613525390625 581.0939712524414 408.4824447631836 546.8387451171875 408.4824447631836
543.1237182617188 368.6105041503906 577.991382598877 368.6105041503906 577.991382598877 409.8497085571289 543.1237182617188 409.8497085571289
542.8968505859375 370.5873107910156 577.7455024719238 370.5873107910156 577.7455024719238 412.01383209228516 542.8968505859375 412.01383209228516
540.8297119140625 371.88818359375 575.5164451599121 371.88818359375 575.5164451599121 414.4990463256836 540.8297119140625 414.4990463256836
542.5338134765625 374.94537353515625 575.2952346801758 374.94537353515625 575.2952346801758 416.1617012023926 542.5338134765625 416.1617012023926
542.8076782226562 377.52288818359375 575.3168106079102 377.52288818359375 575.3168106079102 421.3007621765137 542.8076782226562 421.3007621765137
542.8367919921875 385.6229553222656 574.8397216796875 385.6229553222656 574.8397216796875 430.4661102294922 542.8367919921875 430.4661102294922
544.0429077148438 387.6457824707031 575.8300476074219 387.6457824707031 575.8300476074219 435.3323554992676 544.0429077148438 435.3323554992676
543.7429809570312 392.20611572265625 580.3460273742676 392.20611572265625 580.3460273742676 439.94925689697266 543.7429809570312 439.94925689697266
552.5685424804688 395.9365539550781 589.5653877258301 395.9365539550781 589.5653877258301 444.20468521118164 552.5685424804688 444.20468521118164
555.1156005859375 394.7812805175781 592.3608818054199 394.7812805175781 592.3608818054199 443.56945037841797 555.1156005859375 443.56945037841797
556.1974487304688 395.509033203125 593.8952865600586 395.509033203125 593.8952865600586 444.7069435119629 556.1974487304688 444.7069435119629
556.9490966796875 395.07989501953125 594.0873565673828 395.07989501953125 594.0873565673828 444.20621490478516 556.9490966796875 444.20621490478516
552.3992919921875 395.1349182128906 590.474479675293 395.1349182128906 590.474479675293 444.5810317993164 552.3992919921875 444.5810317993164
549.14453125 394.8448791503906 586.8003425598145 394.8448791503906 586.8003425598145 442.9010581970215 549.14453125 442.9010581970215
544.8175048828125 392.9690246582031 583.0401954650879 392.9690246582031 583.0401954650879 442.17993545532227 544.8175048828125 442.17993545532227
538.4252319335938 391.5602111816406 576.3518142700195 391.5602111816406 576.3518142700195 440.4081726074219 538.4252319335938 440.4081726074219
534.4227294921875 388.9766540527344 572.5299186706543 388.9766540527344 572.5299186706543 439.50196075439453 534.4227294921875 439.50196075439453
530.9217529296875 386.6001281738281 567.9326934814453 386.6001281738281 567.9326934814453 437.0892562866211 530.9217529296875 437.0892562866211
528.3758544921875 383.3248596191406 564.9819526672363 383.3248596191406 564.9819526672363 434.15999603271484 528.3758544921875 434.15999603271484
524.3461303710938 380.29779052734375 560.6396903991699 380.29779052734375 560.6396903991699 431.2444267272949 524.3461303710938 431.2444267272949
519.7601318359375 373.4659729003906 556.3137435913086 373.4659729003906 556.3137435913086 424.58885955810547 519.7601318359375 424.58885955810547
518.3184814453125 368.6700744628906 554.7788124084473 368.6700744628906 554.7788124084473 419.28100967407227 518.3184814453125 419.28100967407227
516.0196533203125 364.5357666015625 552.7203330993652 364.5357666015625 552.7203330993652 415.62401580810547 516.0196533203125 415.62401580810547
516.2922973632812 362.4947509765625 551.5486946105957 362.4947509765625 551.5486946105957 411.79309844970703 516.2922973632812 411.79309844970703
514.7106323242188 361.09814453125 549.5058212280273 361.09814453125 549.5058212280273 409.0707244873047 514.7106323242188 409.0707244873047
510.75006103515625 359.44073486328125 545.8255386352539 359.44073486328125 545.8255386352539 406.0981330871582 510.75006103515625 406.0981330871582
509.9468688964844 358.5007019042969 544.8505783081055 358.5007019042969 544.8505783081055 406.5175590515137 509.9468688964844 406.5175590515137
508.28277587890625 358.95050048828125 542.3141098022461 358.95050048828125 542.3141098022461 405.01778411865234 508.28277587890625 405.01778411865234
507.16912841796875 357.21392822265625 541.57373046875 357.21392822265625 541.57373046875 404.5982551574707 507.16912841796875 404.5982551574707
505.5252990722656 355.964111328125 540.444091796875 355.964111328125 540.444091796875 402.6903533935547 505.5252990722656 402.6903533935547
499.4925842285156 356.0140686035156 534.6345329284668 356.0140686035156 534.6345329284668 402.8165702819824 499.4925842285156 402.8165702819824
499.67828369140625 356.1201171875 534.3416328430176 356.1201171875 534.3416328430176 402.2331771850586 499.67828369140625 402.2331771850586
496.78594970703125 355.49127197265625 531.7203788757324 355.49127197265625 531.7203788757324 402.70765686035156 496.78594970703125 402.70765686035156
497.39764404296875 357.07598876953125 532.3812561035156 357.07598876953125 532.3812561035156 403.94212341308594 497.39764404296875 403.94212341308594
497.28936767578125 359.6514587402344 532.3250274658203 359.6514587402344 532.3250274658203 402.9495315551758 497.28936767578125 402.9495315551758
498.7909240722656 362.39630126953125 533.5492744445801 362.39630126953125 533.5492744445801 403.4631042480469 498.7909240722656 403.4631042480469
499.04547119140625 361.25921630859375 532.6779556274414 361.25921630859375 532.6779556274414 401.6944465637207 499.04547119140625 401.6944465637207
499.147216796875 362.2146911621094 532.7326240539551 362.2146911621094 532.7326240539551 402.9986343383789 499.147216796875 402.9986343383789
498.3509826660156 360.5413513183594 532.3469505310059 360.5413513183594 532.3469505310059 401.6827964782715 498.3509826660156 401.6827964782715
496.16790771484375 359.1142883300781 530.6850471496582 359.1142883300781 530.6850471496582 401.2835388183594 496.16790771484375 401.2835388183594
494.70013427734375 362.6155700683594 529.360424041748 362.6155700683594 529.360424041748 404.00183486938477 494.70013427734375 404.00183486938477
492.3140563964844 364.1514587402344 527.0771865844727 364.1514587402344 527.0771865844727 407.3067970275879 492.3140563964844 407.3067970275879
493.3453063964844 366.654296875 527.6393890380859 366.654296875 527.6393890380859 410.2385444641113 493.3453063964844 410.2385444641113
491.103271484375 368.1539611816406 526.0131568908691 368.1539611816406 526.0131568908691 413.76256561279297 491.103271484375 413.76256561279297
490.018798828125 371.1700134277344 524.0847053527832 371.1700134277344 524.0847053527832 415.8803024291992 490.018798828125 415.8803024291992
487.21063232421875 370.96319580078125 520.0033645629883 370.96319580078125 520.0033645629883 414.9662322998047 487.21063232421875 414.9662322998047
484.7347717285156 369.34698486328125 519.4031295776367 369.34698486328125 519.4031295776367 414.12075424194336 484.7347717285156 414.12075424194336
481.6009216308594 367.0836486816406 517.098560333252 367.0836486816406 517.098560333252 411.41719818115234 481.6009216308594 411.41719818115234
478.1533203125 363.0149230957031 514.0971260070801 363.0149230957031 514.0971260070801 408.05327224731445 478.1533203125 408.05327224731445
475.0050354003906 360.95013427734375 511.43636322021484 360.95013427734375 511.43636322021484 405.56702423095703 475.0050354003906 405.56702423095703
471.06976318359375 358.9453125 506.23424911499023 358.9453125 506.23424911499023 403.9043197631836 471.06976318359375 403.9043197631836
468.7579650878906 358.5458984375 503.57628631591797 358.5458984375 503.57628631591797 403.7171096801758 468.7579650878906 403.7171096801758
465.57489013671875 359.96551513671875 501.23980712890625 359.96551513671875 501.23980712890625 404.1184997558594 465.57489013671875 404.1184997558594
462.4851989746094 360.8642272949219 497.84504318237305 360.8642272949219 497.84504318237305 405.9789047241211 462.4851989746094 405.9789047241211
460.458251953125 362.52545166015625 495.49332427978516 362.52545166015625 495.49332427978516 407.36134338378906 460.458251953125 407.36134338378906
457.3213806152344 365.78045654296875 491.71886444091797 365.78045654296875 491.71886444091797 409.0440902709961 457.3213806152344 409.0440902709961
455.623291015625 365.75213623046875 490.24132537841797 365.75213623046875 490.24132537841797 410.0500183105469 455.623291015625 410.0500183105469
453.08978271484375 365.4840393066406 488.25894927978516 365.4840393066406 488.25894927978516 410.6121826171875 453.08978271484375 410.6121826171875
449.5814514160156 365.1394958496094 484.7876777648926 365.1394958496094 484.7876777648926 411.1505661010742 449.5814514160156 411.1505661010742
447.72674560546875 365.22979736328125 483.38581466674805 365.22979736328125 483.38581466674805 410.32114028930664 447.72674560546875 410.32114028930664
445.68243408203125 365.6416015625 479.5133934020996 365.6416015625 479.5133934020996 410.00473403930664 445.68243408203125 410.00473403930664
443.9186096191406 367.18524169921875 477.6209373474121 367.18524169921875 477.6209373474121 411.4044303894043 443.9186096191406 411.4044303894043
442.518798828125 368.52911376953125 476.84593200683594 368.52911376953125 476.84593200683594 411.9811210632324 442.518798828125 411.9811210632324
443.2674255371094 369.27398681640625 475.93360900878906 369.27398681640625 475.93360900878906 412.07482147216797 443.2674255371094 412.07482147216797
440.7408142089844 371.02044677734375 475.0468063354492 371.02044677734375 475.0468063354492 413.96939849853516 440.7408142089844 413.96939849853516
439.4637756347656 371.8363037109375 473.1636848449707 371.8363037109375 473.1636848449707 414.4767761230469 439.4637756347656 414.4767761230469
438.61981201171875 371.2891540527344 472.54358673095703 371.2891540527344 472.54358673095703 415.48986434936523 438.61981201171875 415.48986434936523
438.4642028808594 370.51776123046875 472.120849609375 370.51776123046875 472.120849609375 415.43843841552734 438.4642028808594 415.43843841552734
437.38519287109375 371.6894836425781 471.0919723510742 371.6894836425781 471.0919723510742 415.8097496032715 437.38519287109375 415.8097496032715
438.6412048339844 371.3381652832031 472.3831253051758 371.3381652832031 472.3831253051758 415.8738479614258 438.6412048339844 415.8738479614258
438.5962829589844 372.33563232421875 471.78375244140625 372.33563232421875 471.78375244140625 416.0812759399414 438.5962829589844 416.0812759399414
439.57611083984375 375.19366455078125 472.487850189209 375.19366455078125 472.487850189209 416.5476989746094 439.57611083984375 416.5476989746094
439.67901611328125 375.42169189453125 473.4818344116211 375.42169189453125 473.4818344116211 417.90531158447266 439.67901611328125 417.90531158447266
440.2808532714844 376.6856994628906 475.22875213623047 376.6856994628906 475.22875213623047 419.2044563293457 440.2808532714844 419.2044563293457
440.83251953125 379.4059143066406 474.1026153564453 379.4059143066406 474.1026153564453 420.91592025756836 440.83251953125 420.91592025756836
442.60565185546875 380.1588134765625 475.93785858154297 380.1588134765625 475.93785858154297 423.1738967895508 442.60565185546875 423.1738967895508
442.25946044921875 380.75018310546875 475.2091979980469 380.75018310546875 475.2091979980469 426.1266288757324 442.25946044921875 426.1266288757324
442.3121032714844 382.8868103027344 474.77149963378906 382.8868103027344 474.77149963378906 428.00101470947266 442.3121032714844 428.00101470947266
442.70745849609375 382.3707580566406 475.3901138305664 382.3707580566406 475.3901138305664 428.8401565551758 442.70745849609375 428.8401565551758
442.3570861816406 382.70062255859375 475.5853958129883 382.70062255859375 475.5853958129883 428.98760986328125 442.3570861816406 428.98760986328125
442.10223388671875 376.22021484375 474.8421974182129 376.22021484375 474.8421974182129 424.9964599609375 442.10223388671875 424.9964599609375
441.2298278808594 373.54510498046875 475.49445724487305 373.54510498046875 475.49445724487305 421.70699310302734 441.2298278808594 421.70699310302734
439.8455505371094 370.82464599609375 474.65657806396484 370.82464599609375 474.65657806396484 420.1976776123047 439.8455505371094 420.1976776123047
439.66375732421875 369.1666564941406 474.3471145629883 369.1666564941406 474.3471145629883 418.2118453979492 439.66375732421875 418.2118453979492
438.40948486328125 368.3156433105469 473.3603324890137 368.3156433105469 473.3603324890137 418.3970756530762 438.40948486328125 418.3970756530762
436.66119384765625 370.165283203125 472.07608795166016 370.165283203125 472.07608795166016 419.3837699890137 436.66119384765625 419.3837699890137
435.46978759765625 371.5989074707031 470.5987243652344 371.5989074707031 470.5987243652344 420.32861709594727 435.46978759765625 420.32861709594727
433.6240234375 372.1185302734375 469.0320358276367 372.1185302734375 469.0320358276367 422.0298652648926 433.6240234375 422.0298652648926
431.2500915527344 374.2882385253906 467.5662651062012 374.2882385253906 467.5662651062012 422.98348236083984 431.2500915527344 422.98348236083984
430.023193359375 373.1810607910156 466.80524826049805 373.1810607910156 466.80524826049805 422.39269256591797 430.023193359375 422.39269256591797
426.0091247558594 372.41693115234375 462.7789726257324 372.41693115234375 462.7789726257324 421.91658782958984 426.0091247558594 421.91658782958984
424.09844970703125 370.9985046386719 461.64661026000977 370.9985046386719 461.64661026000977 422.1614303588867 424.09844970703125 422.1614303588867
421.7127990722656 370.930419921875 460.0752868652344 370.930419921875 460.0752868652344 423.0952339172363 421.7127990722656 423.0952339172363
419.2066345214844 371.07135009765625 457.63150787353516 371.07135009765625 457.63150787353516 423.33037185668945 419.2066345214844 423.33037185668945
416.34710693359375 372.30828857421875 454.1421585083008 372.30828857421875 454.1421585083008 423.64144134521484 416.34710693359375 423.64144134521484
411.99249267578125 371.3794250488281 449.2593879699707 371.3794250488281 449.2593879699707 422.9135208129883 411.99249267578125 422.9135208129883
407.531494140625 372.35394287109375 446.42412185668945 372.35394287109375 446.42412185668945 423.2634468078613 407.531494140625 423.2634468078613
404.08026123046875 372.2674865722656 443.8454895019531 372.2674865722656 443.8454895019531 423.4003257751465 404.08026123046875 423.4003257751465
400.39776611328125 371.2744445800781 440.54479217529297 371.2744445800781 440.54479217529297 423.6167106628418 400.39776611328125 423.6167106628418
397.38165283203125 371.7131652832031 436.30623626708984 371.7131652832031 436.30623626708984 423.9086112976074 397.38165283203125 423.9086112976074
394.0830078125 370.7494201660156 433.22504806518555 370.7494201660156 433.22504806518555 423.3427429199219 394.0830078125 423.3427429199219
392.65997314453125 372.42633056640625 431.1279067993164 372.42633056640625 431.1279067993164 423.6095771789551 392.65997314453125 423.6095771789551
391.26605224609375 373.05511474609375 427.756778717041 373.05511474609375 427.756778717041 424.25257110595703 391.26605224609375 424.25257110595703
388.5487365722656 374.24493408203125 426.12185287475586 374.24493408203125 426.12185287475586 425.37238693237305 388.5487365722656 425.37238693237305
386.8233337402344 374.78802490234375 423.8851547241211 374.78802490234375 423.8851547241211 426.3234443664551 386.8233337402344 426.3234443664551
384.59429931640625 376.9375305175781 420.8530387878418 376.9375305175781 420.8530387878418 427.3198471069336 384.59429931640625 427.3198471069336
383.1053161621094 376.23681640625 419.3426742553711 376.23681640625 419.3426742553711 427.3061943054199 383.1053161621094 427.3061943054199
380.31085205078125 376.2721252441406 419.0054512023926 376.2721252441406 419.0054512023926 426.1343460083008 380.31085205078125 426.1343460083008
378.8819885253906 372.28399658203125 417.6640625 372.28399658203125 417.6640625 423.1417694091797 378.8819885253906 423.1417694091797
377.4742126464844 369.14886474609375 415.65774154663086 369.14886474609375 415.65774154663086 421.4706497192383 377.4742126464844 421.4706497192383
372.330078125 365.3152770996094 411.9817428588867 365.3152770996094 411.9817428588867 418.5710754394531 372.330078125 418.5710754394531
370.68243408203125 364.3876647949219 408.9205436706543 364.3876647949219 408.9205436706543 417.3757438659668 370.68243408203125 417.3757438659668
367.62628173828125 364.1252746582031 406.52466583251953 364.1252746582031 406.52466583251953 416.88114166259766 367.62628173828125 416.88114166259766
364.37164306640625 365.5826721191406 404.58448028564453 365.5826721191406 404.58448028564453 418.33991622924805 364.37164306640625 418.33991622924805
362.33697509765625 367.50537109375 401.89608001708984 367.50537109375 401.89608001708984 420.3560562133789 362.33697509765625 420.3560562133789
361.96929931640625 369.50579833984375 400.8982048034668 369.50579833984375 400.8982048034668 421.67235565185547 361.96929931640625 421.67235565185547
361.90838623046875 369.0063171386719 401.9739761352539 369.0063171386719 401.9739761352539 422.7812194824219 361.90838623046875 422.7812194824219
364.60174560546875 368.896728515625 404.9654960632324 368.896728515625 404.9654960632324 422.7140121459961 364.60174560546875 422.7140121459961
367.1842346191406 367.418701171875 406.66004180908203 367.418701171875 406.66004180908203 420.7226142883301 367.1842346191406 420.7226142883301
368.71551513671875 364.59716796875 408.35892486572266 364.59716796875 408.35892486572266 418.9862480163574 368.71551513671875 418.9862480163574
368.94573974609375 362.98516845703125 408.9126892089844 362.98516845703125 408.9126892089844 416.9686279296875 368.94573974609375 416.9686279296875
368.4776306152344 361.1025390625 408.4024658203125 361.1025390625 408.4024658203125 416.31611251831055 368.4776306152344 416.31611251831055
367.05419921875 362.0519104003906 406.92431640625 362.0519104003906 406.92431640625 416.3237609863281 367.05419921875 416.3237609863281
365.28155517578125 365.5179138183594 405.4231605529785 365.5179138183594 405.4231605529785 419.16801834106445 365.28155517578125 419.16801834106445
364.27545166015625 367.947509765625 403.4533996582031 367.947509765625 403.4533996582031 422.4932174682617 364.27545166015625 422.4932174682617
362.57830810546875 371.8085021972656 401.94908905029297 371.8085021972656 401.94908905029297 424.3621940612793 362.57830810546875 424.3621940612793
362.54730224609375 375.351318359375 403.063232421875 375.351318359375 403.063232421875 426.12723541259766 362.54730224609375 426.12723541259766
362.8709411621094 376.99737548828125 403.5645217895508 376.99737548828125 403.5645217895508 428.42985916137695 362.8709411621094 428.42985916137695
364.80548095703125 380.2108459472656 404.9568099975586 380.2108459472656 404.9568099975586 433.1161575317383 364.80548095703125 433.1161575317383
370.07904052734375 385.22711181640625 409.3728332519531 385.22711181640625 409.3728332519531 439.53365325927734 370.07904052734375 439.53365325927734
387.87579345703125 390.83624267578125 430.8199768066406 390.83624267578125 430.8199768066406 445.1703796386719 387.87579345703125 445.1703796386719
401.46820068359375 393.7821044921875 444.97191619873047 393.7821044921875 444.97191619873047 446.1081848144531 401.46820068359375 446.1081848144531
414.10333251953125 390.60797119140625 457.6299705505371 390.60797119140625 457.6299705505371 445.4649124145508 414.10333251953125 445.4649124145508
422.2867736816406 388.1319274902344 463.5274963378906 388.1319274902344 463.5274963378906 443.6880569458008 422.2867736816406 443.6880569458008
420.5293884277344 387.2191467285156 462.19973373413086 387.2191467285156 462.19973373413086 443.34192657470703 420.5293884277344 443.34192657470703
407.49993896484375 390.576904296875 450.5990562438965 390.576904296875 450.5990562438965 448.08240509033203 407.49993896484375 448.08240509033203
394.5491638183594 397.2832946777344 437.9391899108887 397.2832946777344 437.9391899108887 453.3892021179199 394.5491638183594 453.3892021179199
387.8719787597656 396.04144287109375 432.15152740478516 396.04144287109375 432.15152740478516 452.06238555908203 387.8719787597656 452.06238555908203
382.36260986328125 391.9896240234375 426.4145164489746 391.9896240234375 426.4145164489746 447.13614654541016 382.36260986328125 447.13614654541016
375.0497741699219 389.78985595703125 419.3744926452637 389.78985595703125 419.3744926452637 444.4591751098633 375.0497741699219 444.4591751098633
366.9787902832031 389.5661926269531 412.36800384521484 389.5661926269531 412.36800384521484 442.41926193237305 366.9787902832031 442.41926193237305
354.15576171875 385.8681335449219 400.9614944458008 385.8681335449219 400.9614944458008 439.6699104309082 354.15576171875 439.6699104309082
348.03411865234375 384.4776611328125 393.75788497924805 384.4776611328125 393.75788497924805 439.22840118408203 348.03411865234375 439.22840118408203
340.22125244140625 382.9317626953125 385.9766311645508 382.9317626953125 385.9766311645508 437.8591995239258 340.22125244140625 437.8591995239258
335.18682861328125 384.2701416015625 379.3722229003906 384.2701416015625 379.3722229003906 437.7707290649414 335.18682861328125 437.7707290649414
324.5555114746094 384.7046203613281 369.8750801086426 384.7046203613281 369.8750801086426 438.3258590698242 324.5555114746094 438.3258590698242
304.9024658203125 381.62603759765625 348.28418350219727 381.62603759765625 348.28418350219727 436.71624755859375 304.9024658203125 436.71624755859375
291.3932189941406 380.29742431640625 334.16790771484375 380.29742431640625 334.16790771484375 434.3343925476074 291.3932189941406 434.3343925476074
276.4679260253906 379.8799743652344 319.5985641479492 379.8799743652344 319.5985641479492 432.6332588195801 276.4679260253906 432.6332588195801
260.35784912109375 377.24847412109375 304.24401092529297 377.24847412109375 304.24401092529297 431.5131416320801 260.35784912109375 431.5131416320801
228.1829071044922 370.54296875 270.9131851196289 370.54296875 270.9131851196289 425.6298637390137 228.1829071044922 425.6298637390137
206.623779296875 364.32476806640625 251.72502899169922 364.32476806640625 251.72502899169922 421.58781814575195 206.623779296875 421.58781814575195
195.0773162841797 358.97772216796875 239.50689315795898 358.97772216796875 239.50689315795898 414.34130859375 195.0773162841797 414.34130859375
187.7677764892578 352.93572998046875 231.3346290588379 352.93572998046875 231.3346290588379 409.3459663391113 187.7677764892578 409.3459663391113
185.41244506835938 350.8779296875 228.3229637145996 350.8779296875 228.3229637145996 407.63628005981445 185.41244506835938 407.63628005981445
185.3466796875 351.72198486328125 225.61949920654297 351.72198486328125 225.61949920654297 404.77819061279297 185.3466796875 404.77819061279297
188.04547119140625 352.5743103027344 229.68098831176758 352.5743103027344 229.68098831176758 406.4787292480469 188.04547119140625 406.4787292480469
199.23385620117188 354.3843688964844 242.44680786132812 354.3843688964844 242.44680786132812 410.9462661743164 199.23385620117188 410.9462661743164
212.0366668701172 358.16363525390625 253.1341781616211 358.16363525390625 253.1341781616211 414.9682388305664 212.0366668701172 414.9682388305664
222.2074432373047 356.2411193847656 262.011043548584 356.2411193847656 262.011043548584 413.81646728515625 222.2074432373047 413.81646728515625
229.2732696533203 354.929931640625 269.2207145690918 354.929931640625 269.2207145690918 411.2045478820801 229.2732696533203 411.2045478820801
233.5232391357422 352.93829345703125 273.0177879333496 352.93829345703125 273.0177879333496 410.34842681884766 233.5232391357422 410.34842681884766
234.5192108154297 353.4586486816406 272.7978286743164 353.4586486816406 272.7978286743164 412.7095832824707 234.5192108154297 412.7095832824707
233.3059844970703 356.58258056640625 272.47478103637695 356.58258056640625 272.47478103637695 414.21349334716797 233.3059844970703 414.21349334716797
231.89364624023438 358.9239196777344 271.49678802490234 358.9239196777344 271.49678802490234 415.9577217102051 231.89364624023438 415.9577217102051
232.3422393798828 361.2996826171875 271.7905807495117 361.2996826171875 271.7905807495117 419.65840911865234 232.3422393798828 419.65840911865234
232.8472442626953 369.5064697265625 271.3752899169922 369.5064697265625 271.3752899169922 428.0468940734863 232.8472442626953 428.0468940734863
225.4835205078125 375.0818176269531 265.15303802490234 375.0818176269531 265.15303802490234 436.08325958251953 225.4835205078125 436.08325958251953
218.0312957763672 383.86663818359375 257.72151947021484 383.86663818359375 257.72151947021484 445.25089263916016 218.0312957763672 445.25089263916016
215.02783203125 388.67626953125 256.2645568847656 388.67626953125 256.2645568847656 446.0577583312988 215.02783203125 446.0577583312988
215.11520385742188 389.29486083984375 255.47559356689453 389.29486083984375 255.47559356689453 445.7931327819824 215.11520385742188 445.7931327819824
215.1232452392578 390.19110107421875 254.15184783935547 390.19110107421875 254.15184783935547 446.2157402038574 215.1232452392578 446.2157402038574
215.0253448486328 389.9703063964844 254.6350975036621 389.9703063964844 254.6350975036621 446.7358283996582 215.0253448486328 446.7358283996582
214.95120239257812 390.4212341308594 254.34280014038086 390.4212341308594 254.34280014038086 447.33600997924805 214.95120239257812 447.33600997924805
214.95639038085938 390.6332092285156 254.15308380126953 390.6332092285156 254.15308380126953 448.0363235473633 214.95639038085938 448.0363235473633
215.44894409179688 389.70721435546875 253.6908187866211 389.70721435546875 253.6908187866211 447.2147636413574 215.44894409179688 447.2147636413574
213.2054443359375 381.77044677734375 252.4621810913086 381.77044677734375 252.4621810913086 441.2432174682617 213.2054443359375 441.2432174682617
211.3481903076172 375.28753662109375 250.87622833251953 375.28753662109375 250.87622833251953 434.0190620422363 211.3481903076172 434.0190620422363
208.59585571289062 368.5013427734375 247.29882049560547 368.5013427734375 247.29882049560547 426.5773811340332 208.59585571289062 426.5773811340332
205.3214111328125 362.8309631347656 244.5561180114746 362.8309631347656 244.5561180114746 422.0745735168457 205.3214111328125 422.0745735168457
203.4547119140625 361.833984375 243.11809539794922 361.833984375 243.11809539794922 418.50048065185547 203.4547119140625 418.50048065185547
202.3888397216797 361.88446044921875 240.29613494873047 361.88446044921875 240.29613494873047 418.73835372924805 202.3888397216797 418.73835372924805
199.07791137695312 363.8583679199219 238.00065231323242 363.8583679199219 238.00065231323242 421.25188064575195 199.07791137695312 421.25188064575195
195.7618865966797 365.8384704589844 235.41868209838867 365.8384704589844 235.41868209838867 426.0651626586914 195.7618865966797 426.0651626586914
192.79483032226562 368.928466796875 232.37018585205078 368.928466796875 232.37018585205078 428.7675247192383 192.79483032226562 428.7675247192383
190.8905029296875 372.5140380859375 229.68553924560547 372.5140380859375 229.68553924560547 431.9110527038574 190.8905029296875 431.9110527038574
186.33218383789062 376.2655334472656 225.11660766601562 376.2655334472656 225.11660766601562 436.4555244445801 186.33218383789062 436.4555244445801
184.47964477539062 377.68157958984375 223.0694351196289 377.68157958984375 223.0694351196289 439.5875930786133 184.47964477539062 439.5875930786133
181.48243713378906 380.71954345703125 220.54935455322266 380.71954345703125 220.54935455322266 442.65030670166016 181.48243713378906 442.65030670166016
177.978515625 384.2049255371094 217.31784057617188 384.2049255371094 217.31784057617188 446.6303291320801 177.978515625 446.6303291320801
175.2380828857422 387.3219299316406 215.46250915527344 387.3219299316406 215.46250915527344 451.9376525878906 175.2380828857422 451.9376525878906
170.9184112548828 393.00079345703125 211.1484718322754 393.00079345703125 211.1484718322754 454.7660827636719 170.9184112548828 454.7660827636719
168.00338745117188 394.73675537109375 209.86750030517578 394.73675537109375 209.86750030517578 456.49943923950195 168.00338745117188 456.49943923950195
167.7273712158203 395.8458251953125 208.36775970458984 395.8458251953125 208.36775970458984 456.8317184448242 167.7273712158203 456.8317184448242
165.57040405273438 397.7079162597656 204.95762252807617 397.7079162597656 204.95762252807617 456.1559028625488 165.57040405273438 456.1559028625488
164.00784301757812 397.8116149902344 203.55707550048828 397.8116149902344 203.55707550048828 456.73116302490234 164.00784301757812 456.73116302490234
163.175048828125 399.3746643066406 202.22744369506836 399.3746643066406 202.22744369506836 456.6158218383789 163.175048828125 456.6158218383789
158.9300994873047 398.78692626953125 200.97610092163086 398.78692626953125 200.97610092163086 459.00238037109375 158.9300994873047 459.00238037109375
157.81246948242188 399.34307861328125 199.882080078125 399.34307861328125 199.882080078125 459.97591400146484 157.81246948242188 459.97591400146484
158.6425323486328 400.33343505859375 197.51801681518555 400.33343505859375 197.51801681518555 458.83296966552734 158.6425323486328 458.83296966552734
154.8570556640625 399.9530334472656 196.80208587646484 399.9530334472656 196.80208587646484 460.5779113769531 154.8570556640625 460.5779113769531
155.6370849609375 401.630859375 197.59680938720703 401.630859375 197.59680938720703 462.5723075866699 155.6370849609375 462.5723075866699
155.39013671875 404.24676513671875 196.64710235595703 404.24676513671875 196.64710235595703 464.43120193481445 155.39013671875 464.43120193481445
151.97230529785156 402.26580810546875 198.41739654541016 402.26580810546875 198.41739654541016 467.1213150024414 151.97230529785156 467.1213150024414
151.63406372070312 402.63824462890625 199.1128044128418 402.63824462890625 199.1128044128418 467.9134521484375 151.63406372070312 467.9134521484375
151.6437530517578 404.2359924316406 199.2156639099121 404.2359924316406 199.2156639099121 469.7146301269531 151.6437530517578 469.7146301269531
155.09072875976562 405.4339904785156 196.47166442871094 405.4339904785156 196.47166442871094 465.69808197021484 155.09072875976562 465.69808197021484
153.58277893066406 405.1876525878906 195.9374237060547 405.1876525878906 195.9374237060547 467.9612045288086 153.58277893066406 467.9612045288086
154.54226684570312 406.02008056640625 194.74399185180664 406.02008056640625 194.74399185180664 466.6288757324219 154.54226684570312 466.6288757324219
154.67904663085938 406.70294189453125 195.13597869873047 406.70294189453125 195.13597869873047 467.4977035522461 154.67904663085938 467.4977035522461
155.42111206054688 406.67095947265625 196.2762336730957 406.67095947265625 196.2762336730957 467.2111015319824 155.42111206054688 467.2111015319824
155.67408752441406 407.3275146484375 196.60776138305664 407.3275146484375 196.60776138305664 468.0721626281738 155.67408752441406 468.0721626281738
155.18099975585938 407.705078125 196.12808990478516 407.705078125 196.12808990478516 470.2900810241699 155.18099975585938 470.2900810241699
155.41004943847656 410.1097717285156 195.81375885009766 410.1097717285156 195.81375885009766 470.93986892700195 155.41004943847656 470.93986892700195
157.33901977539062 411.32000732421875 197.98583221435547 411.32000732421875 197.98583221435547 471.3680191040039 157.33901977539062 471.3680191040039
160.40676879882812 413.3998107910156 201.43622207641602 413.3998107910156 201.43622207641602 473.57425689697266 160.40676879882812 473.57425689697266
158.94760131835938 415.26226806640625 200.98108673095703 415.26226806640625 200.98108673095703 476.7801094055176 158.94760131835938 476.7801094055176
158.67779541015625 415.8744201660156 201.1218032836914 415.8744201660156 201.1218032836914 476.7863349914551 158.67779541015625 476.7863349914551
155.2907257080078 413.95782470703125 199.97101974487305 413.95782470703125 199.97101974487305 477.95759201049805 155.2907257080078 477.95759201049805
154.10745239257812 415.84033203125 197.20261001586914 415.84033203125 197.20261001586914 478.4057083129883 154.10745239257812 478.4057083129883
152.7334442138672 416.5409240722656 195.34999465942383 416.5409240722656 195.34999465942383 479.0893745422363 152.7334442138672 479.0893745422363
149.74893188476562 418.7289123535156 192.47935485839844 418.7289123535156 192.47935485839844 478.2496032714844 149.74893188476562 478.2496032714844
144.00418090820312 418.48193359375 189.62468338012695 418.48193359375 189.62468338012695 480.40010833740234 144.00418090820312 480.40010833740234
141.74176025390625 418.22869873046875 186.1048469543457 418.22869873046875 186.1048469543457 479.42459869384766 141.74176025390625 479.42459869384766
139.91159057617188 417.633056640625 184.17089080810547 417.633056640625 184.17089080810547 479.6085205078125 139.91159057617188 479.6085205078125
134.80221557617188 417.8063049316406 180.85052490234375 417.8063049316406 180.85052490234375 478.7127456665039 134.80221557617188 478.7127456665039
123.6024169921875 416.49676513671875 169.49259185791016 416.49676513671875 169.49259185791016 475.9769058227539 123.6024169921875 475.9769058227539
113.78303527832031 411.374755859375 159.45144653320312 411.374755859375 159.45144653320312 472.89672088623047 113.78303527832031 472.89672088623047
100.54084014892578 403.0094299316406 149.3018798828125 403.0094299316406 149.3018798828125 465.6577377319336 100.54084014892578 465.6577377319336
89.33799743652344 394.59942626953125 137.92659378051758 394.59942626953125 137.92659378051758 456.8082084655762 89.33799743652344 456.8082084655762
75.22872924804688 389.20477294921875 124.13833999633789 389.20477294921875 124.13833999633789 449.0829162597656 75.22872924804688 449.0829162597656
57.67634201049805 383.613037109375 105.1747932434082 383.613037109375 105.1747932434082 442.5770568847656 57.67634201049805 442.5770568847656
48.6023063659668 380.8357238769531 94.46267700195312 380.8357238769531 94.46267700195312 440.7327766418457 48.6023063659668 440.7327766418457
41.79662322998047 380.5391540527344 86.00539016723633 380.5391540527344 86.00539016723633 438.6680488586426 41.79662322998047 438.6680488586426
35.97260284423828 382.5957946777344 80.05660247802734 382.5957946777344 80.05660247802734 441.3785820007324 35.97260284423828 441.3785820007324
34.69905471801758 385.66522216796875 77.58098220825195 385.66522216796875 77.58098220825195 445.5088996887207 34.69905471801758 445.5088996887207
34.2960205078125 392.40032958984375 76.24825286865234 392.40032958984375 76.24825286865234 450.69107818603516 34.2960205078125 450.69107818603516
34.78035354614258 393.89013671875 77.27206420898438 393.89013671875 77.27206420898438 451.3128662109375 34.78035354614258 451.3128662109375
26.86691665649414 398.20623779296875 76.67731857299805 398.20623779296875 76.67731857299805 463.1764373779297 26.86691665649414 463.1764373779297
32.86939239501953 396.4305419921875 74.87155532836914 396.4305419921875 74.87155532836914 453.8408889770508 32.86939239501953 453.8408889770508
30.33414649963379 398.4065856933594 73.86438179016113 398.4065856933594 73.86438179016113 454.6609077453613 30.33414649963379 454.6609077453613
29.97673988342285 401.8298645019531 72.25401496887207 401.8298645019531 72.25401496887207 457.0093803405762 29.97673988342285 457.0093803405762
28.54861831665039 401.4554138183594 70.68803787231445 401.4554138183594 70.68803787231445 457.46268463134766 28.54861831665039 457.46268463134766
28.376468658447266 402.7434997558594 70.9250602722168 402.7434997558594 70.9250602722168 458.1980972290039 28.376468658447266 458.1980972290039
29.925939559936523 404.7355651855469 72.02236747741699 404.7355651855469 72.02236747741699 461.7096138000488 29.925939559936523 461.7096138000488
28.57517433166504 407.0171203613281 72.48507881164551 407.0171203613281 72.48507881164551 464.78540802001953 28.57517433166504 464.78540802001953
33.45301055908203 406.18292236328125 76.52311706542969 406.18292236328125 76.52311706542969 462.6741409301758 33.45301055908203 462.6741409301758
37.04437255859375 403.64422607421875 77.70246505737305 403.64422607421875 77.70246505737305 457.8165969848633 37.04437255859375 457.8165969848633
37.78643035888672 405.82098388671875 79.40144348144531 405.82098388671875 79.40144348144531 458.1400566101074 37.78643035888672 458.1400566101074
38.69987487792969 405.6119689941406 80.94159698486328 405.6119689941406 80.94159698486328 458.92448806762695 38.69987487792969 458.92448806762695
39.80297088623047 406.92254638671875 81.83212280273438 406.92254638671875 81.83212280273438 460.04756927490234 39.80297088623047 460.04756927490234
42.096641540527344 407.53570556640625 84.1114273071289 407.53570556640625 84.1114273071289 461.1820983886719 42.096641540527344 461.1820983886719
41.95991134643555 410.045654296875 84.2412223815918 410.045654296875 84.2412223815918 465.29462814331055 41.95991134643555 465.29462814331055
40.101802825927734 413.242919921875 84.11017227172852 413.242919921875 84.11017227172852 470.2713088989258 40.101802825927734 470.2713088989258
43.75654983520508 409.16552734375 85.49856567382812 409.16552734375 85.49856567382812 463.3559341430664 43.75654983520508 463.3559341430664
43.940879821777344 409.5152282714844 85.05483627319336 409.5152282714844 85.05483627319336 463.5252990722656 43.940879821777344 463.5252990722656
40.15226364135742 415.81646728515625 81.59443664550781 415.81646728515625 81.59443664550781 470.0367546081543 40.15226364135742 470.0367546081543
39.83557891845703 414.8152770996094 82.0242919921875 414.8152770996094 82.0242919921875 468.7450485229492 39.83557891845703 468.7450485229492
39.879268646240234 413.7222595214844 81.51100540161133 413.7222595214844 81.51100540161133 468.3000068664551 39.879268646240234 468.3000068664551
