259.0 107.0 337.0 107.0 337.0 283.0 259.0 283.0
258.97509765625 108.43013000488281 335.76995849609375 108.43013000488281 335.76995849609375 281.06077575683594 258.97509765625 281.06077575683594
258.82525634765625 105.9758071899414 335.51136779785156 105.9758071899414 335.51136779785156 279.6924514770508 258.82525634765625 279.6924514770508
263.302001953125 104.71565246582031 340.11058044433594 104.71565246582031 340.11058044433594 282.2234344482422 263.302001953125 282.2234344482422
266.5474548339844 105.4157943725586 342.58370208740234 105.4157943725586 342.58370208740234 283.1392135620117 266.5474548339844 283.1392135620117
268.8343811035156 103.26023864746094 344.7476272583008 103.26023864746094 344.7476272583008 281.9883728027344 268.8343811035156 281.9883728027344
268.83013916015625 103.07120513916016 344.1130676269531 103.07120513916016 344.1130676269531 282.4639358520508 268.83013916015625 282.4639358520508
270.36468505859375 101.5308609008789 344.11673736572266 101.5308609008789 344.11673736572266 281.38001251220703 270.36468505859375 281.38001251220703
271.1937561035156 100.81066131591797 346.74793243408203 100.81066131591797 346.74793243408203 278.77440643310547 271.1937561035156 278.77440643310547
271.1767578125 100.90009307861328 347.30653381347656 100.90009307861328 347.30653381347656 276.5941848754883 271.1767578125 276.5941848754883
268.28814697265625 102.79154205322266 346.98797607421875 102.79154205322266 346.98797607421875 274.39196014404297 268.28814697265625 274.39196014404297
264.24591064453125 102.87309265136719 342.48683166503906 102.87309265136719 342.48683166503906 275.05487060546875 264.24591064453125 275.05487060546875
257.3370361328125 100.33063507080078 336.7294692993164 100.33063507080078 336.7294692993164 272.9469680786133 257.3370361328125 272.9469680786133
260.3421936035156 104.1529769897461 339.4880828857422 104.1529769897461 339.4880828857422 277.7180709838867 260.3421936035156 277.7180709838867
260.54046630859375 104.03511047363281 339.12364196777344 104.03511047363281 339.12364196777344 278.8148193359375 260.54046630859375 278.8148193359375
260.97344970703125 104.92619323730469 340.50718688964844 104.92619323730469 340.50718688964844 281.1755676269531 260.97344970703125 281.1755676269531
261.9015197753906 105.9341049194336 342.47171783447266 105.9341049194336 342.47171783447266 282.48802947998047 261.9015197753906 282.48802947998047
262.58331298828125 103.9693832397461 343.19061279296875 103.9693832397461 343.19061279296875 283.6469039916992 262.58331298828125 283.6469039916992
264.69805908203125 102.14982604980469 345.03658294677734 102.14982604980469 345.03658294677734 287.5516357421875 264.69805908203125 287.5516357421875
266.5880126953125 102.6409912109375 348.66566467285156 102.6409912109375 348.66566467285156 288.77857971191406 266.5880126953125 288.77857971191406
264.9158630371094 101.54647827148438 349.64686584472656 101.54647827148438 349.64686584472656 290.3267364501953 264.9158630371094 290.3267364501953
265.994873046875 101.04154205322266 352.8596649169922 101.04154205322266 352.8596649169922 290.84142303466797 265.994873046875 290.84142303466797
268.7685241699219 101.33124542236328 356.40006256103516 101.33124542236328 356.40006256103516 290.9113998413086 268.7685241699219 290.9113998413086
270.940185546875 103.32975006103516 360.08431243896484 103.32975006103516 360.08431243896484 293.09774017333984 270.940185546875 293.09774017333984
268.63043212890625 100.68472290039062 357.9941864013672 100.68472290039062 357.9941864013672 291.98670959472656 268.63043212890625 291.98670959472656
274.5716857910156 101.2376937866211 363.3151092529297 101.2376937866211 363.3151092529297 294.42028045654297 274.5716857910156 294.42028045654297
275.75848388671875 102.80488586425781 367.82076263427734 102.80488586425781 367.82076263427734 295.58705139160156 275.75848388671875 295.58705139160156
285.91632080078125 107.0655288696289 374.282470703125 107.0655288696289 374.282470703125 288.7155990600586 285.91632080078125 288.7155990600586
278.150634765625 101.48944091796875 370.36051177978516 101.48944091796875 370.36051177978516 290.13291931152344 278.150634765625 290.13291931152344
271.700927734375 105.24725341796875 363.10369873046875 105.24725341796875 363.10369873046875 289.1225280761719 271.700927734375 289.1225280761719
260.9594421386719 105.5916976928711 353.7827835083008 105.5916976928711 353.7827835083008 293.9203872680664 260.9594421386719 293.9203872680664
253.81771850585938 98.35902404785156 346.4951629638672 98.35902404785156 346.4951629638672 296.79248046875 253.81771850585938 296.79248046875
243.4187469482422 99.2667236328125 338.6069641113281 99.2667236328125 338.6069641113281 300.3705749511719 243.4187469482422 300.3705749511719
244.7183074951172 104.40168762207031 343.54638671875 104.40168762207031 343.54638671875 299.3131408691406 244.7183074951172 299.3131408691406
239.0264892578125 102.4583969116211 335.8387680053711 102.4583969116211 335.8387680053711 297.6549606323242 239.0264892578125 297.6549606323242
236.2523956298828 103.60319519042969 331.39579010009766 103.60319519042969 331.39579010009766 304.0243225097656 236.2523956298828 304.0243225097656
242.24755859375 109.7024917602539 335.9442443847656 109.7024917602539 335.9442443847656 301.2117385864258 242.24755859375 301.2117385864258
246.5454864501953 111.47132873535156 338.5115661621094 111.47132873535156 338.5115661621094 303.0239715576172 246.5454864501953 303.0239715576172
251.32284545898438 111.44987487792969 340.75606536865234 111.44987487792969 340.75606536865234 301.4910583496094 251.32284545898438 301.4910583496094
252.97164916992188 109.9858169555664 341.53475189208984 109.9858169555664 341.53475189208984 299.53365325927734 252.97164916992188 299.53365325927734
256.63739013671875 109.4894027709961 346.7898864746094 109.4894027709961 346.7898864746094 303.1459274291992 256.63739013671875 303.1459274291992
258.93450927734375 117.10615539550781 349.6168975830078 117.10615539550781 349.6168975830078 311.7112121582031 258.93450927734375 311.7112121582031
265.00286865234375 123.25163269042969 355.738037109375 123.25163269042969 355.738037109375 324.6901092529297 265.00286865234375 324.6901092529297
261.44232177734375 135.0399627685547 352.7730941772461 135.0399627685547 352.7730941772461 335.3447265625 261.44232177734375 335.3447265625
253.3694305419922 141.2441864013672 345.28490447998047 141.2441864013672 345.28490447998047 339.4127197265625 253.3694305419922 339.4127197265625
250.8857421875 151.17674255371094 345.07274627685547 151.17674255371094 345.07274627685547 349.5334777832031 250.8857421875 349.5334777832031
242.9123992919922 149.65835571289062 336.63929748535156 149.65835571289062 336.63929748535156 348.7790069580078 242.9123992919922 348.7790069580078
245.8830108642578 150.91940307617188 341.23553466796875 150.91940307617188 341.23553466796875 348.21435546875 245.8830108642578 348.21435546875
242.5679931640625 156.06600952148438 339.0660095214844 156.06600952148438 339.0660095214844 346.87229919433594 242.5679931640625 346.87229919433594
243.763671875 147.2582244873047 342.02721405029297 147.2582244873047 342.02721405029297 341.39833068847656 243.763671875 341.39833068847656
251.97628784179688 143.8599090576172 351.13619232177734 143.8599090576172 351.13619232177734 342.7910919189453 251.97628784179688 342.7910919189453
257.06475830078125 140.82086181640625 353.01815032958984 140.82086181640625 353.01815032958984 344.0705871582031 257.06475830078125 344.0705871582031
257.28424072265625 134.12362670898438 351.83544921875 134.12362670898438 351.83544921875 339.2209167480469 257.28424072265625 339.2209167480469
245.7386932373047 124.28475189208984 342.4242401123047 124.28475189208984 342.4242401123047 335.4668502807617 245.7386932373047 335.4668502807617
263.4985046386719 124.5317611694336 355.6793899536133 124.5317611694336 355.6793899536133 320.0273208618164 263.4985046386719 320.0273208618164
252.11886596679688 96.95159912109375 347.21128845214844 96.95159912109375 347.21128845214844 311.51934814453125 252.11886596679688 311.51934814453125
262.9544982910156 108.98487854003906 352.9457015991211 108.98487854003906 352.9457015991211 291.46832275390625 262.9544982910156 291.46832275390625
272.4394836425781 113.77054595947266 358.13770294189453 113.77054595947266 358.13770294189453 289.71053314208984 272.4394836425781 289.71053314208984
272.8180236816406 116.90724182128906 359.58331298828125 116.90724182128906 359.58331298828125 289.69554138183594 272.8180236816406 289.69554138183594
278.62091064453125 116.644775390625 363.0446548461914 116.644775390625 363.0446548461914 284.7974395751953 278.62091064453125 284.7974395751953
283.51898193359375 119.55010986328125 365.63175201416016 119.55010986328125 365.63175201416016 286.52232360839844 283.51898193359375 286.52232360839844
284.02618408203125 123.28352355957031 366.2129592895508 123.28352355957031 366.2129592895508 288.56129455566406 284.02618408203125 288.56129455566406
284.47760009765625 122.17303466796875 364.97432708740234 122.17303466796875 364.97432708740234 289.2388916015625 284.47760009765625 289.2388916015625
284.8065185546875 123.85140228271484 364.66439056396484 123.85140228271484 364.66439056396484 290.62683868408203 284.8065185546875 290.62683868408203
282.1732177734375 124.20155334472656 363.67564392089844 124.20155334472656 363.67564392089844 295.02105712890625 282.1732177734375 295.02105712890625
281.2428283691406 126.65922546386719 364.78282165527344 126.65922546386719 364.78282165527344 297.5672149658203 281.2428283691406 297.5672149658203
284.9510192871094 133.08958435058594 366.2430191040039 133.08958435058594 366.2430191040039 304.6318664550781 284.9510192871094 304.6318664550781
288.83538818359375 134.11434936523438 372.12770080566406 134.11434936523438 372.12770080566406 308.3407897949219 288.83538818359375 308.3407897949219
291.47003173828125 137.89675903320312 376.72130584716797 137.89675903320312 376.72130584716797 317.32269287109375 291.47003173828125 317.32269287109375
294.48480224609375 138.52308654785156 380.1223907470703 138.52308654785156 380.1223907470703 317.77915954589844 294.48480224609375 317.77915954589844
292.6093444824219 136.12319946289062 383.0995559692383 136.12319946289062 383.0995559692383 323.8852081298828 292.6093444824219 323.8852081298828
288.20550537109375 135.38970947265625 381.10767364501953 135.38970947265625 381.10767364501953 322.33863830566406 288.20550537109375 322.33863830566406
286.4111328125 134.13772583007812 377.2840881347656 134.13772583007812 377.2840881347656 319.24412536621094 286.4111328125 319.24412536621094
288.15740966796875 137.51394653320312 376.9676971435547 137.51394653320312 376.9676971435547 319.1749267578125 288.15740966796875 319.1749267578125
288.42218017578125 139.10531616210938 378.137451171875 139.10531616210938 378.137451171875 315.74134826660156 288.42218017578125 315.74134826660156
290.30194091796875 135.27935791015625 378.204833984375 135.27935791015625 378.204833984375 307.89825439453125 290.30194091796875 307.89825439453125
293.81561279296875 132.2954559326172 380.0214309692383 132.2954559326172 380.0214309692383 307.6386413574219 293.81561279296875 307.6386413574219
288.6938171386719 134.42990112304688 376.0173568725586 134.42990112304688 376.0173568725586 303.68292236328125 288.6938171386719 303.68292236328125
290.5491943359375 132.46778869628906 377.0503692626953 132.46778869628906 377.0503692626953 304.59169006347656 290.5491943359375 304.59169006347656
290.9486389160156 132.13194274902344 377.3172836303711 132.13194274902344 377.3172836303711 302.2010040283203 290.9486389160156 302.2010040283203
299.62841796875 136.64700317382812 387.45609283447266 136.64700317382812 387.45609283447266 308.2534484863281 299.62841796875 308.2534484863281
300.6524963378906 130.80599975585938 389.2619934082031 130.80599975585938 389.2619934082031 304.2836151123047 300.6524963378906 304.2836151123047
307.02099609375 134.7524871826172 394.9927215576172 134.7524871826172 394.9927215576172 306.2062072753906 307.02099609375 306.2062072753906
311.1773376464844 138.0816192626953 397.7552490234375 138.0816192626953 397.7552490234375 310.93812561035156 311.1773376464844 310.93812561035156
314.17938232421875 137.15386962890625 399.6897201538086 137.15386962890625 399.6897201538086 306.6841125488281 314.17938232421875 306.6841125488281
315.14739990234375 137.18630981445312 399.39064025878906 137.18630981445312 399.39064025878906 310.7864074707031 315.14739990234375 310.7864074707031
316.8983154296875 139.3169708251953 398.45408630371094 139.3169708251953 398.45408630371094 314.14671325683594 316.8983154296875 314.14671325683594
317.4244689941406 141.70449829101562 402.9089889526367 141.70449829101562 402.9089889526367 317.6669158935547 317.4244689941406 317.6669158935547
318.2152099609375 143.8511199951172 402.2492218017578 143.8511199951172 402.2492218017578 319.1297149658203 318.2152099609375 319.1297149658203
314.98504638671875 142.7823944091797 402.0956039428711 142.7823944091797 402.0956039428711 323.2908172607422 314.98504638671875 323.2908172607422
314.19989013671875 145.935791015625 399.8932571411133 145.935791015625 399.8932571411133 328.5462341308594 314.19989013671875 328.5462341308594
314.6667785644531 145.3966064453125 401.01648712158203 145.3966064453125 401.01648712158203 323.6879119873047 314.6667785644531 323.6879119873047
312.3465270996094 141.16323852539062 399.24549865722656 141.16323852539062 399.24549865722656 320.1342315673828 312.3465270996094 320.1342315673828
313.85638427734375 143.13829040527344 399.4709014892578 143.13829040527344 399.4709014892578 324.2990417480469 313.85638427734375 324.2990417480469
317.2884216308594 139.5901641845703 400.8754425048828 139.5901641845703 400.8754425048828 317.1082458496094 317.2884216308594 317.1082458496094
317.46942138671875 137.93099975585938 403.7683410644531 137.93099975585938 403.7683410644531 316.9414978027344 317.46942138671875 316.9414978027344
321.0779724121094 135.70481872558594 407.8638229370117 135.70481872558594 407.8638229370117 314.95265197753906 321.0779724121094 314.95265197753906
324.7465515136719 134.37582397460938 408.9443588256836 134.37582397460938 408.9443588256836 312.10107421875 324.7465515136719 312.10107421875
325.5509948730469 133.29483032226562 408.0998840332031 133.29483032226562 408.0998840332031 309.02259826660156 325.5509948730469 309.02259826660156
327.20794677734375 134.40599060058594 411.23805236816406 134.40599060058594 411.23805236816406 308.9591369628906 327.20794677734375 308.9591369628906
326.25323486328125 140.1852569580078 411.42169189453125 140.1852569580078 411.42169189453125 317.4985809326172 326.25323486328125 317.4985809326172
327.96649169921875 143.6859588623047 411.24137115478516 143.6859588623047 411.24137115478516 321.50462341308594 327.96649169921875 321.50462341308594
326.94580078125 146.97781372070312 408.7677459716797 146.97781372070312 408.7677459716797 324.22373962402344 326.94580078125 324.22373962402344
324.87567138671875 153.12539672851562 408.27855682373047 153.12539672851562 408.27855682373047 330.64501953125 324.87567138671875 330.64501953125
323.8731384277344 155.5015411376953 405.7123031616211 155.5015411376953 405.7123031616211 329.0563049316406 323.8731384277344 329.0563049316406
322.7970275878906 155.4379425048828 408.14427185058594 155.4379425048828 408.14427185058594 327.89064025878906 322.7970275878906 327.89064025878906
322.01141357421875 154.39305114746094 412.2086715698242 154.39305114746094 412.2086715698242 327.3824005126953 322.01141357421875 327.3824005126953
327.07403564453125 158.6356201171875 416.7956085205078 158.6356201171875 416.7956085205078 332.898681640625 327.07403564453125 332.898681640625
328.71417236328125 156.07806396484375 416.37804412841797 156.07806396484375 416.37804412841797 327.7210998535156 328.71417236328125 327.7210998535156
326.65032958984375 156.8887939453125 412.61263275146484 156.8887939453125 412.61263275146484 330.0013885498047 326.65032958984375 330.0013885498047
327.37127685546875 152.9455108642578 411.32334899902344 152.9455108642578 411.32334899902344 326.54161071777344 327.37127685546875 326.54161071777344
330.5027160644531 152.94590759277344 416.2938461303711 152.94590759277344 416.2938461303711 332.3290100097656 330.5027160644531 332.3290100097656
327.23919677734375 152.66619873046875 413.0166320800781 152.66619873046875 413.0166320800781 329.0153350830078 327.23919677734375 329.0153350830078
329.6796875 151.7518768310547 415.1106414794922 151.7518768310547 415.1106414794922 331.3822479248047 329.6796875 331.3822479248047
327.2314453125 148.0836944580078 411.60296630859375 148.0836944580078 411.60296630859375 327.5917205810547 327.2314453125 327.5917205810547
332.99078369140625 149.64675903320312 417.8533477783203 149.64675903320312 417.8533477783203 331.7779541015625 332.99078369140625 331.7779541015625
335.0735168457031 149.33554077148438 421.41202545166016 149.33554077148438 421.41202545166016 334.11024475097656 335.0735168457031 334.11024475097656
335.01092529296875 148.89273071289062 421.99249267578125 148.89273071289062 421.99249267578125 332.3628845214844 335.01092529296875 332.3628845214844
335.00177001953125 149.24191284179688 421.6774673461914 149.24191284179688 421.6774673461914 331.08642578125 335.00177001953125 331.08642578125
334.4267883300781 151.06588745117188 420.2281951904297 151.06588745117188 420.2281951904297 334.9156494140625 334.4267883300781 334.9156494140625
335.9324951171875 152.42088317871094 421.85951232910156 152.42088317871094 421.85951232910156 334.9650115966797 335.9324951171875 334.9650115966797
339.8682861328125 150.59420776367188 426.60311126708984 150.59420776367188 426.60311126708984 336.897216796875 339.8682861328125 336.897216796875
342.05267333984375 149.4877166748047 427.41258239746094 149.4877166748047 427.41258239746094 333.1800537109375 342.05267333984375 333.1800537109375
345.3814392089844 148.1848602294922 429.9077606201172 148.1848602294922 429.9077606201172 328.77772521972656 345.3814392089844 328.77772521972656
348.4316711425781 149.82449340820312 432.8671188354492 149.82449340820312 432.8671188354492 330.8324279785156 348.4316711425781 330.8324279785156
348.5774841308594 150.7997283935547 432.7966842651367 150.7997283935547 432.7966842651367 331.3075714111328 348.5774841308594 331.3075714111328
352.62725830078125 151.56643676757812 436.74315643310547 151.56643676757812 436.74315643310547 334.64610290527344 352.62725830078125 334.64610290527344
353.84344482421875 153.7529754638672 438.28004455566406 153.7529754638672 438.28004455566406 339.8690185546875 353.84344482421875 339.8690185546875
357.27667236328125 155.1036376953125 440.3039779663086 155.1036376953125 440.3039779663086 337.7447967529297 357.27667236328125 337.7447967529297
359.9463806152344 155.46380615234375 442.6924057006836 155.46380615234375 442.6924057006836 340.3906555175781 359.9463806152344 340.3906555175781
363.69384765625 154.0998077392578 447.0797348022461 154.0998077392578 447.0797348022461 341.48663330078125 363.69384765625 341.48663330078125
368.0275573730469 151.5750274658203 451.4482421875 151.5750274658203 451.4482421875 337.2408752441406 368.0275573730469 337.2408752441406
370.47125244140625 147.76980590820312 454.3795166015625 147.76980590820312 454.3795166015625 335.00933837890625 370.47125244140625 335.00933837890625
375.7991943359375 146.02487182617188 461.6825256347656 146.02487182617188 461.6825256347656 335.9339141845703 375.7991943359375 335.9339141845703
378.9305725097656 146.5444793701172 465.3733825683594 146.5444793701172 465.3733825683594 335.5513153076172 378.9305725097656 335.5513153076172
382.9145202636719 149.8258514404297 472.43541717529297 149.8258514404297 472.43541717529297 341.7239532470703 382.9145202636719 341.7239532470703
386.6380310058594 151.26824951171875 478.04747772216797 151.26824951171875 478.04747772216797 348.54193115234375 386.6380310058594 348.54193115234375
390.0085754394531 152.56385803222656 483.41600036621094 152.56385803222656 483.41600036621094 354.5627899169922 390.0085754394531 354.5627899169922
390.86883544921875 154.99951171875 487.3775177001953 154.99951171875 487.3775177001953 353.8542938232422 390.86883544921875 353.8542938232422
389.83282470703125 157.3325958251953 484.20365142822266 157.3325958251953 484.20365142822266 351.20445251464844 389.83282470703125 351.20445251464844
391.5779724121094 156.1547088623047 485.5960235595703 156.1547088623047 485.5960235595703 352.23365783691406 391.5779724121094 352.23365783691406
397.0120544433594 162.94448852539062 493.60838317871094 162.94448852539062 493.60838317871094 358.1351318359375 397.0120544433594 358.1351318359375
397.8210144042969 161.9503173828125 495.21102142333984 161.9503173828125 495.21102142333984 358.7655944824219 397.8210144042969 358.7655944824219
397.8233337402344 162.42616271972656 494.7757568359375 162.42616271972656 494.7757568359375 361.2878112792969 397.8233337402344 361.2878112792969
402.8360900878906 162.9429473876953 500.18529510498047 162.9429473876953 500.18529510498047 362.7095184326172 402.8360900878906 362.7095184326172
404.8309020996094 165.49729919433594 501.49156188964844 165.49729919433594 501.49156188964844 365.54661560058594 404.8309020996094 365.54661560058594
408.34893798828125 163.18258666992188 508.6344757080078 163.18258666992188 508.6344757080078 367.8212585449219 408.34893798828125 367.8212585449219
410.91668701171875 161.36715698242188 511.47743225097656 161.36715698242188 511.47743225097656 364.497314453125 410.91668701171875 364.497314453125
413.84063720703125 163.30760192871094 515.1688766479492 163.30760192871094 515.1688766479492 365.3785705566406 413.84063720703125 365.3785705566406
418.2627868652344 165.94642639160156 519.8836669921875 165.94642639160156 519.8836669921875 363.27528381347656 418.2627868652344 363.27528381347656
419.93011474609375 162.9180450439453 521.2878112792969 162.9180450439453 521.2878112792969 361.9177551269531 419.93011474609375 361.9177551269531
422.9020080566406 163.3173065185547 527.8125152587891 163.3173065185547 527.8125152587891 365.2383728027344 422.9020080566406 365.2383728027344
420.54901123046875 162.2923126220703 527.6006240844727 162.2923126220703 527.6006240844727 363.88490295410156 420.54901123046875 363.88490295410156
423.7060546875 159.3860321044922 531.2266387939453 159.3860321044922 531.2266387939453 361.72840881347656 423.7060546875 361.72840881347656
424.04290771484375 163.1776580810547 531.32373046875 163.1776580810547 531.32373046875 366.0913848876953 424.04290771484375 366.0913848876953
426.0171813964844 160.5683135986328 533.360481262207 160.5683135986328 533.360481262207 362.9049835205078 426.0171813964844 362.9049835205078
430.53692626953125 161.0775604248047 538.1921997070312 161.0775604248047 538.1921997070312 366.9242858886719 430.53692626953125 366.9242858886719
427.46234130859375 159.73849487304688 537.1786346435547 159.73849487304688 537.1786346435547 369.28993225097656 427.46234130859375 369.28993225097656
428.6207580566406 157.30718994140625 543.5221633911133 157.30718994140625 543.5221633911133 369.0841979980469 428.6207580566406 369.0841979980469
438.01275634765625 157.4883575439453 550.1963729858398 157.4883575439453 550.1963729858398 367.2220764160156 438.01275634765625 367.2220764160156
436.93603515625 158.17959594726562 547.3567123413086 158.17959594726562 547.3567123413086 362.55686950683594 436.93603515625 362.55686950683594
431.13507080078125 144.88717651367188 538.8345336914062 144.88717651367188 538.8345336914062 346.751220703125 431.13507080078125 346.751220703125
437.8553161621094 144.4894561767578 547.2992401123047 144.4894561767578 547.2992401123047 345.3761291503906 437.8553161621094 345.3761291503906
435.97381591796875 140.08724975585938 543.5506744384766 140.08724975585938 543.5506744384766 340.03729248046875 435.97381591796875 340.03729248046875
443.359375 140.21041870117188 549.8045806884766 140.21041870117188 549.8045806884766 340.66534423828125 443.359375 340.66534423828125
438.24066162109375 134.48794555664062 545.7528305053711 134.48794555664062 545.7528305053711 333.285888671875 438.24066162109375 333.285888671875
435.9961853027344 127.4329605102539 542.5668258666992 127.4329605102539 542.5668258666992 324.7976760864258 435.9961853027344 324.7976760864258
442.3809509277344 126.81385803222656 546.9310455322266 126.81385803222656 546.9310455322266 327.4896697998047 442.3809509277344 327.4896697998047
466.03155517578125 131.52366638183594 568.1233139038086 131.52366638183594 568.1233139038086 344.24407958984375 466.03155517578125 344.24407958984375
462.3351135253906 133.7012939453125 567.635612487793 133.7012939453125 567.635612487793 344.3944396972656 462.3351135253906 344.3944396972656
479.22216796875 142.07662963867188 582.104736328125 142.07662963867188 582.104736328125 358.44366455078125 479.22216796875 358.44366455078125
475.2693786621094 140.61331176757812 582.6539840698242 140.61331176757812 582.6539840698242 358.0740509033203 475.2693786621094 358.0740509033203
471.3646545410156 136.40968322753906 580.2761535644531 136.40968322753906 580.2761535644531 353.3414764404297 471.3646545410156 353.3414764404297
472.6719665527344 133.9368133544922 583.0392913818359 133.9368133544922 583.0392913818359 351.0552673339844 472.6719665527344 351.0552673339844
482.8140563964844 132.5731658935547 595.7404098510742 132.5731658935547 595.7404098510742 355.302978515625 482.8140563964844 355.302978515625
490.0818786621094 129.82705688476562 604.6408157348633 129.82705688476562 604.6408157348633 352.62322998046875 490.0818786621094 352.62322998046875
490.6502380371094 126.25048828125 607.6118927001953 126.25048828125 607.6118927001953 348.6011505126953 490.6502380371094 348.6011505126953
501.05267333984375 123.6280746459961 621.1926422119141 123.6280746459961 621.1926422119141 350.2196578979492 501.05267333984375 350.2196578979492
505.3716735839844 120.84831237792969 627.0970611572266 120.84831237792969 627.0970611572266 350.9687957763672 505.3716735839844 350.9687957763672
515.3125 118.51737213134766 635.2850570678711 118.51737213134766 635.2850570678711 347.75443267822266 515.3125 347.75443267822266
528.4983520507812 124.71240234375 650.2693099975586 124.71240234375 650.2693099975586 355.2880859375 528.4983520507812 355.2880859375
535.0869750976562 126.21943664550781 656.6483306884766 126.21943664550781 656.6483306884766 356.0475616455078 535.0869750976562 356.0475616455078
541.6820068359375 134.05001831054688 663.3693618774414 134.05001831054688 663.3693618774414 362.62611389160156 541.6820068359375 362.62611389160156
550.9439697265625 136.3102569580078 668.8630981445312 136.3102569580078 668.8630981445312 364.2868957519531 550.9439697265625 364.2868957519531
563.9788208007812 144.06802368164062 678.3887786865234 144.06802368164062 678.3887786865234 368.1270294189453 563.9788208007812 368.1270294189453
559.0640869140625 138.4404754638672 675.5276260375977 138.4404754638672 675.5276260375977 366.9439392089844 559.0640869140625 366.9439392089844
570.7117919921875 143.7540740966797 683.3931121826172 143.7540740966797 683.3931121826172 368.5019989013672 570.7117919921875 368.5019989013672
564.3148193359375 144.26214599609375 683.1545257568359 144.26214599609375 683.1545257568359 375.1953430175781 564.3148193359375 375.1953430175781
576.8739624023438 148.6171875 691.2706756591797 148.6171875 691.2706756591797 371.4355010986328 576.8739624023438 371.4355010986328
584.4786376953125 153.3114776611328 700.1980361938477 153.3114776611328 700.1980361938477 376.5364227294922 584.4786376953125 376.5364227294922
583.2340087890625 148.6394805908203 702.1730728149414 148.6394805908203 702.1730728149414 376.1009063720703 583.2340087890625 376.1009063720703
595.2740478515625 144.09690856933594 713.3315200805664 144.09690856933594 713.3315200805664 373.2463684082031 595.2740478515625 373.2463684082031
598.6975708007812 142.8360137939453 721.3129730224609 142.8360137939453 721.3129730224609 377.7069396972656 598.6975708007812 377.7069396972656
607.044677734375 141.2481689453125 729.8699951171875 141.2481689453125 729.8699951171875 375.713134765625 607.044677734375 375.713134765625
606.3273315429688 138.59762573242188 729.4241714477539 138.59762573242188 729.4241714477539 376.235107421875 606.3273315429688 376.235107421875
615.937255859375 136.7868194580078 742.5425415039062 136.7868194580078 742.5425415039062 374.3165283203125 615.937255859375 374.3165283203125
630.5702514648438 133.60791015625 756.1552276611328 133.60791015625 756.1552276611328 373.641357421875 630.5702514648438 373.641357421875
632.09716796875 131.81207275390625 754.8874969482422 131.81207275390625 754.8874969482422 369.75306701660156 632.09716796875 369.75306701660156
640.0827026367188 127.23681640625 763.8718719482422 127.23681640625 763.8718719482422 367.7563171386719 640.0827026367188 367.7563171386719
647.7978515625 123.15391540527344 766.0365829467773 123.15391540527344 766.0365829467773 358.3999786376953 647.7978515625 358.3999786376953
654.4764404296875 123.34196472167969 770.5636138916016 123.34196472167969 770.5636138916016 356.5716094970703 654.4764404296875 356.5716094970703
669.7722778320312 125.78289794921875 789.7438583374023 125.78289794921875 789.7438583374023 358.1287536621094 669.7722778320312 358.1287536621094
684.2659301757812 128.979736328125 808.5450820922852 128.979736328125 808.5450820922852 364.7259216308594 684.2659301757812 364.7259216308594
689.49658203125 127.080322265625 811.5537338256836 127.080322265625 811.5537338256836 361.7924346923828 689.49658203125 361.7924346923828
697.2593994140625 129.45828247070312 818.3706283569336 129.45828247070312 818.3706283569336 362.5970764160156 697.2593994140625 362.5970764160156
701.1843872070312 127.9172134399414 823.5118179321289 127.9172134399414 823.5118179321289 362.6405258178711 701.1843872070312 362.6405258178711
704.5798950195312 130.5928192138672 826.5461273193359 130.5928192138672 826.5461273193359 361.3353729248047 704.5798950195312 361.3353729248047
711.3731689453125 130.07278442382812 833.7764282226562 130.07278442382812 833.7764282226562 369.5959014892578 711.3731689453125 369.5959014892578
714.7947998046875 130.78536987304688 834.1360015869141 130.78536987304688 834.1360015869141 362.53138732910156 714.7947998046875 362.53138732910156
722.39111328125 131.0936737060547 841.4580230712891 131.0936737060547 841.4580230712891 359.7230224609375 722.39111328125 359.7230224609375
728.5201416015625 130.0043487548828 847.2695693969727 130.0043487548828 847.2695693969727 358.0758361816406 728.5201416015625 358.0758361816406
727.9017333984375 136.86978149414062 857.0167083740234 136.86978149414062 857.0167083740234 370.948974609375 727.9017333984375 370.948974609375
731.0189208984375 136.3209228515625 863.0739135742188 136.3209228515625 863.0739135742188 372.2395477294922 731.0189208984375 372.2395477294922
734.1014404296875 136.6920928955078 871.853759765625 136.6920928955078 871.853759765625 377.0727081298828 734.1014404296875 377.0727081298828
739.2822875976562 132.27621459960938 873.2455902099609 132.27621459960938 873.2455902099609 372.84547424316406 739.2822875976562 372.84547424316406
744.2599487304688 131.39437866210938 878.2877044677734 131.39437866210938 878.2877044677734 372.7086181640625 744.2599487304688 372.7086181640625
749.2008056640625 120.81944274902344 882.41796875 120.81944274902344 882.41796875 362.6344757080078 749.2008056640625 362.6344757080078
753.9923095703125 112.7906265258789 889.8174896240234 112.7906265258789 889.8174896240234 355.7410202026367 753.9923095703125 355.7410202026367
752.5950927734375 113.77622985839844 886.5752868652344 113.77622985839844 886.5752868652344 352.96827697753906 752.5950927734375 352.96827697753906
755.5623168945312 111.13410949707031 892.4689636230469 111.13410949707031 892.4689636230469 346.19847106933594 755.5623168945312 346.19847106933594
758.6639404296875 108.86799621582031 899.5540618896484 108.86799621582031 899.5540618896484 347.6192626953125 758.6639404296875 347.6192626953125
764.783447265625 113.92320251464844 906.3702850341797 113.92320251464844 906.3702850341797 362.38185119628906 764.783447265625 362.38185119628906
768.2262573242188 112.13838958740234 907.3454132080078 112.13838958740234 907.3454132080078 356.48926544189453 768.2262573242188 356.48926544189453
772.6348876953125 117.76679992675781 921.3714294433594 117.76679992675781 921.3714294433594 370.5912170410156 772.6348876953125 370.5912170410156
775.4527587890625 115.07198333740234 917.4093475341797 115.07198333740234 917.4093475341797 358.85030364990234 775.4527587890625 358.85030364990234
781.810791015625 113.79345703125 929.4959411621094 113.79345703125 929.4959411621094 363.3276824951172 781.810791015625 363.3276824951172
785.2310791015625 110.52327728271484 933.5778045654297 110.52327728271484 933.5778045654297 359.15865325927734 785.2310791015625 359.15865325927734
795.2380981445312 107.1234130859375 949.4004516601562 107.1234130859375 949.4004516601562 360.91845703125 795.2380981445312 360.91845703125
803.7680053710938 109.43952941894531 957.5508728027344 109.43952941894531 957.5508728027344 370.85865783691406 803.7680053710938 370.85865783691406
802.434326171875 105.59297180175781 959.9848175048828 105.59297180175781 959.9848175048828 371.74867248535156 802.434326171875 371.74867248535156
805.3615112304688 105.43434143066406 960.3070983886719 105.43434143066406 960.3070983886719 371.1162567138672 805.3615112304688 371.1162567138672
809.0296020507812 108.25874328613281 959.6695861816406 108.25874328613281 959.6695861816406 366.1984405517578 809.0296020507812 366.1984405517578
810.1676025390625 109.67645263671875 958.8569030761719 109.67645263671875 958.8569030761719 363.27337646484375 810.1676025390625 363.27337646484375
816.0516967773438 112.19041442871094 955.634521484375 112.19041442871094 955.634521484375 354.25062561035156 816.0516967773438 354.25062561035156
821.3292236328125 108.34547424316406 955.1223297119141 108.34547424316406 955.1223297119141 350.13246154785156 821.3292236328125 350.13246154785156
820.9010620117188 71.3406753540039 958.9999694824219 71.3406753540039 958.9999694824219 382.94849395751953 820.9010620117188 382.94849395751953
821.5071411132812 74.3443374633789 959.0000915527344 74.3443374633789 959.0000915527344 384.58484649658203 821.5071411132812 384.58484649658203
821.0711059570312 81.33872985839844 958.9999847412109 81.33872985839844 958.9999847412109 392.5629119873047 821.0711059570312 392.5629119873047
819.8610229492188 77.91874694824219 958.9999084472656 77.91874694824219 958.9999084472656 391.8732147216797 819.8610229492188 391.8732147216797
819.2623901367188 93.69159698486328 958.9999847412109 93.69159698486328 958.9999847412109 408.9970169067383 819.2623901367188 408.9970169067383
817.0867309570312 103.8615493774414 958.2884674072266 103.8615493774414 958.2884674072266 422.4706497192383 817.0867309570312 422.4706497192383
818.2594604492188 113.38934326171875 959.0000305175781 113.38934326171875 959.0000305175781 430.9578857421875 818.2594604492188 430.9578857421875
816.7379150390625 126.2957534790039 959.0000457763672 126.2957534790039 959.0000457763672 447.2975540161133 816.7379150390625 447.2975540161133
808.0089721679688 113.66226959228516 947.8273010253906 113.66226959228516 947.8273010253906 429.1498489379883 808.0089721679688 429.1498489379883
809.8045043945312 102.9461441040039 948.9407196044922 102.9461441040039 948.9407196044922 416.89456939697266 809.8045043945312 416.89456939697266
802.4849243164062 84.08112335205078 942.2672882080078 84.08112335205078 942.2672882080078 399.4875259399414 802.4849243164062 399.4875259399414
816.645263671875 77.3355941772461 955.0589294433594 77.3355941772461 955.0589294433594 389.65367889404297 816.645263671875 389.65367889404297
768.4559326171875 85.87261199951172 909.2217712402344 85.87261199951172 909.2217712402344 403.49816131591797 768.4559326171875 403.49816131591797
821.4462890625 80.7718734741211 958.9999694824219 80.7718734741211 958.9999694824219 391.14949798583984 821.4462890625 391.14949798583984
766.6400146484375 91.92407989501953 906.7608795166016 91.92407989501953 906.7608795166016 408.0943069458008 766.6400146484375 408.0943069458008
767.9909057617188 91.47515869140625 908.4061889648438 91.47515869140625 908.4061889648438 408.30975341796875 767.9909057617188 408.30975341796875
691.2822265625 79.97808837890625 833.4816589355469 79.97808837890625 833.4816589355469 400.8384094238281 691.2822265625 400.8384094238281
524.489501953125 128.9085693359375 666.6650390625 128.9085693359375 666.6650390625 449.7149658203125 524.489501953125 449.7149658203125
249.83883666992188 128.75997924804688 394.7129821777344 128.75997924804688 394.7129821777344 455.6555480957031 249.83883666992188 455.6555480957031
290.6839294433594 176.4917449951172 434.8223114013672 176.4917449951172 434.8223114013672 473.17149353027344 290.6839294433594 473.17149353027344
261.2930603027344 164.66441345214844 406.6444396972656 164.66441345214844 406.6444396972656 471.1544952392578 261.2930603027344 471.1544952392578
287.0570068359375 179.47256469726562 439.2571716308594 179.47256469726562 439.2571716308594 477.0811462402344 287.0570068359375 477.0811462402344
278.90985107421875 176.53863525390625 428.3843078613281 176.53863525390625 428.3843078613281 478.0265808105469 278.90985107421875 478.0265808105469
273.293701171875 171.2073974609375 424.3758544921875 171.2073974609375 424.3758544921875 479.1430358886719 273.293701171875 479.1430358886719
272.5399169921875 169.26451110839844 428.1952819824219 169.26451110839844 428.1952819824219 479.26258850097656 272.5399169921875 479.26258850097656
279.80926513671875 173.09310913085938 437.3912048339844 173.09310913085938 437.3912048339844 480.41070556640625 279.80926513671875 480.41070556640625
286.29815673828125 174.05813598632812 442.26869201660156 174.05813598632812 442.26869201660156 478.7886657714844 286.29815673828125 478.7886657714844
286.1991271972656 170.7918701171875 443.1606750488281 170.7918701171875 443.1606750488281 475.62481689453125 286.1991271972656 475.62481689453125
291.256103515625 170.3245086669922 445.5174865722656 170.3245086669922 445.5174865722656 472.45973205566406 291.256103515625 472.45973205566406
304.13031005859375 178.7046356201172 450.31089782714844 178.7046356201172 450.31089782714844 475.2694549560547 304.13031005859375 475.2694549560547
302.97442626953125 173.78802490234375 449.0980529785156 173.78802490234375 449.0980529785156 476.389404296875 302.97442626953125 476.389404296875
318.6042785644531 179.57591247558594 455.5834655761719 179.57591247558594 455.5834655761719 477.7831573486328 318.6042785644531 477.7831573486328
324.4959716796875 181.2208251953125 460.1713409423828 181.2208251953125 460.1713409423828 479.3458251953125 324.4959716796875 479.3458251953125
276.95355224609375 156.7849578857422 425.8753967285156 156.7849578857422 425.8753967285156 492.81385803222656 276.95355224609375 492.81385803222656
316.3971862792969 180.79005432128906 458.00762939453125 180.79005432128906 458.00762939453125 482.4732208251953 316.3971862792969 482.4732208251953
327.1358947753906 165.9666748046875 457.38526916503906 165.9666748046875 457.38526916503906 463.8270263671875 327.1358947753906 463.8270263671875
324.52886962890625 172.22097778320312 461.8720245361328 172.22097778320312 461.8720245361328 468.7959899902344 324.52886962890625 468.7959899902344
321.05059814453125 178.2406768798828 464.05865478515625 178.2406768798828 464.05865478515625 476.69178771972656 321.05059814453125 476.69178771972656
341.1575012207031 178.5599822998047 477.2702178955078 178.5599822998047 477.2702178955078 471.14097595214844 341.1575012207031 471.14097595214844
351.63140869140625 186.64450073242188 487.3072814941406 186.64450073242188 487.3072814941406 479.48797607421875 351.63140869140625 479.48797607421875
352.95745849609375 183.76541137695312 496.93141174316406 183.76541137695312 496.93141174316406 482.6325988769531 352.95745849609375 482.6325988769531
360.85986328125 190.9494171142578 505.0714569091797 190.9494171142578 505.0714569091797 485.4242401123047 360.85986328125 485.4242401123047
369.7535705566406 195.61798095703125 519.583251953125 195.61798095703125 519.583251953125 495.7515869140625 369.7535705566406 495.7515869140625
374.7041320800781 184.2674560546875 523.3228454589844 184.2674560546875 523.3228454589844 491.9336242675781 374.7041320800781 491.9336242675781
377.84332275390625 178.66748046875 523.6920776367188 178.66748046875 523.6920776367188 495.3562927246094 377.84332275390625 495.3562927246094
392.1933288574219 181.62442016601562 535.1089477539062 181.62442016601562 535.1089477539062 504.7007751464844 392.1933288574219 504.7007751464844
401.9725646972656 192.97274780273438 542.8336181640625 192.97274780273438 542.8336181640625 509.2794494628906 401.9725646972656 509.2794494628906
405.348876953125 191.63119506835938 543.9901428222656 191.63119506835938 543.9901428222656 507.75897216796875 405.348876953125 507.75897216796875
404.1376037597656 188.82150268554688 544.3249053955078 188.82150268554688 544.3249053955078 501.95037841796875 404.1376037597656 501.95037841796875
420.6170959472656 190.6843719482422 554.8214569091797 190.6843719482422 554.8214569091797 503.25184631347656 420.6170959472656 503.25184631347656
421.08746337890625 178.37176513671875 558.8479461669922 178.37176513671875 558.8479461669922 492.35528564453125 421.08746337890625 492.35528564453125
422.80352783203125 186.35635375976562 566.2620239257812 186.35635375976562 566.2620239257812 505.71453857421875 422.80352783203125 505.71453857421875
430.26727294921875 189.06626892089844 570.2879486083984 189.06626892089844 570.2879486083984 504.4131622314453 430.26727294921875 504.4131622314453
432.937255859375 192.48095703125 573.7359924316406 192.48095703125 573.7359924316406 501.7832946777344 432.937255859375 501.7832946777344
438.68505859375 185.43923950195312 580.1613922119141 185.43923950195312 580.1613922119141 496.9307861328125 438.68505859375 496.9307861328125
443.64434814453125 167.07302856445312 585.733154296875 167.07302856445312 585.733154296875 467.8144226074219 443.64434814453125 467.8144226074219
445.0144958496094 167.3868408203125 587.0665740966797 167.3868408203125 587.0665740966797 471.9479064941406 445.0144958496094 471.9479064941406
386.19281005859375 175.55332946777344 531.7031860351562 175.55332946777344 531.7031860351562 492.37742614746094 386.19281005859375 492.37742614746094
343.49658203125 183.88168334960938 495.3721618652344 183.88168334960938 495.3721618652344 492.3941650390625 343.49658203125 492.3941650390625
305.8760070800781 191.70004272460938 461.5933074951172 191.70004272460938 461.5933074951172 496.1509094238281 305.8760070800781 496.1509094238281
391.5176696777344 186.6614227294922 543.9837036132812 186.6614227294922 543.9837036132812 502.32273864746094 391.5176696777344 502.32273864746094
469.94091796875 170.7858123779297 617.5413055419922 170.7858123779297 617.5413055419922 503.53309631347656 469.94091796875 503.53309631347656
484.76300048828125 187.36842346191406 628.8138885498047 187.36842346191406 628.8138885498047 511.9364776611328 484.76300048828125 511.9364776611328
486.4423828125 194.6348419189453 635.0114593505859 194.6348419189453 635.0114593505859 517.9759674072266 486.4423828125 517.9759674072266
489.28192138671875 194.7032012939453 643.8483734130859 194.7032012939453 643.8483734130859 517.1933746337891 489.28192138671875 517.1933746337891
494.87652587890625 194.34471130371094 648.8846130371094 194.34471130371094 648.8846130371094 513.4579315185547 494.87652587890625 513.4579315185547
485.2415466308594 199.3714599609375 639.0751647949219 199.3714599609375 639.0751647949219 515.5154113769531 485.2415466308594 515.5154113769531
443.83453369140625 184.65786743164062 596.8746795654297 184.65786743164062 596.8746795654297 491.1298522949219 443.83453369140625 491.1298522949219
393.3459167480469 163.1244659423828 549.2500915527344 163.1244659423828 549.2500915527344 471.12034606933594 393.3459167480469 471.12034606933594
402.7567443847656 168.4442596435547 557.3962860107422 168.4442596435547 557.3962860107422 481.15431213378906 402.7567443847656 481.15431213378906
511.3550720214844 212.23739624023438 664.9583282470703 212.23739624023438 664.9583282470703 526.4732055664062 511.3550720214844 526.4732055664062
499.0159606933594 225.2589874267578 657.96630859375 225.2589874267578 657.96630859375 544.7812042236328 499.0159606933594 544.7812042236328
513.310546875 236.91415405273438 667.9473571777344 236.91415405273438 667.9473571777344 560.7926940917969 513.310546875 560.7926940917969
513.4548950195312 214.80337524414062 675.0366821289062 214.80337524414062 675.0366821289062 536.0133361816406 513.4548950195312 536.0133361816406
542.5706787109375 213.16726684570312 699.0971069335938 213.16726684570312 699.0971069335938 534.1382751464844 542.5706787109375 534.1382751464844
547.4329223632812 217.2584228515625 698.5558166503906 217.2584228515625 698.5558166503906 542.6327514648438 547.4329223632812 542.6327514648438
546.6103515625 216.32333374023438 702.231689453125 216.32333374023438 702.231689453125 552.7144165039062 546.6103515625 552.7144165039062
555.4794311523438 213.515625 710.5870513916016 213.515625 710.5870513916016 561.1839294433594 555.4794311523438 561.1839294433594
566.2637939453125 208.1132049560547 716.1222686767578 208.1132049560547 716.1222686767578 561.2125091552734 566.2637939453125 561.2125091552734
574.1905517578125 204.29525756835938 725.3367919921875 204.29525756835938 725.3367919921875 560.5769348144531 574.1905517578125 560.5769348144531
572.3494873046875 206.9263458251953 732.7298278808594 206.9263458251953 732.7298278808594 556.6261138916016 572.3494873046875 556.6261138916016
577.0447998046875 201.24496459960938 740.9781494140625 201.24496459960938 740.9781494140625 557.3502197265625 577.0447998046875 557.3502197265625
566.1377563476562 191.46580505371094 743.7851867675781 191.46580505371094 743.7851867675781 548.0119781494141 566.1377563476562 548.0119781494141
576.4717407226562 190.1989288330078 754.0923309326172 190.1989288330078 754.0923309326172 545.0296478271484 576.4717407226562 545.0296478271484
582.0865478515625 191.81419372558594 760.2510375976562 191.81419372558594 760.2510375976562 548.0560760498047 582.0865478515625 548.0560760498047
569.8277587890625 185.91802978515625 762.0238800048828 185.91802978515625 762.0238800048828 546.7144470214844 569.8277587890625 546.7144470214844
583.2237548828125 191.96981811523438 767.7340393066406 191.96981811523438 767.7340393066406 542.3675842285156 583.2237548828125 542.3675842285156
601.7969970703125 182.76539611816406 770.9588165283203 182.76539611816406 770.9588165283203 535.8515167236328 601.7969970703125 535.8515167236328
615.1356201171875 185.28225708007812 774.6307373046875 185.28225708007812 774.6307373046875 536.0977478027344 615.1356201171875 536.0977478027344
634.5763549804688 196.78355407714844 782.4674224853516 196.78355407714844 782.4674224853516 544.0212860107422 634.5763549804688 544.0212860107422
642.0773315429688 207.0076446533203 787.2909240722656 207.0076446533203 787.2909240722656 544.5016937255859 642.0773315429688 544.5016937255859
637.7222900390625 207.40438842773438 792.5688018798828 207.40438842773438 792.5688018798828 540.3271484375 637.7222900390625 540.3271484375
642.1470336914062 213.6543426513672 804.7860717773438 213.6543426513672 804.7860717773438 543.7397003173828 642.1470336914062 543.7397003173828
634.7698364257812 209.5386962890625 806.6829681396484 209.5386962890625 806.6829681396484 541.9332885742188 634.7698364257812 541.9332885742188
645.4264526367188 212.42288208007812 813.9946899414062 212.42288208007812 813.9946899414062 544.1873779296875 645.4264526367188 544.1873779296875
645.4421997070312 210.20498657226562 816.0730895996094 210.20498657226562 816.0730895996094 540.2580261230469 645.4421997070312 540.2580261230469
628.37890625 193.12057495117188 802.9029998779297 193.12057495117188 802.9029998779297 530.6541748046875 628.37890625 530.6541748046875
639.0895385742188 187.6466827392578 812.6834411621094 187.6466827392578 812.6834411621094 524.9600372314453 639.0895385742188 524.9600372314453
608.7491455078125 172.41384887695312 782.5860900878906 172.41384887695312 782.5860900878906 518.4895935058594 608.7491455078125 518.4895935058594
598.9964599609375 175.09092712402344 769.6744689941406 175.09092712402344 769.6744689941406 518.4067535400391 598.9964599609375 518.4067535400391
614.5364379882812 183.05880737304688 772.9364776611328 183.05880737304688 772.9364776611328 514.8638916015625 614.5364379882812 514.8638916015625
610.788818359375 181.5113067626953 770.8544006347656 181.5113067626953 770.8544006347656 512.8207244873047 610.788818359375 512.8207244873047
615.7876586914062 180.3559112548828 775.8180236816406 180.3559112548828 775.8180236816406 507.94801330566406 615.7876586914062 507.94801330566406
618.7579956054688 177.4040985107422 778.0971832275391 177.4040985107422 778.0971832275391 504.7847137451172 618.7579956054688 504.7847137451172
628.3353271484375 182.67153930664062 783.5395660400391 182.67153930664062 783.5395660400391 504.06781005859375 628.3353271484375 504.06781005859375
642.604736328125 183.075439453125 794.4725036621094 183.075439453125 794.4725036621094 500.8827209472656 642.604736328125 500.8827209472656
641.7879028320312 176.85597229003906 799.3450012207031 176.85597229003906 799.3450012207031 501.8818817138672 641.7879028320312 501.8818817138672
646.6717529296875 173.3230743408203 807.8112182617188 173.3230743408203 807.8112182617188 503.72181701660156 646.6717529296875 503.72181701660156
655.3382568359375 169.4493865966797 816.4359588623047 169.4493865966797 816.4359588623047 499.4528045654297 655.3382568359375 499.4528045654297
663.1083984375 167.7940673828125 826.1751403808594 167.7940673828125 826.1751403808594 499.5223693847656 663.1083984375 499.5223693847656
663.3408813476562 162.39109802246094 831.2762145996094 162.39109802246094 831.2762145996094 495.4877166748047 663.3408813476562 495.4877166748047
676.7716674804688 164.3365936279297 843.7621917724609 164.3365936279297 843.7621917724609 496.25389099121094 676.7716674804688 496.25389099121094
699.4169921875 165.4832000732422 859.0553894042969 165.4832000732422 859.0553894042969 488.6178436279297 699.4169921875 488.6178436279297
702.2381591796875 168.74838256835938 861.2939910888672 168.74838256835938 861.2939910888672 500.80126953125 702.2381591796875 500.80126953125
726.6394653320312 172.0805206298828 886.8426971435547 172.0805206298828 886.8426971435547 533.5649566650391 726.6394653320312 533.5649566650391
701.8858642578125 150.17117309570312 861.4710388183594 150.17117309570312 861.4710388183594 510.260986328125 701.8858642578125 510.260986328125
736.0396728515625 149.57315063476562 893.2987976074219 149.57315063476562 893.2987976074219 504.4144592285156 736.0396728515625 504.4144592285156
742.9187622070312 173.9634246826172 892.5357666015625 173.9634246826172 892.5357666015625 493.8557586669922 742.9187622070312 493.8557586669922
753.4019165039062 177.252685546875 906.5267181396484 177.252685546875 906.5267181396484 499.005615234375 753.4019165039062 499.005615234375
763.5745849609375 191.29150390625 919.4428405761719 191.29150390625 919.4428405761719 501.640625 763.5745849609375 501.640625
765.1837768554688 191.37513732910156 933.2568511962891 191.37513732910156 933.2568511962891 502.70985412597656 765.1837768554688 502.70985412597656
776.9544677734375 180.54019165039062 950.5914764404297 180.54019165039062 950.5914764404297 498.1222229003906 776.9544677734375 498.1222229003906
797.193359375 181.4665069580078 965.4700164794922 181.4665069580078 965.4700164794922 498.56056213378906 797.193359375 498.56056213378906
788.7138061523438 178.07965087890625 962.4037017822266 178.07965087890625 962.4037017822266 506.873779296875 788.7138061523438 506.873779296875
791.3309936523438 173.3240509033203 961.4953308105469 173.3240509033203 961.4953308105469 498.42420959472656 791.3309936523438 498.42420959472656
794.533203125 144.8327178955078 959.0000305175781 144.8327178955078 959.0000305175781 515.9375457763672 794.533203125 515.9375457763672
797.0409545898438 149.2926025390625 958.9999847412109 149.2926025390625 958.9999847412109 514.7388000488281 797.0409545898438 514.7388000488281
801.8088989257812 129.8378448486328 959.0000152587891 129.8378448486328 959.0000152587891 484.5256805419922 801.8088989257812 484.5256805419922
802.6182861328125 142.09634399414062 959.0000305175781 142.09634399414062 959.0000305175781 494.9578857421875 802.6182861328125 494.9578857421875
796.8208618164062 160.02772521972656 959.0000152587891 160.02772521972656 959.0000152587891 525.9705963134766 796.8208618164062 525.9705963134766
793.3328247070312 158.84481811523438 959.0000152587891 158.84481811523438 959.0000152587891 532.6581420898438 793.3328247070312 532.6581420898438
791.9666748046875 168.69393920898438 958.9999389648438 168.69393920898438 958.9999389648438 545.5896911621094 791.9666748046875 545.5896911621094
793.1867065429688 183.13162231445312 958.9999694824219 183.13162231445312 958.9999694824219 557.2745361328125 793.1867065429688 557.2745361328125
763.7762451171875 172.2373809814453 924.5634460449219 172.2373809814453 924.5634460449219 535.0394439697266 763.7762451171875 535.0394439697266
638.876953125 8.060009956359863 798.277587890625 8.060009956359863 798.277587890625 367.7334108352661 638.876953125 367.7334108352661
627.0582275390625 12.853036880493164 784.7854156494141 12.853036880493164 784.7854156494141 368.7504367828369 627.0582275390625 368.7504367828369
625.147216796875 7.5741424560546875 784.5350341796875 7.5741424560546875 784.5350341796875 367.2185821533203 625.147216796875 367.2185821533203
640.0079956054688 55.23591232299805 776.0025482177734 55.23591232299805 776.0025482177734 351.4390983581543 640.0079956054688 351.4390983581543
638.6735229492188 62.48298263549805 777.1682434082031 62.48298263549805 777.1682434082031 359.1706352233887 638.6735229492188 359.1706352233887
645.5526123046875 75.34745025634766 777.6089935302734 75.34745025634766 777.6089935302734 360.19889068603516 645.5526123046875 360.19889068603516
651.1751708984375 85.93812561035156 778.4552459716797 85.93812561035156 778.4552459716797 357.3495330810547 651.1751708984375 357.3495330810547
650.17822265625 85.44554138183594 780.3516540527344 85.44554138183594 780.3516540527344 360.35008239746094 650.17822265625 360.35008239746094
645.4000854492188 77.06983184814453 788.9854888916016 77.06983184814453 788.9854888916016 368.2596206665039 645.4000854492188 368.2596206665039
650.7747802734375 85.25538635253906 787.2124481201172 85.25538635253906 787.2124481201172 361.5764923095703 650.7747802734375 361.5764923095703
655.3242797851562 78.31935119628906 791.3607330322266 78.31935119628906 791.3607330322266 367.00465393066406 655.3242797851562 367.00465393066406
663.3695068359375 83.77473449707031 797.0628814697266 83.77473449707031 797.0628814697266 363.08506774902344 663.3695068359375 363.08506774902344
676.2811279296875 80.4041748046875 797.8211669921875 80.4041748046875 797.8211669921875 350.5100402832031 676.2811279296875 350.5100402832031
673.0074462890625 93.17316436767578 793.6277008056641 93.17316436767578 793.6277008056641 351.94950103759766 673.0074462890625 351.94950103759766
673.5978393554688 95.42621612548828 793.514892578125 95.42621612548828 793.514892578125 351.2309799194336 673.5978393554688 351.2309799194336
658.6637573242188 91.63301849365234 789.3231658935547 91.63301849365234 789.3231658935547 359.0216598510742 658.6637573242188 359.0216598510742
663.2010498046875 93.2682113647461 793.1534729003906 93.2682113647461 793.1534729003906 351.62349700927734 663.2010498046875 351.62349700927734
655.5189819335938 81.76244354248047 786.9446105957031 81.76244354248047 786.9446105957031 356.26195526123047 655.5189819335938 356.26195526123047
665.1002197265625 93.51258850097656 793.1619567871094 93.51258850097656 793.1619567871094 345.99407958984375 665.1002197265625 345.99407958984375
653.985595703125 92.59330749511719 789.0580749511719 92.59330749511719 789.0580749511719 346.7435760498047 653.985595703125 346.7435760498047
650.9991455078125 93.4555892944336 787.7459564208984 93.4555892944336 787.7459564208984 347.7684097290039 650.9991455078125 347.7684097290039
657.20166015625 94.59925079345703 786.4576721191406 94.59925079345703 786.4576721191406 349.56514739990234 657.20166015625 349.56514739990234
660.2183837890625 101.70355987548828 789.8285369873047 101.70355987548828 789.8285369873047 347.1598587036133 660.2183837890625 347.1598587036133
658.5071411132812 101.27081298828125 787.7469024658203 101.27081298828125 787.7469024658203 345.12864685058594 658.5071411132812 345.12864685058594
662.8726806640625 105.93830871582031 786.1527252197266 105.93830871582031 786.1527252197266 344.0132598876953 662.8726806640625 344.0132598876953
668.8387451171875 100.07945251464844 790.1056365966797 100.07945251464844 790.1056365966797 339.6446075439453 668.8387451171875 339.6446075439453
673.0697021484375 103.41011047363281 790.4201812744141 103.41011047363281 790.4201812744141 339.3957977294922 673.0697021484375 339.3957977294922
668.15185546875 103.8740463256836 792.0472869873047 103.8740463256836 792.0472869873047 342.2450942993164 668.15185546875 342.2450942993164
677.8228759765625 105.3245620727539 798.3704605102539 105.3245620727539 798.3704605102539 342.14466094970703 677.8228759765625 342.14466094970703
688.2057495117188 107.0797348022461 804.5792083740234 107.0797348022461 804.5792083740234 335.60155487060547 688.2057495117188 335.60155487060547
691.454833984375 111.88765716552734 806.9457397460938 111.88765716552734 806.9457397460938 337.01331329345703 691.454833984375 337.01331329345703
692.0643920898438 111.92083740234375 806.1651763916016 111.92083740234375 806.1651763916016 333.05357360839844 692.0643920898438 333.05357360839844
699.5853271484375 118.42459869384766 805.8330307006836 118.42459869384766 805.8330307006836 335.47107696533203 699.5853271484375 335.47107696533203
698.0911865234375 110.67464447021484 804.0347442626953 110.67464447021484 804.0347442626953 325.87947845458984 698.0911865234375 325.87947845458984
701.5088500976562 114.72627258300781 801.3155059814453 114.72627258300781 801.3155059814453 327.14427185058594 701.5088500976562 327.14427185058594
695.8619384765625 117.82479095458984 796.6792221069336 117.82479095458984 796.6792221069336 330.5989303588867 695.8619384765625 330.5989303588867
697.2951049804688 110.7076187133789 796.1712875366211 110.7076187133789 796.1712875366211 323.1240921020508 697.2951049804688 323.1240921020508
701.0701904296875 113.00382232666016 795.9474105834961 113.00382232666016 795.9474105834961 330.27135467529297 701.0701904296875 330.27135467529297
703.5604248046875 113.61091613769531 800.7462615966797 113.61091613769531 800.7462615966797 334.6964569091797 703.5604248046875 334.6964569091797
707.689208984375 119.1632308959961 803.9324569702148 119.1632308959961 803.9324569702148 342.4899215698242 707.689208984375 342.4899215698242
711.9071044921875 124.45356750488281 806.5060882568359 124.45356750488281 806.5060882568359 345.39366149902344 711.9071044921875 345.39366149902344
713.6820068359375 127.20417785644531 808.6258087158203 127.20417785644531 808.6258087158203 351.7436828613281 713.6820068359375 351.7436828613281
713.7135620117188 141.79080200195312 807.8992156982422 141.79080200195312 807.8992156982422 369.6460723876953 713.7135620117188 369.6460723876953
702.5953979492188 139.51193237304688 797.503791809082 139.51193237304688 797.503791809082 362.497802734375 702.5953979492188 362.497802734375
696.97802734375 141.79849243164062 787.2296752929688 141.79849243164062 787.2296752929688 365.26678466796875 696.97802734375 365.26678466796875
693.0867919921875 143.55661010742188 781.2874603271484 143.55661010742188 781.2874603271484 361.8716278076172 693.0867919921875 361.8716278076172
694.086669921875 149.58811950683594 781.3198623657227 149.58811950683594 781.3198623657227 366.5493469238281 694.086669921875 366.5493469238281
702.0903930664062 149.19821166992188 786.6532135009766 149.19821166992188 786.6532135009766 362.12579345703125 702.0903930664062 362.12579345703125
728.484375 136.4051513671875 817.5883102416992 136.4051513671875 817.5883102416992 341.7691345214844 728.484375 341.7691345214844
719.6173706054688 142.9170684814453 803.1707305908203 142.9170684814453 803.1707305908203 351.49302673339844 719.6173706054688 351.49302673339844
725.9521484375 139.29397583007812 808.6864624023438 139.29397583007812 808.6864624023438 350.8682403564453 725.9521484375 350.8682403564453
783.458740234375 88.16781616210938 876.7296600341797 88.16781616210938 876.7296600341797 284.420654296875 783.458740234375 284.420654296875
817.3348999023438 45.423336029052734 921.6736068725586 45.423336029052734 921.6736068725586 234.83950424194336 817.3348999023438 234.83950424194336
815.04931640625 37.25245666503906 921.7315673828125 37.25245666503906 921.7315673828125 232.18418884277344 815.04931640625 232.18418884277344
810.5977783203125 41.9959716796875 920.2108612060547 41.9959716796875 920.2108612060547 232.45046997070312 810.5977783203125 232.45046997070312
805.2764892578125 39.524070739746094 913.5688705444336 39.524070739746094 913.5688705444336 234.80939483642578 805.2764892578125 234.80939483642578
802.5135498046875 36.33720397949219 905.1250762939453 36.33720397949219 905.1250762939453 245.17945861816406 802.5135498046875 245.17945861816406
804.8824462890625 44.95696258544922 909.4913558959961 44.95696258544922 909.4913558959961 237.1573715209961 804.8824462890625 237.1573715209961
804.4591064453125 47.87997055053711 906.9621734619141 47.87997055053711 906.9621734619141 242.44572067260742 804.4591064453125 242.44572067260742
815.3104248046875 50.629676818847656 911.9464569091797 50.629676818847656 911.9464569091797 247.31645965576172 815.3104248046875 247.31645965576172
820.8132934570312 56.162322998046875 915.6659622192383 56.162322998046875 915.6659622192383 257.44557189941406 820.8132934570312 257.44557189941406
826.8087768554688 59.853485107421875 917.6509552001953 59.853485107421875 917.6509552001953 264.83050537109375 826.8087768554688 264.83050537109375
829.3727416992188 54.738983154296875 923.2293395996094 54.738983154296875 923.2293395996094 255.56939697265625 829.3727416992188 255.56939697265625
826.9027099609375 56.4401741027832 917.6327819824219 56.4401741027832 917.6327819824219 261.16423416137695 826.9027099609375 261.16423416137695
823.6730346679688 54.57391357421875 915.1773529052734 54.57391357421875 915.1773529052734 261.04498291015625 823.6730346679688 261.04498291015625
823.4185791015625 58.039756774902344 913.4791030883789 58.039756774902344 913.4791030883789 261.2530288696289 823.4185791015625 261.2530288696289
820.6455078125 51.21037673950195 911.5393905639648 51.21037673950195 911.5393905639648 256.30405044555664 820.6455078125 256.30405044555664
824.3001098632812 59.60709762573242 923.1329574584961 59.60709762573242 923.1329574584961 245.66100692749023 824.3001098632812 245.66100692749023
825.3532104492188 49.3674430847168 919.9931945800781 49.3674430847168 919.9931945800781 248.65995407104492 825.3532104492188 248.65995407104492
825.0353393554688 53.513465881347656 919.6501312255859 53.513465881347656 919.6501312255859 251.85233306884766 825.0353393554688 251.85233306884766
824.2784423828125 44.89411163330078 914.7450714111328 44.89411163330078 914.7450714111328 249.0237808227539 824.2784423828125 249.0237808227539
821.5032958984375 49.140647888183594 916.6946563720703 49.140647888183594 916.6946563720703 249.93273162841797 821.5032958984375 249.93273162841797
822.0857543945312 48.91576385498047 919.8656997680664 48.91576385498047 919.8656997680664 243.8396987915039 822.0857543945312 243.8396987915039
825.0654296875 46.60453414916992 921.8741607666016 46.60453414916992 921.8741607666016 239.17780685424805 825.0654296875 239.17780685424805
827.3170166015625 40.363975524902344 923.0661010742188 40.363975524902344 923.0661010742188 242.6612777709961 827.3170166015625 242.6612777709961
826.4973754882812 36.79773712158203 920.628547668457 36.79773712158203 920.628547668457 249.19605255126953 826.4973754882812 249.19605255126953
830.2804565429688 34.91194534301758 924.8387069702148 34.91194534301758 924.8387069702148 248.27392959594727 830.2804565429688 248.27392959594727
844.80078125 43.25579071044922 948.7509536743164 43.25579071044922 948.7509536743164 229.15706634521484 844.80078125 229.15706634521484
845.642578125 46.45281219482422 955.5143280029297 46.45281219482422 955.5143280029297 225.3117904663086 845.642578125 225.3117904663086
847.9041137695312 42.922630310058594 956.3005752563477 42.922630310058594 956.3005752563477 223.15766143798828 847.9041137695312 223.15766143798828
853.0296630859375 44.159584045410156 957.4502410888672 44.159584045410156 957.4502410888672 224.49718475341797 853.0296630859375 224.49718475341797
854.9010009765625 42.82149124145508 958.1408462524414 42.82149124145508 958.1408462524414 226.48067092895508 854.9010009765625 226.48067092895508
855.1873168945312 43.65748977661133 958.6393203735352 43.65748977661133 958.6393203735352 230.95822525024414 855.1873168945312 230.95822525024414
853.6858520507812 38.72963333129883 959.5724716186523 38.72963333129883 959.5724716186523 231.10393142700195 853.6858520507812 231.10393142700195
850.8434448242188 39.758583068847656 954.4111175537109 39.758583068847656 954.4111175537109 234.69132232666016 850.8434448242188 234.69132232666016
858.7396240234375 23.765409469604492 958.9999771118164 23.765409469604492 958.9999771118164 249.9936809539795 858.7396240234375 249.9936809539795
861.6456909179688 31.282318115234375 959.0 31.282318115234375 959.0 250.953369140625 861.6456909179688 250.953369140625
864.5398559570312 39.90492630004883 959.0001068115234 39.90492630004883 959.0001068115234 253.04579544067383 864.5398559570312 253.04579544067383
865.9137573242188 48.530517578125 958.9999923706055 48.530517578125 958.9999923706055 258.571044921875 865.9137573242188 258.571044921875
868.6004028320312 42.46550750732422 959.0000381469727 42.46550750732422 959.0000381469727 246.44397735595703 868.6004028320312 246.44397735595703
869.4910888671875 42.99275207519531 958.9999923706055 42.99275207519531 958.9999923706055 244.9613494873047 869.4910888671875 244.9613494873047
871.5155029296875 47.659786224365234 958.9999771118164 47.659786224365234 958.9999771118164 245.06045150756836 871.5155029296875 245.06045150756836
873.0866088867188 49.45006561279297 958.9999465942383 49.45006561279297 958.9999465942383 243.30561065673828 873.0866088867188 243.30561065673828
872.7169799804688 49.35749053955078 959.0000152587891 49.35749053955078 959.0000152587891 244.0472183227539 872.7169799804688 244.0472183227539
874.5753784179688 55.11431884765625 959.0 55.11431884765625 959.0 245.6107177734375 874.5753784179688 245.6107177734375
876.3385620117188 58.6590690612793 959.0000076293945 58.6590690612793 959.0000076293945 245.1770133972168 876.3385620117188 245.1770133972168
878.3250122070312 56.02715301513672 959.0000457763672 56.02715301513672 959.0000457763672 238.06293487548828 878.3250122070312 238.06293487548828
880.2113037109375 60.579383850097656 958.7502822875977 60.579383850097656 958.7502822875977 237.79535675048828 880.2113037109375 237.79535675048828
881.6614990234375 61.9566764831543 959.0000381469727 61.9566764831543 959.0000381469727 236.4639549255371 881.6614990234375 236.4639549255371
883.80419921875 58.3729362487793 958.9999847412109 58.3729362487793 958.9999847412109 228.04528427124023 883.80419921875 228.04528427124023
880.3402099609375 67.82463836669922 956.2653427124023 67.82463836669922 956.2653427124023 224.81978607177734 880.3402099609375 224.81978607177734
882.8097534179688 64.40199279785156 957.5960006713867 64.40199279785156 957.5960006713867 226.01028442382812 882.8097534179688 226.01028442382812
884.8477783203125 65.08712005615234 957.4242095947266 65.08712005615234 957.4242095947266 221.62419891357422 884.8477783203125 221.62419891357422
883.1092529296875 72.45352172851562 954.1746139526367 72.45352172851562 954.1746139526367 211.01756286621094 883.1092529296875 211.01756286621094
886.0125122070312 70.47171020507812 954.1812286376953 70.47171020507812 954.1812286376953 202.7271270751953 886.0125122070312 202.7271270751953
893.0861206054688 61.25025177001953 958.9999923706055 61.25025177001953 958.9999923706055 209.9787826538086 893.0861206054688 209.9787826538086
888.7091064453125 76.15957641601562 954.3197250366211 76.15957641601562 954.3197250366211 202.95838165283203 888.7091064453125 202.95838165283203
888.8387451171875 78.47391510009766 953.8116912841797 78.47391510009766 953.8116912841797 197.03905487060547 888.8387451171875 197.03905487060547
886.5916137695312 90.65714263916016 950.9200057983398 90.65714263916016 950.9200057983398 202.48509979248047 886.5916137695312 202.48509979248047
887.5792236328125 92.82518005371094 951.7491912841797 92.82518005371094 951.7491912841797 203.42721557617188 887.5792236328125 203.42721557617188
890.5975341796875 92.12417602539062 952.613941192627 92.12417602539062 952.613941192627 200.52305603027344 890.5975341796875 200.52305603027344
899.3990478515625 77.70957946777344 959.0000915527344 77.70957946777344 959.0000915527344 212.19378662109375 899.3990478515625 212.19378662109375
893.5813598632812 91.73246002197266 954.027515411377 91.73246002197266 954.027515411377 208.0888442993164 893.5813598632812 208.0888442993164
898.7349853515625 75.68800354003906 959.0000381469727 75.68800354003906 959.0000381469727 211.67047119140625 898.7349853515625 211.67047119140625
893.5037841796875 103.4539566040039 954.8372802734375 103.4539566040039 954.8372802734375 226.7853546142578 893.5037841796875 226.7853546142578
893.3138427734375 104.4716796875 955.3811264038086 104.4716796875 955.3811264038086 232.4650115966797 893.3138427734375 232.4650115966797
899.228515625 81.60014343261719 959.0000114440918 81.60014343261719 959.0000114440918 216.46893310546875 899.228515625 216.46893310546875
897.8631591796875 100.40382385253906 958.1126518249512 100.40382385253906 958.1126518249512 231.60821533203125 897.8631591796875 231.60821533203125
899.0671997070312 85.68180847167969 958.9999465942383 85.68180847167969 958.9999465942383 220.91444396972656 899.0671997070312 220.91444396972656
900.9267578125 89.58897399902344 961.8439712524414 89.58897399902344 961.8439712524414 213.77923583984375 900.9267578125 213.77923583984375
900.2744140625 77.1285629272461 958.9999618530273 77.1285629272461 958.9999618530273 209.63726043701172 900.2744140625 209.63726043701172
905.3953247070312 86.19291687011719 962.9858169555664 86.19291687011719 962.9858169555664 213.59104919433594 905.3953247070312 213.59104919433594
900.9754028320312 71.78868103027344 958.9999809265137 71.78868103027344 958.9999809265137 202.71568298339844 900.9754028320312 202.71568298339844
901.4163208007812 80.59672546386719 959.0000228881836 80.59672546386719 959.0000228881836 210.5289306640625 901.4163208007812 210.5289306640625
874.6346435546875 75.25454711914062 932.7772941589355 75.25454711914062 932.7772941589355 206.44798278808594 874.6346435546875 206.44798278808594
832.4313354492188 73.9663314819336 890.7465934753418 73.9663314819336 890.7465934753418 205.54924774169922 832.4313354492188 205.54924774169922
838.20361328125 76.37960815429688 895.5311470031738 76.37960815429688 895.5311470031738 205.7338104248047 838.20361328125 205.7338104248047
837.9113159179688 83.38406372070312 894.6114501953125 83.38406372070312 894.6114501953125 211.3225860595703 837.9113159179688 211.3225860595703
842.3685302734375 82.03132629394531 898.3839721679688 82.03132629394531 898.3839721679688 208.4249038696289 842.3685302734375 208.4249038696289
853.6590576171875 82.61188507080078 909.8766975402832 82.61188507080078 909.8766975402832 209.46170043945312 853.6590576171875 209.46170043945312
860.1510620117188 76.01492309570312 916.4681167602539 76.01492309570312 916.4681167602539 203.08904266357422 860.1510620117188 203.08904266357422
865.2644653320312 75.6281509399414 921.1822090148926 75.6281509399414 921.1822090148926 201.80126190185547 865.2644653320312 201.80126190185547
865.6217041015625 80.04994201660156 921.121021270752 80.04994201660156 921.121021270752 205.2789077758789 865.6217041015625 205.2789077758789
865.7103271484375 82.95213317871094 921.8627014160156 82.95213317871094 921.8627014160156 209.6546630859375 865.7103271484375 209.6546630859375
867.3732299804688 85.71482849121094 924.0617065429688 85.71482849121094 924.0617065429688 213.62702178955078 867.3732299804688 213.62702178955078
864.2452392578125 89.22045135498047 921.6473007202148 89.22045135498047 921.6473007202148 218.74279022216797 864.2452392578125 218.74279022216797
864.6737060546875 90.33857727050781 922.3608627319336 90.33857727050781 922.3608627319336 220.50421142578125 864.6737060546875 220.50421142578125
868.3282470703125 89.26668548583984 925.868968963623 89.26668548583984 925.868968963623 219.10192108154297 868.3282470703125 219.10192108154297
869.4776611328125 87.97490692138672 927.6335754394531 87.97490692138672 927.6335754394531 219.1982650756836 869.4776611328125 219.1982650756836
871.4664306640625 95.79520416259766 929.2766227722168 95.79520416259766 929.2766227722168 226.23848724365234 871.4664306640625 226.23848724365234
876.7898559570312 97.25169372558594 934.4272842407227 97.25169372558594 934.4272842407227 227.30514526367188 876.7898559570312 227.30514526367188
891.3731689453125 89.08110809326172 949.6553573608398 89.08110809326172 949.6553573608398 220.58940887451172 891.3731689453125 220.58940887451172
899.3435668945312 81.5285415649414 959.0000419616699 81.5285415649414 959.0000419616699 216.1377944946289 899.3435668945312 216.1377944946289
899.95703125 83.22052764892578 958.9999694824219 83.22052764892578 958.9999694824219 216.44539642333984 899.95703125 216.44539642333984
899.33251953125 75.5805435180664 960.3870239257812 75.5805435180664 960.3870239257812 196.8672103881836 899.33251953125 196.8672103881836
901.1808471679688 77.93757629394531 959.8903999328613 77.93757629394531 959.8903999328613 201.96376037597656 901.1808471679688 201.96376037597656
899.0686645507812 89.6836929321289 958.9999771118164 89.6836929321289 958.9999771118164 224.91309356689453 899.0686645507812 224.91309356689453
855.23486328125 84.28083801269531 916.9226760864258 84.28083801269531 916.9226760864258 210.32415771484375 855.23486328125 210.32415771484375
860.6344604492188 85.78865051269531 924.6081047058105 85.78865051269531 924.6081047058105 209.64035034179688 860.6344604492188 209.64035034179688
854.8284912109375 79.9699935913086 914.7538833618164 79.9699935913086 914.7538833618164 215.18602752685547 854.8284912109375 215.18602752685547
858.93359375 78.70793914794922 918.1938667297363 78.70793914794922 918.1938667297363 212.4231948852539 858.93359375 212.4231948852539
859.7138671875 82.10248565673828 917.9523735046387 82.10248565673828 917.9523735046387 213.51219940185547 859.7138671875 213.51219940185547
860.9777221679688 87.04186248779297 919.3300666809082 87.04186248779297 919.3300666809082 218.70842742919922 860.9777221679688 218.70842742919922
864.45703125 86.73983001708984 922.867919921875 86.73983001708984 922.867919921875 218.53849029541016 864.45703125 218.53849029541016
868.1217651367188 85.17860412597656 928.4955825805664 85.17860412597656 928.4955825805664 211.33641815185547 868.1217651367188 211.33641815185547
869.85595703125 88.79998016357422 932.9124526977539 88.79998016357422 932.9124526977539 211.55445098876953 869.85595703125 211.55445098876953
876.4691162109375 87.02987670898438 934.5011177062988 87.02987670898438 934.5011177062988 217.9736328125 876.4691162109375 217.9736328125
880.4371948242188 91.57819366455078 937.4259643554688 91.57819366455078 937.4259643554688 220.16800689697266 880.4371948242188 220.16800689697266
901.5794677734375 70.5638656616211 959.0 70.5638656616211 959.0 200.12792205810547 901.5794677734375 200.12792205810547
901.7330322265625 67.15435028076172 959.0000381469727 67.15435028076172 959.0000381469727 196.37198638916016 901.7330322265625 196.37198638916016
902.7451171875 49.817745208740234 958.9999694824219 49.817745208740234 958.9999694824219 176.75154495239258 902.7451171875 176.75154495239258
904.4573364257812 44.714683532714844 958.9999923706055 44.714683532714844 958.9999923706055 167.7850799560547 904.4573364257812 167.7850799560547
905.2423095703125 43.25238800048828 959.0000991821289 43.25238800048828 959.0000991821289 164.5518035888672 905.2423095703125 164.5518035888672
907.0206909179688 43.68019485473633 959.0000305175781 43.68019485473633 959.0000305175781 160.96669387817383 907.0206909179688 160.96669387817383
908.6832885742188 48.43598937988281 959.0000114440918 48.43598937988281 959.0000114440918 161.970947265625 908.6832885742188 161.970947265625
908.7337646484375 54.75156784057617 957.8657875061035 54.75156784057617 957.8657875061035 157.07595443725586 908.7337646484375 157.07595443725586
908.1004028320312 63.59590530395508 955.9122924804688 63.59590530395508 955.9122924804688 150.16366958618164 908.1004028320312 150.16366958618164
910.1390380859375 70.22650146484375 956.738452911377 70.22650146484375 956.738452911377 152.3190689086914 910.1390380859375 152.3190689086914
910.7269287109375 71.9700698852539 956.4607162475586 71.9700698852539 956.4607162475586 154.1138458251953 910.7269287109375 154.1138458251953
872.1204223632812 62.8236083984375 916.7404556274414 62.8236083984375 916.7404556274414 163.50450134277344 872.1204223632812 163.50450134277344
910.1574096679688 70.63060760498047 956.0382690429688 70.63060760498047 956.0382690429688 154.80474853515625 910.1574096679688 154.80474853515625
911.8685302734375 71.6793441772461 956.8988265991211 71.6793441772461 956.8988265991211 155.02013397216797 911.8685302734375 155.02013397216797
912.861328125 79.52874755859375 958.0228996276855 79.52874755859375 958.0228996276855 160.7436752319336 912.861328125 160.7436752319336
912.2283935546875 78.54154205322266 957.1115951538086 78.54154205322266 957.1115951538086 158.82737731933594 912.2283935546875 158.82737731933594
914.6427612304688 67.77819061279297 958.9999656677246 67.77819061279297 958.9999656677246 167.86605834960938 914.6427612304688 167.86605834960938
914.3889770507812 69.57661437988281 958.9999694824219 69.57661437988281 958.9999694824219 170.23712158203125 914.3889770507812 170.23712158203125
914.5791015625 61.919532775878906 959.0000343322754 61.919532775878906 959.0000343322754 162.15118408203125 914.5791015625 162.15118408203125
914.5851440429688 60.13798904418945 959.0000305175781 60.13798904418945 959.0000305175781 160.3559913635254 914.5851440429688 160.3559913635254
914.7421875 66.41361236572266 959.0 66.41361236572266 959.0 166.27718353271484 914.7421875 166.27718353271484
914.1253051757812 69.31938171386719 959.0000305175781 69.31938171386719 959.0000305175781 170.574951171875 914.1253051757812 170.574951171875
913.2507934570312 70.57008361816406 959.0000038146973 70.57008361816406 959.0000038146973 173.79885864257812 913.2507934570312 173.79885864257812
913.0924682617188 74.65235900878906 959.000057220459 74.65235900878906 959.000057220459 178.2385025024414 913.0924682617188 178.2385025024414
912.4156494140625 68.55885314941406 958.9999580383301 68.55885314941406 958.9999580383301 173.6719512939453 912.4156494140625 173.6719512939453
912.7093505859375 70.15589141845703 958.999927520752 70.15589141845703 958.999927520752 174.60620880126953 912.7093505859375 174.60620880126953
913.52001953125 70.41561889648438 958.9999771118164 70.41561889648438 958.9999771118164 173.03684997558594 913.52001953125 173.03684997558594
913.8294067382812 72.2839126586914 958.9999389648438 72.2839126586914 958.9999389648438 174.20696258544922 913.8294067382812 174.20696258544922
913.1168823242188 69.47834777832031 958.9999580383301 69.47834777832031 958.9999580383301 173.00918579101562 913.1168823242188 173.00918579101562
913.2537841796875 69.47892761230469 958.9999961853027 69.47892761230469 958.9999961853027 172.7009506225586 913.2537841796875 172.7009506225586
914.484375 71.15530395507812 958.9999313354492 71.15530395507812 958.9999313354492 171.60047149658203 914.484375 171.60047149658203
915.8267822265625 72.00848388671875 959.0000305175781 72.00848388671875 959.0000305175781 169.4248504638672 915.8267822265625 169.4248504638672
916.6329345703125 71.5986328125 959.0000305175781 71.5986328125 959.0000305175781 167.1959991455078 916.6329345703125 167.1959991455078
917.26416015625 71.79173278808594 958.9943923950195 71.79173278808594 958.9943923950195 165.95208740234375 917.26416015625 165.95208740234375
918.3203125 73.6948471069336 958.9999580383301 73.6948471069336 958.9999580383301 165.4846420288086 918.3203125 165.4846420288086
919.2390747070312 74.12063598632812 958.9900283813477 74.12063598632812 958.9900283813477 163.81492614746094 919.2390747070312 163.81492614746094
919.5552978515625 75.3976821899414 959.0000534057617 75.3976821899414 959.0000534057617 164.40106201171875 919.5552978515625 164.40106201171875
