233.0 296.0 413.0 296.0 413.0 481.0 233.0 481.0
228.36709594726562 295.4871520996094 406.51161193847656 295.4871520996094 406.51161193847656 480.26133728027344 228.36709594726562 480.26133728027344
243.31777954101562 282.8887939453125 427.4086456298828 282.8887939453125 427.4086456298828 472.0933074951172 243.31777954101562 472.0933074951172
248.974365234375 276.2862854003906 434.65283203125 276.2862854003906 434.65283203125 467.1225128173828 248.974365234375 467.1225128173828
263.4559631347656 264.91448974609375 448.20892333984375 264.91448974609375 448.20892333984375 454.79949951171875 263.4559631347656 454.79949951171875
267.72918701171875 262.28619384765625 456.3854217529297 262.28619384765625 456.3854217529297 456.1828918457031 267.72918701171875 456.1828918457031
276.99072265625 250.673828125 464.1124267578125 250.673828125 464.1124267578125 442.9933776855469 276.99072265625 442.9933776855469
292.9317626953125 253.3500518798828 481.1056365966797 253.3500518798828 481.1056365966797 446.7510070800781 292.9317626953125 446.7510070800781
290.5877990722656 248.38796997070312 484.692138671875 248.38796997070312 484.692138671875 447.8841094970703 290.5877990722656 447.8841094970703
303.8628845214844 248.00021362304688 501.1137390136719 248.00021362304688 501.1137390136719 450.73028564453125 303.8628845214844 450.73028564453125
303.7630310058594 250.3842010498047 502.9225769042969 250.3842010498047 502.9225769042969 455.0759735107422 303.7630310058594 455.0759735107422
316.21832275390625 244.4228515625 493.52455139160156 244.4228515625 493.52455139160156 474.6734161376953 316.21832275390625 474.6734161376953
320.7215576171875 256.2859191894531 504.84727478027344 256.2859191894531 504.84727478027344 468.9153137207031 320.7215576171875 468.9153137207031
324.59820556640625 260.70428466796875 518.7309875488281 260.70428466796875 518.7309875488281 460.2296447753906 324.59820556640625 460.2296447753906
343.3224182128906 250.1199951171875 541.175048828125 250.1199951171875 541.175048828125 453.4685516357422 343.3224182128906 453.4685516357422
350.76873779296875 246.72354125976562 553.1886901855469 246.72354125976562 553.1886901855469 454.7663116455078 350.76873779296875 454.7663116455078
371.89007568359375 238.4233856201172 573.0403900146484 238.4233856201172 573.0403900146484 445.1612548828125 371.89007568359375 445.1612548828125
402.2298583984375 228.050048828125 578.0985870361328 228.050048828125 578.0985870361328 458.0687713623047 402.2298583984375 458.0687713623047
418.2044982910156 232.0636749267578 589.3994140625 232.0636749267578 589.3994140625 456.0390625 418.2044982910156 456.0390625
431.2042541503906 232.4596405029297 607.5936584472656 232.4596405029297 607.5936584472656 457.8684997558594 431.2042541503906 457.8684997558594
448.52313232421875 233.68447875976562 615.8304748535156 233.68447875976562 615.8304748535156 465.5233154296875 448.52313232421875 465.5233154296875
457.5799255371094 233.16708374023438 628.365478515625 233.16708374023438 628.365478515625 464.56695556640625 457.5799255371094 464.56695556640625
470.03753662109375 236.7373046875 629.7454681396484 236.7373046875 629.7454681396484 477.9281768798828 470.03753662109375 477.9281768798828
470.80377197265625 233.0330047607422 635.1129455566406 233.0330047607422 635.1129455566406 475.1572723388672 470.80377197265625 475.1572723388672
481.4823303222656 236.2522735595703 653.1626586914062 236.2522735595703 653.1626586914062 473.3747100830078 481.4823303222656 473.3747100830078
473.337890625 249.2492218017578 672.6435241699219 249.2492218017578 672.6435241699219 454.0911407470703 473.337890625 454.0911407470703
482.49151611328125 243.980712890625 667.5743560791016 243.980712890625 667.5743560791016 464.4144592285156 482.49151611328125 464.4144592285156
494.9855041503906 239.4059295654297 666.8303527832031 239.4059295654297 666.8303527832031 473.8031768798828 494.9855041503906 473.8031768798828
498.3941955566406 232.47897338867188 666.3371276855469 232.47897338867188 666.3371276855469 477.61097717285156 498.3941955566406 477.61097717285156
505.1878356933594 235.87509155273438 689.3444061279297 235.87509155273438 689.3444061279297 468.3211364746094 505.1878356933594 468.3211364746094
508.2386779785156 235.05923461914062 691.0384674072266 235.05923461914062 691.0384674072266 465.5286865234375 508.2386779785156 465.5286865234375
506.7032775878906 231.60458374023438 673.4094085693359 231.60458374023438 673.4094085693359 473.7515563964844 506.7032775878906 473.7515563964844
495.8080139160156 235.49740600585938 671.2514953613281 235.49740600585938 671.2514953613281 471.5679168701172 495.8080139160156 471.5679168701172
489.046142578125 232.7596435546875 669.7686767578125 232.7596435546875 669.7686767578125 465.6385040283203 489.046142578125 465.6385040283203
476.58843994140625 234.2664031982422 652.0857391357422 234.2664031982422 652.0857391357422 462.2561798095703 476.58843994140625 462.2561798095703
466.91766357421875 231.69094848632812 642.1651458740234 231.69094848632812 642.1651458740234 456.89404296875 466.91766357421875 456.89404296875
465.7674255371094 228.39877319335938 638.04931640625 228.39877319335938 638.04931640625 450.3543395996094 465.7674255371094 450.3543395996094
463.2105407714844 223.65884399414062 634.5269012451172 223.65884399414062 634.5269012451172 446.7095947265625 463.2105407714844 446.7095947265625
462.4737243652344 219.7991180419922 633.5679321289062 219.7991180419922 633.5679321289062 444.11378479003906 462.4737243652344 444.11378479003906
459.29925537109375 215.49319458007812 631.8120880126953 215.49319458007812 631.8120880126953 437.71800231933594 459.29925537109375 437.71800231933594
461.1139221191406 219.86611938476562 625.4100341796875 219.86611938476562 625.4100341796875 437.7486114501953 461.1139221191406 437.7486114501953
463.7704162597656 219.22396850585938 633.1546783447266 219.22396850585938 633.1546783447266 436.016357421875 463.7704162597656 436.016357421875
462.76409912109375 220.9126739501953 630.2031097412109 220.9126739501953 630.2031097412109 434.31394958496094 462.76409912109375 434.31394958496094
463.099853515625 229.058837890625 624.7885894775391 229.058837890625 624.7885894775391 437.3086242675781 463.099853515625 437.3086242675781
464.33880615234375 234.00772094726562 621.6000061035156 234.00772094726562 621.6000061035156 444.50311279296875 464.33880615234375 444.50311279296875
459.55377197265625 228.80496215820312 617.6656646728516 228.80496215820312 617.6656646728516 443.05357360839844 459.55377197265625 443.05357360839844
451.95452880859375 227.1187286376953 608.5508880615234 227.1187286376953 608.5508880615234 446.0896759033203 451.95452880859375 446.0896759033203
449.28076171875 232.7294464111328 607.3124542236328 232.7294464111328 607.3124542236328 447.1265869140625 449.28076171875 447.1265869140625
450.38214111328125 239.000244140625 600.4381408691406 239.000244140625 600.4381408691406 455.5295104980469 450.38214111328125 455.5295104980469
442.95794677734375 239.40292358398438 623.4966735839844 239.40292358398438 623.4966735839844 436.3507385253906 442.95794677734375 436.3507385253906
444.81817626953125 224.21749877929688 603.1521606445312 224.21749877929688 603.1521606445312 450.03729248046875 444.81817626953125 450.03729248046875
449.0670471191406 218.0752716064453 608.4236450195312 218.0752716064453 608.4236450195312 446.05076599121094 449.0670471191406 446.05076599121094
449.4228515625 220.490966796875 607.4607391357422 220.490966796875 607.4607391357422 443.8608093261719 449.4228515625 443.8608093261719
449.860595703125 217.18655395507812 608.8457641601562 217.18655395507812 608.8457641601562 443.253662109375 449.860595703125 443.253662109375
447.62353515625 212.1851043701172 609.5334014892578 212.1851043701172 609.5334014892578 437.0751647949219 447.62353515625 437.0751647949219
445.3043518066406 212.0343780517578 608.9715423583984 212.0343780517578 608.9715423583984 436.4059143066406 445.3043518066406 436.4059143066406
442.5748596191406 216.826416015625 606.3238220214844 216.826416015625 606.3238220214844 440.1183776855469 442.5748596191406 440.1183776855469
434.59185791015625 220.08102416992188 598.3548889160156 220.08102416992188 598.3548889160156 442.7417449951172 434.59185791015625 442.7417449951172
426.54736328125 222.5192413330078 588.8080749511719 222.5192413330078 588.8080749511719 445.3737030029297 426.54736328125 445.3737030029297
425.33416748046875 223.2333984375 585.8479309082031 223.2333984375 585.8479309082031 443.6230163574219 425.33416748046875 443.6230163574219
423.6844787597656 225.0022735595703 581.7991333007812 225.0022735595703 581.7991333007812 445.81138610839844 423.6844787597656 445.81138610839844
424.45166015625 219.81253051757812 578.2187957763672 219.81253051757812 578.2187957763672 445.30084228515625 424.45166015625 445.30084228515625
427.68194580078125 206.82254028320312 584.3843536376953 206.82254028320312 584.3843536376953 440.83416748046875 427.68194580078125 440.83416748046875
426.12872314453125 209.1239013671875 577.5070343017578 209.1239013671875 577.5070343017578 439.3641815185547 426.12872314453125 439.3641815185547
427.5113220214844 207.7597198486328 576.5838470458984 207.7597198486328 576.5838470458984 437.6398468017578 427.5113220214844 437.6398468017578
427.74334716796875 209.4912872314453 574.2723236083984 209.4912872314453 574.2723236083984 434.9124755859375 427.74334716796875 434.9124755859375
430.1722717285156 209.0685272216797 584.5160522460938 209.0685272216797 584.5160522460938 436.6427917480469 430.1722717285156 436.6427917480469
431.61968994140625 217.8011474609375 584.7405853271484 217.8011474609375 584.7405853271484 442.0963592529297 431.61968994140625 442.0963592529297
428.88934326171875 219.5813446044922 585.5410308837891 219.5813446044922 585.5410308837891 449.0532989501953 428.88934326171875 449.0532989501953
425.3575134277344 227.068603515625 586.3168487548828 227.068603515625 586.3168487548828 456.8253173828125 425.3575134277344 456.8253173828125
420.0849609375 228.35525512695312 582.5505676269531 228.35525512695312 582.5505676269531 459.5945587158203 420.0849609375 459.5945587158203
414.7021484375 231.42947387695312 579.1869964599609 231.42947387695312 579.1869964599609 458.52098083496094 414.7021484375 458.52098083496094
407.89349365234375 232.43356323242188 576.7038726806641 232.43356323242188 576.7038726806641 459.0486297607422 407.89349365234375 459.0486297607422
395.7754211425781 236.024658203125 573.58203125 236.024658203125 573.58203125 454.1726531982422 395.7754211425781 454.1726531982422
379.4035949707031 231.6177215576172 554.7843780517578 231.6177215576172 554.7843780517578 455.724609375 379.4035949707031 455.724609375
365.8784484863281 229.0863037109375 544.0625762939453 229.0863037109375 544.0625762939453 450.3217468261719 365.8784484863281 450.3217468261719
351.60552978515625 227.1544647216797 525.1182708740234 227.1544647216797 525.1182708740234 451.20631408691406 351.60552978515625 451.20631408691406
336.7275085449219 225.4944610595703 509.0814514160156 225.4944610595703 509.0814514160156 443.7888488769531 336.7275085449219 443.7888488769531
319.5780334472656 226.23269653320312 497.5400390625 226.23269653320312 497.5400390625 442.0967559814453 319.5780334472656 442.0967559814453
294.0785217285156 224.7782745361328 478.3942565917969 224.7782745361328 478.3942565917969 434.8940887451172 294.0785217285156 434.8940887451172
277.7383728027344 224.0614013671875 458.51673889160156 224.0614013671875 458.51673889160156 434.4475860595703 277.7383728027344 434.4475860595703
268.182861328125 226.7251739501953 452.21925354003906 226.7251739501953 452.21925354003906 431.1251678466797 268.182861328125 431.1251678466797
258.19757080078125 224.58242797851562 439.84417724609375 224.58242797851562 439.84417724609375 432.0101623535156 258.19757080078125 432.0101623535156
250.24960327148438 227.37673950195312 436.22137451171875 227.37673950195312 436.22137451171875 428.72247314453125 250.24960327148438 428.72247314453125
244.1515350341797 227.7625274658203 421.6405944824219 227.7625274658203 421.6405944824219 430.83717346191406 244.1515350341797 430.83717346191406
240.95034790039062 233.4506378173828 424.96942138671875 233.4506378173828 424.96942138671875 428.1285095214844 240.95034790039062 428.1285095214844
234.9667510986328 227.72134399414062 413.46278381347656 227.72134399414062 413.46278381347656 427.5626220703125 234.9667510986328 427.5626220703125
230.03457641601562 229.35525512695312 414.9052276611328 229.35525512695312 414.9052276611328 424.9786376953125 230.03457641601562 424.9786376953125
228.1553955078125 225.0973663330078 414.66297912597656 225.0973663330078 414.66297912597656 416.7858123779297 228.1553955078125 416.7858123779297
222.7106170654297 214.6859893798828 394.97998046875 214.6859893798828 394.97998046875 419.89427185058594 222.7106170654297 419.89427185058594
221.79971313476562 214.99844360351562 398.3600158691406 214.99844360351562 398.3600158691406 417.1419677734375 221.79971313476562 417.1419677734375
221.2289276123047 215.58779907226562 399.6527557373047 215.58779907226562 399.6527557373047 419.6396026611328 221.2289276123047 419.6396026611328
224.74868774414062 211.7164764404297 388.56109619140625 211.7164764404297 388.56109619140625 425.8380126953125 224.74868774414062 425.8380126953125
222.1653594970703 210.7666778564453 383.2321319580078 210.7666778564453 383.2321319580078 425.4542541503906 222.1653594970703 425.4542541503906
223.404541015625 216.3148651123047 392.2925720214844 216.3148651123047 392.2925720214844 425.0543670654297 223.404541015625 425.0543670654297
219.40713500976562 210.1612091064453 381.70587158203125 210.1612091064453 381.70587158203125 424.8769836425781 219.40713500976562 424.8769836425781
220.7104949951172 209.469482421875 382.07177734375 209.469482421875 382.07177734375 431.5416717529297 220.7104949951172 431.5416717529297
219.69400024414062 210.82772827148438 383.5654602050781 210.82772827148438 383.5654602050781 430.3879852294922 219.69400024414062 430.3879852294922
218.2619171142578 218.464599609375 396.1219177246094 218.464599609375 396.1219177246094 426.1603240966797 218.2619171142578 426.1603240966797
219.51919555664062 217.80191040039062 386.21063232421875 217.80191040039062 386.21063232421875 441.3509826660156 219.51919555664062 441.3509826660156
215.10159301757812 229.5609893798828 406.01145935058594 229.5609893798828 406.01145935058594 425.7739715576172 215.10159301757812 425.7739715576172
220.44320678710938 232.9051055908203 404.10406494140625 232.9051055908203 404.10406494140625 434.3834228515625 220.44320678710938 434.3834228515625
222.0821533203125 225.0417022705078 397.81056213378906 225.0417022705078 397.81056213378906 440.8583068847656 222.0821533203125 440.8583068847656
218.5508270263672 231.7167205810547 410.2710418701172 231.7167205810547 410.2710418701172 428.7625732421875 218.5508270263672 428.7625732421875
225.8217315673828 221.0480194091797 398.3436279296875 221.0480194091797 398.3436279296875 438.9219207763672 225.8217315673828 438.9219207763672
223.00546264648438 227.68142700195312 416.1579284667969 227.68142700195312 416.1579284667969 426.19932556152344 223.00546264648438 426.19932556152344
224.93576049804688 233.4931182861328 414.74285888671875 233.4931182861328 414.74285888671875 428.5727081298828 224.93576049804688 428.5727081298828
228.3249969482422 228.54165649414062 418.1986846923828 228.54165649414062 418.1986846923828 423.689697265625 228.3249969482422 423.689697265625
227.7290496826172 224.54092407226562 418.2342834472656 224.54092407226562 418.2342834472656 420.3380584716797 227.7290496826172 420.3380584716797
227.2240753173828 221.903564453125 420.6441192626953 221.903564453125 420.6441192626953 420.69647216796875 227.2240753173828 420.69647216796875
224.719482421875 226.406982421875 418.63438415527344 226.406982421875 418.63438415527344 425.7084655761719 224.719482421875 425.7084655761719
219.9989471435547 220.93588256835938 413.73716735839844 220.93588256835938 413.73716735839844 420.0557861328125 219.9989471435547 420.0557861328125
215.30740356445312 231.0795440673828 412.9232940673828 231.0795440673828 412.9232940673828 434.1848449707031 215.30740356445312 434.1848449707031
210.30270385742188 229.1641082763672 403.9176940917969 229.1641082763672 403.9176940917969 440.5318603515625 210.30270385742188 440.5318603515625
204.9849090576172 226.35195922851562 396.6321716308594 226.35195922851562 396.6321716308594 444.92381286621094 204.9849090576172 444.92381286621094
196.42874145507812 234.24850463867188 394.502685546875 234.24850463867188 394.502685546875 447.9854736328125 196.42874145507812 447.9854736328125
192.24270629882812 230.7991180419922 391.98309326171875 230.7991180419922 391.98309326171875 444.79931640625 192.24270629882812 444.79931640625
187.85226440429688 235.0681610107422 392.3407440185547 235.0681610107422 392.3407440185547 445.23695373535156 187.85226440429688 445.23695373535156
171.80874633789062 231.02474975585938 376.7227783203125 231.02474975585938 376.7227783203125 441.6309051513672 171.80874633789062 441.6309051513672
172.54849243164062 226.41958618164062 380.0069885253906 226.41958618164062 380.0069885253906 439.6408996582031 172.54849243164062 439.6408996582031
165.4583282470703 222.4996795654297 376.8353729248047 222.4996795654297 376.8353729248047 439.7484130859375 165.4583282470703 439.7484130859375
171.28677368164062 216.80874633789062 376.36260986328125 216.80874633789062 376.36260986328125 440.15118408203125 171.28677368164062 440.15118408203125
169.99740600585938 219.15890502929688 382.84515380859375 219.15890502929688 382.84515380859375 437.91920471191406 169.99740600585938 437.91920471191406
171.7492218017578 207.04824829101562 378.2718963623047 207.04824829101562 378.2718963623047 433.9248046875 171.7492218017578 433.9248046875
177.7810821533203 188.9842987060547 361.09837341308594 188.9842987060547 361.09837341308594 443.1534423828125 177.7810821533203 443.1534423828125
174.7472381591797 182.30191040039062 357.7675018310547 182.30191040039062 357.7675018310547 440.0651550292969 174.7472381591797 440.0651550292969
172.9113311767578 185.35336303710938 357.3753204345703 185.35336303710938 357.3753204345703 434.8772430419922 172.9113311767578 434.8772430419922
165.1432342529297 184.3926239013672 349.7102355957031 184.3926239013672 349.7102355957031 431.4939880371094 165.1432342529297 431.4939880371094
160.46780395507812 182.8033447265625 347.1598815917969 182.8033447265625 347.1598815917969 434.4280242919922 160.46780395507812 434.4280242919922
147.84786987304688 203.7009735107422 366.91082763671875 203.7009735107422 366.91082763671875 428.8491668701172 147.84786987304688 428.8491668701172
141.61898803710938 218.39303588867188 365.13368225097656 218.39303588867188 365.13368225097656 448.1166229248047 141.61898803710938 448.1166229248047
145.0926055908203 219.52297973632812 374.4089660644531 219.52297973632812 374.4089660644531 455.2093811035156 145.0926055908203 455.2093811035156
140.03857421875 207.916259765625 375.9173278808594 207.916259765625 375.9173278808594 450.3473358154297 140.03857421875 450.3473358154297
146.76190185546875 206.8563690185547 374.62657165527344 206.8563690185547 374.62657165527344 455.6157684326172 146.76190185546875 455.6157684326172
150.22787475585938 187.6112518310547 376.07989501953125 187.6112518310547 376.07989501953125 450.63343811035156 150.22787475585938 450.63343811035156
159.0070037841797 178.9508819580078 376.9928436279297 178.9508819580078 376.9928436279297 449.3889617919922 159.0070037841797 449.3889617919922
171.24099731445312 177.7340087890625 378.5211944580078 177.7340087890625 378.5211944580078 456.1614074707031 171.24099731445312 456.1614074707031
176.4154815673828 180.79183959960938 387.13218688964844 180.79183959960938 387.13218688964844 447.601318359375 176.4154815673828 447.601318359375
184.3372802734375 177.19007873535156 380.4093475341797 177.19007873535156 380.4093475341797 455.22422790527344 184.3372802734375 455.22422790527344
196.49362182617188 182.39161682128906 393.73187255859375 182.39161682128906 393.73187255859375 456.5777130126953 196.49362182617188 456.5777130126953
196.2217559814453 187.3023223876953 392.8602294921875 187.3023223876953 392.8602294921875 462.3649139404297 196.2217559814453 462.3649139404297
190.89895629882812 193.4274139404297 397.3330383300781 193.4274139404297 397.3330383300781 462.4953155517578 190.89895629882812 462.4953155517578
189.546630859375 192.8198699951172 392.4471435546875 192.8198699951172 392.4471435546875 477.4890594482422 189.546630859375 477.4890594482422
169.44381713867188 199.59249877929688 392.09645080566406 199.59249877929688 392.09645080566406 472.74810791015625 169.44381713867188 472.74810791015625
160.5242462158203 202.785400390625 380.4078369140625 202.785400390625 380.4078369140625 486.9500427246094 160.5242462158203 486.9500427246094
147.28466796875 210.0608367919922 364.0584716796875 210.0608367919922 364.0584716796875 497.98094177246094 147.28466796875 497.98094177246094
130.8676300048828 211.71566772460938 357.10166931152344 211.71566772460938 357.10166931152344 502.2092590332031 130.8676300048828 502.2092590332031
118.38700103759766 221.648681640625 344.4529495239258 221.648681640625 344.4529495239258 512.8612976074219 118.38700103759766 512.8612976074219
108.39961242675781 226.7942352294922 335.085205078125 226.7942352294922 335.085205078125 519.0740814208984 108.39961242675781 519.0740814208984
98.99044036865234 219.6133270263672 317.36449432373047 219.6133270263672 317.36449432373047 514.0291900634766 98.99044036865234 514.0291900634766
90.81965637207031 219.49136352539062 309.7404022216797 219.49136352539062 309.7404022216797 517.0190124511719 90.81965637207031 517.0190124511719
80.4569091796875 211.4291534423828 294.3373718261719 211.4291534423828 294.3373718261719 512.1234283447266 80.4569091796875 512.1234283447266
79.90192413330078 210.9597625732422 293.0768814086914 210.9597625732422 293.0768814086914 504.9462127685547 79.90192413330078 504.9462127685547
77.6915054321289 202.1925506591797 295.1814956665039 202.1925506591797 295.1814956665039 496.05503845214844 77.6915054321289 496.05503845214844
75.54930114746094 198.6956329345703 292.77056884765625 198.6956329345703 292.77056884765625 494.86463928222656 75.54930114746094 494.86463928222656
65.62774658203125 194.169189453125 291.0111999511719 194.169189453125 291.0111999511719 494.83489990234375 65.62774658203125 494.83489990234375
61.22613525390625 187.7705078125 294.7287292480469 187.7705078125 294.7287292480469 495.64947509765625 61.22613525390625 495.64947509765625
52.64304733276367 196.7288818359375 282.5223960876465 196.7288818359375 282.5223960876465 511.8858337402344 52.64304733276367 511.8858337402344
36.15256118774414 190.6397705078125 293.12961196899414 190.6397705078125 293.12961196899414 494.67254638671875 36.15256118774414 494.67254638671875
32.24250030517578 190.4645538330078 282.28417205810547 190.4645538330078 282.28417205810547 499.3702850341797 32.24250030517578 499.3702850341797
29.035335540771484 184.9276123046875 273.20888900756836 184.9276123046875 273.20888900756836 494.9350280761719 29.035335540771484 494.9350280761719
23.232418060302734 189.9629669189453 259.9527244567871 189.9629669189453 259.9527244567871 498.6814727783203 23.232418060302734 498.6814727783203
6.152234077453613 197.7338409423828 263.0567750930786 197.7338409423828 263.0567750930786 481.10670471191406 6.152234077453613 481.10670471191406
25.100337982177734 184.71878051757812 256.11555099487305 184.71878051757812 256.11555099487305 501.0552978515625 25.100337982177734 501.0552978515625
7.343991279602051 186.66952514648438 260.3289461135864 186.66952514648438 260.3289461135864 466.9617614746094 7.343991279602051 466.9617614746094
8.784515380859375 186.87510681152344 260.7534637451172 186.87510681152344 260.7534637451172 467.82362365722656 8.784515380859375 467.82362365722656
0.0 189.9840545654297 264.06585693359375 189.9840545654297 264.06585693359375 461.38523864746094 0.0 461.38523864746094
12.023541450500488 183.14254760742188 257.188458442688 183.14254760742188 257.188458442688 480.9895324707031 12.023541450500488 480.9895324707031
17.014522552490234 174.67547607421875 256.7411308288574 174.67547607421875 256.7411308288574 491.4510498046875 17.014522552490234 491.4510498046875
22.018510818481445 163.12924194335938 247.01201057434082 163.12924194335938 247.01201057434082 505.9455871582031 22.018510818481445 505.9455871582031
2.4651381969451904 180.3523712158203 265.75795435905457 180.3523712158203 265.75795435905457 471.0354461669922 2.4651381969451904 471.0354461669922
0.0 194.2532196044922 264.23602294921875 194.2532196044922 264.23602294921875 465.8292694091797 0.0 465.8292694091797
0.0 195.527099609375 253.54629516601562 195.527099609375 253.54629516601562 456.116455078125 0.0 456.116455078125
0.0 208.0588836669922 249.5691375732422 208.0588836669922 249.5691375732422 464.5605926513672 0.0 464.5605926513672
0.0 205.8380126953125 251.0498046875 205.8380126953125 251.0498046875 463.8615417480469 0.0 463.8615417480469
0.0 198.66600036621094 244.1759796142578 198.66600036621094 244.1759796142578 449.62477111816406 0.0 449.62477111816406
0.0 212.8330535888672 238.8749542236328 212.8330535888672 238.8749542236328 458.3435516357422 0.0 458.3435516357422
0.0 188.72744750976562 246.3278045654297 188.72744750976562 246.3278045654297 441.89781188964844 0.0 441.89781188964844
0.0 187.5311737060547 245.92269897460938 187.5311737060547 245.92269897460938 440.28517150878906 0.0 440.28517150878906
0.0 192.42013549804688 240.7327117919922 192.42013549804688 240.7327117919922 439.83998107910156 0.0 439.83998107910156
0.0 187.8085479736328 241.7241668701172 187.8085479736328 241.7241668701172 436.2473907470703 0.0 436.2473907470703
0.0 186.0358123779297 246.61709594726562 186.0358123779297 246.61709594726562 439.5034637451172 0.0 439.5034637451172
