568.0 336.0 599.0 336.0 599.0 411.0 568.0 411.0
567.9469604492188 334.3195495605469 598.8929996490479 334.3195495605469 598.8929996490479 409.18900299072266 567.9469604492188 409.18900299072266
565.6419677734375 331.3755798339844 596.7513618469238 331.3755798339844 596.7513618469238 406.64024353027344 565.6419677734375 406.64024353027344
569.0059814453125 329.9779357910156 600.0477142333984 329.9779357910156 600.0477142333984 405.0789031982422 569.0059814453125 405.0789031982422
568.7357177734375 328.8694152832031 600.169958114624 328.8694152832031 600.169958114624 404.45411682128906 568.7357177734375 404.45411682128906
571.4547119140625 325.9254455566406 602.5282535552979 325.9254455566406 602.5282535552979 400.77806091308594 571.4547119140625 400.77806091308594
571.8938598632812 324.3253479003906 603.5170593261719 324.3253479003906 603.5170593261719 398.3797378540039 571.8938598632812 398.3797378540039
577.1272583007812 320.93560791015625 608.5658912658691 320.93560791015625 608.5658912658691 396.99681091308594 577.1272583007812 396.99681091308594
580.7364501953125 315.04510498046875 611.9172973632812 315.04510498046875 611.9172973632812 390.48262786865234 580.7364501953125 390.48262786865234
586.7427978515625 313.7410583496094 617.7426490783691 313.7410583496094 617.7426490783691 387.6279830932617 586.7427978515625 387.6279830932617
590.33251953125 310.8128662109375 621.229305267334 310.8128662109375 621.229305267334 383.89554595947266 590.33251953125 383.89554595947266
594.094482421875 304.15081787109375 624.1432228088379 304.15081787109375 624.1432228088379 377.91963958740234 594.094482421875 377.91963958740234
596.47119140625 294.1535949707031 626.7003211975098 294.1535949707031 626.7003211975098 371.38824462890625 596.47119140625 371.38824462890625
598.1190185546875 288.002197265625 627.534252166748 288.002197265625 627.534252166748 365.1977844238281 598.1190185546875 365.1977844238281
599.3780517578125 281.6578063964844 629.7621192932129 281.6578063964844 629.7621192932129 359.4855422973633 599.3780517578125 359.4855422973633
600.5379638671875 276.5244445800781 629.7079677581787 276.5244445800781 629.7079677581787 354.4397735595703 600.5379638671875 354.4397735595703
609.2277221679688 271.12603759765625 640.5626983642578 271.12603759765625 640.5626983642578 346.9364547729492 609.2277221679688 346.9364547729492
601.948974609375 262.8262634277344 631.5330772399902 262.8262634277344 631.5330772399902 342.6849670410156 601.948974609375 342.6849670410156
615.2760009765625 255.7548065185547 643.1662750244141 255.7548065185547 643.1662750244141 334.8526306152344 615.2760009765625 334.8526306152344
616.6650390625 253.7528839111328 644.3915767669678 253.7528839111328 644.3915767669678 331.6086120605469 616.6650390625 331.6086120605469
613.9910888671875 249.8965301513672 642.0704612731934 249.8965301513672 642.0704612731934 328.2206497192383 613.9910888671875 328.2206497192383
613.958984375 245.61819458007812 642.6335868835449 245.61819458007812 642.6335868835449 324.40814208984375 613.958984375 324.40814208984375
608.6741943359375 241.8788604736328 638.8608798980713 241.8788604736328 638.8608798980713 319.98458099365234 608.6741943359375 319.98458099365234
606.0858764648438 237.7049102783203 636.2245674133301 237.7049102783203 636.2245674133301 317.30078125 606.0858764648438 317.30078125
606.8177490234375 234.2533721923828 636.0019435882568 234.2533721923828 636.0019435882568 313.7764434814453 606.8177490234375 313.7764434814453
603.6539306640625 234.58554077148438 634.8069362640381 234.58554077148438 634.8069362640381 312.9320983886719 603.6539306640625 312.9320983886719
605.3162231445312 230.95657348632812 634.7153377532959 230.95657348632812 634.7153377532959 309.7600402832031 605.3162231445312 309.7600402832031
602.8602294921875 227.89193725585938 632.7135887145996 227.89193725585938 632.7135887145996 307.6168746948242 602.8602294921875 307.6168746948242
601.3951416015625 226.6604461669922 631.4714965820312 226.6604461669922 631.4714965820312 305.6596984863281 601.3951416015625 305.6596984863281
599.7991943359375 225.7558135986328 629.8734378814697 225.7558135986328 629.8734378814697 304.2624969482422 599.7991943359375 304.2624969482422
601.4002685546875 225.9499969482422 630.4761905670166 225.9499969482422 630.4761905670166 303.34496307373047 601.4002685546875 303.34496307373047
601.6707763671875 226.20419311523438 630.7930393218994 226.20419311523438 630.7930393218994 303.22682189941406 601.6707763671875 303.22682189941406
604.2435302734375 226.6130828857422 633.0864677429199 226.6130828857422 633.0864677429199 302.7745590209961 604.2435302734375 302.7745590209961
608.1175537109375 227.6320037841797 638.3532772064209 227.6320037841797 638.3532772064209 304.4245834350586 608.1175537109375 304.4245834350586
613.1903076171875 228.6918487548828 643.6826171875 228.6918487548828 643.6826171875 304.769775390625 613.1903076171875 304.769775390625
615.5093994140625 229.1639404296875 647.2809867858887 229.1639404296875 647.2809867858887 306.61019134521484 615.5093994140625 306.61019134521484
618.6649169921875 232.0631561279297 650.8795852661133 232.0631561279297 650.8795852661133 310.00186920166016 618.6649169921875 310.00186920166016
624.0458984375 229.12899780273438 654.905574798584 229.12899780273438 654.905574798584 308.0780258178711 624.0458984375 308.0780258178711
629.3741455078125 228.8370819091797 660.0505180358887 228.8370819091797 660.0505180358887 307.7435607910156 629.3741455078125 307.7435607910156
632.7784423828125 228.81765747070312 663.1177272796631 228.81765747070312 663.1177272796631 308.60369873046875 632.7784423828125 308.60369873046875
632.8350830078125 231.422607421875 664.2967166900635 231.422607421875 664.2967166900635 309.7740783691406 632.8350830078125 309.7740783691406
634.8523559570312 228.4191436767578 665.8962802886963 228.4191436767578 665.8962802886963 309.06382751464844 634.8523559570312 309.06382751464844
635.7001953125 228.135498046875 666.9824981689453 228.135498046875 666.9824981689453 308.1707000732422 635.7001953125 308.1707000732422
638.758056640625 228.519287109375 670.4016456604004 228.519287109375 670.4016456604004 307.5691680908203 638.758056640625 307.5691680908203
641.5299072265625 228.60977172851562 671.6049137115479 228.60977172851562 671.6049137115479 306.6819610595703 641.5299072265625 306.6819610595703
640.5753173828125 227.62460327148438 671.0158805847168 227.62460327148438 671.0158805847168 305.7997283935547 640.5753173828125 305.7997283935547
642.0948486328125 226.86099243164062 671.3286952972412 226.86099243164062 671.3286952972412 306.00584411621094 642.0948486328125 306.00584411621094
641.8380737304688 227.4067840576172 670.7677917480469 227.4067840576172 670.7677917480469 305.1868896484375 641.8380737304688 305.1868896484375
641.56005859375 227.4480743408203 670.5956840515137 227.4480743408203 670.5956840515137 304.8074645996094 641.56005859375 304.8074645996094
643.0855712890625 227.4499969482422 671.549560546875 227.4499969482422 671.549560546875 303.8457260131836 643.0855712890625 303.8457260131836
641.3704833984375 226.6444854736328 670.9437923431396 226.6444854736328 670.9437923431396 303.5147171020508 641.3704833984375 303.5147171020508
642.155029296875 225.729736328125 673.106725692749 225.729736328125 673.106725692749 304.35272216796875 642.155029296875 304.35272216796875
643.5905151367188 225.6775360107422 675.4588260650635 225.6775360107422 675.4588260650635 303.35552978515625 643.5905151367188 303.35552978515625
647.90478515625 225.54971313476562 679.3132667541504 225.54971313476562 679.3132667541504 302.84202575683594 647.90478515625 302.84202575683594
649.31396484375 225.9499969482422 680.438440322876 225.9499969482422 680.438440322876 302.3443145751953 649.31396484375 302.3443145751953
649.5467529296875 224.90457153320312 680.9977874755859 224.90457153320312 680.9977874755859 302.0226287841797 649.5467529296875 302.0226287841797
650.522705078125 224.26455688476562 681.9192199707031 224.26455688476562 681.9192199707031 301.01136779785156 650.522705078125 301.01136779785156
651.6987915039062 223.7759552001953 683.1050872802734 223.7759552001953 683.1050872802734 300.9061737060547 651.6987915039062 300.9061737060547
656.253662109375 221.35531616210938 687.4264621734619 221.35531616210938 687.4264621734619 298.9538269042969 656.253662109375 298.9538269042969
657.0792236328125 220.2208251953125 689.387321472168 220.2208251953125 689.387321472168 298.7952346801758 657.0792236328125 298.7952346801758
658.6122436523438 216.45547485351562 691.5192337036133 216.45547485351562 691.5192337036133 297.7061004638672 658.6122436523438 297.7061004638672
661.707275390625 217.6969757080078 695.0484199523926 217.6969757080078 695.0484199523926 295.44969940185547 661.707275390625 295.44969940185547
664.1092529296875 218.2982635498047 697.831169128418 218.2982635498047 697.831169128418 295.9471740722656 664.1092529296875 295.9471740722656
667.8944091796875 214.37631225585938 701.0154113769531 214.37631225585938 701.0154113769531 293.20245361328125 667.8944091796875 293.20245361328125
669.5162963867188 213.7370147705078 703.7298278808594 213.7370147705078 703.7298278808594 293.73265838623047 669.5162963867188 293.73265838623047
673.5382080078125 213.61068725585938 707.0523452758789 213.61068725585938 707.0523452758789 292.4570846557617 673.5382080078125 292.4570846557617
677.7139892578125 212.3627471923828 711.0129470825195 212.3627471923828 711.0129470825195 291.51158905029297 677.7139892578125 291.51158905029297
681.5621948242188 211.1007537841797 714.408504486084 211.1007537841797 714.408504486084 290.0845031738281 681.5621948242188 290.0845031738281
686.3453979492188 210.35238647460938 719.7220764160156 210.35238647460938 719.7220764160156 289.0692596435547 686.3453979492188 289.0692596435547
690.0185546875 210.63485717773438 722.393196105957 210.63485717773438 722.393196105957 289.1444854736328 690.0185546875 289.1444854736328
690.1136474609375 210.4803924560547 723.8057479858398 210.4803924560547 723.8057479858398 289.59362030029297 690.1136474609375 289.59362030029297
693.0016479492188 208.3643341064453 726.8119277954102 208.3643341064453 726.8119277954102 288.7196807861328 693.0016479492188 288.7196807861328
694.7822875976562 208.5903778076172 728.5944061279297 208.5903778076172 728.5944061279297 288.0756149291992 694.7822875976562 288.0756149291992
696.9239501953125 207.8336639404297 730.6801986694336 207.8336639404297 730.6801986694336 288.17047119140625 696.9239501953125 288.17047119140625
699.0096435546875 208.26199340820312 731.687255859375 208.26199340820312 731.687255859375 286.9309539794922 699.0096435546875 286.9309539794922
700.6558837890625 207.5466766357422 731.9349975585938 207.5466766357422 731.9349975585938 285.63887786865234 700.6558837890625 285.63887786865234
701.2508544921875 209.4345703125 731.672384262085 209.4345703125 731.672384262085 285.87410736083984 701.2508544921875 285.87410736083984
702.2806396484375 211.09848022460938 731.7816772460938 211.09848022460938 731.7816772460938 286.06349182128906 702.2806396484375 286.06349182128906
702.4051513671875 212.2543487548828 731.9274387359619 212.2543487548828 731.9274387359619 287.6885986328125 702.4051513671875 287.6885986328125
701.6854248046875 214.3026885986328 731.4804382324219 214.3026885986328 731.4804382324219 288.86029052734375 701.6854248046875 288.86029052734375
700.7098388671875 215.6951904296875 730.7136116027832 215.6951904296875 730.7136116027832 290.37242889404297 700.7098388671875 290.37242889404297
698.6804809570312 215.9760284423828 729.7389888763428 215.9760284423828 729.7389888763428 291.5638122558594 698.6804809570312 291.5638122558594
696.8980712890625 216.80947875976562 727.9308471679688 216.80947875976562 727.9308471679688 293.45692443847656 696.8980712890625 293.45692443847656
694.9634399414062 220.3802032470703 725.5469665527344 220.3802032470703 725.5469665527344 294.85128021240234 694.9634399414062 294.85128021240234
687.9855346679688 217.4927978515625 720.1396408081055 217.4927978515625 720.1396408081055 295.68753814697266 687.9855346679688 295.68753814697266
685.3854370117188 220.21826171875 717.4855728149414 220.21826171875 717.4855728149414 297.42411041259766 685.3854370117188 297.42411041259766
681.71630859375 223.1917724609375 712.9210147857666 223.1917724609375 712.9210147857666 300.5376434326172 681.71630859375 300.5376434326172
680.6744384765625 222.3815155029297 711.4403839111328 222.3815155029297 711.4403839111328 299.6264190673828 680.6744384765625 299.6264190673828
677.4901123046875 225.29598999023438 706.8471794128418 225.29598999023438 706.8471794128418 302.2835235595703 677.4901123046875 302.2835235595703
675.8823852539062 226.537353515625 705.0966758728027 226.537353515625 705.0966758728027 303.56581115722656 675.8823852539062 303.56581115722656
673.6082153320312 225.6271514892578 703.7939052581787 225.6271514892578 703.7939052581787 304.22499084472656 673.6082153320312 304.22499084472656
671.1290893554688 226.31991577148438 701.9324798583984 226.31991577148438 701.9324798583984 305.9067840576172 671.1290893554688 305.9067840576172
668.1878051757812 226.8383026123047 699.7659606933594 226.8383026123047 699.7659606933594 306.49501037597656 668.1878051757812 306.49501037597656
667.9872436523438 228.0200653076172 699.3618869781494 228.0200653076172 699.3618869781494 307.53389739990234 667.9872436523438 307.53389739990234
667.5240478515625 227.9364013671875 698.8813171386719 227.9364013671875 698.8813171386719 307.61497497558594 667.5240478515625 307.61497497558594
663.0286865234375 229.0121307373047 694.8720703125 229.0121307373047 694.8720703125 308.8992462158203 663.0286865234375 308.8992462158203
658.7140502929688 228.5748748779297 691.906364440918 228.5748748779297 691.906364440918 309.72900390625 658.7140502929688 309.72900390625
654.7850341796875 228.62356567382812 688.6776962280273 228.62356567382812 688.6776962280273 311.17528533935547 654.7850341796875 311.17528533935547
654.7119140625 229.37216186523438 688.6281204223633 229.37216186523438 688.6281204223633 312.2120819091797 654.7119140625 312.2120819091797
655.0912475585938 231.15682983398438 688.7796020507812 231.15682983398438 688.7796020507812 313.3548126220703 655.0912475585938 313.3548126220703
655.2456665039062 231.26171875 688.4661026000977 231.26171875 688.4661026000977 312.8543701171875 655.2456665039062 312.8543701171875
658.0498046875 231.3951873779297 691.3062515258789 231.3951873779297 691.3062515258789 313.61971282958984 658.0498046875 313.61971282958984
656.1309204101562 232.04397583007812 689.6198196411133 232.04397583007812 689.6198196411133 315.7157516479492 656.1309204101562 315.7157516479492
660.5139770507812 235.9463348388672 693.1661148071289 235.9463348388672 693.1661148071289 316.61368560791016 660.5139770507812 316.61368560791016
656.874267578125 235.8444061279297 690.1042442321777 235.8444061279297 690.1042442321777 318.0918197631836 656.874267578125 318.0918197631836
656.7303466796875 236.01846313476562 690.1578903198242 236.01846313476562 690.1578903198242 318.23241424560547 656.7303466796875 318.23241424560547
657.5169067382812 236.62948608398438 691.0347747802734 236.62948608398438 691.0347747802734 318.45203399658203 657.5169067382812 318.45203399658203
656.7388916015625 238.72445678710938 689.8405532836914 238.72445678710938 689.8405532836914 319.7599105834961 656.7388916015625 319.7599105834961
653.5841674804688 241.17019653320312 687.3709182739258 241.17019653320312 687.3709182739258 323.8672103881836 653.5841674804688 323.8672103881836
651.5568237304688 241.6190948486328 687.3864784240723 241.6190948486328 687.3864784240723 325.74600982666016 651.5568237304688 325.74600982666016
645.6487426757812 245.9632110595703 682.6205673217773 245.9632110595703 682.6205673217773 331.84993743896484 645.6487426757812 331.84993743896484
642.2990112304688 248.97216796875 678.3362274169922 248.97216796875 678.3362274169922 334.91703033447266 642.2990112304688 334.91703033447266
635.5613403320312 252.57528686523438 671.2334136962891 252.57528686523438 671.2334136962891 337.58300018310547 635.5613403320312 337.58300018310547
629.3158569335938 257.0925598144531 664.975830078125 257.0925598144531 664.975830078125 339.6190948486328 629.3158569335938 339.6190948486328
622.12060546875 258.8138427734375 658.1420249938965 258.8138427734375 658.1420249938965 342.17201232910156 622.12060546875 342.17201232910156
620.60693359375 261.13885498046875 656.6638374328613 261.13885498046875 656.6638374328613 342.5821304321289 620.60693359375 342.5821304321289
615.0186767578125 262.6480712890625 651.2889022827148 262.6480712890625 651.2889022827148 345.750732421875 615.0186767578125 345.750732421875
610.4215698242188 265.4017333984375 646.2196884155273 265.4017333984375 646.2196884155273 347.2403564453125 610.4215698242188 347.2403564453125
605.6185302734375 263.779296875 640.9705390930176 263.779296875 640.9705390930176 345.2967071533203 605.6185302734375 345.2967071533203
601.93798828125 266.9202880859375 637.7526550292969 266.9202880859375 637.7526550292969 347.01255798339844 601.93798828125 347.01255798339844
598.5999755859375 266.62188720703125 634.6901702880859 266.62188720703125 634.6901702880859 347.5406799316406 598.5999755859375 347.5406799316406
594.3624267578125 265.49017333984375 630.3745384216309 265.49017333984375 630.3745384216309 346.7552185058594 594.3624267578125 346.7552185058594
593.3896484375 265.18743896484375 629.4196395874023 265.18743896484375 629.4196395874023 346.85311126708984 593.3896484375 346.85311126708984
596.1007080078125 268.36614990234375 630.919807434082 268.36614990234375 630.919807434082 347.66180419921875 596.1007080078125 347.66180419921875
595.2828369140625 266.9727783203125 631.800910949707 266.9727783203125 631.800910949707 347.56334686279297 595.2828369140625 347.56334686279297
598.641845703125 267.21136474609375 636.5478439331055 267.21136474609375 636.5478439331055 348.3842315673828 598.641845703125 348.3842315673828
601.3478393554688 267.760498046875 639.1727867126465 267.760498046875 639.1727867126465 348.6487579345703 601.3478393554688 348.6487579345703
604.7263793945312 267.9302673339844 641.9316253662109 267.9302673339844 641.9316253662109 348.00555419921875 604.7263793945312 348.00555419921875
605.4598388671875 265.9289855957031 643.5353965759277 265.9289855957031 643.5353965759277 347.31141662597656 605.4598388671875 347.31141662597656
606.1907958984375 264.159423828125 644.5861968994141 264.159423828125 644.5861968994141 347.68763732910156 606.1907958984375 347.68763732910156
610.0095825195312 266.73712158203125 646.5761299133301 266.73712158203125 646.5761299133301 349.8987045288086 610.0095825195312 349.8987045288086
610.1113891601562 268.42169189453125 646.6548461914062 268.42169189453125 646.6548461914062 350.2833480834961 610.1113891601562 350.2833480834961
612.544677734375 268.4605712890625 648.7894668579102 268.4605712890625 648.7894668579102 349.45654296875 612.544677734375 349.45654296875
613.6430053710938 270.0508117675781 649.391429901123 270.0508117675781 649.391429901123 352.8441467285156 613.6430053710938 352.8441467285156
616.6033935546875 271.577880859375 651.7950668334961 271.577880859375 651.7950668334961 351.7312545776367 616.6033935546875 351.7312545776367
615.8501586914062 273.7677307128906 650.249382019043 273.7677307128906 650.249382019043 354.5100631713867 615.8501586914062 354.5100631713867
618.09423828125 275.652099609375 651.5280532836914 275.652099609375 651.5280532836914 355.78387451171875 618.09423828125 355.78387451171875
616.5869140625 275.15399169921875 651.1044425964355 275.15399169921875 651.1044425964355 357.4997787475586 616.5869140625 357.4997787475586
614.2396850585938 274.80096435546875 647.9504928588867 274.80096435546875 647.9504928588867 358.7428894042969 614.2396850585938 358.7428894042969
613.0774536132812 274.80963134765625 647.3208236694336 274.80963134765625 647.3208236694336 359.4010009765625 613.0774536132812 359.4010009765625
615.8216552734375 276.1329650878906 649.5747833251953 276.1329650878906 649.5747833251953 359.3421859741211 615.8216552734375 359.3421859741211
615.373779296875 276.27032470703125 648.6915817260742 276.27032470703125 648.6915817260742 358.7586975097656 615.373779296875 358.7586975097656
615.5046997070312 276.48272705078125 648.8309097290039 276.48272705078125 648.8309097290039 358.4529571533203 615.5046997070312 358.4529571533203
615.1102294921875 276.60052490234375 648.9264984130859 276.60052490234375 648.9264984130859 358.8476104736328 615.1102294921875 358.8476104736328
612.2809448242188 274.94390869140625 646.1617584228516 274.94390869140625 646.1617584228516 357.9551696777344 612.2809448242188 357.9551696777344
611.190185546875 275.5494079589844 644.9393501281738 275.5494079589844 644.9393501281738 358.3288269042969 611.190185546875 358.3288269042969
612.1568603515625 277.08929443359375 645.3713150024414 277.08929443359375 645.3713150024414 358.7855224609375 612.1568603515625 358.7855224609375
609.2681884765625 275.5196228027344 642.9176979064941 275.5196228027344 642.9176979064941 358.3598327636719 609.2681884765625 358.3598327636719
608.8265380859375 274.023681640625 643.269645690918 274.023681640625 643.269645690918 357.46104431152344 608.8265380859375 357.46104431152344
608.7005615234375 274.9080505371094 643.5230827331543 274.9080505371094 643.5230827331543 359.3717803955078 608.7005615234375 359.3717803955078
608.5006713867188 275.0173034667969 643.4547233581543 275.0173034667969 643.4547233581543 359.2567596435547 608.5006713867188 359.2567596435547
608.495361328125 275.59979248046875 642.601692199707 275.59979248046875 642.601692199707 359.46905517578125 608.495361328125 359.46905517578125
608.9371337890625 276.08612060546875 643.0749092102051 276.08612060546875 643.0749092102051 359.7179183959961 608.9371337890625 359.7179183959961
608.86181640625 275.32586669921875 643.2663497924805 275.32586669921875 643.2663497924805 359.9874267578125 608.86181640625 359.9874267578125
608.5709838867188 273.3799743652344 643.5020408630371 273.3799743652344 643.5020408630371 358.23951721191406 608.5709838867188 358.23951721191406
609.3330688476562 274.06842041015625 644.5348434448242 274.06842041015625 644.5348434448242 359.37535858154297 609.3330688476562 359.37535858154297
609.0977783203125 273.537109375 644.5668106079102 273.537109375 644.5668106079102 359.4365005493164 609.0977783203125 359.4365005493164
607.8762817382812 271.8166809082031 643.7189521789551 271.8166809082031 643.7189521789551 359.1712188720703 607.8762817382812 359.1712188720703
610.2438354492188 271.24554443359375 645.5533790588379 271.24554443359375 645.5533790588379 357.63077545166016 610.2438354492188 357.63077545166016
613.4005737304688 273.93701171875 648.2871170043945 273.93701171875 648.2871170043945 358.97816467285156 613.4005737304688 358.97816467285156
612.7359619140625 273.69097900390625 647.9317626953125 273.69097900390625 647.9317626953125 358.7368927001953 612.7359619140625 358.7368927001953
612.3632202148438 272.49981689453125 647.7599754333496 272.49981689453125 647.7599754333496 357.8084487915039 612.3632202148438 357.8084487915039
611.56884765625 271.41766357421875 647.8164024353027 271.41766357421875 647.8164024353027 358.0268096923828 611.56884765625 358.0268096923828
613.01171875 274.16900634765625 648.6018218994141 274.16900634765625 648.6018218994141 359.4892349243164 613.01171875 359.4892349243164
611.6244506835938 272.6285705566406 647.4209213256836 272.6285705566406 647.4209213256836 359.38590240478516 611.6244506835938 359.38590240478516
612.1358642578125 273.2584533691406 647.6983871459961 273.2584533691406 647.6983871459961 359.3285675048828 612.1358642578125 359.3285675048828
615.7662353515625 274.1272888183594 650.9047317504883 274.1272888183594 650.9047317504883 359.65940856933594 615.7662353515625 359.65940856933594
614.0889892578125 272.7464904785156 649.9706039428711 272.7464904785156 649.9706039428711 359.55582427978516 614.0889892578125 359.55582427978516
613.89794921875 272.5049743652344 649.7569313049316 272.5049743652344 649.7569313049316 361.16932678222656 613.89794921875 361.16932678222656
612.3517456054688 273.18988037109375 648.6366348266602 273.18988037109375 648.6366348266602 362.9727020263672 612.3517456054688 362.9727020263672
609.5755615234375 270.8192443847656 647.3221435546875 270.8192443847656 647.3221435546875 363.2565689086914 609.5755615234375 363.2565689086914
611.6388549804688 274.279052734375 648.4523658752441 274.279052734375 648.4523658752441 365.9298095703125 611.6388549804688 365.9298095703125
611.9553833007812 275.7679138183594 648.9474258422852 275.7679138183594 648.9474258422852 368.2262725830078 611.9553833007812 368.2262725830078
610.6324462890625 277.10809326171875 647.59814453125 277.10809326171875 647.59814453125 367.75779724121094 610.6324462890625 367.75779724121094
607.1005859375 274.9131774902344 644.8753128051758 274.9131774902344 644.8753128051758 366.0960159301758 607.1005859375 366.0960159301758
607.9022216796875 277.3818359375 646.3152084350586 277.3818359375 646.3152084350586 369.2668228149414 607.9022216796875 369.2668228149414
604.7066040039062 278.9822692871094 643.406665802002 278.9822692871094 643.406665802002 369.6036834716797 604.7066040039062 369.6036834716797
600.9480590820312 276.88250732421875 640.4389114379883 276.88250732421875 640.4389114379883 369.7870864868164 600.9480590820312 369.7870864868164
598.8333740234375 280.03961181640625 637.6298370361328 280.03961181640625 637.6298370361328 370.4889831542969 598.8333740234375 370.4889831542969
595.36328125 278.7454528808594 634.9830589294434 278.7454528808594 634.9830589294434 368.08451080322266 595.36328125 368.08451080322266
593.6005859375 281.2430114746094 632.5272750854492 281.2430114746094 632.5272750854492 370.39451599121094 593.6005859375 370.39451599121094
592.1868896484375 282.7474060058594 631.2817611694336 282.7474060058594 631.2817611694336 370.93778228759766 592.1868896484375 370.93778228759766
587.7060546875 281.6679992675781 626.985954284668 281.6679992675781 626.985954284668 370.81554412841797 587.7060546875 370.81554412841797
582.6427001953125 281.80169677734375 622.2264213562012 281.80169677734375 622.2264213562012 371.90030670166016 582.6427001953125 371.90030670166016
579.7694702148438 281.9608154296875 618.596076965332 281.9608154296875 618.596076965332 370.25057220458984 579.7694702148438 370.25057220458984
573.0227661132812 280.0776672363281 612.0610885620117 280.0776672363281 612.0610885620117 368.95745849609375 573.0227661132812 368.95745849609375
568.5016479492188 278.7575988769531 608.3850593566895 278.7575988769531 608.3850593566895 369.35252380371094 568.5016479492188 369.35252380371094
558.6697998046875 276.28179931640625 599.9937591552734 276.28179931640625 599.9937591552734 369.20481872558594 558.6697998046875 369.20481872558594
551.7884521484375 275.24273681640625 592.7948112487793 275.24273681640625 592.7948112487793 367.26795959472656 551.7884521484375 367.26795959472656
544.314453125 274.2117614746094 584.4871978759766 274.2117614746094 584.4871978759766 367.51466369628906 544.314453125 367.51466369628906
536.3914184570312 273.79510498046875 576.4171867370605 273.79510498046875 576.4171867370605 367.061767578125 536.3914184570312 367.061767578125
526.5457153320312 274.8536376953125 565.4640235900879 274.8536376953125 565.4640235900879 365.7438735961914 526.5457153320312 365.7438735961914
522.0695190429688 273.93890380859375 559.9178047180176 273.93890380859375 559.9178047180176 362.84314727783203 522.0695190429688 362.84314727783203
516.7943115234375 275.12066650390625 553.9681663513184 275.12066650390625 553.9681663513184 360.4756851196289 516.7943115234375 360.4756851196289
504.86236572265625 275.11029052734375 541.7342758178711 275.11029052734375 541.7342758178711 360.1800003051758 504.86236572265625 360.1800003051758
489.19012451171875 278.91790771484375 527.0828666687012 278.91790771484375 527.0828666687012 363.7145767211914 489.19012451171875 363.7145767211914
471.16265869140625 283.0920104980469 511.51564025878906 283.0920104980469 511.51564025878906 366.4462203979492 471.16265869140625 366.4462203979492
451.99755859375 285.34600830078125 494.2015495300293 285.34600830078125 494.2015495300293 371.72157287597656 451.99755859375 371.72157287597656
445.1214294433594 282.47613525390625 483.52391815185547 282.47613525390625 483.52391815185547 362.2838897705078 445.1214294433594 362.2838897705078
440.13470458984375 284.29852294921875 476.1083450317383 284.29852294921875 476.1083450317383 361.59215545654297 440.13470458984375 361.59215545654297
434.7034606933594 277.97088623046875 470.10412979125977 277.97088623046875 470.10412979125977 356.5514678955078 434.7034606933594 356.5514678955078
436.4900817871094 282.09765625 470.38716888427734 282.09765625 470.38716888427734 359.4274444580078 436.4900817871094 359.4274444580078
438.9051818847656 280.21331787109375 473.27175521850586 280.21331787109375 473.27175521850586 356.4945831298828 438.9051818847656 356.4945831298828
441.062744140625 279.56903076171875 475.1781997680664 279.56903076171875 475.1781997680664 356.0020980834961 441.062744140625 356.0020980834961
439.28448486328125 278.73388671875 473.4039840698242 278.73388671875 473.4039840698242 356.78858947753906 439.28448486328125 356.78858947753906
445.71240234375 279.27264404296875 479.03902435302734 279.27264404296875 479.03902435302734 356.11307525634766 445.71240234375 356.11307525634766
449.79736328125 280.38775634765625 484.5756645202637 280.38775634765625 484.5756645202637 355.6020965576172 449.79736328125 355.6020965576172
453.7793884277344 280.78790283203125 489.7330436706543 280.78790283203125 489.7330436706543 355.49749755859375 453.7793884277344 355.49749755859375
457.31475830078125 275.88360595703125 493.4650650024414 275.88360595703125 493.4650650024414 351.38978576660156 457.31475830078125 351.38978576660156
461.5142517089844 276.97552490234375 498.1853485107422 276.97552490234375 498.1853485107422 355.4960174560547 461.5142517089844 355.4960174560547
463.67071533203125 277.0399169921875 500.9760055541992 277.0399169921875 500.9760055541992 356.6383285522461 463.67071533203125 356.6383285522461
470.81005859375 277.0875549316406 506.8381042480469 277.0875549316406 506.8381042480469 355.2698440551758 470.81005859375 355.2698440551758
470.0901794433594 275.2079772949219 506.7997398376465 275.2079772949219 506.7997398376465 353.4168014526367 470.0901794433594 353.4168014526367
470.8584899902344 272.2753601074219 507.2027702331543 272.2753601074219 507.2027702331543 349.58677673339844 470.8584899902344 349.58677673339844
473.30548095703125 267.2008972167969 510.4942741394043 267.2008972167969 510.4942741394043 348.24107360839844 473.30548095703125 348.24107360839844
473.8360290527344 263.4942626953125 511.74625396728516 263.4942626953125 511.74625396728516 344.80518341064453 473.8360290527344 344.80518341064453
473.884765625 253.5507049560547 512.2748641967773 253.5507049560547 512.2748641967773 346.429931640625 473.884765625 346.429931640625
478.8834533691406 260.5928649902344 516.914134979248 260.5928649902344 516.914134979248 343.59303283691406 478.8834533691406 343.59303283691406
480.42950439453125 261.8680114746094 520.2687225341797 261.8680114746094 520.2687225341797 347.3083953857422 480.42950439453125 347.3083953857422
493.0692443847656 258.75274658203125 530.495189666748 258.75274658203125 530.495189666748 349.29935455322266 493.0692443847656 349.29935455322266
497.95635986328125 263.9630432128906 535.2279663085938 263.9630432128906 535.2279663085938 354.1362609863281 497.95635986328125 354.1362609863281
499.16546630859375 269.5736389160156 537.1374740600586 269.5736389160156 537.1374740600586 353.52710723876953 499.16546630859375 353.52710723876953
505.64306640625 276.2047424316406 542.5158309936523 276.2047424316406 542.5158309936523 360.6616973876953 505.64306640625 360.6616973876953
507.25335693359375 279.90472412109375 545.3326530456543 279.90472412109375 545.3326530456543 369.34754943847656 507.25335693359375 369.34754943847656
509.19903564453125 289.1310119628906 547.9692726135254 289.1310119628906 547.9692726135254 378.2588577270508 509.19903564453125 378.2588577270508
512.9566650390625 294.08428955078125 551.1883316040039 294.08428955078125 551.1883316040039 384.52684783935547 512.9566650390625 384.52684783935547
515.427001953125 297.9585266113281 554.1719207763672 297.9585266113281 554.1719207763672 388.88204193115234 515.427001953125 388.88204193115234
518.4383544921875 299.8071594238281 558.3252372741699 299.8071594238281 558.3252372741699 389.8917236328125 518.4383544921875 389.8917236328125
521.6276245117188 300.70025634765625 562.7967834472656 300.70025634765625 562.7967834472656 392.14024353027344 521.6276245117188 392.14024353027344
527.1646728515625 303.11944580078125 568.6333236694336 303.11944580078125 568.6333236694336 393.7393341064453 527.1646728515625 393.7393341064453
530.22216796875 300.3553161621094 570.892147064209 300.3553161621094 570.892147064209 393.55393981933594 530.22216796875 393.55393981933594
534.7846069335938 297.67852783203125 575.2656478881836 297.67852783203125 575.2656478881836 392.26734161376953 534.7846069335938 392.26734161376953
538.701416015625 295.4750061035156 579.0618171691895 295.4750061035156 579.0618171691895 389.4615020751953 538.701416015625 389.4615020751953
541.8610229492188 296.91229248046875 584.4275550842285 296.91229248046875 584.4275550842285 385.8324737548828 541.8610229492188 385.8324737548828
548.5202026367188 292.2147216796875 589.1431007385254 292.2147216796875 589.1431007385254 382.9446105957031 548.5202026367188 382.9446105957031
555.6409301757812 290.13287353515625 594.0722007751465 290.13287353515625 594.0722007751465 377.9936981201172 555.6409301757812 377.9936981201172
558.4820556640625 285.4573974609375 597.0386772155762 285.4573974609375 597.0386772155762 376.52103424072266 558.4820556640625 376.52103424072266
568.3073120117188 283.85400390625 604.9638442993164 283.85400390625 604.9638442993164 370.9241485595703 568.3073120117188 370.9241485595703
567.5977783203125 280.42657470703125 607.6518821716309 280.42657470703125 607.6518821716309 369.3863220214844 567.5977783203125 369.3863220214844
582.5684814453125 276.0182189941406 621.5493392944336 276.0182189941406 621.5493392944336 365.0323028564453 582.5684814453125 365.0323028564453
587.7559814453125 275.8026428222656 628.6333045959473 275.8026428222656 628.6333045959473 365.28216552734375 587.7559814453125 365.28216552734375
593.8722534179688 275.27813720703125 635.1802864074707 275.27813720703125 635.1802864074707 367.10962677001953 593.8722534179688 367.10962677001953
602.1560668945312 274.7774963378906 642.9949150085449 274.7774963378906 642.9949150085449 367.02555084228516 602.1560668945312 367.02555084228516
609.3878173828125 276.14697265625 650.857307434082 276.14697265625 650.857307434082 369.8001174926758 609.3878173828125 369.8001174926758
623.97412109375 275.48553466796875 668.2400894165039 275.48553466796875 668.2400894165039 370.84181213378906 623.97412109375 370.84181213378906
631.5322875976562 275.1841735839844 674.959716796875 275.1841735839844 674.959716796875 371.26597595214844 631.5322875976562 371.26597595214844
642.8906860351562 274.4532775878906 687.3093147277832 274.4532775878906 687.3093147277832 371.49072265625 642.8906860351562 371.49072265625
650.7972412109375 275.0853576660156 695.2110977172852 275.0853576660156 695.2110977172852 371.9611511230469 650.7972412109375 371.9611511230469
658.5489501953125 274.0906982421875 703.2724914550781 274.0906982421875 703.2724914550781 370.69972229003906 658.5489501953125 370.69972229003906
674.9320678710938 268.57550048828125 720.3686676025391 268.57550048828125 720.3686676025391 369.04349517822266 674.9320678710938 369.04349517822266
685.2633666992188 267.65374755859375 729.9670333862305 267.65374755859375 729.9670333862305 368.62950134277344 685.2633666992188 368.62950134277344
690.2674560546875 270.03509521484375 735.8400077819824 270.03509521484375 735.8400077819824 368.0773696899414 690.2674560546875 368.0773696899414
695.7567749023438 272.92889404296875 741.3025512695312 272.92889404296875 741.3025512695312 369.5257797241211 695.7567749023438 369.5257797241211
699.3204345703125 272.53997802734375 744.4452896118164 272.53997802734375 744.4452896118164 371.3622283935547 699.3204345703125 371.3622283935547
714.044677734375 270.53216552734375 759.206672668457 270.53216552734375 759.206672668457 366.81031036376953 714.044677734375 366.81031036376953
719.1153564453125 270.8813171386719 763.9087181091309 270.8813171386719 763.9087181091309 367.36866760253906 719.1153564453125 367.36866760253906
723.3912353515625 270.228759765625 767.3690795898438 270.228759765625 767.3690795898438 368.6940155029297 723.3912353515625 368.6940155029297
732.0017700195312 267.93487548828125 775.9410057067871 267.93487548828125 775.9410057067871 366.73651123046875 732.0017700195312 366.73651123046875
732.8629760742188 270.2716369628906 777.8599128723145 270.2716369628906 777.8599128723145 365.6779479980469 732.8629760742188 365.6779479980469
739.7810668945312 268.50701904296875 785.0637664794922 268.50701904296875 785.0637664794922 362.91324615478516 739.7810668945312 362.91324615478516
740.235107421875 266.4538879394531 783.2054824829102 266.4538879394531 783.2054824829102 363.7163543701172 740.235107421875 363.7163543701172
738.7528686523438 268.1724548339844 782.5009117126465 268.1724548339844 782.5009117126465 365.1659393310547 738.7528686523438 365.1659393310547
739.34716796875 268.124755859375 782.7019348144531 268.124755859375 782.7019348144531 365.9733352661133 739.34716796875 365.9733352661133
740.575927734375 268.7948303222656 783.5063285827637 268.7948303222656 783.5063285827637 366.83018493652344 740.575927734375 366.83018493652344
742.7944946289062 270.5028991699219 785.6798820495605 270.5028991699219 785.6798820495605 370.26900482177734 742.7944946289062 370.26900482177734
743.34326171875 271.2757873535156 785.6817665100098 271.2757873535156 785.6817665100098 371.7442169189453 743.34326171875 371.7442169189453
745.3768310546875 272.9517517089844 788.1613845825195 272.9517517089844 788.1613845825195 372.5123291015625 745.3768310546875 372.5123291015625
745.4044799804688 273.09503173828125 787.6656112670898 273.09503173828125 787.6656112670898 372.80052947998047 745.4044799804688 372.80052947998047
749.0391845703125 274.5076599121094 792.2961235046387 274.5076599121094 792.2961235046387 374.05770111083984 749.0391845703125 374.05770111083984
756.2520751953125 271.9243469238281 799.9887466430664 271.9243469238281 799.9887466430664 372.5678939819336 756.2520751953125 372.5678939819336
758.1510009765625 273.45806884765625 801.0110054016113 273.45806884765625 801.0110054016113 373.953369140625 758.1510009765625 373.953369140625
761.9415283203125 271.4934387207031 804.4695014953613 271.4934387207031 804.4695014953613 373.1444396972656 761.9415283203125 373.1444396972656
763.7868041992188 270.7904968261719 806.229663848877 270.7904968261719 806.229663848877 373.4748229980469 763.7868041992188 373.4748229980469
762.0416259765625 272.39886474609375 804.4098930358887 272.39886474609375 804.4098930358887 374.90272521972656 762.0416259765625 374.90272521972656
760.82080078125 275.110595703125 803.6730651855469 275.110595703125 803.6730651855469 378.7854232788086 760.82080078125 378.7854232788086
758.9841918945312 280.8040466308594 800.6222724914551 280.8040466308594 800.6222724914551 383.7224807739258 758.9841918945312 383.7224807739258
758.4506225585938 283.3682556152344 799.5783233642578 283.3682556152344 799.5783233642578 383.544921875 758.4506225585938 383.544921875
760.3787231445312 284.0054626464844 802.2156066894531 284.0054626464844 802.2156066894531 384.8552474975586 760.3787231445312 384.8552474975586
761.3967895507812 282.50506591796875 803.1980819702148 282.50506591796875 803.1980819702148 383.07704162597656 761.3967895507812 383.07704162597656
761.3211669921875 284.3756408691406 803.4413414001465 284.3756408691406 803.4413414001465 384.27345275878906 761.3211669921875 384.27345275878906
759.1093139648438 284.5382385253906 801.0772933959961 284.5382385253906 801.0772933959961 385.01759338378906 759.1093139648438 385.01759338378906
762.8282470703125 283.96600341796875 805.0169677734375 283.96600341796875 805.0169677734375 383.961181640625 762.8282470703125 383.961181640625
762.8480224609375 284.2889709472656 805.6523361206055 284.2889709472656 805.6523361206055 386.18446350097656 762.8480224609375 386.18446350097656
763.5899658203125 281.8163146972656 806.4458122253418 281.8163146972656 806.4458122253418 385.4998092651367 763.5899658203125 385.4998092651367
759.3619384765625 288.9031066894531 802.1719856262207 288.9031066894531 802.1719856262207 388.2754898071289 759.3619384765625 388.2754898071289
759.3530883789062 287.3138732910156 802.1519584655762 287.3138732910156 802.1519584655762 387.72338104248047 759.3530883789062 387.72338104248047
760.98291015625 286.9156188964844 803.9744186401367 286.9156188964844 803.9744186401367 387.84205627441406 760.98291015625 387.84205627441406
761.72509765625 286.6020202636719 805.2286148071289 286.6020202636719 805.2286148071289 390.6194610595703 761.72509765625 390.6194610595703
760.5447998046875 287.82489013671875 805.624927520752 287.82489013671875 805.624927520752 393.41109466552734 760.5447998046875 393.41109466552734
759.5587158203125 289.20819091796875 805.3383483886719 289.20819091796875 805.3383483886719 396.72745513916016 759.5587158203125 396.72745513916016
760.5594482421875 292.18609619140625 805.6014442443848 292.18609619140625 805.6014442443848 399.5862579345703 760.5594482421875 399.5862579345703
764.4135131835938 291.9914855957031 809.601001739502 291.9914855957031 809.601001739502 400.2770080566406 764.4135131835938 400.2770080566406
769.6962280273438 294.042724609375 815.7818069458008 294.042724609375 815.7818069458008 402.6213836669922 769.6962280273438 402.6213836669922
774.9659423828125 292.6400146484375 820.3712730407715 292.6400146484375 820.3712730407715 402.49161529541016 774.9659423828125 402.49161529541016
776.1568603515625 293.5673522949219 821.2878341674805 293.5673522949219 821.2878341674805 402.7551803588867 776.1568603515625 402.7551803588867
775.9661865234375 295.9330139160156 821.1287155151367 295.9330139160156 821.1287155151367 405.1971740722656 775.9661865234375 405.1971740722656
779.5853271484375 294.12738037109375 824.8392143249512 294.12738037109375 824.8392143249512 403.6125717163086 779.5853271484375 403.6125717163086
779.9959716796875 296.1402893066406 826.3856163024902 296.1402893066406 826.3856163024902 403.82373809814453 779.9959716796875 403.82373809814453
782.07373046875 294.49786376953125 828.4331130981445 294.49786376953125 828.4331130981445 404.9225082397461 782.07373046875 404.9225082397461
781.745849609375 294.2391052246094 828.4850769042969 294.2391052246094 828.4850769042969 403.3953323364258 781.745849609375 403.3953323364258
780.6514282226562 292.9417724609375 827.6369552612305 292.9417724609375 827.6369552612305 404.34171295166016 780.6514282226562 404.34171295166016
780.7969360351562 293.12750244140625 828.5163497924805 293.12750244140625 828.5163497924805 405.0233154296875 780.7969360351562 405.0233154296875
779.9033813476562 294.907958984375 828.6843490600586 294.907958984375 828.6843490600586 407.97804260253906 779.9033813476562 407.97804260253906
781.15380859375 294.2519226074219 829.0611305236816 294.2519226074219 829.0611305236816 408.72093963623047 781.15380859375 408.72093963623047
778.45263671875 298.37713623046875 826.6556243896484 298.37713623046875 826.6556243896484 412.8886260986328 778.45263671875 412.8886260986328
777.5509033203125 296.07781982421875 826.6282386779785 296.07781982421875 826.6282386779785 413.55113220214844 777.5509033203125 413.55113220214844
773.1809692382812 296.8688659667969 822.9064292907715 296.8688659667969 822.9064292907715 415.5555114746094 773.1809692382812 415.5555114746094
773.5087890625 297.3833312988281 822.6613883972168 297.3833312988281 822.6613883972168 416.30091857910156 773.5087890625 416.30091857910156
773.5673828125 297.8587341308594 822.8270111083984 297.8587341308594 822.8270111083984 417.03527069091797 773.5673828125 417.03527069091797
773.4993896484375 297.5224914550781 823.4669761657715 297.5224914550781 823.4669761657715 418.4118347167969 773.4993896484375 418.4118347167969
773.6574096679688 303.62261962890625 823.4034194946289 303.62261962890625 823.4034194946289 421.61258697509766 773.6574096679688 421.61258697509766
773.1261596679688 308.3656311035156 824.3111343383789 308.3656311035156 824.3111343383789 424.96253204345703 773.1261596679688 424.96253204345703
772.6643676757812 308.08929443359375 822.9569664001465 308.08929443359375 822.9569664001465 424.51778411865234 772.6643676757812 424.51778411865234
769.90185546875 305.8568420410156 818.5614128112793 305.8568420410156 818.5614128112793 423.5815963745117 769.90185546875 423.5815963745117
762.72314453125 310.6808166503906 811.7318534851074 310.6808166503906 811.7318534851074 426.6733093261719 762.72314453125 426.6733093261719
764.1488037109375 311.7892761230469 813.0652122497559 311.7892761230469 813.0652122497559 427.2761764526367 764.1488037109375 427.2761764526367
763.9059448242188 313.63720703125 812.3390884399414 313.63720703125 812.3390884399414 429.9013214111328 763.9059448242188 429.9013214111328
763.9515380859375 316.58343505859375 812.3158874511719 316.58343505859375 812.3158874511719 432.25657653808594 763.9515380859375 432.25657653808594
768.8475341796875 318.8506164550781 817.4074325561523 318.8506164550781 817.4074325561523 435.1922149658203 768.8475341796875 435.1922149658203
773.3079223632812 316.01861572265625 822.4600028991699 316.01861572265625 822.4600028991699 434.9349365234375 773.3079223632812 434.9349365234375
772.14794921875 320.2277526855469 822.3265800476074 320.2277526855469 822.3265800476074 438.63756561279297 772.14794921875 438.63756561279297
776.4122314453125 318.6978454589844 826.4248924255371 318.6978454589844 826.4248924255371 437.5081024169922 776.4122314453125 437.5081024169922
779.1687622070312 320.2501220703125 830.0215148925781 320.2501220703125 830.0215148925781 438.6886215209961 779.1687622070312 438.6886215209961
780.8488159179688 322.3369445800781 830.7762298583984 322.3369445800781 830.7762298583984 439.52488708496094 780.8488159179688 439.52488708496094
781.19775390625 326.17108154296875 831.4830093383789 326.17108154296875 831.4830093383789 440.7032470703125 781.19775390625 440.7032470703125
782.9464111328125 324.70062255859375 833.4291877746582 324.70062255859375 833.4291877746582 440.219482421875 782.9464111328125 440.219482421875
784.1705322265625 325.9976501464844 834.4594306945801 325.9976501464844 834.4594306945801 440.9805221557617 784.1705322265625 440.9805221557617
786.3511962890625 326.49066162109375 836.2803497314453 326.49066162109375 836.2803497314453 441.01998138427734 786.3511962890625 441.01998138427734
784.6871337890625 327.66778564453125 835.561466217041 327.66778564453125 835.561466217041 443.8568878173828 784.6871337890625 443.8568878173828
787.1055297851562 326.6729431152344 837.6421432495117 326.6729431152344 837.6421432495117 445.7124710083008 787.1055297851562 445.7124710083008
787.7321166992188 327.9093322753906 837.1889801025391 327.9093322753906 837.1889801025391 448.0581741333008 787.7321166992188 448.0581741333008
784.8759765625 329.63714599609375 836.0911674499512 329.63714599609375 836.0911674499512 453.50472259521484 784.8759765625 453.50472259521484
785.7755737304688 330.7391052246094 836.0575256347656 330.7391052246094 836.0575256347656 453.7406921386719 785.7755737304688 453.7406921386719
784.4240112304688 333.26104736328125 835.2512741088867 333.26104736328125 835.2512741088867 457.5214080810547 784.4240112304688 457.5214080810547
787.662353515625 335.0387878417969 837.1035118103027 335.0387878417969 837.1035118103027 456.08875274658203 787.662353515625 456.08875274658203
786.4239501953125 335.37603759765625 837.2598342895508 335.37603759765625 837.2598342895508 456.37496185302734 786.4239501953125 456.37496185302734
788.0895385742188 335.43353271484375 838.7690315246582 335.43353271484375 838.7690315246582 454.88267517089844 788.0895385742188 454.88267517089844
790.7822265625 333.26385498046875 841.6177520751953 333.26385498046875 841.6177520751953 455.0483856201172 790.7822265625 455.0483856201172
792.2045288085938 329.4734802246094 844.01806640625 329.4734802246094 844.01806640625 453.3973083496094 792.2045288085938 453.3973083496094
794.626220703125 322.47369384765625 846.5085334777832 322.47369384765625 846.5085334777832 447.68780517578125 794.626220703125 447.68780517578125
795.1709594726562 318.2040100097656 848.0033569335938 318.2040100097656 848.0033569335938 442.2486114501953 795.1709594726562 442.2486114501953
792.6773681640625 321.049072265625 844.9739875793457 321.049072265625 844.9739875793457 445.59039306640625 792.6773681640625 445.59039306640625
793.1065673828125 318.4920654296875 845.6378860473633 318.4920654296875 845.6378860473633 442.82435607910156 793.1065673828125 442.82435607910156
793.6227416992188 320.0397644042969 845.4731979370117 320.0397644042969 845.4731979370117 442.27880096435547 793.6227416992188 442.27880096435547
791.4863891601562 320.177734375 843.0103378295898 320.177734375 843.0103378295898 442.67386627197266 791.4863891601562 442.67386627197266
791.0703735351562 321.7306213378906 843.3789253234863 321.7306213378906 843.3789253234863 443.9974060058594 791.0703735351562 443.9974060058594
792.5772705078125 319.4535827636719 845.0368118286133 319.4535827636719 845.0368118286133 442.95286560058594 792.5772705078125 442.95286560058594
794.07861328125 321.2140197753906 847.0555000305176 321.2140197753906 847.0555000305176 443.83668518066406 794.07861328125 443.83668518066406
797.6100463867188 319.1912841796875 850.4769668579102 319.1912841796875 850.4769668579102 443.6894073486328 797.6100463867188 443.6894073486328
802.2194213867188 321.32171630859375 854.2167472839355 321.32171630859375 854.2167472839355 442.68421936035156 802.2194213867188 442.68421936035156
799.845703125 320.131103515625 852.9905624389648 320.131103515625 852.9905624389648 444.6016082763672 799.845703125 444.6016082763672
801.69677734375 321.54913330078125 852.8582382202148 321.54913330078125 852.8582382202148 444.19669342041016 801.69677734375 444.19669342041016
801.9716186523438 321.9706115722656 852.6179885864258 321.9706115722656 852.6179885864258 444.3739547729492 801.9716186523438 444.3739547729492
801.18896484375 323.273193359375 852.3656806945801 323.273193359375 852.3656806945801 447.33927154541016 801.18896484375 447.33927154541016
802.73095703125 322.5913391113281 854.5632400512695 322.5913391113281 854.5632400512695 447.0393524169922 802.73095703125 447.0393524169922
805.1066284179688 322.681396484375 858.7268676757812 322.681396484375 858.7268676757812 448.2857437133789 805.1066284179688 448.2857437133789
808.4398193359375 322.5074768066406 862.920036315918 322.5074768066406 862.920036315918 447.9701690673828 808.4398193359375 447.9701690673828
813.783203125 320.77117919921875 867.7750473022461 320.77117919921875 867.7750473022461 447.84197998046875 813.783203125 447.84197998046875
814.8024291992188 323.8482971191406 869.1492195129395 323.8482971191406 869.1492195129395 451.5458221435547 814.8024291992188 451.5458221435547
820.2335815429688 326.49517822265625 873.4617919921875 326.49517822265625 873.4617919921875 451.57515716552734 820.2335815429688 451.57515716552734
824.8682861328125 327.67254638671875 878.6613845825195 327.67254638671875 878.6613845825195 450.64066314697266 824.8682861328125 450.64066314697266
829.3507080078125 327.04473876953125 883.4838333129883 327.04473876953125 883.4838333129883 449.8341293334961 829.3507080078125 449.8341293334961
831.89013671875 327.29083251953125 885.0480117797852 327.29083251953125 885.0480117797852 451.19510650634766 831.89013671875 451.19510650634766
836.9742431640625 326.8155517578125 890.9977416992188 326.8155517578125 890.9977416992188 453.08512115478516 836.9742431640625 453.08512115478516
841.38720703125 327.76641845703125 899.389575958252 327.76641845703125 899.389575958252 455.9965515136719 841.38720703125 455.9965515136719
847.4743041992188 324.8471374511719 905.7826042175293 324.8471374511719 905.7826042175293 457.1737060546875 847.4743041992188 457.1737060546875
850.5589599609375 323.42327880859375 907.6080207824707 323.42327880859375 907.6080207824707 458.5350799560547 850.5589599609375 458.5350799560547
850.3201904296875 331.4638671875 909.3006896972656 331.4638671875 909.3006896972656 462.8459167480469 850.3201904296875 462.8459167480469
853.0946044921875 335.2987976074219 911.275318145752 335.2987976074219 911.275318145752 464.30479431152344 853.0946044921875 464.30479431152344
859.4949340820312 324.6910095214844 916.5794448852539 324.6910095214844 916.5794448852539 461.09033203125 859.4949340820312 461.09033203125
861.1047973632812 332.1778259277344 918.0860176086426 332.1778259277344 918.0860176086426 465.9469451904297 861.1047973632812 465.9469451904297
865.1953125 327.1530456542969 922.3773307800293 327.1530456542969 922.3773307800293 464.4361267089844 865.1953125 464.4361267089844
867.0065307617188 332.0194091796875 924.9123039245605 332.0194091796875 924.9123039245605 468.5843200683594 867.0065307617188 468.5843200683594
868.3361206054688 326.9786071777344 927.6883735656738 326.9786071777344 927.6883735656738 467.3527069091797 868.3361206054688 467.3527069091797
870.86083984375 317.95269775390625 930.0595932006836 317.95269775390625 930.0595932006836 461.1754455566406 870.86083984375 461.1754455566406
869.8742065429688 322.01934814453125 929.8147773742676 322.01934814453125 929.8147773742676 463.5586395263672 869.8742065429688 463.5586395263672
869.1237182617188 324.9476623535156 930.0980339050293 324.9476623535156 930.0980339050293 463.35520935058594 869.1237182617188 463.35520935058594
871.9918212890625 319.2789306640625 932.1734428405762 319.2789306640625 932.1734428405762 461.0273132324219 871.9918212890625 461.0273132324219
871.8101806640625 323.2548828125 933.5750961303711 323.2548828125 933.5750961303711 465.24981689453125 871.8101806640625 465.24981689453125
873.1970825195312 319.58587646484375 935.4796562194824 319.58587646484375 935.4796562194824 465.2579650878906 873.1970825195312 465.2579650878906
879.4749145507812 321.5500183105469 941.0424194335938 321.5500183105469 941.0424194335938 467.2010498046875 879.4749145507812 467.2010498046875
883.6267700195312 316.57769775390625 946.5868644714355 316.57769775390625 946.5868644714355 467.3445739746094 883.6267700195312 467.3445739746094
883.0408325195312 313.06243896484375 946.959056854248 313.06243896484375 946.959056854248 465.4666748046875 883.0408325195312 465.4666748046875
887.9773559570312 317.0559387207031 950.9739189147949 317.0559387207031 950.9739189147949 469.4668731689453 887.9773559570312 469.4668731689453
894.4620971679688 316.6649475097656 957.6435623168945 316.6649475097656 957.6435623168945 469.5232238769531 894.4620971679688 469.5232238769531
895.2771606445312 316.30548095703125 959.0000114440918 316.30548095703125 959.0000114440918 470.47357177734375 895.2771606445312 470.47357177734375
896.2371215820312 320.70196533203125 959.0000190734863 320.70196533203125 959.0000190734863 472.5475769042969 896.2371215820312 472.5475769042969
897.2020263671875 318.876220703125 958.9999809265137 318.876220703125 958.9999809265137 468.3872985839844 897.2020263671875 468.3872985839844
896.82958984375 317.93115234375 958.9999465942383 317.93115234375 958.9999465942383 468.3432159423828 896.82958984375 468.3432159423828
894.5568237304688 312.17669677734375 958.9999847412109 312.17669677734375 958.9999847412109 468.0874938964844 894.5568237304688 468.0874938964844
895.4558715820312 312.80792236328125 959.0000610351562 312.80792236328125 959.0000610351562 466.5437927246094 895.4558715820312 466.5437927246094
896.4957275390625 315.91815185546875 959.0000114440918 315.91815185546875 959.0000114440918 467.13812255859375 896.4957275390625 467.13812255859375
897.9094848632812 320.26654052734375 958.9999885559082 320.26654052734375 958.9999885559082 468.0660705566406 897.9094848632812 468.0660705566406
900.3587036132812 325.99530029296875 959.0000419616699 325.99530029296875 959.0000419616699 467.86944580078125 900.3587036132812 467.86944580078125
901.7195434570312 329.86798095703125 958.9999504089355 329.86798095703125 958.9999504089355 468.4495544433594 901.7195434570312 468.4495544433594
902.7288818359375 335.0156555175781 959.0000076293945 335.0156555175781 959.0000076293945 471.15541076660156 902.7288818359375 471.15541076660156
904.3677978515625 336.3525085449219 959.0 336.3525085449219 959.0 468.52711486816406 904.3677978515625 468.52711486816406
905.8411254882812 338.08123779296875 959.0000190734863 338.08123779296875 959.0000190734863 466.69139099121094 905.8411254882812 466.69139099121094
906.9407348632812 339.9085388183594 959.0000076293945 339.9085388183594 959.0000076293945 465.8583221435547 906.9407348632812 465.8583221435547
907.4378051757812 339.8658752441406 959.0000801086426 339.8658752441406 959.0000801086426 464.6132354736328 907.4378051757812 464.6132354736328
908.5911865234375 340.9145202636719 958.9999237060547 340.9145202636719 958.9999237060547 462.8710632324219 908.5911865234375 462.8710632324219
910.1414794921875 343.31591796875 958.9999160766602 343.31591796875 958.9999160766602 461.521728515625 910.1414794921875 461.521728515625
911.0174560546875 339.28582763671875 959.0000343322754 339.28582763671875 959.0000343322754 455.3726348876953 911.0174560546875 455.3726348876953
908.0890502929688 241.64376831054688 956.1753234863281 241.64376831054688 956.1753234863281 357.98146057128906 908.0890502929688 357.98146057128906
910.6705322265625 234.3914337158203 958.9999885559082 234.3914337158203 958.9999885559082 351.3174743652344 910.6705322265625 351.3174743652344
910.4422607421875 234.8726348876953 958.9999694824219 234.8726348876953 958.9999694824219 352.35089111328125 910.4422607421875 352.35089111328125
910.201171875 233.2257843017578 958.8986511230469 233.2257843017578 958.8986511230469 351.0422058105469 910.201171875 351.0422058105469
909.69921875 232.779052734375 958.8919830322266 232.779052734375 958.8919830322266 351.79373931884766 909.69921875 351.79373931884766
909.4185791015625 239.21044921875 958.9927291870117 239.21044921875 958.9927291870117 359.1478500366211 909.4185791015625 359.1478500366211
909.1769409179688 239.7584991455078 959.0000152587891 239.7584991455078 959.0000152587891 360.29813385009766 909.1769409179688 360.29813385009766
900.07666015625 285.4472961425781 949.1882209777832 285.4472961425781 949.1882209777832 404.26551818847656 900.07666015625 404.26551818847656
895.0472412109375 305.372802734375 944.1154670715332 305.372802734375 944.1154670715332 424.08616638183594 895.0472412109375 424.08616638183594
897.26025390625 335.91412353515625 946.4690551757812 335.91412353515625 946.4690551757812 454.96759033203125 897.26025390625 454.96759033203125
910.845703125 340.0199279785156 959.0 340.0199279785156 959.0 456.5221710205078 910.845703125 456.5221710205078
910.0814208984375 337.0885314941406 958.9500999450684 337.0885314941406 958.9500999450684 455.3191223144531 910.0814208984375 455.3191223144531
910.8688354492188 337.10955810546875 958.9999732971191 337.10955810546875 958.9999732971191 453.5557861328125 910.8688354492188 453.5557861328125
911.2404174804688 339.41168212890625 958.9999351501465 339.41168212890625 958.9999351501465 454.95882415771484 911.2404174804688 454.95882415771484
906.3607177734375 344.8062438964844 953.2873420715332 344.8062438964844 953.2873420715332 458.3383102416992 906.3607177734375 458.3383102416992
907.5279541015625 352.0211486816406 953.9222183227539 352.0211486816406 953.9222183227539 464.26525115966797 907.5279541015625 464.26525115966797
913.2703857421875 350.0664978027344 959.0000381469727 350.0664978027344 959.0000381469727 460.7026672363281 913.2703857421875 460.7026672363281
913.9142456054688 351.6269226074219 958.9999771118164 351.6269226074219 958.9999771118164 460.70521545410156 913.9142456054688 460.70521545410156
913.81982421875 352.02032470703125 959.0000419616699 352.02032470703125 959.0000419616699 461.3272247314453 913.81982421875 461.3272247314453
913.7686767578125 352.34930419921875 959.0000038146973 352.34930419921875 959.0000038146973 461.77984619140625 913.7686767578125 461.77984619140625
914.3118896484375 353.1038818359375 958.9999923706055 353.1038818359375 958.9999923706055 461.2201690673828 914.3118896484375 461.2201690673828
914.671875 352.36773681640625 958.9999580383301 352.36773681640625 958.9999580383301 459.61302185058594 914.671875 459.61302185058594
881.6221923828125 292.1961975097656 925.5695877075195 292.1961975097656 925.5695877075195 398.5204772949219 881.6221923828125 398.5204772949219
868.7512817382812 265.6391906738281 912.6479148864746 265.6391906738281 912.6479148864746 371.8406524658203 868.7512817382812 371.8406524658203
855.7283325195312 253.27734375 900.5289688110352 253.27734375 900.5289688110352 361.66590881347656 855.7283325195312 361.66590881347656
853.5523681640625 249.30807495117188 898.6935348510742 249.30807495117188 898.6935348510742 358.52050018310547 853.5523681640625 358.52050018310547
853.3087768554688 246.0922393798828 898.5616073608398 246.0922393798828 898.5616073608398 355.57482147216797 853.3087768554688 355.57482147216797
853.1473388671875 238.03677368164062 898.1581726074219 238.03677368164062 898.1581726074219 346.9338836669922 853.1473388671875 346.9338836669922
855.3512573242188 242.43685913085938 900.6433029174805 242.43685913085938 900.6433029174805 352.0143280029297 855.3512573242188 352.0143280029297
850.6380615234375 256.33404541015625 895.7713851928711 256.33404541015625 895.7713851928711 365.52750396728516 850.6380615234375 365.52750396728516
852.0237426757812 233.1914520263672 897.3816947937012 233.1914520263672 897.3816947937012 342.9283676147461 852.0237426757812 342.9283676147461
851.9182739257812 234.9387664794922 898.0050659179688 234.9387664794922 898.0050659179688 346.4390106201172 851.9182739257812 346.4390106201172
851.1941528320312 233.16909790039062 896.9489440917969 233.16909790039062 896.9489440917969 343.86610412597656 851.1941528320312 343.86610412597656
853.0289306640625 226.01296997070312 898.3085479736328 226.01296997070312 898.3085479736328 335.5603561401367 853.0289306640625 335.5603561401367
856.2935791015625 238.8705596923828 901.1830024719238 238.8705596923828 901.1830024719238 347.4739303588867 856.2935791015625 347.4739303588867
859.5914306640625 233.00137329101562 904.2703323364258 233.00137329101562 904.2703323364258 341.0954132080078 859.5914306640625 341.0954132080078
863.5255737304688 225.04452514648438 907.6914825439453 225.04452514648438 907.6914825439453 331.89745330810547 863.5255737304688 331.89745330810547
868.0711059570312 196.27330017089844 911.7872047424316 196.27330017089844 911.7872047424316 302.03797149658203 868.0711059570312 302.03797149658203
876.21484375 223.5868682861328 920.1008796691895 223.5868682861328 920.1008796691895 329.7626724243164 876.21484375 329.7626724243164
882.5701904296875 228.5651397705078 926.4352798461914 228.5651397705078 926.4352798461914 334.6902618408203 882.5701904296875 334.6902618408203
888.6954956054688 261.6311950683594 933.2602653503418 261.6311950683594 933.2602653503418 369.44908905029297 888.6954956054688 369.44908905029297
896.40576171875 246.93319702148438 940.9362297058105 246.93319702148438 940.9362297058105 354.66810607910156 896.40576171875 354.66810607910156
901.8223876953125 240.8856201171875 945.9965629577637 240.8856201171875 945.9965629577637 347.75852966308594 901.8223876953125 347.75852966308594
908.2669677734375 231.571044921875 952.5745964050293 231.571044921875 952.5745964050293 338.76683044433594 908.2669677734375 338.76683044433594
914.2726440429688 234.37319946289062 955.6852951049805 234.37319946289062 955.6852951049805 329.20436096191406 914.2726440429688 329.20436096191406
917.4635009765625 228.65756225585938 959.1308670043945 228.65756225585938 959.1308670043945 324.49977111816406 917.4635009765625 324.49977111816406
919.1004638671875 213.05874633789062 958.9999618530273 213.05874633789062 958.9999618530273 309.58971405029297 919.1004638671875 309.58971405029297
907.9471435546875 143.17141723632812 947.2297172546387 143.17141723632812 947.2297172546387 238.20982360839844 907.9471435546875 238.20982360839844
811.4309692382812 140.22952270507812 850.8308944702148 140.22952270507812 850.8308944702148 235.5518341064453 811.4309692382812 235.5518341064453
740.31005859375 217.1951141357422 779.4687576293945 217.1951141357422 779.4687576293945 311.9338150024414 740.31005859375 311.9338150024414
700.451171875 227.72683715820312 738.9466133117676 227.72683715820312 738.9466133117676 320.8608856201172 700.451171875 320.8608856201172
687.8167114257812 234.2497100830078 726.3214454650879 234.2497100830078 726.3214454650879 320.0640182495117 687.8167114257812 320.0640182495117
695.9754638671875 225.24588012695312 734.3491744995117 225.24588012695312 734.3491744995117 318.0854034423828 695.9754638671875 318.0854034423828
703.6015625 224.6885223388672 740.4755935668945 224.6885223388672 740.4755935668945 311.4568328857422 703.6015625 311.4568328857422
711.904052734375 218.9512481689453 749.695556640625 218.9512481689453 749.695556640625 310.03326416015625 711.904052734375 310.03326416015625
717.28271484375 218.43258666992188 755.3341979980469 218.43258666992188 755.3341979980469 310.30699920654297 717.28271484375 310.30699920654297
722.6981201171875 215.31884765625 759.7713928222656 215.31884765625 759.7713928222656 306.43165588378906 722.6981201171875 306.43165588378906
728.8147583007812 218.8395538330078 766.1598739624023 218.8395538330078 766.1598739624023 307.25366973876953 728.8147583007812 307.25366973876953
727.80078125 219.483154296875 764.6877326965332 219.483154296875 764.6877326965332 309.1169662475586 727.80078125 309.1169662475586
731.1972045898438 218.60232543945312 768.2540512084961 218.60232543945312 768.2540512084961 307.936767578125 731.1972045898438 307.936767578125
733.4656982421875 217.8990478515625 770.2027130126953 217.8990478515625 770.2027130126953 307.3004379272461 733.4656982421875 307.3004379272461
735.5875244140625 217.26406860351562 773.5009536743164 217.26406860351562 773.5009536743164 307.5535354614258 735.5875244140625 307.5535354614258
734.3551025390625 217.3992156982422 771.6926155090332 217.3992156982422 771.6926155090332 307.3270492553711 734.3551025390625 307.3270492553711
737.2326049804688 217.2213592529297 776.0820770263672 217.2213592529297 776.0820770263672 308.9998550415039 737.2326049804688 308.9998550415039
734.8510131835938 215.18075561523438 773.9570236206055 215.18075561523438 773.9570236206055 307.67554473876953 734.8510131835938 307.67554473876953
734.9835205078125 214.6103973388672 774.1724281311035 214.6103973388672 774.1724281311035 306.9955596923828 734.9835205078125 306.9955596923828
737.6142578125 209.3576202392578 777.4350166320801 209.3576202392578 777.4350166320801 302.8385009765625 737.6142578125 302.8385009765625
736.7786865234375 207.80197143554688 776.6522750854492 207.80197143554688 776.6522750854492 301.6295394897461 736.7786865234375 301.6295394897461
731.6883544921875 208.845947265625 772.3351745605469 208.845947265625 772.3351745605469 305.7430877685547 731.6883544921875 305.7430877685547
729.8704223632812 206.96432495117188 770.029369354248 206.96432495117188 770.029369354248 304.2867889404297 729.8704223632812 304.2867889404297
728.6962280273438 208.15304565429688 770.332576751709 208.15304565429688 770.332576751709 306.49635314941406 728.6962280273438 306.49635314941406
724.7732543945312 207.631103515625 767.8872413635254 207.631103515625 767.8872413635254 306.73307037353516 724.7732543945312 306.73307037353516
719.6929931640625 208.6128387451172 762.2249336242676 208.6128387451172 762.2249336242676 306.2925338745117 719.6929931640625 306.2925338745117
716.4216918945312 207.67758178710938 758.2920837402344 207.67758178710938 758.2920837402344 305.17234802246094 716.4216918945312 305.17234802246094
711.3507690429688 209.2705535888672 754.3464584350586 209.2705535888672 754.3464584350586 308.3307800292969 711.3507690429688 308.3307800292969
705.231689453125 213.7795867919922 748.0120391845703 213.7795867919922 748.0120391845703 313.5523376464844 705.231689453125 313.5523376464844
697.4371948242188 213.9342041015625 740.8013610839844 213.9342041015625 740.8013610839844 314.5972137451172 697.4371948242188 314.5972137451172
690.6204833984375 215.6059112548828 735.0002708435059 215.6059112548828 735.0002708435059 314.5718688964844 690.6204833984375 314.5718688964844
680.8594970703125 217.69668579101562 724.92236328125 217.69668579101562 724.92236328125 318.2576675415039 680.8594970703125 318.2576675415039
667.3825073242188 221.0964813232422 711.0888633728027 221.0964813232422 711.0888633728027 323.06553649902344 667.3825073242188 323.06553649902344
655.5826416015625 223.0420379638672 699.0347137451172 223.0420379638672 699.0347137451172 325.0425720214844 655.5826416015625 325.0425720214844
641.1197509765625 225.1493377685547 684.0093612670898 225.1493377685547 684.0093612670898 326.361328125 641.1197509765625 326.361328125
626.9121704101562 227.02420043945312 672.796501159668 227.02420043945312 672.796501159668 329.4721374511719 626.9121704101562 329.4721374511719
612.2415771484375 227.5591278076172 657.8899307250977 227.5591278076172 657.8899307250977 330.64868927001953 612.2415771484375 330.64868927001953
604.4720458984375 227.5480499267578 649.7096786499023 227.5480499267578 649.7096786499023 329.61425018310547 604.4720458984375 329.61425018310547
597.37451171875 230.0888214111328 642.2617340087891 230.0888214111328 642.2617340087891 329.00721740722656 597.37451171875 329.00721740722656
592.5177612304688 232.60952758789062 636.9232406616211 232.60952758789062 636.9232406616211 329.8080520629883 592.5177612304688 329.8080520629883
581.8326416015625 230.3323516845703 628.9554443359375 230.3323516845703 628.9554443359375 333.2573013305664 581.8326416015625 333.2573013305664
577.5279541015625 232.6176300048828 624.2815475463867 232.6176300048828 624.2815475463867 335.5802536010742 577.5279541015625 335.5802536010742
572.4876708984375 234.4424285888672 618.9922256469727 234.4424285888672 618.9922256469727 334.03465270996094 572.4876708984375 334.03465270996094
567.397216796875 230.44009399414062 613.5677337646484 230.44009399414062 613.5677337646484 334.40455627441406 567.397216796875 334.40455627441406
