686.0 270.0 769.0 270.0 769.0 440.0 686.0 440.0
682.8043212890625 269.15142822265625 764.9200973510742 269.15142822265625 764.9200973510742 437.8377990722656 682.8043212890625 437.8377990722656
678.9132080078125 270.0699462890625 762.2914657592773 270.0699462890625 762.2914657592773 439.2214050292969 678.9132080078125 439.2214050292969
673.9996337890625 270.1995544433594 757.9184112548828 270.1995544433594 757.9184112548828 440.7002410888672 673.9996337890625 440.7002410888672
680.6441040039062 270.2831115722656 763.6727905273438 270.2831115722656 763.6727905273438 440.3418731689453 680.6441040039062 440.3418731689453
667.1290283203125 273.1592712402344 749.4504852294922 273.1592712402344 749.4504852294922 439.46900939941406 667.1290283203125 439.46900939941406
652.6875 280.1856994628906 736.5316925048828 280.1856994628906 736.5316925048828 437.81385803222656 652.6875 437.81385803222656
651.2755737304688 277.4661560058594 732.3329620361328 277.4661560058594 732.3329620361328 438.39044189453125 651.2755737304688 438.39044189453125
648.180908203125 276.27642822265625 728.4644165039062 276.27642822265625 728.4644165039062 439.0080261230469 648.180908203125 439.0080261230469
645.4451293945312 278.01824951171875 726.6612396240234 278.01824951171875 726.6612396240234 439.46942138671875 645.4451293945312 439.46942138671875
640.9171752929688 277.9169006347656 723.9862365722656 277.9169006347656 723.9862365722656 446.21812438964844 640.9171752929688 446.21812438964844
637.3977661132812 276.40240478515625 719.4542922973633 276.40240478515625 719.4542922973633 444.46998596191406 637.3977661132812 444.46998596191406
633.1104736328125 277.36181640625 714.6759490966797 277.36181640625 714.6759490966797 444.42364501953125 633.1104736328125 444.42364501953125
621.8009643554688 276.3921813964844 703.1463165283203 276.3921813964844 703.1463165283203 440.9906463623047 621.8009643554688 440.9906463623047
616.2282104492188 278.3233947753906 698.5453643798828 278.3233947753906 698.5453643798828 439.45616149902344 616.2282104492188 439.45616149902344
607.9039306640625 277.0585632324219 688.8124237060547 277.0585632324219 688.8124237060547 439.83021545410156 607.9039306640625 439.83021545410156
603.7161254882812 277.93292236328125 684.7103805541992 277.93292236328125 684.7103805541992 440.1741638183594 603.7161254882812 440.1741638183594
600.7835083007812 278.578125 682.7207412719727 278.578125 682.7207412719727 441.57293701171875 600.7835083007812 441.57293701171875
594.373046875 279.5065612792969 675.268440246582 279.5065612792969 675.268440246582 445.1959686279297 594.373046875 445.1959686279297
587.9420166015625 281.7093200683594 667.8664321899414 281.7093200683594 667.8664321899414 445.40997314453125 587.9420166015625 445.40997314453125
581.1339111328125 282.7628479003906 660.1871032714844 282.7628479003906 660.1871032714844 444.6790771484375 581.1339111328125 444.6790771484375
580.0177001953125 281.09417724609375 657.6948776245117 281.09417724609375 657.6948776245117 440.1920623779297 580.0177001953125 440.1920623779297
574.8529052734375 276.64007568359375 654.3791046142578 276.64007568359375 654.3791046142578 439.5251007080078 574.8529052734375 439.5251007080078
573.6300048828125 278.95489501953125 652.429313659668 278.95489501953125 652.429313659668 440.3511047363281 573.6300048828125 440.3511047363281
568.2695922851562 270.76141357421875 647.2738494873047 270.76141357421875 647.2738494873047 432.57740783691406 568.2695922851562 432.57740783691406
558.6914672851562 274.9457702636719 637.1623764038086 274.9457702636719 637.1623764038086 435.6693572998047 558.6914672851562 435.6693572998047
552.5325927734375 271.0500183105469 633.2317657470703 271.0500183105469 633.2317657470703 436.3375244140625 552.5325927734375 436.3375244140625
540.3040771484375 274.93707275390625 621.2130889892578 274.93707275390625 621.2130889892578 440.6543731689453 540.3040771484375 440.6543731689453
540.8464965820312 275.0085144042969 621.9536209106445 275.0085144042969 621.9536209106445 441.131591796875 540.8464965820312 441.131591796875
540.4779663085938 273.02716064453125 621.9581832885742 273.02716064453125 621.9581832885742 439.91441345214844 540.4779663085938 439.91441345214844
538.29736328125 271.6300964355469 619.3979110717773 271.6300964355469 619.3979110717773 437.7397155761719 538.29736328125 437.7397155761719
528.516845703125 274.908935546875 609.5229721069336 274.908935546875 609.5229721069336 440.8251647949219 528.516845703125 440.8251647949219
528.6358032226562 274.2495422363281 609.3359069824219 274.2495422363281 609.3359069824219 439.5389862060547 528.6358032226562 439.5389862060547
529.2122192382812 273.86444091796875 611.4129180908203 273.86444091796875 611.4129180908203 442.2273712158203 529.2122192382812 442.2273712158203
522.6876220703125 277.8421936035156 604.6932907104492 277.8421936035156 604.6932907104492 445.8056640625 522.6876220703125 445.8056640625
512.5360717773438 280.00140380859375 593.455810546875 280.00140380859375 593.455810546875 445.7406921386719 512.5360717773438 445.7406921386719
498.06988525390625 285.996337890625 577.1476287841797 285.996337890625 577.1476287841797 447.962890625 498.06988525390625 447.962890625
493.10919189453125 286.61370849609375 571.2100219726562 286.61370849609375 571.2100219726562 446.57933044433594 493.10919189453125 446.57933044433594
489.4931640625 286.5074768066406 567.4426422119141 286.5074768066406 567.4426422119141 446.1630859375 489.4931640625 446.1630859375
492.54534912109375 285.3365173339844 569.7697601318359 285.3365173339844 569.7697601318359 443.5070495605469 492.54534912109375 443.5070495605469
495.07275390625 284.2842712402344 571.3961715698242 284.2842712402344 571.3961715698242 440.6094055175781 495.07275390625 440.6094055175781
484.98773193359375 284.7494812011719 561.8738479614258 284.7494812011719 561.8738479614258 442.2271270751953 484.98773193359375 442.2271270751953
481.477783203125 283.8809814453125 558.5105590820312 283.8809814453125 558.5105590820312 441.65899658203125 481.477783203125 441.65899658203125
478.3550720214844 286.0184631347656 556.4921188354492 286.0184631347656 556.4921188354492 446.05824279785156 478.3550720214844 446.05824279785156
474.17529296875 284.0275573730469 551.6761245727539 284.0275573730469 551.6761245727539 442.7642517089844 474.17529296875 442.7642517089844
468.90057373046875 284.0296630859375 546.152099609375 284.0296630859375 546.152099609375 442.25575256347656 468.90057373046875 442.25575256347656
459.12152099609375 284.9832458496094 539.2099075317383 284.9832458496094 539.2099075317383 440.4410705566406 459.12152099609375 440.4410705566406
456.62042236328125 289.9429626464844 535.5151443481445 289.9429626464844 535.5151443481445 443.0948791503906 456.62042236328125 443.0948791503906
449.138671875 284.9601745605469 528.3177642822266 284.9601745605469 528.3177642822266 439.9328155517578 449.138671875 439.9328155517578
446.232177734375 287.3832092285156 525.1110687255859 287.3832092285156 525.1110687255859 442.2675018310547 446.232177734375 442.2675018310547
437.90380859375 293.06988525390625 521.1456069946289 293.06988525390625 521.1456069946289 438.5103759765625 437.90380859375 438.5103759765625
433.92303466796875 290.64556884765625 512.0004425048828 290.64556884765625 512.0004425048828 439.49200439453125 433.92303466796875 439.49200439453125
430.1981506347656 292.1430969238281 508.5744934082031 292.1430969238281 508.5744934082031 439.5205841064453 430.1981506347656 439.5205841064453
428.51226806640625 289.1868591308594 506.2783203125 289.1868591308594 506.2783203125 439.9846649169922 428.51226806640625 439.9846649169922
426.3427734375 288.833984375 501.22354888916016 288.833984375 501.22354888916016 442.2043151855469 426.3427734375 442.2043151855469
422.5672912597656 288.1443176269531 497.4142379760742 288.1443176269531 497.4142379760742 441.44537353515625 422.5672912597656 441.44537353515625
414.660888671875 289.12847900390625 489.22572326660156 289.12847900390625 489.22572326660156 441.85169982910156 414.660888671875 441.85169982910156
409.0647888183594 291.3745422363281 484.223876953125 291.3745422363281 484.223876953125 439.281982421875 409.0647888183594 439.281982421875
408.16107177734375 289.58392333984375 481.4181442260742 289.58392333984375 481.4181442260742 439.6285858154297 408.16107177734375 439.6285858154297
399.95013427734375 289.90374755859375 473.5103454589844 289.90374755859375 473.5103454589844 440.5693054199219 399.95013427734375 440.5693054199219
392.08636474609375 285.68023681640625 465.13976287841797 285.68023681640625 465.13976287841797 435.30775451660156 392.08636474609375 435.30775451660156
384.42816162109375 291.1446533203125 459.4154281616211 291.1446533203125 459.4154281616211 436.01768493652344 384.42816162109375 436.01768493652344
323.45672607421875 291.20062255859375 396.60401916503906 291.20062255859375 396.60401916503906 441.0204772949219 323.45672607421875 441.0204772949219
329.8634338378906 291.8284606933594 403.35411071777344 291.8284606933594 403.35411071777344 442.35162353515625 329.8634338378906 442.35162353515625
338.3787536621094 290.5964660644531 412.6163024902344 290.5964660644531 412.6163024902344 442.64939880371094 338.3787536621094 442.64939880371094
350.60272216796875 288.84228515625 426.32118225097656 288.84228515625 426.32118225097656 443.9283905029297 350.60272216796875 443.9283905029297
350.01226806640625 287.93572998046875 426.7665557861328 287.93572998046875 426.7665557861328 445.1434020996094 350.01226806640625 445.1434020996094
349.017822265625 288.32220458984375 426.88953399658203 288.32220458984375 426.88953399658203 447.8185729980469 349.017822265625 447.8185729980469
350.4996032714844 287.4647216796875 427.3158721923828 287.4647216796875 427.3158721923828 444.79931640625 350.4996032714844 444.79931640625
350.265625 286.2464904785156 426.83788299560547 286.2464904785156 426.83788299560547 443.08131408691406 350.265625 443.08131408691406
353.3265686035156 285.32391357421875 430.97412109375 285.32391357421875 430.97412109375 444.36114501953125 353.3265686035156 444.36114501953125
343.621826171875 286.64898681640625 420.5770721435547 286.64898681640625 420.5770721435547 444.26824951171875 343.621826171875 444.26824951171875
324.0374450683594 288.92449951171875 401.11109924316406 288.92449951171875 401.11109924316406 446.7862854003906 324.0374450683594 446.7862854003906
322.581298828125 289.4261169433594 399.6987609863281 289.4261169433594 399.6987609863281 447.37762451171875 322.581298828125 447.37762451171875
320.6149597167969 288.4317626953125 398.3418273925781 288.4317626953125 398.3418273925781 447.63145446777344 320.6149597167969 447.63145446777344
316.10552978515625 289.03961181640625 396.19757080078125 289.03961181640625 396.19757080078125 445.4017028808594 316.10552978515625 445.4017028808594
306.31927490234375 298.7252197265625 384.56201171875 298.7252197265625 384.56201171875 441.5577087402344 306.31927490234375 441.5577087402344
301.0753173828125 296.15667724609375 378.99560546875 296.15667724609375 378.99560546875 443.414794921875 301.0753173828125 443.414794921875
298.5184326171875 295.09429931640625 372.80904388427734 295.09429931640625 372.80904388427734 442.5848083496094 298.5184326171875 442.5848083496094
270.55645751953125 288.2294006347656 343.53187561035156 288.2294006347656 343.53187561035156 441.01690673828125 270.55645751953125 441.01690673828125
279.392578125 290.7200622558594 350.63147735595703 290.7200622558594 350.63147735595703 438.9940185546875 279.392578125 438.9940185546875
280.0647888183594 290.30694580078125 350.94847869873047 290.30694580078125 350.94847869873047 437.45225524902344 280.0647888183594 437.45225524902344
276.7088317871094 284.6170959472656 347.6729507446289 284.6170959472656 347.6729507446289 429.9654083251953 276.7088317871094 429.9654083251953
274.9241027832031 288.6319885253906 345.8349151611328 288.6319885253906 345.8349151611328 433.8711242675781 274.9241027832031 433.8711242675781
263.94757080078125 291.6074523925781 336.5422058105469 291.6074523925781 336.5422058105469 440.29539489746094 263.94757080078125 440.29539489746094
262.2660217285156 294.0555725097656 334.8544387817383 294.0555725097656 334.8544387817383 442.73077392578125 262.2660217285156 442.73077392578125
258.88427734375 295.3544921875 331.1181411743164 295.3544921875 331.1181411743164 443.3034973144531 258.88427734375 443.3034973144531
251.2794952392578 295.9373474121094 322.48262786865234 295.9373474121094 322.48262786865234 443.13787841796875 251.2794952392578 443.13787841796875
251.16049194335938 299.3105163574219 322.0952835083008 299.3105163574219 322.0952835083008 444.4635925292969 251.16049194335938 444.4635925292969
247.49020385742188 296.4244079589844 318.80199432373047 296.4244079589844 318.80199432373047 442.48486328125 247.49020385742188 442.48486328125
226.4027862548828 297.5021057128906 296.87279510498047 297.5021057128906 296.87279510498047 441.8384094238281 226.4027862548828 441.8384094238281
228.56765747070312 294.00604248046875 300.7318344116211 294.00604248046875 300.7318344116211 441.8123474121094 228.56765747070312 441.8123474121094
224.10989379882812 291.58282470703125 296.3300323486328 291.58282470703125 296.3300323486328 439.5037536621094 224.10989379882812 439.5037536621094
204.86892700195312 303.98388671875 275.36769104003906 303.98388671875 275.36769104003906 448.37908935546875 204.86892700195312 448.37908935546875
206.6243133544922 300.5235900878906 275.9480438232422 300.5235900878906 275.9480438232422 442.51210021972656 206.6243133544922 442.51210021972656
231.24685668945312 293.8390808105469 302.12308502197266 293.8390808105469 302.12308502197266 439.0074005126953 231.24685668945312 439.0074005126953
197.76266479492188 302.9815368652344 268.00904846191406 302.9815368652344 268.00904846191406 446.85980224609375 197.76266479492188 446.85980224609375
176.333984375 311.4591064453125 245.51402282714844 311.4591064453125 245.51402282714844 454.38743591308594 176.333984375 454.38743591308594
174.28213500976562 309.95977783203125 243.5770263671875 309.95977783203125 243.5770263671875 451.8914031982422 174.28213500976562 451.8914031982422
182.1915740966797 311.8313293457031 249.5622787475586 311.8313293457031 249.5622787475586 449.81964111328125 182.1915740966797 449.81964111328125
186.5177764892578 310.73675537109375 253.74154663085938 310.73675537109375 253.74154663085938 448.4241180419922 186.5177764892578 448.4241180419922
191.4976806640625 304.9061584472656 258.5971374511719 304.9061584472656 258.5971374511719 442.3388977050781 191.4976806640625 442.3388977050781
191.0543212890625 305.56646728515625 256.5141067504883 305.56646728515625 256.5141067504883 439.6408386230469 191.0543212890625 439.6408386230469
189.1134490966797 304.4702453613281 254.72718811035156 304.4702453613281 254.72718811035156 438.8599395751953 189.1134490966797 438.8599395751953
193.30821228027344 305.5225830078125 258.48531341552734 305.5225830078125 258.48531341552734 439.01795959472656 193.30821228027344 439.01795959472656
190.71441650390625 304.6803894042969 256.5960922241211 304.6803894042969 256.5960922241211 439.6188659667969 190.71441650390625 439.6188659667969
183.68472290039062 307.80987548828125 249.1220245361328 307.80987548828125 249.1220245361328 441.8381652832031 183.68472290039062 441.8381652832031
181.5669708251953 308.30108642578125 246.66182708740234 308.30108642578125 246.66182708740234 441.62799072265625 181.5669708251953 441.62799072265625
183.6551513671875 303.58270263671875 249.59742736816406 303.58270263671875 249.59742736816406 438.6452941894531 183.6551513671875 438.6452941894531
183.73655700683594 306.51922607421875 250.2718963623047 306.51922607421875 250.2718963623047 442.79652404785156 183.73655700683594 442.79652404785156
180.24978637695312 303.3731689453125 247.22879028320312 303.3731689453125 247.22879028320312 440.5591735839844 180.24978637695312 440.5591735839844
179.61770629882812 305.53497314453125 245.22718048095703 305.53497314453125 245.22718048095703 439.91590881347656 179.61770629882812 439.91590881347656
181.4561309814453 305.8840026855469 247.49481201171875 305.8840026855469 247.49481201171875 441.14404296875 181.4561309814453 441.14404296875
180.21546936035156 306.7196350097656 245.99842834472656 306.7196350097656 245.99842834472656 441.45591735839844 180.21546936035156 441.45591735839844
176.78964233398438 307.2822570800781 241.98571014404297 307.2822570800781 241.98571014404297 440.81646728515625 176.78964233398438 440.81646728515625
176.50152587890625 308.29791259765625 241.4619140625 308.29791259765625 241.4619140625 441.3493957519531 176.50152587890625 441.3493957519531
178.9749755859375 310.2779235839844 243.46015167236328 310.2779235839844 243.46015167236328 442.3560791015625 178.9749755859375 442.3560791015625
180.34881591796875 314.19049072265625 244.66022491455078 314.19049072265625 244.66022491455078 445.9127502441406 180.34881591796875 445.9127502441406
184.91378784179688 313.30072021484375 248.0274658203125 313.30072021484375 248.0274658203125 442.5697937011719 184.91378784179688 442.5697937011719
184.71209716796875 312.6489562988281 248.09300994873047 312.6489562988281 248.09300994873047 442.4653778076172 184.71209716796875 442.4653778076172
187.5734100341797 312.3045959472656 250.66314315795898 312.3045959472656 250.66314315795898 441.5246124267578 187.5734100341797 441.5246124267578
186.7168426513672 313.92169189453125 249.71396255493164 313.92169189453125 249.71396255493164 442.9520263671875 186.7168426513672 442.9520263671875
188.4705047607422 315.9071350097656 251.54912567138672 315.9071350097656 251.54912567138672 445.1044158935547 188.4705047607422 445.1044158935547
186.09292602539062 310.01263427734375 250.46630096435547 310.01263427734375 250.46630096435547 441.86183166503906 186.09292602539062 441.86183166503906
184.1873321533203 313.11737060546875 247.6305923461914 313.11737060546875 247.6305923461914 443.06150817871094 184.1873321533203 443.06150817871094
180.53335571289062 310.9649963378906 244.74373626708984 310.9649963378906 244.74373626708984 442.4803466796875 180.53335571289062 442.4803466796875
173.35104370117188 311.52276611328125 237.7230453491211 311.52276611328125 237.7230453491211 443.369140625 173.35104370117188 443.369140625
172.55804443359375 311.239013671875 237.5472640991211 311.239013671875 237.5472640991211 444.3495635986328 172.55804443359375 444.3495635986328
194.4789276123047 313.8260498046875 258.30248260498047 313.8260498046875 258.30248260498047 444.5491027832031 194.4789276123047 444.5491027832031
197.4393310546875 312.08087158203125 260.85539627075195 312.08087158203125 260.85539627075195 441.9693145751953 197.4393310546875 441.9693145751953
194.71591186523438 307.2994079589844 259.2043151855469 307.2994079589844 259.2043151855469 439.38421630859375 194.71591186523438 439.38421630859375
193.2427215576172 311.10528564453125 257.38330078125 311.10528564453125 257.38330078125 442.4776916503906 193.2427215576172 442.4776916503906
190.3052978515625 308.39105224609375 255.66326904296875 308.39105224609375 255.66326904296875 442.2569122314453 190.3052978515625 442.2569122314453
184.79122924804688 306.9207763671875 250.4205780029297 306.9207763671875 250.4205780029297 441.3424835205078 184.79122924804688 441.3424835205078
183.6754608154297 314.61834716796875 249.95956420898438 314.61834716796875 249.95956420898438 450.3811340332031 183.6754608154297 450.3811340332031
163.44052124023438 316.95758056640625 228.12229919433594 316.95758056640625 228.12229919433594 449.4385070800781 163.44052124023438 449.4385070800781
216.21707153320312 303.2960205078125 280.5361328125 303.2960205078125 280.5361328125 435.0340270996094 216.21707153320312 435.0340270996094
186.7431640625 310.91278076171875 250.825439453125 310.91278076171875 250.825439453125 442.1658020019531 186.7431640625 442.1658020019531
186.74185180664062 315.5565185546875 249.41853713989258 315.5565185546875 249.41853713989258 443.9306182861328 186.74185180664062 443.9306182861328
190.27133178710938 313.221435546875 252.40441131591797 313.221435546875 252.40441131591797 440.4821319580078 190.27133178710938 440.4821319580078
200.6918487548828 315.96783447265625 262.47021865844727 315.96783447265625 262.47021865844727 442.50201416015625 200.6918487548828 442.50201416015625
224.34274291992188 318.54827880859375 284.5918884277344 318.54827880859375 284.5918884277344 441.95030212402344 224.34274291992188 441.95030212402344
188.2248077392578 322.44805908203125 248.22593688964844 322.44805908203125 248.22593688964844 445.34210205078125 188.2248077392578 445.34210205078125
183.6937255859375 321.11181640625 243.41850662231445 321.11181640625 243.41850662231445 443.4398422241211 183.6937255859375 443.4398422241211
222.7435302734375 313.38336181640625 282.7027397155762 313.38336181640625 282.7027397155762 436.19154357910156 222.7435302734375 436.19154357910156
214.7332305908203 317.17852783203125 274.81897354125977 317.17852783203125 274.81897354125977 440.24586486816406 214.7332305908203 440.24586486816406
213.4427947998047 319.9837951660156 272.7869644165039 319.9837951660156 272.7869644165039 441.5322570800781 213.4427947998047 441.5322570800781
263.55047607421875 318.37640380859375 322.3450622558594 318.37640380859375 322.3450622558594 438.7992172241211 263.55047607421875 438.7992172241211
278.98980712890625 315.9969482421875 338.7329635620117 315.9969482421875 338.7329635620117 438.3626251220703 278.98980712890625 438.3626251220703
279.9626159667969 320.313232421875 340.82952880859375 320.313232421875 340.82952880859375 444.98057556152344 279.9626159667969 444.98057556152344
282.9356994628906 321.5728759765625 344.3376655578613 321.5728759765625 344.3376655578613 447.3361053466797 282.9356994628906 447.3361053466797
298.01715087890625 311.1156005859375 359.7821960449219 311.1156005859375 359.7821960449219 437.6224822998047 298.01715087890625 437.6224822998047
302.8556213378906 306.5542297363281 365.5410346984863 306.5542297363281 365.5410346984863 434.9462127685547 302.8556213378906 434.9462127685547
310.79766845703125 306.5091247558594 375.176025390625 306.5091247558594 375.176025390625 438.36859130859375 310.79766845703125 438.36859130859375
313.10565185546875 305.4964599609375 377.77284240722656 305.4964599609375 377.77284240722656 437.947509765625 313.10565185546875 437.947509765625
311.03009033203125 309.0767822265625 375.6070098876953 309.0767822265625 375.6070098876953 441.3429260253906 311.03009033203125 441.3429260253906
308.85296630859375 310.23333740234375 372.7479782104492 310.23333740234375 372.7479782104492 441.10279846191406 308.85296630859375 441.10279846191406
312.75677490234375 307.599853515625 375.7977066040039 307.599853515625 375.7977066040039 436.719970703125 312.75677490234375 436.719970703125
312.950439453125 305.0489807128906 377.27967071533203 305.0489807128906 377.27967071533203 436.8077850341797 312.950439453125 436.8077850341797
318.1089782714844 303.5923767089844 383.38316345214844 303.5923767089844 383.38316345214844 437.28662109375 318.1089782714844 437.28662109375
318.5447998046875 304.1636047363281 383.8057403564453 304.1636047363281 383.8057403564453 437.83070373535156 318.5447998046875 437.83070373535156
315.63421630859375 300.83477783203125 382.1183090209961 300.83477783203125 382.1183090209961 437.00714111328125 315.63421630859375 437.00714111328125
315.24658203125 300.42938232421875 382.9089813232422 300.42938232421875 382.9089813232422 439.01513671875 315.24658203125 439.01513671875
317.0869140625 299.1700439453125 385.7416534423828 299.1700439453125 385.7416534423828 439.7882995605469 317.0869140625 439.7882995605469
328.09307861328125 295.56976318359375 398.04512786865234 295.56976318359375 398.04512786865234 438.8451690673828 328.09307861328125 438.8451690673828
329.42779541015625 290.3946838378906 400.66844177246094 290.3946838378906 400.66844177246094 436.3094024658203 329.42779541015625 436.3094024658203
330.78936767578125 289.10369873046875 404.0032043457031 289.10369873046875 404.0032043457031 439.0598907470703 330.78936767578125 439.0598907470703
334.5404052734375 289.852294921875 408.16839599609375 289.852294921875 408.16839599609375 440.6567687988281 334.5404052734375 440.6567687988281
333.52154541015625 289.1692199707031 408.5101089477539 289.1692199707031 408.5101089477539 442.76043701171875 333.52154541015625 442.76043701171875
334.37225341796875 290.3858642578125 410.16404724121094 290.3858642578125 410.16404724121094 445.6222381591797 334.37225341796875 445.6222381591797
336.30133056640625 287.65478515625 414.2264633178711 287.65478515625 414.2264633178711 446.1440124511719 336.30133056640625 446.1440124511719
335.03326416015625 289.34259033203125 414.51212310791016 289.34259033203125 414.51212310791016 446.060791015625 335.03326416015625 446.060791015625
339.78594970703125 290.5685729980469 422.2938003540039 290.5685729980469 422.2938003540039 443.84088134765625 339.78594970703125 443.84088134765625
341.62054443359375 290.16619873046875 422.0668716430664 290.16619873046875 422.0668716430664 446.65110778808594 341.62054443359375 446.65110778808594
347.4368896484375 287.9441833496094 425.67181396484375 287.9441833496094 425.67181396484375 448.1845703125 347.4368896484375 448.1845703125
342.220458984375 285.5401306152344 420.65380859375 285.5401306152344 420.65380859375 446.1869354248047 342.220458984375 446.1869354248047
348.05169677734375 284.3235168457031 424.8674087524414 284.3235168457031 424.8674087524414 441.6571044921875 348.05169677734375 441.6571044921875
348.1115417480469 285.0736083984375 424.84983825683594 285.0736083984375 424.84983825683594 442.2486267089844 348.1115417480469 442.2486267089844
346.8507385253906 287.7439880371094 422.58992767333984 287.7439880371094 422.58992767333984 442.8726501464844 346.8507385253906 442.8726501464844
346.615478515625 290.5676574707031 420.8663787841797 290.5676574707031 420.8663787841797 442.64801025390625 346.615478515625 442.64801025390625
352.2062072753906 287.05426025390625 425.79371643066406 287.05426025390625 425.79371643066406 437.7758483886719 352.2062072753906 437.7758483886719
350.67071533203125 289.58782958984375 425.32945251464844 289.58782958984375 425.32945251464844 442.5035095214844 350.67071533203125 442.5035095214844
355.007080078125 290.0599060058594 428.79012298583984 290.0599060058594 428.79012298583984 441.18199157714844 355.007080078125 441.18199157714844
363.2758483886719 291.60931396484375 436.5601806640625 291.60931396484375 436.5601806640625 441.70994567871094 363.2758483886719 441.70994567871094
365.68634033203125 293.40118408203125 438.5170593261719 293.40118408203125 438.5170593261719 442.5727233886719 365.68634033203125 442.5727233886719
391.025390625 295.89013671875 462.46031188964844 295.89013671875 462.46031188964844 442.20281982421875 391.025390625 442.20281982421875
408.8771057128906 296.4664001464844 479.5033721923828 296.4664001464844 479.5033721923828 441.122802734375 408.8771057128906 441.122802734375
413.19744873046875 297.35577392578125 482.90101623535156 297.35577392578125 482.90101623535156 440.12232971191406 413.19744873046875 440.12232971191406
417.38092041015625 297.15521240234375 487.2573776245117 297.15521240234375 487.2573776245117 440.27587890625 417.38092041015625 440.27587890625
446.619140625 290.38201904296875 516.6887054443359 290.38201904296875 516.6887054443359 433.89820861816406 446.619140625 433.89820861816406
471.859619140625 288.6644287109375 542.2621536254883 288.6644287109375 542.2621536254883 432.86260986328125 471.859619140625 432.86260986328125
488.5022888183594 287.98956298828125 559.8502960205078 287.98956298828125 559.8502960205078 434.12428283691406 488.5022888183594 434.12428283691406
464.5227966308594 291.82696533203125 536.8062515258789 291.82696533203125 536.8062515258789 439.8776550292969 464.5227966308594 439.8776550292969
436.45855712890625 296.907958984375 507.17889404296875 296.907958984375 507.17889404296875 441.757080078125 436.45855712890625 441.757080078125
418.0943908691406 296.1913146972656 487.2861557006836 296.1913146972656 487.2861557006836 437.90960693359375 418.0943908691406 437.90960693359375
420.66064453125 298.3018493652344 489.19068908691406 298.3018493652344 489.19068908691406 438.66481018066406 420.66064453125 438.66481018066406
423.3150939941406 298.22412109375 492.0463104248047 298.22412109375 492.0463104248047 438.9991149902344 423.3150939941406 438.9991149902344
427.7356872558594 297.5948791503906 496.2807159423828 297.5948791503906 496.2807159423828 437.988525390625 427.7356872558594 437.988525390625
431.51605224609375 293.9806213378906 501.6023406982422 293.9806213378906 501.6023406982422 437.5310821533203 431.51605224609375 437.5310821533203
431.39959716796875 292.6567077636719 503.2137680053711 292.6567077636719 503.2137680053711 439.7462158203125 431.39959716796875 439.7462158203125
429.306884765625 292.9969177246094 501.6930160522461 292.9969177246094 501.6930160522461 441.2579345703125 429.306884765625 441.2579345703125
424.71258544921875 290.91351318359375 496.8085708618164 290.91351318359375 496.8085708618164 438.58026123046875 424.71258544921875 438.58026123046875
423.00579833984375 286.57940673828125 496.2970428466797 286.57940673828125 496.2970428466797 436.6943054199219 423.00579833984375 436.6943054199219
421.1575622558594 284.4615783691406 495.5439224243164 284.4615783691406 495.5439224243164 436.8194885253906 421.1575622558594 436.8194885253906
419.6895446777344 282.2356872558594 494.97632598876953 282.2356872558594 494.97632598876953 436.4378204345703 419.6895446777344 436.4378204345703
419.9652404785156 281.99713134765625 495.7077941894531 281.99713134765625 495.7077941894531 437.1327667236328 419.9652404785156 437.1327667236328
411.203125 281.8807067871094 487.4395294189453 281.8807067871094 487.4395294189453 438.02783203125 411.203125 438.02783203125
399.89208984375 281.782470703125 475.4393081665039 281.782470703125 475.4393081665039 436.5179901123047 399.89208984375 436.5179901123047
393.2091979980469 281.8254089355469 469.5079803466797 281.8254089355469 469.5079803466797 438.10028076171875 393.2091979980469 438.10028076171875
386.1015625 282.6549377441406 462.0438995361328 282.6549377441406 462.0438995361328 438.1997375488281 386.1015625 438.1997375488281
383.1191101074219 283.8533935546875 458.680908203125 283.8533935546875 458.680908203125 438.6187438964844 383.1191101074219 438.6187438964844
379.15155029296875 280.76568603515625 455.90294647216797 280.76568603515625 455.90294647216797 437.9675750732422 379.15155029296875 437.9675750732422
376.962158203125 284.353271484375 452.3431396484375 284.353271484375 452.3431396484375 438.74827575683594 376.962158203125 438.74827575683594
372.53558349609375 284.67071533203125 447.5552520751953 284.67071533203125 447.5552520751953 438.3256530761719 372.53558349609375 438.3256530761719
372.89776611328125 283.39178466796875 448.44252014160156 283.39178466796875 448.44252014160156 438.1222229003906 372.89776611328125 438.1222229003906
360.15325927734375 286.6446228027344 435.40919494628906 286.6446228027344 435.40919494628906 440.7834930419922 360.15325927734375 440.7834930419922
356.4991149902344 282.4464416503906 431.6447067260742 282.4464416503906 431.6447067260742 436.3592987060547 356.4991149902344 436.3592987060547
349.1994934082031 278.2025451660156 425.64649963378906 278.2025451660156 425.64649963378906 434.7809600830078 349.1994934082031 434.7809600830078
342.57415771484375 270.94036865234375 419.6029510498047 270.94036865234375 419.6029510498047 428.7104034423828 342.57415771484375 428.7104034423828
340.61346435546875 275.207763671875 418.2269973754883 275.207763671875 418.2269973754883 434.1754455566406 340.61346435546875 434.1754455566406
334.87884521484375 281.66961669921875 411.09403228759766 281.66961669921875 411.09403228759766 437.77320861816406 334.87884521484375 437.77320861816406
330.33270263671875 286.6910400390625 405.5930633544922 286.6910400390625 405.5930633544922 440.8389587402344 330.33270263671875 440.8389587402344
327.3402404785156 292.60943603515625 400.87962341308594 292.60943603515625 400.87962341308594 443.23243713378906 327.3402404785156 443.23243713378906
331.577880859375 292.0920104980469 405.0743637084961 292.0920104980469 405.0743637084961 442.6271514892578 331.577880859375 442.6271514892578
323.5277404785156 288.9617004394531 396.9395217895508 288.9617004394531 396.9395217895508 439.3233642578125 323.5277404785156 439.3233642578125
317.64288330078125 290.56182861328125 390.7522659301758 290.56182861328125 390.7522659301758 440.3041076660156 317.64288330078125 440.3041076660156
315.5528564453125 291.8870544433594 387.3469696044922 291.8870544433594 387.3469696044922 438.93540954589844 315.5528564453125 438.93540954589844
330.32733154296875 293.0745849609375 401.9951629638672 293.0745849609375 401.9951629638672 439.8642883300781 330.32733154296875 439.8642883300781
363.48577880859375 293.70587158203125 435.1679916381836 293.70587158203125 435.1679916381836 440.52503967285156 363.48577880859375 440.52503967285156
369.29852294921875 295.94464111328125 440.3750228881836 295.94464111328125 440.3750228881836 441.52320861816406 369.29852294921875 441.52320861816406
361.7008361816406 295.6349182128906 431.2021484375 295.6349182128906 431.2021484375 437.98719787597656 361.7008361816406 437.98719787597656
364.633544921875 296.24139404296875 434.14068603515625 296.24139404296875 434.14068603515625 438.6056213378906 364.633544921875 438.6056213378906
363.36846923828125 295.82977294921875 433.2532272338867 295.82977294921875 433.2532272338867 438.9674377441406 363.36846923828125 438.9674377441406
363.98809814453125 297.44232177734375 433.24329376220703 297.44232177734375 433.24329376220703 439.29051208496094 363.98809814453125 439.29051208496094
363.85791015625 294.8582763671875 433.79884338378906 294.8582763671875 433.79884338378906 438.1109924316406 363.85791015625 438.1109924316406
364.35687255859375 294.8343811035156 434.5716781616211 294.8343811035156 434.5716781616211 438.6480407714844 364.35687255859375 438.6480407714844
363.46490478515625 294.25732421875 434.88568115234375 294.25732421875 434.88568115234375 440.5410461425781 363.46490478515625 440.5410461425781
362.6373596191406 293.51165771484375 433.71849822998047 293.51165771484375 433.71849822998047 436.4537048339844 362.6373596191406 436.4537048339844
361.23419189453125 296.9324035644531 432.4179229736328 296.9324035644531 432.4179229736328 439.6058349609375 361.23419189453125 439.6058349609375
357.53564453125 296.94329833984375 429.44927978515625 296.94329833984375 429.44927978515625 437.6844482421875 357.53564453125 437.6844482421875
357.33245849609375 296.8833923339844 429.98653411865234 296.8833923339844 429.98653411865234 436.9074249267578 357.33245849609375 436.9074249267578
359.08184814453125 297.52777099609375 429.2368392944336 297.52777099609375 429.2368392944336 436.9122619628906 359.08184814453125 436.9122619628906
358.2320861816406 297.29058837890625 427.8903350830078 297.29058837890625 427.8903350830078 435.51153564453125 358.2320861816406 435.51153564453125
362.8242492675781 296.25274658203125 431.2880325317383 296.25274658203125 431.2880325317383 436.47996520996094 362.8242492675781 436.47996520996094
359.0569763183594 297.685546875 427.81561279296875 297.685546875 427.81561279296875 436.4117736816406 359.0569763183594 436.4117736816406
359.81280517578125 294.95904541015625 427.5640106201172 294.95904541015625 427.5640106201172 433.7267761230469 359.81280517578125 433.7267761230469
352.7019348144531 298.54583740234375 420.78678131103516 298.54583740234375 420.78678131103516 435.25938415527344 352.7019348144531 435.25938415527344
350.3680725097656 296.44140625 417.7479476928711 296.44140625 417.7479476928711 432.89271545410156 350.3680725097656 432.89271545410156
355.84991455078125 296.71392822265625 424.86779022216797 296.71392822265625 424.86779022216797 435.6148986816406 355.84991455078125 435.6148986816406
360.489990234375 293.9114074707031 429.10609436035156 293.9114074707031 429.10609436035156 433.30030822753906 360.489990234375 433.30030822753906
353.9675598144531 296.7178955078125 422.8451614379883 296.7178955078125 422.8451614379883 434.718505859375 353.9675598144531 434.718505859375
354.1484375 296.5735168457031 423.7754440307617 296.5735168457031 423.7754440307617 434.22923278808594 354.1484375 434.22923278808594
352.8131408691406 295.201416015625 423.3478317260742 295.201416015625 423.3478317260742 434.3942108154297 352.8131408691406 434.3942108154297
349.1074523925781 295.22589111328125 421.4338607788086 295.22589111328125 421.4338607788086 434.30694580078125 349.1074523925781 434.30694580078125
348.56298828125 297.3846130371094 422.13316345214844 297.3846130371094 422.13316345214844 433.5934143066406 348.56298828125 433.5934143066406
348.9717712402344 296.81549072265625 422.5840148925781 296.81549072265625 422.5840148925781 432.52105712890625 348.9717712402344 432.52105712890625
350.215087890625 296.82684326171875 422.97572326660156 296.82684326171875 422.97572326660156 432.6436462402344 350.215087890625 432.6436462402344
346.7205810546875 298.217529296875 418.5450973510742 298.217529296875 418.5450973510742 432.8623962402344 346.7205810546875 432.8623962402344
349.7355041503906 296.74163818359375 421.34690856933594 296.74163818359375 421.34690856933594 432.79689025878906 349.7355041503906 432.79689025878906
348.1589660644531 297.381591796875 421.40745544433594 297.381591796875 421.40745544433594 434.2120361328125 348.1589660644531 434.2120361328125
350.5543212890625 297.5137939453125 422.9429931640625 297.5137939453125 422.9429931640625 434.4062805175781 350.5543212890625 434.4062805175781
347.55206298828125 298.984130859375 420.2860565185547 298.984130859375 420.2860565185547 435.89402770996094 347.55206298828125 435.89402770996094
344.82086181640625 299.03961181640625 419.1493835449219 299.03961181640625 419.1493835449219 436.4892120361328 344.82086181640625 436.4892120361328
344.5685119628906 299.20196533203125 418.9448547363281 299.20196533203125 418.9448547363281 436.56805419921875 344.5685119628906 436.56805419921875
336.9324645996094 300.23590087890625 411.7572250366211 300.23590087890625 411.7572250366211 437.28330993652344 336.9324645996094 437.28330993652344
336.83526611328125 298.8056640625 410.6369934082031 298.8056640625 410.6369934082031 437.79388427734375 336.83526611328125 437.79388427734375
336.14373779296875 300.07177734375 409.7144546508789 300.07177734375 409.7144546508789 438.0606384277344 336.14373779296875 438.0606384277344
325.66998291015625 302.25921630859375 398.2245407104492 302.25921630859375 398.2245407104492 441.5271911621094 325.66998291015625 441.5271911621094
324.8927001953125 302.21612548828125 397.4441375732422 302.21612548828125 397.4441375732422 441.5639343261719 324.8927001953125 441.5639343261719
321.6068420410156 302.3042907714844 394.91075897216797 302.3042907714844 394.91075897216797 441.9946746826172 321.6068420410156 441.9946746826172
320.2354431152344 303.2892150878906 393.9801788330078 303.2892150878906 393.9801788330078 441.6422882080078 320.2354431152344 441.6422882080078
318.7229919433594 305.60400390625 391.1298370361328 305.60400390625 391.1298370361328 441.9603576660156 318.7229919433594 441.9603576660156
312.4502868652344 306.2407531738281 384.7317657470703 306.2407531738281 384.7317657470703 444.49684143066406 312.4502868652344 444.49684143066406
313.8291320800781 296.3213195800781 383.4201431274414 296.3213195800781 383.4201431274414 438.8573303222656 313.8291320800781 438.8573303222656
307.1258850097656 305.2830505371094 375.40442657470703 305.2830505371094 375.40442657470703 440.47900390625 307.1258850097656 440.47900390625
307.10125732421875 307.8028869628906 374.7273178100586 307.8028869628906 374.7273178100586 441.30845642089844 307.10125732421875 441.30845642089844
308.30706787109375 305.01214599609375 374.4464797973633 305.01214599609375 374.4464797973633 438.6421813964844 308.30706787109375 438.6421813964844
303.46893310546875 308.05963134765625 368.9883575439453 308.05963134765625 368.9883575439453 439.82952880859375 303.46893310546875 439.82952880859375
301.95684814453125 307.2976989746094 367.4225387573242 307.2976989746094 367.4225387573242 439.99884033203125 301.95684814453125 439.99884033203125
302.91693115234375 306.48626708984375 367.54776763916016 306.48626708984375 367.54776763916016 438.9845886230469 302.91693115234375 438.9845886230469
301.30902099609375 307.35235595703125 366.3696517944336 307.35235595703125 366.3696517944336 440.1101379394531 301.30902099609375 440.1101379394531
300.5548400878906 307.90313720703125 363.51729583740234 307.90313720703125 363.51729583740234 439.26988220214844 300.5548400878906 439.26988220214844
301.9744567871094 303.61431884765625 364.9551467895508 303.61431884765625 364.9551467895508 435.36619567871094 301.9744567871094 435.36619567871094
298.7096252441406 306.85821533203125 360.9186325073242 306.85821533203125 360.9186325073242 441.18885803222656 298.7096252441406 441.18885803222656
299.2769470214844 306.93780517578125 360.8096618652344 306.93780517578125 360.8096618652344 442.265869140625 299.2769470214844 442.265869140625
299.66534423828125 307.526611328125 360.18355560302734 307.526611328125 360.18355560302734 441.6967315673828 299.66534423828125 441.6967315673828
300.2452392578125 308.62371826171875 360.7657051086426 308.62371826171875 360.7657051086426 440.7560577392578 300.2452392578125 440.7560577392578
297.2698669433594 310.4617614746094 360.15213775634766 310.4617614746094 360.15213775634766 440.2926025390625 297.2698669433594 440.2926025390625
297.0899963378906 308.9600830078125 360.2777328491211 308.9600830078125 360.2777328491211 439.5869598388672 297.0899963378906 439.5869598388672
296.8299255371094 311.9435119628906 360.74039459228516 311.9435119628906 360.74039459228516 441.75518798828125 296.8299255371094 441.75518798828125
301.05474853515625 310.23492431640625 364.48490142822266 310.23492431640625 364.48490142822266 440.13941955566406 301.05474853515625 440.13941955566406
301.3948974609375 309.06207275390625 364.4420471191406 309.06207275390625 364.4420471191406 440.2057800292969 301.3948974609375 440.2057800292969
300.2008056640625 308.44036865234375 362.70684814453125 308.44036865234375 362.70684814453125 442.38914489746094 300.2008056640625 442.38914489746094
293.4123229980469 308.5079345703125 355.6310043334961 308.5079345703125 355.6310043334961 445.1253967285156 293.4123229980469 445.1253967285156
292.4554748535156 308.34442138671875 354.9408073425293 308.34442138671875 354.9408073425293 442.25726318359375 292.4554748535156 442.25726318359375
289.25604248046875 308.25970458984375 352.5898742675781 308.25970458984375 352.5898742675781 442.8534240722656 289.25604248046875 442.8534240722656
289.12060546875 309.4791259765625 351.64106369018555 309.4791259765625 351.64106369018555 445.1102600097656 289.12060546875 445.1102600097656
290.36468505859375 308.4978332519531 354.93836975097656 308.4978332519531 354.93836975097656 445.47271728515625 290.36468505859375 445.47271728515625
289.12420654296875 310.8774719238281 354.7975158691406 310.8774719238281 354.7975158691406 446.14891052246094 289.12420654296875 446.14891052246094
289.390625 309.81219482421875 355.57418060302734 309.81219482421875 355.57418060302734 445.0495910644531 289.390625 445.0495910644531
283.5471496582031 311.8030700683594 348.8885498046875 311.8030700683594 348.8885498046875 445.1121520996094 283.5471496582031 445.1121520996094
286.93878173828125 312.6644592285156 351.9677963256836 312.6644592285156 351.9677963256836 445.8566436767578 286.93878173828125 445.8566436767578
284.26361083984375 315.7560119628906 349.1838836669922 315.7560119628906 349.1838836669922 448.7254638671875 284.26361083984375 448.7254638671875
283.03985595703125 313.8182678222656 347.58374786376953 313.8182678222656 347.58374786376953 446.0168151855469 283.03985595703125 446.0168151855469
274.67608642578125 312.75469970703125 338.46094512939453 312.75469970703125 338.46094512939453 445.64599609375 274.67608642578125 445.64599609375
273.26153564453125 312.08837890625 337.7159118652344 312.08837890625 337.7159118652344 443.6636505126953 273.26153564453125 443.6636505126953
272.4591979980469 312.7880859375 335.04186248779297 312.7880859375 335.04186248779297 442.8219909667969 272.4591979980469 442.8219909667969
270.80072021484375 311.8875427246094 332.6018753051758 311.8875427246094 332.6018753051758 442.10211181640625 270.80072021484375 442.10211181640625
268.4380187988281 311.2474670410156 328.6040954589844 311.2474670410156 328.6040954589844 441.4465637207031 268.4380187988281 441.4465637207031
266.3955993652344 312.5753479003906 328.07752227783203 312.5753479003906 328.07752227783203 441.25306701660156 266.3955993652344 441.25306701660156
262.30853271484375 312.99127197265625 323.2613525390625 312.99127197265625 323.2613525390625 442.2832336425781 262.30853271484375 442.2832336425781
258.96319580078125 313.19366455078125 320.12017822265625 313.19366455078125 320.12017822265625 442.1156921386719 258.96319580078125 442.1156921386719
260.02178955078125 312.50787353515625 322.9566459655762 312.50787353515625 322.9566459655762 443.5668640136719 260.02178955078125 443.5668640136719
259.9833679199219 311.66741943359375 322.49578857421875 311.66741943359375 322.49578857421875 443.58229064941406 259.9833679199219 443.58229064941406
261.21551513671875 313.363525390625 325.21907806396484 313.363525390625 325.21907806396484 445.30149841308594 261.21551513671875 445.30149841308594
258.72412109375 304.9781188964844 325.67138671875 304.9781188964844 325.67138671875 442.0992889404297 258.72412109375 442.0992889404297
258.29095458984375 311.8710632324219 320.40428924560547 311.8710632324219 320.40428924560547 445.39683532714844 258.29095458984375 445.39683532714844
261.9759216308594 312.89703369140625 326.45521545410156 312.89703369140625 326.45521545410156 444.5715026855469 261.9759216308594 444.5715026855469
251.8782958984375 313.1289978027344 312.02191162109375 313.1289978027344 312.02191162109375 446.7454528808594 251.8782958984375 446.7454528808594
259.46771240234375 316.54302978515625 324.03084564208984 316.54302978515625 324.03084564208984 449.80865478515625 259.46771240234375 449.80865478515625
259.11407470703125 313.48529052734375 321.2644348144531 313.48529052734375 321.2644348144531 446.95838928222656 259.11407470703125 446.95838928222656
258.701416015625 314.1617736816406 320.6351013183594 314.1617736816406 320.6351013183594 446.8915557861328 258.701416015625 446.8915557861328
257.8134460449219 312.63873291015625 319.28247833251953 312.63873291015625 319.28247833251953 447.84861755371094 257.8134460449219 447.84861755371094
256.18548583984375 311.78472900390625 317.99214935302734 311.78472900390625 317.99214935302734 447.77308654785156 256.18548583984375 447.77308654785156
254.67825317382812 311.4559020996094 318.1480827331543 311.4559020996094 318.1480827331543 448.5989227294922 254.67825317382812 448.5989227294922
255.88186645507812 312.32659912109375 318.9164924621582 312.32659912109375 318.9164924621582 448.9579162597656 255.88186645507812 448.9579162597656
253.5170440673828 311.5773010253906 316.6030044555664 311.5773010253906 316.6030044555664 447.85888671875 253.5170440673828 447.85888671875
252.03466796875 310.08135986328125 316.17696380615234 310.08135986328125 316.17696380615234 449.41502380371094 252.03466796875 449.41502380371094
253.68222045898438 309.97198486328125 317.6620788574219 309.97198486328125 317.6620788574219 449.2122039794922 253.68222045898438 449.2122039794922
251.5437469482422 310.0296936035156 316.9647216796875 310.0296936035156 316.9647216796875 448.7006378173828 251.5437469482422 448.7006378173828
251.2554473876953 308.8914794921875 317.46448516845703 308.8914794921875 317.46448516845703 448.2648162841797 251.2554473876953 448.2648162841797
247.2213592529297 305.82928466796875 313.3832015991211 305.82928466796875 313.3832015991211 447.66204833984375 247.2213592529297 447.66204833984375
246.91128540039062 300.1675720214844 312.7882537841797 300.1675720214844 312.7882537841797 448.2144012451172 246.91128540039062 448.2144012451172
246.3099365234375 302.3772888183594 313.8401565551758 302.3772888183594 313.8401565551758 449.0103759765625 246.3099365234375 449.0103759765625
245.2500457763672 301.38018798828125 312.3178939819336 301.38018798828125 312.3178939819336 450.36793518066406 245.2500457763672 450.36793518066406
232.77328491210938 302.626708984375 303.1716766357422 302.626708984375 303.1716766357422 451.0249328613281 232.77328491210938 451.0249328613281
226.9752960205078 304.76495361328125 299.7140884399414 304.76495361328125 299.7140884399414 452.9914245605469 226.9752960205078 452.9914245605469
231.0244598388672 303.11090087890625 304.08712005615234 303.11090087890625 304.08712005615234 453.46331787109375 231.0244598388672 453.46331787109375
225.1302032470703 303.70184326171875 299.4938278198242 303.70184326171875 299.4938278198242 454.6271057128906 225.1302032470703 454.6271057128906
219.94046020507812 305.4247741699219 295.5771255493164 305.4247741699219 295.5771255493164 454.06590270996094 219.94046020507812 454.06590270996094
230.62472534179688 303.02099609375 302.3762969970703 303.02099609375 302.3762969970703 451.41383361816406 230.62472534179688 451.41383361816406
240.6973114013672 303.4280090332031 308.7168731689453 303.4280090332031 308.7168731689453 449.48536682128906 240.6973114013672 449.48536682128906
242.0041046142578 303.3235778808594 310.3591613769531 303.3235778808594 310.3591613769531 449.62428283691406 242.0041046142578 449.62428283691406
242.83285522460938 304.10040283203125 313.7198944091797 304.10040283203125 313.7198944091797 447.0536346435547 242.83285522460938 447.0536346435547
248.20703125 306.1719665527344 318.6061706542969 306.1719665527344 318.6061706542969 445.84376525878906 248.20703125 445.84376525878906
252.12631225585938 306.92486572265625 323.0041046142578 306.92486572265625 323.0041046142578 444.31105041503906 252.12631225585938 444.31105041503906
250.7324981689453 307.48345947265625 320.14479064941406 307.48345947265625 320.14479064941406 446.1609191894531 250.7324981689453 446.1609191894531
248.9567108154297 309.69573974609375 317.1180648803711 309.69573974609375 317.1180648803711 448.1274719238281 248.9567108154297 448.1274719238281
248.0778350830078 311.27752685546875 315.1705627441406 311.27752685546875 315.1705627441406 447.42066955566406 248.0778350830078 447.42066955566406
249.94656372070312 310.7303161621094 316.6066207885742 310.7303161621094 316.6066207885742 447.7869873046875 249.94656372070312 447.7869873046875
248.54769897460938 310.541015625 315.8523483276367 310.541015625 315.8523483276367 448.24066162109375 248.54769897460938 448.24066162109375
247.56918334960938 310.5226745605469 315.7380065917969 310.5226745605469 315.7380065917969 447.9045104980469 247.56918334960938 447.9045104980469
249.3809051513672 311.38507080078125 316.42932891845703 311.38507080078125 316.42932891845703 446.9563293457031 249.3809051513672 446.9563293457031
248.6085662841797 311.0151062011719 315.2510070800781 311.0151062011719 315.2510070800781 447.0899353027344 248.6085662841797 447.0899353027344
249.7021942138672 312.11859130859375 316.3980178833008 312.11859130859375 316.3980178833008 447.11915588378906 249.7021942138672 447.11915588378906
247.0310821533203 312.92535400390625 313.21588134765625 312.92535400390625 313.21588134765625 447.2575988769531 247.0310821533203 447.2575988769531
247.8188018798828 312.34881591796875 312.766357421875 312.34881591796875 312.766357421875 446.56951904296875 247.8188018798828 446.56951904296875
249.7918243408203 311.92169189453125 313.51707458496094 311.92169189453125 313.51707458496094 446.16424560546875 249.7918243408203 446.16424560546875
250.9803009033203 312.15386962890625 314.5657501220703 312.15386962890625 314.5657501220703 447.0025939941406 250.9803009033203 447.0025939941406
254.5648956298828 310.5716857910156 316.1050453186035 310.5716857910156 316.1050453186035 446.4505615234375 254.5648956298828 446.4505615234375
250.7195587158203 311.37042236328125 311.44129943847656 311.37042236328125 311.44129943847656 446.635986328125 250.7195587158203 446.635986328125
253.8306427001953 310.6125183105469 314.0291061401367 310.6125183105469 314.0291061401367 445.8719940185547 253.8306427001953 445.8719940185547
254.67263793945312 310.21435546875 313.9203071594238 310.21435546875 313.9203071594238 445.3568115234375 254.67263793945312 445.3568115234375
253.06173706054688 311.1688537597656 312.2654342651367 311.1688537597656 312.2654342651367 445.4046173095703 253.06173706054688 445.4046173095703
254.1087188720703 310.73553466796875 313.8663787841797 310.73553466796875 313.8663787841797 445.0438537597656 254.1087188720703 445.0438537597656
253.828125 311.4336242675781 313.26152420043945 311.4336242675781 313.26152420043945 445.5351104736328 253.828125 445.5351104736328
252.2200164794922 310.71484375 312.5200424194336 310.71484375 312.5200424194336 445.89697265625 252.2200164794922 445.89697265625
250.470458984375 311.9279479980469 312.31571197509766 311.9279479980469 312.31571197509766 446.88072204589844 250.470458984375 446.88072204589844
249.6519317626953 310.94512939453125 310.7350616455078 310.94512939453125 310.7350616455078 445.97418212890625 249.6519317626953 445.97418212890625
250.23916625976562 310.84136962890625 311.00145721435547 310.84136962890625 311.00145721435547 446.63818359375 250.23916625976562 446.63818359375
249.6029052734375 310.65252685546875 310.5682601928711 310.65252685546875 310.5682601928711 446.5580749511719 249.6029052734375 446.5580749511719
250.67343139648438 311.2445068359375 312.2382507324219 311.2445068359375 312.2382507324219 446.7054443359375 250.67343139648438 446.7054443359375
249.4582977294922 310.37188720703125 311.12540435791016 310.37188720703125 311.12540435791016 446.5086364746094 249.4582977294922 446.5086364746094
249.90493774414062 309.98504638671875 309.83625411987305 309.98504638671875 309.83625411987305 446.1768493652344 249.90493774414062 446.1768493652344
249.2791748046875 310.92486572265625 309.8487968444824 310.92486572265625 309.8487968444824 446.95204162597656 249.2791748046875 446.95204162597656
249.34860229492188 310.6219177246094 309.55987548828125 310.6219177246094 309.55987548828125 446.3370819091797 249.34860229492188 446.3370819091797
247.27328491210938 310.70697021484375 307.68009185791016 310.70697021484375 307.68009185791016 447.1621398925781 247.27328491210938 447.1621398925781
246.06094360351562 311.18994140625 308.0377731323242 311.18994140625 308.0377731323242 446.8284454345703 246.06094360351562 446.8284454345703
247.75552368164062 310.79669189453125 309.3132629394531 310.79669189453125 309.3132629394531 445.7261505126953 247.75552368164062 445.7261505126953
247.2246551513672 309.95068359375 307.37293243408203 309.95068359375 307.37293243408203 445.8123474121094 247.2246551513672 445.8123474121094
244.599853515625 309.8291320800781 303.92725372314453 309.8291320800781 303.92725372314453 445.40179443359375 244.599853515625 445.40179443359375
245.392578125 308.71246337890625 304.49885177612305 308.71246337890625 304.49885177612305 445.5450439453125 245.392578125 445.5450439453125
246.01675415039062 307.09503173828125 309.02518463134766 307.09503173828125 309.02518463134766 448.8127136230469 246.01675415039062 448.8127136230469
245.5853729248047 308.3846740722656 312.6906204223633 308.3846740722656 312.6906204223633 448.3546447753906 245.5853729248047 448.3546447753906
245.0195770263672 308.21563720703125 315.4131774902344 308.21563720703125 315.4131774902344 449.0307922363281 245.0195770263672 449.0307922363281
237.2981414794922 305.27825927734375 312.2673568725586 305.27825927734375 312.2673568725586 447.44195556640625 237.2981414794922 447.44195556640625
233.5465545654297 306.2482604980469 307.6966857910156 306.2482604980469 307.6966857910156 445.63494873046875 233.5465545654297 445.63494873046875
231.84732055664062 307.71588134765625 303.9026107788086 307.71588134765625 303.9026107788086 445.7094421386719 231.84732055664062 445.7094421386719
222.43838500976562 308.54815673828125 293.31764221191406 308.54815673828125 293.31764221191406 448.4812774658203 222.43838500976562 448.4812774658203
213.6212921142578 303.5752258300781 286.52256774902344 303.5752258300781 286.52256774902344 445.2983703613281 213.6212921142578 445.2983703613281
207.7012939453125 304.1060791015625 279.82579040527344 304.1060791015625 279.82579040527344 449.8395690917969 207.7012939453125 449.8395690917969
210.6561279296875 300.7486572265625 281.4208526611328 300.7486572265625 281.4208526611328 446.9132995605469 210.6561279296875 446.9132995605469
226.57424926757812 300.6078796386719 292.22936248779297 300.6078796386719 292.22936248779297 441.8799743652344 226.57424926757812 441.8799743652344
228.18026733398438 299.277099609375 289.9169807434082 299.277099609375 289.9169807434082 439.09619140625 228.18026733398438 439.09619140625
228.30612182617188 301.24114990234375 289.0973205566406 301.24114990234375 289.0973205566406 442.24391174316406 228.30612182617188 442.24391174316406
226.09512329101562 303.896484375 286.0601005554199 303.896484375 286.0601005554199 444.66558837890625 226.09512329101562 444.66558837890625
225.2023162841797 308.65374755859375 286.7057228088379 308.65374755859375 286.7057228088379 445.72760009765625 225.2023162841797 445.72760009765625
223.7045135498047 305.3503112792969 282.98984146118164 305.3503112792969 282.98984146118164 445.03929138183594 223.7045135498047 445.03929138183594
223.4518585205078 307.1409606933594 284.70251083374023 307.1409606933594 284.70251083374023 446.94122314453125 223.4518585205078 446.94122314453125
155.37969970703125 289.07427978515625 228.54498291015625 289.07427978515625 228.54498291015625 438.93125915527344 155.37969970703125 438.93125915527344
152.525390625 284.9840087890625 227.1939468383789 284.9840087890625 227.1939468383789 437.91998291015625 152.525390625 437.91998291015625
152.45516967773438 283.54400634765625 228.67607879638672 283.54400634765625 228.67607879638672 439.6595153808594 152.45516967773438 439.6595153808594
154.5623016357422 280.5791931152344 232.28881072998047 280.5791931152344 232.28881072998047 439.7784881591797 154.5623016357422 439.7784881591797
157.54946899414062 273.8251953125 235.50767517089844 273.8251953125 235.50767517089844 433.4990539550781 157.54946899414062 433.4990539550781
162.24256896972656 263.2542419433594 242.4402847290039 263.2542419433594 242.4402847290039 427.51507568359375 162.24256896972656 427.51507568359375
153.29147338867188 274.49920654296875 234.86827087402344 274.49920654296875 234.86827087402344 441.5846710205078 153.29147338867188 441.5846710205078
150.8413848876953 280.174560546875 232.85314178466797 280.174560546875 232.85314178466797 448.1509094238281 150.8413848876953 448.1509094238281
145.42713928222656 281.37384033203125 224.3526153564453 281.37384033203125 224.3526153564453 450.4595947265625 145.42713928222656 450.4595947265625
147.79025268554688 282.0260925292969 223.1612548828125 282.0260925292969 223.1612548828125 448.78143310546875 147.79025268554688 448.78143310546875
152.3601837158203 277.12994384765625 227.7181625366211 277.12994384765625 227.7181625366211 446.2794952392578 152.3601837158203 446.2794952392578
154.9722137451172 277.12548828125 229.79132080078125 277.12548828125 229.79132080078125 446.7449493408203 154.9722137451172 446.7449493408203
153.6099395751953 253.21762084960938 236.9553680419922 253.21762084960938 236.9553680419922 434.3089599609375 153.6099395751953 434.3089599609375
152.80642700195312 248.36630249023438 233.65773010253906 248.36630249023438 233.65773010253906 439.62860107421875 152.80642700195312 439.62860107421875
171.32565307617188 261.0356750488281 250.2305145263672 261.0356750488281 250.2305145263672 441.85577392578125 171.32565307617188 441.85577392578125
156.64772033691406 259.89801025390625 238.85779571533203 259.89801025390625 238.85779571533203 443.77272033691406 156.64772033691406 443.77272033691406
157.52294921875 258.5997009277344 239.63475036621094 258.5997009277344 239.63475036621094 441.9389343261719 157.52294921875 441.9389343261719
158.0510711669922 261.36639404296875 241.11907958984375 261.36639404296875 241.11907958984375 445.6781463623047 158.0510711669922 445.6781463623047
159.9385528564453 261.460205078125 244.00963592529297 261.460205078125 244.00963592529297 447.5747375488281 159.9385528564453 447.5747375488281
167.3223876953125 261.9456481933594 253.39324951171875 261.9456481933594 253.39324951171875 453.7005615234375 167.3223876953125 453.7005615234375
173.06651306152344 268.17938232421875 262.9942626953125 268.17938232421875 262.9942626953125 458.9226837158203 173.06651306152344 458.9226837158203
173.38807678222656 262.5161437988281 259.11116790771484 262.5161437988281 259.11116790771484 455.58836364746094 173.38807678222656 455.58836364746094
180.95457458496094 266.8880310058594 265.3814239501953 266.8880310058594 265.3814239501953 455.5281219482422 180.95457458496094 455.5281219482422
186.7303466796875 270.8247985839844 273.06089782714844 270.8247985839844 273.06089782714844 456.6714782714844 186.7303466796875 456.6714782714844
191.90869140625 273.37811279296875 279.7269515991211 273.37811279296875 279.7269515991211 458.62567138671875 191.90869140625 458.62567138671875
195.44046020507812 267.673095703125 280.3569107055664 267.673095703125 280.3569107055664 456.3218688964844 195.44046020507812 456.3218688964844
193.2860565185547 257.9381408691406 280.47401428222656 257.9381408691406 280.47401428222656 455.32347106933594 193.2860565185547 455.32347106933594
215.35830688476562 260.37615966796875 305.11791229248047 260.37615966796875 305.11791229248047 455.3473358154297 215.35830688476562 455.3473358154297
218.9729461669922 259.0897521972656 311.2259521484375 259.0897521972656 311.2259521484375 450.59092712402344 218.9729461669922 450.59092712402344
224.046875 254.2473907470703 314.99768829345703 254.2473907470703 314.99768829345703 452.7712860107422 224.046875 452.7712860107422
235.13870239257812 243.9462127685547 324.4205856323242 243.9462127685547 324.4205856323242 454.6863250732422 235.13870239257812 454.6863250732422
237.0075225830078 253.07766723632812 329.48626708984375 253.07766723632812 329.48626708984375 459.35382080078125 237.0075225830078 459.35382080078125
237.9732666015625 255.20553588867188 333.93053436279297 255.20553588867188 333.93053436279297 457.29823303222656 237.9732666015625 457.29823303222656
242.02197265625 256.4398498535156 340.0123519897461 256.4398498535156 340.0123519897461 460.03424072265625 242.02197265625 460.03424072265625
247.0633087158203 262.200439453125 345.40152740478516 262.200439453125 345.40152740478516 464.8040313720703 247.0633087158203 464.8040313720703
250.95230102539062 256.2022399902344 350.73753356933594 256.2022399902344 350.73753356933594 467.3787078857422 250.95230102539062 467.3787078857422
252.5787811279297 252.42861938476562 354.4216995239258 252.42861938476562 354.4216995239258 466.0926055908203 252.5787811279297 466.0926055908203
258.02215576171875 248.959228515625 358.8116683959961 248.959228515625 358.8116683959961 464.9493103027344 258.02215576171875 464.9493103027344
258.6415100097656 248.0735626220703 359.60972595214844 248.0735626220703 359.60972595214844 463.31980895996094 258.6415100097656 463.31980895996094
262.48492431640625 260.0130310058594 360.7759552001953 260.0130310058594 360.7759552001953 466.6220397949219 262.48492431640625 466.6220397949219
265.61920166015625 268.7025146484375 356.8881378173828 268.7025146484375 356.8881378173828 468.1158142089844 265.61920166015625 468.1158142089844
266.5279235839844 264.19580078125 355.05078125 264.19580078125 355.05078125 466.1278533935547 266.5279235839844 466.1278533935547
266.38104248046875 261.53863525390625 353.92977142333984 261.53863525390625 353.92977142333984 459.3766784667969 266.38104248046875 459.3766784667969
261.66900634765625 263.2728576660156 352.30103302001953 263.2728576660156 352.30103302001953 460.90228271484375 261.66900634765625 460.90228271484375
258.70440673828125 256.1426696777344 352.04718017578125 256.1426696777344 352.04718017578125 457.1531066894531 258.70440673828125 457.1531066894531
261.9981384277344 254.5120086669922 356.72388458251953 254.5120086669922 356.72388458251953 458.7571105957031 261.9981384277344 458.7571105957031
250.941162109375 251.858154296875 344.26248931884766 251.858154296875 344.26248931884766 454.39556884765625 250.941162109375 454.39556884765625
252.41470336914062 234.7272186279297 353.1685485839844 234.7272186279297 353.1685485839844 441.0911407470703 252.41470336914062 441.0911407470703
235.6871795654297 241.13705444335938 335.17276763916016 241.13705444335938 335.17276763916016 444.90333557128906 235.6871795654297 444.90333557128906
226.39413452148438 248.1652374267578 326.2250213623047 248.1652374267578 326.2250213623047 452.6387481689453 226.39413452148438 452.6387481689453
196.8101348876953 267.92913818359375 291.85101318359375 267.92913818359375 291.85101318359375 465.49864196777344 196.8101348876953 465.49864196777344
194.75405883789062 274.76824951171875 286.7492446899414 274.76824951171875 286.7492446899414 467.2958068847656 194.75405883789062 467.2958068847656
193.1963653564453 272.4570007324219 286.5420455932617 272.4570007324219 286.5420455932617 469.5183410644531 193.1963653564453 469.5183410644531
193.191650390625 270.1719970703125 288.98436737060547 270.1719970703125 288.98436737060547 468.2160949707031 193.191650390625 468.2160949707031
193.5361785888672 270.88238525390625 286.5340270996094 270.88238525390625 286.5340270996094 465.9173278808594 193.5361785888672 465.9173278808594
188.25682067871094 275.9356384277344 281.76575469970703 275.9356384277344 281.76575469970703 467.4605712890625 188.25682067871094 467.4605712890625
191.4821319580078 276.0654296875 283.1030731201172 276.0654296875 283.1030731201172 465.7337341308594 191.4821319580078 465.7337341308594
190.70652770996094 276.42596435546875 282.8832702636719 276.42596435546875 282.8832702636719 465.2222900390625 190.70652770996094 465.2222900390625
185.99102783203125 279.8656311035156 277.55408477783203 279.8656311035156 277.55408477783203 467.40501403808594 185.99102783203125 467.40501403808594
187.5609130859375 273.0099182128906 278.6717987060547 273.0099182128906 278.6717987060547 459.6231689453125 187.5609130859375 459.6231689453125
195.6487579345703 264.5787048339844 288.7494583129883 264.5787048339844 288.7494583129883 455.2674865722656 195.6487579345703 455.2674865722656
262.3533630371094 231.2624969482422 336.6040954589844 231.2624969482422 336.6040954589844 438.9681091308594 262.3533630371094 438.9681091308594
260.2803039550781 232.6682891845703 336.2494354248047 232.6682891845703 336.2494354248047 438.51853942871094 260.2803039550781 438.51853942871094
258.01544189453125 232.3511962890625 338.6332550048828 232.3511962890625 338.6332550048828 439.0400390625 258.01544189453125 439.0400390625
269.1932373046875 260.3492431640625 349.72425079345703 260.3492431640625 349.72425079345703 452.8112335205078 269.1932373046875 452.8112335205078
263.17669677734375 238.87875366210938 344.79947662353516 238.87875366210938 344.79947662353516 436.53456115722656 263.17669677734375 436.53456115722656
258.03631591796875 243.1862030029297 346.23563385009766 243.1862030029297 346.23563385009766 437.4287872314453 258.03631591796875 437.4287872314453
228.9088592529297 256.11566162109375 321.29698181152344 256.11566162109375 321.29698181152344 451.0574035644531 228.9088592529297 451.0574035644531
186.7127685546875 272.7942810058594 283.7847442626953 272.7942810058594 283.7847442626953 467.9781799316406 186.7127685546875 467.9781799316406
190.64332580566406 273.06561279296875 285.79168701171875 273.06561279296875 285.79168701171875 469.44297790527344 190.64332580566406 469.44297790527344
193.72799682617188 275.08746337890625 287.20680236816406 275.08746337890625 287.20680236816406 469.156005859375 193.72799682617188 469.156005859375
197.04501342773438 275.81634521484375 291.1931610107422 275.81634521484375 291.1931610107422 470.2321319580078 197.04501342773438 470.2321319580078
218.2298583984375 249.8292999267578 310.0765914916992 249.8292999267578 310.0765914916992 445.56297302246094 218.2298583984375 445.56297302246094
250.52294921875 237.53271484375 338.2390899658203 237.53271484375 338.2390899658203 437.365478515625 250.52294921875 437.365478515625
204.90304565429688 267.8824157714844 297.92493438720703 267.8824157714844 297.92493438720703 458.4098663330078 204.90304565429688 458.4098663330078
220.2118682861328 261.2225036621094 313.82740783691406 261.2225036621094 313.82740783691406 452.96588134765625 220.2118682861328 452.96588134765625
252.02682495117188 251.3779754638672 341.75171661376953 251.3779754638672 341.75171661376953 449.78297424316406 252.02682495117188 449.78297424316406
222.8721160888672 259.7255554199219 317.8562240600586 259.7255554199219 317.8562240600586 458.236083984375 222.8721160888672 458.236083984375
204.421630859375 265.77862548828125 302.85990142822266 265.77862548828125 302.85990142822266 467.3999328613281 204.421630859375 467.3999328613281
205.00405883789062 262.042724609375 303.2221221923828 262.042724609375 303.2221221923828 464.03636169433594 205.00405883789062 464.03636169433594
204.3396453857422 258.14727783203125 297.9762268066406 258.14727783203125 297.9762268066406 461.3193054199219 204.3396453857422 461.3193054199219
206.56381225585938 256.8811950683594 300.09478759765625 256.8811950683594 300.09478759765625 455.54429626464844 206.56381225585938 455.54429626464844
208.6656951904297 257.84320068359375 301.8911590576172 257.84320068359375 301.8911590576172 456.72108459472656 208.6656951904297 456.72108459472656
209.37234497070312 259.78985595703125 298.63072204589844 259.78985595703125 298.63072204589844 455.3019561767578 209.37234497070312 455.3019561767578
209.7974395751953 261.9481201171875 297.1894226074219 261.9481201171875 297.1894226074219 454.7356414794922 209.7974395751953 454.7356414794922
213.03311157226562 263.19146728515625 301.9108352661133 263.19146728515625 301.9108352661133 453.1125793457031 213.03311157226562 453.1125793457031
215.89993286132812 261.96417236328125 303.58863830566406 261.96417236328125 303.58863830566406 451.8416442871094 215.89993286132812 451.8416442871094
220.9433135986328 260.8338928222656 311.22888946533203 260.8338928222656 311.22888946533203 450.2583923339844 220.9433135986328 450.2583923339844
222.49325561523438 261.68359375 313.03294372558594 261.68359375 313.03294372558594 452.0761260986328 222.49325561523438 452.0761260986328
228.55715942382812 261.4002990722656 318.31375885009766 261.4002990722656 318.31375885009766 449.9270782470703 228.55715942382812 449.9270782470703
229.6551055908203 260.5031433105469 322.8049545288086 260.5031433105469 322.8049545288086 451.29266357421875 229.6551055908203 451.29266357421875
231.0816650390625 263.14306640625 323.9673080444336 263.14306640625 323.9673080444336 453.3914489746094 231.0816650390625 453.3914489746094
232.75283813476562 259.63714599609375 325.6548309326172 259.63714599609375 325.6548309326172 449.9190216064453 232.75283813476562 449.9190216064453
230.3535614013672 260.36865234375 322.11895751953125 260.36865234375 322.11895751953125 448.3225555419922 230.3535614013672 448.3225555419922
234.30227661132812 259.1788024902344 326.1493453979492 259.1788024902344 326.1493453979492 447.3000030517578 234.30227661132812 447.3000030517578
233.1889190673828 259.28179931640625 324.51778411865234 259.28179931640625 324.51778411865234 447.4626770019531 233.1889190673828 447.4626770019531
227.0364990234375 262.574951171875 317.4201431274414 262.574951171875 317.4201431274414 451.9864501953125 227.0364990234375 451.9864501953125
225.048828125 258.163330078125 315.0896987915039 258.163330078125 315.0896987915039 447.4657287597656 225.048828125 447.4657287597656
222.8162384033203 259.7626953125 308.47278594970703 259.7626953125 308.47278594970703 446.2065124511719 222.8162384033203 446.2065124511719
227.59121704101562 261.0190734863281 305.6791229248047 261.0190734863281 305.6791229248047 447.88893127441406 227.59121704101562 447.88893127441406
226.23367309570312 265.9849548339844 299.9771423339844 265.9849548339844 299.9771423339844 449.24017333984375 226.23367309570312 449.24017333984375
223.0748291015625 266.69244384765625 298.16249084472656 266.69244384765625 298.16249084472656 449.1094665527344 223.0748291015625 449.1094665527344
221.8546905517578 265.1962890625 294.9579849243164 265.1962890625 294.9579849243164 449.6504211425781 221.8546905517578 449.6504211425781
221.88687133789062 261.6965637207031 293.48143005371094 261.6965637207031 293.48143005371094 447.9826965332031 221.88687133789062 447.9826965332031
216.530029296875 262.5626525878906 290.42103576660156 262.5626525878906 290.42103576660156 449.22772216796875 216.530029296875 449.22772216796875
209.97079467773438 267.31195068359375 287.4720687866211 267.31195068359375 287.4720687866211 455.8859405517578 209.97079467773438 455.8859405517578
205.63351440429688 266.5647277832031 284.4786148071289 266.5647277832031 284.4786148071289 454.2541198730469 205.63351440429688 454.2541198730469
204.42286682128906 264.7059020996094 283.5147399902344 264.7059020996094 283.5147399902344 453.08934020996094 204.42286682128906 453.08934020996094
194.61361694335938 270.26873779296875 278.46814727783203 270.26873779296875 278.46814727783203 457.32408142089844 194.61361694335938 457.32408142089844
172.13995361328125 268.3305969238281 260.054931640625 268.3305969238281 260.054931640625 456.24725341796875 172.13995361328125 456.24725341796875
192.8209686279297 260.156005859375 280.5531768798828 260.156005859375 280.5531768798828 453.3128967285156 192.8209686279297 453.3128967285156
210.1330108642578 256.20452880859375 301.08182525634766 256.20452880859375 301.08182525634766 455.7402038574219 210.1330108642578 455.7402038574219
208.82656860351562 256.15509033203125 298.3232955932617 256.15509033203125 298.3232955932617 456.3869171142578 208.82656860351562 456.3869171142578
207.77151489257812 256.17425537109375 296.0174102783203 256.17425537109375 296.0174102783203 454.79307556152344 207.77151489257812 454.79307556152344
204.20465087890625 262.80120849609375 293.71917724609375 262.80120849609375 293.71917724609375 455.6265563964844 204.20465087890625 455.6265563964844
203.6106414794922 264.65814208984375 290.7035217285156 264.65814208984375 290.7035217285156 454.17601013183594 203.6106414794922 454.17601013183594
206.7479705810547 263.0243835449219 290.95018768310547 263.0243835449219 290.95018768310547 451.60272216796875 206.7479705810547 451.60272216796875
202.8243865966797 260.8910827636719 285.3040771484375 260.8910827636719 285.3040771484375 452.9474182128906 202.8243865966797 452.9474182128906
163.40536499023438 274.5411071777344 239.64688110351562 274.5411071777344 239.64688110351562 448.8310546875 163.40536499023438 448.8310546875
160.4996337890625 273.33502197265625 237.20069122314453 273.33502197265625 237.20069122314453 445.88624572753906 160.4996337890625 445.88624572753906
164.13768005371094 266.81524658203125 245.5445556640625 266.81524658203125 245.5445556640625 442.2037658691406 164.13768005371094 442.2037658691406
164.1857452392578 267.9811706542969 244.4651107788086 267.9811706542969 244.4651107788086 443.0823211669922 164.1857452392578 443.0823211669922
165.37010192871094 264.9804382324219 249.45166015625 264.9804382324219 249.45166015625 444.84320068359375 165.37010192871094 444.84320068359375
153.98423767089844 267.3992614746094 237.9612045288086 267.3992614746094 237.9612045288086 446.74559020996094 153.98423767089844 446.74559020996094
154.1342010498047 261.1717529296875 242.00850677490234 261.1717529296875 242.00850677490234 447.3866882324219 154.1342010498047 447.3866882324219
153.49859619140625 252.44686889648438 244.30409240722656 252.44686889648438 244.30409240722656 450.6162109375 153.49859619140625 450.6162109375
151.33242797851562 247.9612274169922 243.21604919433594 247.9612274169922 243.21604919433594 449.76951599121094 151.33242797851562 449.76951599121094
153.93124389648438 242.7348175048828 236.07347106933594 242.7348175048828 236.07347106933594 445.1252899169922 153.93124389648438 445.1252899169922
151.12136840820312 245.662841796875 233.20211791992188 245.662841796875 233.20211791992188 442.07408142089844 151.12136840820312 442.07408142089844
150.09500122070312 242.11865234375 230.0568084716797 242.11865234375 230.0568084716797 442.9851989746094 150.09500122070312 442.9851989746094
145.40127563476562 245.66574096679688 228.22520446777344 245.66574096679688 228.22520446777344 444.245361328125 145.40127563476562 444.245361328125
141.572265625 249.55294799804688 227.0206527709961 249.55294799804688 227.0206527709961 446.4060516357422 141.572265625 446.4060516357422
144.32237243652344 250.8814697265625 236.4456024169922 250.8814697265625 236.4456024169922 445.7440948486328 144.32237243652344 445.7440948486328
144.67538452148438 250.19613647460938 237.51651763916016 250.19613647460938 237.51651763916016 440.3533935546875 144.67538452148438 440.3533935546875
153.1215057373047 247.07394409179688 244.56610107421875 247.07394409179688 244.56610107421875 437.2703399658203 153.1215057373047 437.2703399658203
156.15455627441406 255.17343139648438 248.89971923828125 255.17343139648438 248.89971923828125 445.1341247558594 156.15455627441406 445.1341247558594
157.4400634765625 262.79559326171875 249.9906997680664 262.79559326171875 249.9906997680664 452.35784912109375 157.4400634765625 452.35784912109375
169.17874145507812 262.729736328125 261.10819244384766 262.729736328125 261.10819244384766 451.0196838378906 169.17874145507812 451.0196838378906
175.21591186523438 263.537841796875 265.1026916503906 263.537841796875 265.1026916503906 447.64398193359375 175.21591186523438 447.64398193359375
180.6297607421875 266.91534423828125 270.64661407470703 266.91534423828125 270.64661407470703 451.2878875732422 180.6297607421875 451.2878875732422
183.38104248046875 275.14068603515625 270.29329681396484 275.14068603515625 270.29329681396484 453.15440368652344 183.38104248046875 453.15440368652344
188.40841674804688 281.94915771484375 274.3847198486328 281.94915771484375 274.3847198486328 458.0458679199219 188.40841674804688 458.0458679199219
191.7412567138672 280.85308837890625 277.1569519042969 280.85308837890625 277.1569519042969 455.8015441894531 191.7412567138672 455.8015441894531
190.40626525878906 292.5240173339844 274.90938568115234 292.5240173339844 274.90938568115234 465.60333251953125 190.40626525878906 465.60333251953125
197.8195343017578 295.4049377441406 281.7026596069336 295.4049377441406 281.7026596069336 467.21435546875 197.8195343017578 467.21435546875
198.06106567382812 296.8601989746094 280.0573272705078 296.8601989746094 280.0573272705078 464.80494689941406 198.06106567382812 464.80494689941406
226.0303192138672 275.48614501953125 308.70526123046875 275.48614501953125 308.70526123046875 444.8209533691406 226.0303192138672 444.8209533691406
234.3543243408203 241.8261260986328 317.4549560546875 241.8261260986328 317.4549560546875 412.03285217285156 234.3543243408203 412.03285217285156
207.8252716064453 296.05523681640625 289.8068313598633 296.05523681640625 289.8068313598633 463.9698791503906 207.8252716064453 463.9698791503906
216.0456085205078 289.75347900390625 297.6597595214844 289.75347900390625 297.6597595214844 456.91558837890625 216.0456085205078 456.91558837890625
206.3292999267578 271.30487060546875 287.73302459716797 271.30487060546875 287.73302459716797 438.0359802246094 206.3292999267578 438.0359802246094
200.86001586914062 273.4502868652344 279.60719299316406 273.4502868652344 279.60719299316406 449.2022399902344 200.86001586914062 449.2022399902344
189.19216918945312 271.3116149902344 272.81941986083984 271.3116149902344 272.81941986083984 442.59693908691406 189.19216918945312 442.59693908691406
184.90640258789062 270.03656005859375 270.19639587402344 270.03656005859375 270.19639587402344 444.7275085449219 184.90640258789062 444.7275085449219
177.6900634765625 267.58355712890625 262.69451904296875 267.58355712890625 262.69451904296875 444.94349670410156 177.6900634765625 444.94349670410156
174.58349609375 270.488525390625 260.92787170410156 270.488525390625 260.92787170410156 447.3390655517578 174.58349609375 447.3390655517578
171.45773315429688 264.86810302734375 255.5516357421875 264.86810302734375 255.5516357421875 452.67669677734375 171.45773315429688 452.67669677734375
170.03610229492188 262.2057800292969 250.29689025878906 262.2057800292969 250.29689025878906 458.9068298339844 170.03610229492188 458.9068298339844
166.7298583984375 257.45684814453125 250.4059600830078 257.45684814453125 250.4059600830078 458.0052185058594 166.7298583984375 458.0052185058594
165.13980102539062 261.45947265625 249.33348846435547 261.45947265625 249.33348846435547 455.68841552734375 165.13980102539062 455.68841552734375
165.3823699951172 262.2332763671875 244.9794921875 262.2332763671875 244.9794921875 451.598876953125 165.3823699951172 451.598876953125
164.1270294189453 255.0889434814453 245.57785034179688 255.0889434814453 245.57785034179688 447.2098388671875 164.1270294189453 447.2098388671875
164.39198303222656 248.7750701904297 250.12451171875 248.7750701904297 250.12451171875 446.4455261230469 164.39198303222656 446.4455261230469
165.61666870117188 247.76351928710938 257.7708282470703 247.76351928710938 257.7708282470703 452.1750793457031 165.61666870117188 452.1750793457031
171.2845916748047 247.2775115966797 267.6283264160156 247.2775115966797 267.6283264160156 452.4792938232422 171.2845916748047 452.4792938232422
182.69068908691406 243.5709228515625 277.4342346191406 243.5709228515625 277.4342346191406 450.83837890625 182.69068908691406 450.83837890625
190.92018127441406 242.1540985107422 283.89208984375 242.1540985107422 283.89208984375 451.1125183105469 190.92018127441406 451.1125183105469
195.35287475585938 239.89242553710938 285.24595642089844 239.89242553710938 285.24595642089844 449.47381591796875 195.35287475585938 449.47381591796875
203.82632446289062 240.49270629882812 293.3906936645508 240.49270629882812 293.3906936645508 449.88328552246094 203.82632446289062 449.88328552246094
207.9450225830078 239.99960327148438 299.50184631347656 239.99960327148438 299.50184631347656 449.503662109375 207.9450225830078 449.503662109375
217.0616912841797 234.8285675048828 307.9542236328125 234.8285675048828 307.9542236328125 449.5584716796875 217.0616912841797 449.5584716796875
222.36459350585938 239.9595184326172 309.9666442871094 239.9595184326172 309.9666442871094 445.3282012939453 222.36459350585938 445.3282012939453
226.35781860351562 240.27462768554688 313.0389404296875 240.27462768554688 313.0389404296875 446.77862548828125 226.35781860351562 446.77862548828125
232.4404754638672 242.7603759765625 323.1014709472656 242.7603759765625 323.1014709472656 451.9115447998047 232.4404754638672 451.9115447998047
233.66073608398438 236.31063842773438 332.31288146972656 236.31063842773438 332.31288146972656 445.17677307128906 233.66073608398438 445.17677307128906
245.3648681640625 241.7340545654297 337.4846878051758 241.7340545654297 337.4846878051758 443.9436950683594 245.3648681640625 443.9436950683594
252.02487182617188 236.3640899658203 343.64698791503906 236.3640899658203 343.64698791503906 442.6581268310547 252.02487182617188 442.6581268310547
244.91372680664062 250.50460815429688 336.7862854003906 250.50460815429688 336.7862854003906 438.1007995605469 244.91372680664062 438.1007995605469
244.14358520507812 247.06759643554688 340.0985565185547 247.06759643554688 340.0985565185547 444.1855926513672 244.14358520507812 444.1855926513672
252.54806518554688 243.18319702148438 349.15733337402344 243.18319702148438 349.15733337402344 458.0449676513672 252.54806518554688 458.0449676513672
263.6104431152344 238.72802734375 350.7820739746094 238.72802734375 350.7820739746094 450.3052062988281 263.6104431152344 450.3052062988281
269.5890808105469 241.3515167236328 354.96681213378906 241.3515167236328 354.96681213378906 444.3784942626953 269.5890808105469 444.3784942626953
274.04034423828125 236.5381622314453 361.3662643432617 236.5381622314453 361.3662643432617 433.01573181152344 274.04034423828125 433.01573181152344
276.152587890625 245.7138214111328 366.5414505004883 245.7138214111328 366.5414505004883 440.5510711669922 276.152587890625 440.5510711669922
280.7124938964844 246.42471313476562 374.09710693359375 246.42471313476562 374.09710693359375 443.24375915527344 280.7124938964844 443.24375915527344
294.7004699707031 244.9197235107422 387.6378936767578 244.9197235107422 387.6378936767578 452.5736999511719 294.7004699707031 452.5736999511719
301.14599609375 242.6156463623047 395.7913360595703 242.6156463623047 395.7913360595703 454.04296875 301.14599609375 454.04296875
300.3283996582031 237.23733520507812 398.4465789794922 237.23733520507812 398.4465789794922 445.47259521484375 300.3283996582031 445.47259521484375
303.62994384765625 219.15902709960938 408.61436462402344 219.15902709960938 408.61436462402344 434.1880340576172 303.62994384765625 434.1880340576172
309.0494079589844 248.242919921875 410.42962646484375 248.242919921875 410.42962646484375 460.5314636230469 309.0494079589844 460.5314636230469
313.3365478515625 242.21377563476562 410.7429962158203 242.21377563476562 410.7429962158203 456.757568359375 313.3365478515625 456.757568359375
315.7959899902344 245.1417236328125 407.7783737182617 245.1417236328125 407.7783737182617 457.4449920654297 315.7959899902344 457.4449920654297
317.8548889160156 245.10879516601562 408.83624267578125 245.10879516601562 408.83624267578125 455.29608154296875 317.8548889160156 455.29608154296875
311.56927490234375 260.27093505859375 403.87579345703125 260.27093505859375 403.87579345703125 463.92091369628906 311.56927490234375 463.92091369628906
333.7315368652344 229.52102661132812 425.097900390625 229.52102661132812 425.097900390625 452.99974060058594 333.7315368652344 452.99974060058594
349.5837097167969 222.87631225585938 437.83919525146484 222.87631225585938 437.83919525146484 453.6552734375 349.5837097167969 453.6552734375
348.68072509765625 220.8325958251953 439.16880798339844 220.8325958251953 439.16880798339844 446.7167510986328 348.68072509765625 446.7167510986328
352.1724548339844 223.1991424560547 444.2638397216797 223.1991424560547 444.2638397216797 448.27296447753906 352.1724548339844 448.27296447753906
317.3627624511719 220.4228515625 424.92736053466797 220.4228515625 424.92736053466797 440.7366180419922 317.3627624511719 440.7366180419922
339.5920715332031 208.7378692626953 449.1666793823242 208.7378692626953 449.1666793823242 433.1685333251953 339.5920715332031 433.1685333251953
340.8709411621094 202.3944549560547 450.47142028808594 202.3944549560547 450.47142028808594 426.8780975341797 340.8709411621094 426.8780975341797
367.831787109375 226.5714569091797 460.99097442626953 226.5714569091797 460.99097442626953 435.6036834716797 367.831787109375 435.6036834716797
374.9615783691406 222.7257080078125 462.6092758178711 222.7257080078125 462.6092758178711 430.3174743652344 374.9615783691406 430.3174743652344
379.8880310058594 229.45755004882812 468.96544647216797 229.45755004882812 468.96544647216797 440.1220703125 379.8880310058594 440.1220703125
383.33935546875 226.8939971923828 472.1253433227539 226.8939971923828 472.1253433227539 439.1817626953125 383.33935546875 439.1817626953125
388.4419860839844 228.1342010498047 479.49120330810547 228.1342010498047 479.49120330810547 437.46363830566406 388.4419860839844 437.46363830566406
394.8628234863281 237.77914428710938 488.03026580810547 237.77914428710938 488.03026580810547 441.80201721191406 394.8628234863281 441.80201721191406
398.10919189453125 236.06948852539062 493.0082092285156 236.06948852539062 493.0082092285156 438.9270782470703 398.10919189453125 438.9270782470703
402.586181640625 237.156005859375 498.77916717529297 237.156005859375 498.77916717529297 438.1272277832031 402.586181640625 438.1272277832031
410.2676696777344 244.665283203125 504.6799850463867 244.665283203125 504.6799850463867 439.4925842285156 410.2676696777344 439.4925842285156
415.88519287109375 247.7815399169922 513.2848968505859 247.7815399169922 513.2848968505859 441.80670166015625 415.88519287109375 441.80670166015625
415.6941833496094 241.4480438232422 512.7308807373047 241.4480438232422 512.7308807373047 440.4905242919922 415.6941833496094 440.4905242919922
410.6078186035156 238.20266723632812 508.7090759277344 238.20266723632812 508.7090759277344 430.4470977783203 410.6078186035156 430.4470977783203
424.6822814941406 241.95413208007812 515.9015426635742 241.95413208007812 515.9015426635742 430.23828125 424.6822814941406 430.23828125
