462.0 108.0 482.0 108.0 482.0 160.0 462.0 160.0
463.607666015625 108.31890869140625 483.1872329711914 108.31890869140625 483.1872329711914 160.0399398803711 463.607666015625 160.0399398803711
464.5380859375 108.7095718383789 484.53173828125 108.7095718383789 484.53173828125 158.81810760498047 464.5380859375 158.81810760498047
464.5157775878906 107.02210998535156 483.9903564453125 107.02210998535156 483.9903564453125 158.59589385986328 464.5157775878906 158.59589385986328
463.76513671875 108.42143249511719 484.1852512359619 108.42143249511719 484.1852512359619 159.78227996826172 463.76513671875 159.78227996826172
464.428955078125 108.1799087524414 484.72270584106445 108.1799087524414 484.72270584106445 161.06985092163086 464.428955078125 161.06985092163086
465.33154296875 109.32308197021484 485.7526206970215 109.32308197021484 485.7526206970215 160.46344375610352 465.33154296875 160.46344375610352
465.44403076171875 110.8275375366211 486.205867767334 110.8275375366211 486.205867767334 160.47142791748047 465.44403076171875 160.47142791748047
466.7096252441406 110.041015625 486.8498077392578 110.041015625 486.8498077392578 161.5487289428711 466.7096252441406 161.5487289428711
467.3373107910156 110.6710205078125 487.0730400085449 110.6710205078125 487.0730400085449 163.79018020629883 467.3373107910156 163.79018020629883
468.0399475097656 109.88299560546875 488.6550922393799 109.88299560546875 488.6550922393799 163.7132682800293 468.0399475097656 163.7132682800293
469.4747009277344 111.22664642333984 489.2362174987793 111.22664642333984 489.2362174987793 161.5289306640625 469.4747009277344 161.5289306640625
469.24237060546875 111.1418228149414 489.33205795288086 111.1418228149414 489.33205795288086 160.78123092651367 469.24237060546875 160.78123092651367
469.5879821777344 112.15483093261719 489.96788597106934 112.15483093261719 489.96788597106934 162.18749237060547 469.5879821777344 162.18749237060547
469.64324951171875 110.97733306884766 490.26436042785645 110.97733306884766 490.26436042785645 164.5873908996582 469.64324951171875 164.5873908996582
470.08905029296875 111.73465728759766 490.7704620361328 111.73465728759766 490.7704620361328 164.40700912475586 470.08905029296875 164.40700912475586
470.2823181152344 111.32890319824219 491.26108169555664 111.32890319824219 491.26108169555664 165.42821884155273 470.2823181152344 165.42821884155273
471.28955078125 112.77027893066406 491.7431449890137 112.77027893066406 491.7431449890137 165.9109230041504 471.28955078125 165.9109230041504
471.3265686035156 111.30770111083984 492.4870719909668 111.30770111083984 492.4870719909668 165.5895118713379 471.3265686035156 165.5895118713379
471.9170837402344 112.19273376464844 493.16443061828613 112.19273376464844 493.16443061828613 165.00400161743164 471.9170837402344 165.00400161743164
472.39398193359375 112.2258529663086 493.8704719543457 112.2258529663086 493.8704719543457 163.90211486816406 472.39398193359375 163.90211486816406
472.5341796875 111.95085144042969 495.0617198944092 111.95085144042969 495.0617198944092 164.8889503479004 472.5341796875 164.8889503479004
473.564208984375 113.02067565917969 495.2765064239502 113.02067565917969 495.2765064239502 165.7388687133789 473.564208984375 165.7388687133789
473.6839294433594 113.04244232177734 495.2892265319824 113.04244232177734 495.2892265319824 165.81414031982422 473.6839294433594 165.81414031982422
475.8121032714844 113.17911529541016 495.3990116119385 113.17911529541016 495.3990116119385 165.26361083984375 475.8121032714844 165.26361083984375
475.4169921875 114.36539459228516 495.4026584625244 114.36539459228516 495.4026584625244 165.57805252075195 475.4169921875 165.57805252075195
475.1065368652344 114.34747314453125 496.73061180114746 114.34747314453125 496.73061180114746 167.01979446411133 475.1065368652344 167.01979446411133
475.50250244140625 114.34881591796875 496.52302169799805 114.34881591796875 496.52302169799805 166.80060958862305 475.50250244140625 166.80060958862305
476.7333984375 115.38751220703125 497.5534725189209 115.38751220703125 497.5534725189209 167.48690032958984 476.7333984375 167.48690032958984
475.9781799316406 115.24516296386719 496.9803638458252 115.24516296386719 496.9803638458252 168.72687530517578 475.9781799316406 168.72687530517578
476.1865234375 113.83870697021484 497.65197372436523 113.83870697021484 497.65197372436523 169.40010833740234 476.1865234375 169.40010833740234
477.77349853515625 112.6779556274414 498.4291229248047 112.6779556274414 498.4291229248047 168.33987426757812 477.77349853515625 168.33987426757812
477.6884765625 113.70759582519531 499.0722122192383 113.70759582519531 499.0722122192383 168.11709213256836 477.6884765625 168.11709213256836
477.3490295410156 116.23809814453125 499.7814292907715 116.23809814453125 499.7814292907715 168.1741828918457 477.3490295410156 168.1741828918457
476.686279296875 116.19144439697266 499.87349700927734 116.19144439697266 499.87349700927734 168.09608459472656 476.686279296875 168.09608459472656
476.50213623046875 115.54545593261719 498.7727699279785 115.54545593261719 498.7727699279785 169.8865203857422 476.50213623046875 169.8865203857422
476.8435974121094 114.09996032714844 499.1223449707031 114.09996032714844 499.1223449707031 169.93653106689453 476.8435974121094 169.93653106689453
477.07086181640625 114.6103744506836 499.4704532623291 114.6103744506836 499.4704532623291 169.24701309204102 477.07086181640625 169.24701309204102
475.88592529296875 116.53890228271484 498.6397075653076 116.53890228271484 498.6397075653076 170.3633270263672 475.88592529296875 170.3633270263672
476.1451721191406 116.43492126464844 499.22433853149414 116.43492126464844 499.22433853149414 169.50963973999023 476.1451721191406 169.50963973999023
476.81048583984375 117.01824951171875 499.51572036743164 117.01824951171875 499.51572036743164 168.98237228393555 476.81048583984375 168.98237228393555
478.626708984375 115.5611801147461 500.86248779296875 115.5611801147461 500.86248779296875 169.95851135253906 478.626708984375 169.95851135253906
478.4750061035156 115.7588882446289 500.82927894592285 115.7588882446289 500.82927894592285 168.84359741210938 478.4750061035156 168.84359741210938
478.2752990722656 116.3163833618164 500.98525047302246 116.3163833618164 500.98525047302246 168.06499862670898 478.2752990722656 168.06499862670898
477.716064453125 117.42472839355469 500.6471996307373 117.42472839355469 500.6471996307373 168.94725036621094 477.716064453125 168.94725036621094
478.10662841796875 116.6969223022461 501.1646728515625 116.6969223022461 501.1646728515625 169.82833099365234 478.10662841796875 169.82833099365234
479.072509765625 116.56534576416016 501.2545680999756 116.56534576416016 501.2545680999756 169.9185447692871 479.072509765625 169.9185447692871
478.078125 117.4991683959961 500.3320426940918 117.4991683959961 500.3320426940918 170.55026626586914 478.078125 170.55026626586914
478.697509765625 117.8644027709961 500.4188747406006 117.8644027709961 500.4188747406006 172.29946899414062 478.697509765625 172.29946899414062
478.884765625 117.33528900146484 501.3285942077637 117.33528900146484 501.3285942077637 171.1939697265625 478.884765625 171.1939697265625
478.37152099609375 117.1971206665039 501.37509536743164 117.1971206665039 501.37509536743164 173.13211822509766 478.37152099609375 173.13211822509766
479.11236572265625 118.3930892944336 501.62525939941406 118.3930892944336 501.62525939941406 172.71794891357422 479.11236572265625 172.71794891357422
479.46319580078125 117.18306732177734 502.29444885253906 117.18306732177734 502.29444885253906 173.05455017089844 479.46319580078125 173.05455017089844
480.033203125 117.7395248413086 502.2042999267578 117.7395248413086 502.2042999267578 173.5243263244629 480.033203125 173.5243263244629
480.5068359375 115.84709167480469 502.73817253112793 115.84709167480469 502.73817253112793 172.77263641357422 480.5068359375 172.77263641357422
480.0741271972656 116.28924560546875 502.0738277435303 116.28924560546875 502.0738277435303 173.8440055847168 480.0741271972656 173.8440055847168
480.08160400390625 116.75776672363281 502.2638740539551 116.75776672363281 502.2638740539551 173.04715728759766 480.08160400390625 173.04715728759766
478.39501953125 116.36494445800781 501.18736267089844 116.36494445800781 501.18736267089844 173.8123435974121 478.39501953125 173.8123435974121
478.60333251953125 116.23848724365234 501.29644775390625 116.23848724365234 501.29644775390625 174.07994079589844 478.60333251953125 174.07994079589844
479.2654724121094 115.15975189208984 501.40181159973145 115.15975189208984 501.40181159973145 175.03582763671875 479.2654724121094 175.03582763671875
481.0364685058594 114.67121887207031 502.99943351745605 114.67121887207031 502.99943351745605 174.26529693603516 481.0364685058594 174.26529693603516
480.84405517578125 115.47294616699219 503.23008918762207 115.47294616699219 503.23008918762207 173.89826202392578 480.84405517578125 173.89826202392578
481.9991760253906 115.8984146118164 504.1806831359863 115.8984146118164 504.1806831359863 174.3265380859375 481.9991760253906 174.3265380859375
482.5438537597656 116.2210693359375 504.5356025695801 116.2210693359375 504.5356025695801 176.2384147644043 482.5438537597656 176.2384147644043
484.77215576171875 116.09173583984375 506.19300842285156 116.09173583984375 506.19300842285156 174.73726654052734 484.77215576171875 174.73726654052734
485.2903747558594 116.00994873046875 506.9235134124756 116.00994873046875 506.9235134124756 173.7290267944336 485.2903747558594 173.7290267944336
483.932373046875 117.22628021240234 506.05822563171387 117.22628021240234 506.05822563171387 172.9847412109375 483.932373046875 172.9847412109375
483.39166259765625 117.83720397949219 503.8800811767578 117.83720397949219 503.8800811767578 173.81465911865234 483.39166259765625 173.81465911865234
482.3208923339844 118.81330871582031 502.30198860168457 118.81330871582031 502.30198860168457 173.15234756469727 482.3208923339844 173.15234756469727
481.5840759277344 116.6238784790039 502.97712326049805 116.6238784790039 502.97712326049805 173.22425079345703 481.5840759277344 173.22425079345703
479.44012451171875 115.16740417480469 502.03073501586914 115.16740417480469 502.03073501586914 172.72765350341797 479.44012451171875 172.72765350341797
478.04156494140625 115.31132507324219 500.4538822174072 115.31132507324219 500.4538822174072 174.5582618713379 478.04156494140625 174.5582618713379
477.956298828125 119.92811584472656 499.21482276916504 119.92811584472656 499.21482276916504 176.33092880249023 477.956298828125 176.33092880249023
476.3255920410156 118.6585693359375 498.68889236450195 118.6585693359375 498.68889236450195 177.22993087768555 476.3255920410156 177.22993087768555
476.5599060058594 118.6188735961914 497.5299873352051 118.6188735961914 497.5299873352051 176.5093994140625 476.5599060058594 176.5093994140625
474.34503173828125 116.9837646484375 496.1886501312256 116.9837646484375 496.1886501312256 176.72394561767578 474.34503173828125 176.72394561767578
472.6673889160156 118.32774353027344 494.77509117126465 118.32774353027344 494.77509117126465 176.74182891845703 472.6673889160156 176.74182891845703
471.4610290527344 116.81184387207031 494.6601867675781 116.81184387207031 494.6601867675781 175.73536682128906 471.4610290527344 175.73536682128906
470.5938415527344 119.08268737792969 493.91905403137207 119.08268737792969 493.91905403137207 176.11084747314453 470.5938415527344 176.11084747314453
469.87567138671875 117.93788146972656 492.3539581298828 117.93788146972656 492.3539581298828 177.38488006591797 469.87567138671875 177.38488006591797
469.4280700683594 116.73284912109375 492.664981842041 116.73284912109375 492.664981842041 176.1560173034668 469.4280700683594 176.1560173034668
468.208984375 116.10628509521484 491.85786056518555 116.10628509521484 491.85786056518555 176.53472137451172 468.208984375 176.53472137451172
467.1473693847656 115.96085357666016 491.1230411529541 115.96085357666016 491.1230411529541 176.38311767578125 467.1473693847656 176.38311767578125
467.0625 115.21881103515625 491.0702705383301 115.21881103515625 491.0702705383301 176.41561889648438 467.0625 176.41561889648438
467.3538513183594 116.53172302246094 491.15951919555664 116.53172302246094 491.15951919555664 176.45159149169922 467.3538513183594 176.45159149169922
469.80938720703125 116.9398193359375 492.84474182128906 116.9398193359375 492.84474182128906 178.14142990112305 469.80938720703125 178.14142990112305
471.0462951660156 116.6080093383789 493.9136161804199 116.6080093383789 493.9136161804199 177.97784423828125 471.0462951660156 177.97784423828125
471.8009338378906 118.981689453125 494.8388423919678 118.981689453125 494.8388423919678 177.52553176879883 471.8009338378906 177.52553176879883
474.22442626953125 117.7533950805664 496.43489837646484 117.7533950805664 496.43489837646484 176.04351806640625 474.22442626953125 176.04351806640625
474.54901123046875 119.49757385253906 497.48129081726074 119.49757385253906 497.48129081726074 177.6725196838379 474.54901123046875 177.6725196838379
478.747314453125 118.23710632324219 502.4767818450928 118.23710632324219 502.4767818450928 180.4130096435547 478.747314453125 180.4130096435547
478.95611572265625 121.07749938964844 503.9201240539551 121.07749938964844 503.9201240539551 180.0891990661621 478.95611572265625 180.0891990661621
481.7694396972656 119.74324035644531 506.0244827270508 119.74324035644531 506.0244827270508 179.1451187133789 481.7694396972656 179.1451187133789
485.44122314453125 119.26875305175781 509.20203018188477 119.26875305175781 509.20203018188477 181.3096580505371 485.44122314453125 181.3096580505371
488.00897216796875 117.8088150024414 510.6869945526123 117.8088150024414 510.6869945526123 180.75685119628906 488.00897216796875 180.75685119628906
488.8661193847656 119.1905746459961 512.0238513946533 119.1905746459961 512.0238513946533 179.69244384765625 488.8661193847656 179.69244384765625
482.6172790527344 120.18133544921875 506.25008392333984 120.18133544921875 506.25008392333984 179.65198516845703 482.6172790527344 179.65198516845703
488.68853759765625 119.66963195800781 512.822338104248 119.66963195800781 512.822338104248 181.53061294555664 488.68853759765625 181.53061294555664
490.1432189941406 120.33560943603516 513.621488571167 120.33560943603516 513.621488571167 179.33096313476562 490.1432189941406 179.33096313476562
489.3164978027344 119.9276351928711 512.6185455322266 119.9276351928711 512.6185455322266 180.2799530029297 489.3164978027344 180.2799530029297
488.6728515625 120.7842025756836 512.4715003967285 120.7842025756836 512.4715003967285 182.4770851135254 488.6728515625 182.4770851135254
488.9574279785156 121.55998229980469 512.1078357696533 121.55998229980469 512.1078357696533 180.38706970214844 488.9574279785156 180.38706970214844
489.72064208984375 124.99422454833984 512.2439117431641 124.99422454833984 512.2439117431641 181.70735931396484 489.72064208984375 181.70735931396484
489.739013671875 123.18144226074219 512.3297672271729 123.18144226074219 512.3297672271729 181.35792541503906 489.739013671875 181.35792541503906
470.427001953125 124.10874938964844 494.5487937927246 124.10874938964844 494.5487937927246 186.82541275024414 470.427001953125 186.82541275024414
491.197265625 124.293212890625 513.5392570495605 124.293212890625 513.5392570495605 181.13060760498047 491.197265625 181.13060760498047
492.6109313964844 120.23736572265625 514.338945388794 120.23736572265625 514.338945388794 179.1761589050293 492.6109313964844 179.1761589050293
493.48046875 122.16545104980469 515.6530418395996 122.16545104980469 515.6530418395996 181.8173599243164 493.48046875 181.8173599243164
496.38653564453125 123.35203552246094 518.7241344451904 123.35203552246094 518.7241344451904 183.55139541625977 496.38653564453125 183.55139541625977
496.6693420410156 124.82398986816406 517.9579200744629 124.82398986816406 517.9579200744629 184.43149185180664 496.6693420410156 184.43149185180664
497.47271728515625 123.61865234375 518.8492527008057 123.61865234375 518.8492527008057 184.88480758666992 497.47271728515625 184.88480758666992
497.47735595703125 122.49153137207031 518.7870483398438 122.49153137207031 518.7870483398438 187.06749725341797 497.47735595703125 187.06749725341797
498.5440368652344 124.01249694824219 520.402021408081 124.01249694824219 520.402021408081 188.92608642578125 498.5440368652344 188.92608642578125
498.5132751464844 123.29255676269531 521.3119316101074 123.29255676269531 521.3119316101074 188.06204223632812 498.5132751464844 188.06204223632812
498.613037109375 125.46065521240234 522.4334506988525 125.46065521240234 522.4334506988525 188.49085998535156 498.613037109375 188.49085998535156
500.75177001953125 124.06461334228516 524.3426742553711 124.06461334228516 524.3426742553711 187.24541854858398 500.75177001953125 187.24541854858398
502.13140869140625 122.85032653808594 526.5413913726807 122.85032653808594 526.5413913726807 185.7759017944336 502.13140869140625 185.7759017944336
502.39886474609375 124.39520263671875 526.4654731750488 124.39520263671875 526.4654731750488 186.2977409362793 502.39886474609375 186.2977409362793
503.2962341308594 125.2392578125 526.9156379699707 125.2392578125 526.9156379699707 183.67046356201172 503.2962341308594 183.67046356201172
503.6705017089844 124.6001968383789 527.0500984191895 124.6001968383789 527.0500984191895 183.32192611694336 503.6705017089844 183.32192611694336
503.37860107421875 124.9382095336914 526.0925598144531 124.9382095336914 526.0925598144531 184.00202178955078 503.37860107421875 184.00202178955078
503.68170166015625 124.92878723144531 526.7586402893066 124.92878723144531 526.7586402893066 183.21020889282227 503.68170166015625 183.21020889282227
503.60894775390625 124.97755432128906 526.2472038269043 124.97755432128906 526.2472038269043 184.73864364624023 503.60894775390625 184.73864364624023
502.1966857910156 125.90571594238281 525.0379161834717 125.90571594238281 525.0379161834717 185.84399032592773 502.1966857910156 185.84399032592773
503.454345703125 126.4842300415039 525.844295501709 126.4842300415039 525.844295501709 186.11160278320312 503.454345703125 186.11160278320312
503.42840576171875 125.79095458984375 526.4568004608154 125.79095458984375 526.4568004608154 185.66474151611328 503.42840576171875 185.66474151611328
504.487548828125 123.8310546875 527.4993171691895 123.8310546875 527.4993171691895 183.6616096496582 504.487548828125 183.6616096496582
506.26226806640625 126.61702728271484 529.2221565246582 126.61702728271484 529.2221565246582 185.70459365844727 506.26226806640625 185.70459365844727
507.3538513183594 127.0559310913086 530.4766120910645 127.0559310913086 530.4766120910645 186.99316787719727 507.3538513183594 186.99316787719727
507.16290283203125 127.03971862792969 530.6776180267334 127.03971862792969 530.6776180267334 187.44068908691406 507.16290283203125 187.44068908691406
508.84552001953125 126.88946533203125 532.2419834136963 126.88946533203125 532.2419834136963 185.2783432006836 508.84552001953125 185.2783432006836
508.8995666503906 127.567138671875 531.3196601867676 127.567138671875 531.3196601867676 184.61200714111328 508.8995666503906 184.61200714111328
508.12860107421875 126.9205093383789 531.2281036376953 126.9205093383789 531.2281036376953 186.94827270507812 508.12860107421875 186.94827270507812
508.3660583496094 126.74531555175781 531.1076164245605 126.74531555175781 531.1076164245605 187.03020477294922 508.3660583496094 187.03020477294922
506.87396240234375 125.9404067993164 530.1537818908691 125.9404067993164 530.1537818908691 186.79296493530273 506.87396240234375 186.79296493530273
507.55615234375 127.9112319946289 530.9000129699707 127.9112319946289 530.9000129699707 188.34869003295898 507.55615234375 188.34869003295898
508.49896240234375 128.50184631347656 531.4451789855957 128.50184631347656 531.4451789855957 188.12914657592773 508.49896240234375 188.12914657592773
508.0647888183594 128.9844970703125 531.5178871154785 128.9844970703125 531.5178871154785 187.42389678955078 508.0647888183594 187.42389678955078
508.92303466796875 128.3588104248047 532.5239906311035 128.3588104248047 532.5239906311035 188.99016952514648 508.92303466796875 188.99016952514648
509.1468200683594 129.206787109375 533.0372219085693 129.206787109375 533.0372219085693 189.4255599975586 509.1468200683594 189.4255599975586
509.5641174316406 128.14532470703125 534.0424385070801 128.14532470703125 534.0424385070801 188.4106559753418 509.5641174316406 188.4106559753418
510.1268615722656 129.4339599609375 534.1906280517578 129.4339599609375 534.1906280517578 187.8631362915039 510.1268615722656 187.8631362915039
510.9407653808594 128.6969757080078 534.89013671875 128.6969757080078 534.89013671875 187.6188735961914 510.9407653808594 187.6188735961914
510.89892578125 128.30157470703125 534.9498767852783 128.30157470703125 534.9498767852783 188.41094207763672 510.89892578125 188.41094207763672
512.4005126953125 128.98818969726562 536.3521671295166 128.98818969726562 536.3521671295166 186.7491226196289 512.4005126953125 186.7491226196289
512.5272216796875 128.5511474609375 536.2175331115723 128.5511474609375 536.2175331115723 186.15576171875 512.5272216796875 186.15576171875
512.686767578125 129.7122802734375 535.8992881774902 129.7122802734375 535.8992881774902 186.69251251220703 512.686767578125 186.69251251220703
513.4619140625 130.1497802734375 535.938533782959 130.1497802734375 535.938533782959 188.47706985473633 513.4619140625 188.47706985473633
512.9119873046875 130.89918518066406 535.2695198059082 130.89918518066406 535.2695198059082 189.07001113891602 512.9119873046875 189.07001113891602
511.9730529785156 130.38868713378906 534.9012603759766 130.38868713378906 534.9012603759766 190.0019874572754 511.9730529785156 190.0019874572754
511.838623046875 130.75022888183594 534.8564624786377 130.75022888183594 534.8564624786377 190.59656524658203 511.838623046875 190.59656524658203
513.2447509765625 128.7253875732422 536.5513248443604 128.7253875732422 536.5513248443604 188.83588027954102 513.2447509765625 188.83588027954102
512.5296020507812 128.6620635986328 535.1611385345459 128.6620635986328 535.1611385345459 192.45761489868164 512.5296020507812 192.45761489868164
515.8501586914062 128.61412048339844 538.293478012085 128.61412048339844 538.293478012085 192.0678367614746 515.8501586914062 192.0678367614746
518.1220092773438 129.77029418945312 540.25732421875 129.77029418945312 540.25732421875 191.76682662963867 518.1220092773438 191.76682662963867
518.0842895507812 129.78805541992188 539.4425277709961 129.78805541992188 539.4425277709961 192.40153884887695 518.0842895507812 192.40153884887695
517.2034912109375 129.28573608398438 540.176923751831 129.28573608398438 540.176923751831 191.83345413208008 517.2034912109375 191.83345413208008
518.8360595703125 128.72509765625 540.9598026275635 128.72509765625 540.9598026275635 190.5569076538086 518.8360595703125 190.5569076538086
518.6505737304688 127.12359619140625 543.267557144165 127.12359619140625 543.267557144165 191.127685546875 518.6505737304688 191.127685546875
507.8202209472656 125.69953918457031 532.8245182037354 125.69953918457031 532.8245182037354 190.71063995361328 507.8202209472656 190.71063995361328
485.1814880371094 127.8995132446289 510.91456604003906 127.8995132446289 510.91456604003906 194.8054428100586 485.1814880371094 194.8054428100586
513.6865844726562 131.19581604003906 538.286548614502 131.19581604003906 538.286548614502 192.69487762451172 513.6865844726562 192.69487762451172
514.88720703125 129.40975952148438 538.6787910461426 129.40975952148438 538.6787910461426 191.45870971679688 514.88720703125 191.45870971679688
515.0958251953125 129.93222045898438 537.867015838623 129.93222045898438 537.867015838623 190.38296508789062 515.0958251953125 190.38296508789062
512.0263061523438 129.3444061279297 536.8603115081787 129.3444061279297 536.8603115081787 191.72177505493164 512.0263061523438 191.72177505493164
514.684814453125 130.8174591064453 538.9867973327637 130.8174591064453 538.9867973327637 191.76865005493164 514.684814453125 191.76865005493164
513.4805297851562 128.50900268554688 537.8150672912598 128.50900268554688 537.8150672912598 190.8810806274414 513.4805297851562 190.8810806274414
515.3856811523438 131.6639404296875 539.5619964599609 131.6639404296875 539.5619964599609 193.29666137695312 515.3856811523438 193.29666137695312
515.27490234375 130.3915252685547 539.4146575927734 130.3915252685547 539.4146575927734 192.7111473083496 515.27490234375 192.7111473083496
516.3781127929688 130.60614013671875 540.6906318664551 130.60614013671875 540.6906318664551 192.99468231201172 516.3781127929688 192.99468231201172
516.2012939453125 128.381103515625 540.5851497650146 128.381103515625 540.5851497650146 191.7790412902832 516.2012939453125 191.7790412902832
516.1133422851562 129.07810974121094 540.4370231628418 129.07810974121094 540.4370231628418 191.3133201599121 516.1133422851562 191.3133201599121
517.8538208007812 129.5860595703125 542.0124206542969 129.5860595703125 542.0124206542969 190.52458572387695 517.8538208007812 190.52458572387695
517.5021362304688 129.72007751464844 541.3851737976074 129.72007751464844 541.3851737976074 191.8421287536621 517.5021362304688 191.8421287536621
517.4448852539062 129.98594665527344 541.8789749145508 129.98594665527344 541.8789749145508 191.2530288696289 517.4448852539062 191.2530288696289
518.7144775390625 130.1185302734375 541.9823703765869 130.1185302734375 541.9823703765869 190.88966751098633 518.7144775390625 190.88966751098633
519.2034912109375 130.3474884033203 541.8817405700684 130.3474884033203 541.8817405700684 192.09952545166016 519.2034912109375 192.09952545166016
519.8514404296875 130.88906860351562 542.5567893981934 130.88906860351562 542.5567893981934 192.3696403503418 519.8514404296875 192.3696403503418
521.3099975585938 131.45230102539062 542.631534576416 131.45230102539062 542.631534576416 191.6193962097168 521.3099975585938 191.6193962097168
520.2256469726562 131.08242797851562 541.6248970031738 131.08242797851562 541.6248970031738 190.96090698242188 520.2256469726562 190.96090698242188
519.7604370117188 131.3111114501953 540.9836292266846 131.3111114501953 540.9836292266846 190.91090393066406 519.7604370117188 190.91090393066406
520.7957763671875 131.99960327148438 541.2952308654785 131.99960327148438 541.2952308654785 190.4265365600586 520.7957763671875 190.4265365600586
520.6802978515625 133.56997680664062 541.4981689453125 133.56997680664062 541.4981689453125 190.96428680419922 520.6802978515625 190.96428680419922
522.1705322265625 134.3422088623047 542.9029712677002 134.3422088623047 542.9029712677002 190.34008407592773 522.1705322265625 190.34008407592773
523.2230224609375 136.42306518554688 544.2162742614746 136.42306518554688 544.2162742614746 194.17163848876953 523.2230224609375 194.17163848876953
523.6160888671875 136.43939208984375 543.8187007904053 136.43939208984375 543.8187007904053 191.85383224487305 523.6160888671875 191.85383224487305
524.2390747070312 136.00758361816406 544.0235137939453 136.00758361816406 544.0235137939453 190.24370956420898 524.2390747070312 190.24370956420898
525.2721557617188 135.4649200439453 545.1194019317627 135.4649200439453 545.1194019317627 190.93257904052734 525.2721557617188 190.93257904052734
525.8084716796875 135.8495330810547 546.0822105407715 135.8495330810547 546.0822105407715 191.4093894958496 525.8084716796875 191.4093894958496
526.1539916992188 134.9188232421875 546.4348068237305 134.9188232421875 546.4348068237305 191.05950927734375 526.1539916992188 191.05950927734375
524.80615234375 135.14016723632812 544.8889579772949 135.14016723632812 544.8889579772949 193.27921295166016 524.80615234375 193.27921295166016
526.0404052734375 135.82546997070312 546.9573173522949 135.82546997070312 546.9573173522949 192.3102912902832 526.0404052734375 192.3102912902832
524.8636474609375 137.2922821044922 545.4500637054443 137.2922821044922 545.4500637054443 193.78780364990234 524.8636474609375 193.78780364990234
525.2131958007812 138.96395874023438 546.123779296875 138.96395874023438 546.123779296875 195.54411697387695 525.2131958007812 195.54411697387695
520.3511352539062 135.8252716064453 541.500280380249 135.8252716064453 541.500280380249 191.3446388244629 520.3511352539062 191.3446388244629
521.5577392578125 135.0458984375 542.0719413757324 135.0458984375 542.0719413757324 187.4483528137207 521.5577392578125 187.4483528137207
524.7548828125 139.58837890625 544.9034156799316 139.58837890625 544.9034156799316 191.92809295654297 524.7548828125 191.92809295654297
525.8677978515625 141.22470092773438 546.5548439025879 141.22470092773438 546.5548439025879 195.07904815673828 525.8677978515625 195.07904815673828
515.3296508789062 130.8257598876953 538.1232643127441 130.8257598876953 538.1232643127441 190.03603744506836 515.3296508789062 190.03603744506836
516.1427612304688 131.1700897216797 539.1658363342285 131.1700897216797 539.1658363342285 192.23365783691406 516.1427612304688 192.23365783691406
518.1448364257812 133.09805297851562 540.6761569976807 133.09805297851562 540.6761569976807 193.86832809448242 518.1448364257812 193.86832809448242
518.7374877929688 132.42445373535156 540.4029159545898 132.42445373535156 540.4029159545898 190.65990829467773 518.7374877929688 190.65990829467773
516.6091918945312 132.7383270263672 539.7220401763916 132.7383270263672 539.7220401763916 192.8316192626953 516.6091918945312 192.8316192626953
518.5469970703125 133.5977020263672 540.625997543335 133.5977020263672 540.625997543335 193.5841293334961 518.5469970703125 193.5841293334961
518.4967041015625 134.57638549804688 541.192304611206 134.57638549804688 541.192304611206 195.23265838623047 518.4967041015625 195.23265838623047
517.703369140625 136.00906372070312 541.0599708557129 136.00906372070312 541.0599708557129 196.8751449584961 517.703369140625 196.8751449584961
517.2159423828125 135.45326232910156 540.5562152862549 135.45326232910156 540.5562152862549 196.1970443725586 517.2159423828125 196.1970443725586
516.4864501953125 135.0216827392578 540.2331924438477 135.0216827392578 540.2331924438477 196.76308822631836 516.4864501953125 196.76308822631836
514.3333740234375 132.8600311279297 538.2261409759521 132.8600311279297 538.2261409759521 196.29161834716797 514.3333740234375 196.29161834716797
514.5587158203125 134.8695526123047 537.6216564178467 134.8695526123047 537.6216564178467 194.22428131103516 514.5587158203125 194.22428131103516
513.287109375 134.08145141601562 535.6971969604492 134.08145141601562 535.6971969604492 193.50307083129883 513.287109375 193.50307083129883
512.4920654296875 132.48330688476562 535.935245513916 132.48330688476562 535.935245513916 193.3639144897461 512.4920654296875 193.3639144897461
513.6261596679688 134.55564880371094 537.7122631072998 134.55564880371094 537.7122631072998 195.17035675048828 513.6261596679688 195.17035675048828
513.8057861328125 132.43392944335938 537.5445499420166 132.43392944335938 537.5445499420166 193.60984420776367 513.8057861328125 193.60984420776367
513.7257080078125 133.1022186279297 537.2165489196777 133.1022186279297 537.2165489196777 190.6605453491211 513.7257080078125 190.6605453491211
514.1658935546875 133.17080688476562 537.973310470581 133.17080688476562 537.973310470581 189.69023513793945 514.1658935546875 189.69023513793945
513.0872192382812 135.09669494628906 536.7370872497559 135.09669494628906 536.7370872497559 192.50154876708984 513.0872192382812 192.50154876708984
512.2971801757812 136.73098754882812 536.1058750152588 136.73098754882812 536.1058750152588 192.89348220825195 512.2971801757812 192.89348220825195
511.9300231933594 137.3596954345703 535.021089553833 137.3596954345703 535.021089553833 190.89156341552734 511.9300231933594 190.89156341552734
511.555908203125 134.4966583251953 534.5134773254395 134.4966583251953 534.5134773254395 190.42551040649414 511.555908203125 190.42551040649414
509.54803466796875 136.0326385498047 532.6047267913818 136.0326385498047 532.6047267913818 193.9820899963379 509.54803466796875 193.9820899963379
510.29058837890625 135.766845703125 533.2564353942871 135.766845703125 533.2564353942871 194.60604095458984 510.29058837890625 194.60604095458984
511.765869140625 136.5159454345703 534.6115112304688 136.5159454345703 534.6115112304688 196.62462615966797 511.765869140625 196.62462615966797
514.03271484375 137.28929138183594 536.8412437438965 137.28929138183594 536.8412437438965 194.56523895263672 514.03271484375 194.56523895263672
515.2091064453125 136.5304718017578 537.8693962097168 136.5304718017578 537.8693962097168 195.28850555419922 515.2091064453125 195.28850555419922
515.5115356445312 136.4100341796875 538.4998683929443 136.4100341796875 538.4998683929443 195.01658248901367 515.5115356445312 195.01658248901367
516.7347412109375 137.32078552246094 539.048677444458 137.32078552246094 539.048677444458 193.42977142333984 516.7347412109375 193.42977142333984
518.6119384765625 138.36473083496094 541.8287105560303 138.36473083496094 541.8287105560303 195.47326278686523 518.6119384765625 195.47326278686523
516.7479248046875 138.32615661621094 540.8021774291992 138.32615661621094 540.8021774291992 195.6655731201172 516.7479248046875 195.6655731201172
518.0325927734375 138.5117645263672 541.5161457061768 138.5117645263672 541.5161457061768 195.0646743774414 518.0325927734375 195.0646743774414
517.8372192382812 138.37313842773438 540.6725578308105 138.37313842773438 540.6725578308105 195.31449508666992 517.8372192382812 195.31449508666992
519.270263671875 138.27127075195312 541.7201232910156 138.27127075195312 541.7201232910156 196.68953704833984 519.270263671875 196.68953704833984
518.886474609375 137.8109893798828 541.3777389526367 137.8109893798828 541.3777389526367 194.2222023010254 518.886474609375 194.2222023010254
520.8695068359375 138.2791748046875 542.9321136474609 138.2791748046875 542.9321136474609 195.94282913208008 520.8695068359375 195.94282913208008
523.6709594726562 139.740966796875 545.4590301513672 139.740966796875 545.4590301513672 195.22618865966797 523.6709594726562 195.22618865966797
525.6522216796875 141.4486083984375 547.8437232971191 141.4486083984375 547.8437232971191 197.83300018310547 525.6522216796875 197.83300018310547
528.7101440429688 137.06935119628906 550.8341884613037 137.06935119628906 550.8341884613037 194.5917625427246 528.7101440429688 194.5917625427246
530.3219604492188 141.8324432373047 551.799243927002 141.8324432373047 551.799243927002 196.3865509033203 530.3219604492188 196.3865509033203
532.36474609375 136.90676879882812 553.5980949401855 136.90676879882812 553.5980949401855 192.11337280273438 532.36474609375 192.11337280273438
533.3492431640625 137.28561401367188 554.5778999328613 137.28561401367188 554.5778999328613 192.48001098632812 533.3492431640625 192.48001098632812
536.0345458984375 140.29397583007812 557.322681427002 140.29397583007812 557.322681427002 195.64301681518555 536.0345458984375 195.64301681518555
536.0584106445312 140.89987182617188 557.1202983856201 140.89987182617188 557.1202983856201 195.02006149291992 536.0584106445312 195.02006149291992
537.5162963867188 141.46408081054688 558.5690231323242 141.46408081054688 558.5690231323242 195.83162689208984 537.5162963867188 195.83162689208984
538.2386474609375 142.1452178955078 560.4131374359131 142.1452178955078 560.4131374359131 195.57167053222656 538.2386474609375 195.57167053222656
539.4854736328125 142.23236083984375 560.9619579315186 142.23236083984375 560.9619579315186 196.03484344482422 539.4854736328125 196.03484344482422
541.8170776367188 147.76206970214844 563.5514526367188 147.76206970214844 563.5514526367188 197.84737396240234 541.8170776367188 197.84737396240234
542.0989990234375 148.25711059570312 563.1109638214111 148.25711059570312 563.1109638214111 197.59836196899414 542.0989990234375 197.59836196899414
543.324462890625 146.34803771972656 564.3216571807861 146.34803771972656 564.3216571807861 197.08562088012695 543.324462890625 197.08562088012695
544.0806274414062 147.10733032226562 565.2287502288818 147.10733032226562 565.2287502288818 196.52099609375 544.0806274414062 196.52099609375
544.97607421875 141.64859008789062 565.8411903381348 141.64859008789062 565.8411903381348 193.94942474365234 544.97607421875 193.94942474365234
550.1249389648438 157.64923095703125 570.8872108459473 157.64923095703125 570.8872108459473 211.63102340698242 550.1249389648438 211.63102340698242
531.193603515625 156.154052734375 551.8973541259766 156.154052734375 551.8973541259766 209.98369216918945 531.193603515625 209.98369216918945
485.232177734375 149.61158752441406 507.3102684020996 149.61158752441406 507.3102684020996 198.76569747924805 485.232177734375 198.76569747924805
482.24066162109375 151.13082885742188 504.96014404296875 151.13082885742188 504.96014404296875 197.75726318359375 482.24066162109375 197.75726318359375
488.33074951171875 141.72744750976562 509.81945419311523 141.72744750976562 509.81945419311523 195.37993240356445 488.33074951171875 195.37993240356445
487.6498107910156 146.02847290039062 509.27952003479004 146.02847290039062 509.27952003479004 198.14085006713867 487.6498107910156 198.14085006713867
490.4139709472656 144.3343048095703 511.77929306030273 144.3343048095703 511.77929306030273 198.2270736694336 490.4139709472656 198.2270736694336
490.42864990234375 145.3230743408203 512.367395401001 145.3230743408203 512.367395401001 198.7425193786621 490.42864990234375 198.7425193786621
493.263427734375 149.55276489257812 515.446720123291 149.55276489257812 515.446720123291 200.50043869018555 493.263427734375 200.50043869018555
494.1065368652344 150.35227966308594 515.7830772399902 150.35227966308594 515.7830772399902 200.9923553466797 494.1065368652344 200.9923553466797
494.16412353515625 148.6221466064453 516.4263114929199 148.6221466064453 516.4263114929199 202.9639129638672 494.16412353515625 202.9639129638672
493.30615234375 150.8616180419922 515.5011310577393 150.8616180419922 515.5011310577393 202.8625946044922 493.30615234375 202.8625946044922
495.2608337402344 151.94265747070312 517.6080474853516 151.94265747070312 517.6080474853516 204.13800811767578 495.2608337402344 204.13800811767578
494.90155029296875 153.83651733398438 517.4057102203369 153.83651733398438 517.4057102203369 205.0645637512207 494.90155029296875 205.0645637512207
493.46990966796875 153.0175323486328 516.062198638916 153.0175323486328 516.062198638916 204.47644424438477 493.46990966796875 204.47644424438477
495.17047119140625 152.36785888671875 517.2713718414307 152.36785888671875 517.2713718414307 204.53588104248047 495.17047119140625 204.53588104248047
492.9134826660156 153.062255859375 514.835865020752 153.062255859375 514.835865020752 200.55329513549805 492.9134826660156 200.55329513549805
495.241455078125 154.61322021484375 517.4311065673828 154.61322021484375 517.4311065673828 202.68903732299805 495.241455078125 202.68903732299805
504.01708984375 151.1107635498047 525.8465023040771 151.1107635498047 525.8465023040771 206.88451766967773 504.01708984375 206.88451766967773
505.20172119140625 151.0687255859375 526.9862194061279 151.0687255859375 526.9862194061279 207.70832443237305 505.20172119140625 207.70832443237305
510.0301818847656 156.35821533203125 532.1794147491455 156.35821533203125 532.1794147491455 213.94612503051758 510.0301818847656 213.94612503051758
511.06622314453125 155.57290649414062 533.1686992645264 155.57290649414062 533.1686992645264 213.03925323486328 511.06622314453125 213.03925323486328
512.6981201171875 155.80569458007812 535.0038509368896 155.80569458007812 535.0038509368896 213.80050659179688 512.6981201171875 213.80050659179688
514.9910888671875 155.5358123779297 537.3865604400635 155.5358123779297 537.3865604400635 213.76395416259766 514.9910888671875 213.76395416259766
517.9585571289062 157.6353302001953 540.6645240783691 157.6353302001953 540.6645240783691 216.5326156616211 517.9585571289062 216.5326156616211
521.617431640625 158.4506378173828 544.281042098999 158.4506378173828 544.281042098999 217.37593841552734 521.617431640625 217.37593841552734
524.1033935546875 158.3844757080078 546.550500869751 158.3844757080078 546.550500869751 216.7468719482422 524.1033935546875 216.7468719482422
526.2191162109375 158.01974487304688 548.7552337646484 158.01974487304688 548.7552337646484 216.61356735229492 526.2191162109375 216.61356735229492
530.3985595703125 158.6696014404297 553.0610599517822 158.6696014404297 553.0610599517822 217.59201431274414 530.3985595703125 217.59201431274414
530.8200073242188 158.93045043945312 553.2451763153076 158.93045043945312 553.2451763153076 217.23580169677734 530.8200073242188 217.23580169677734
535.4034423828125 166.8629608154297 557.8093414306641 166.8629608154297 557.8093414306641 225.1182098388672 535.4034423828125 225.1182098388672
534.2471313476562 160.1574249267578 556.8013114929199 160.1574249267578 556.8013114929199 218.79821014404297 534.2471313476562 218.79821014404297
537.9632568359375 161.87319946289062 560.5188694000244 161.87319946289062 560.5188694000244 220.51770782470703 537.9632568359375 220.51770782470703
538.6528930664062 160.3948516845703 561.3918056488037 160.3948516845703 561.3918056488037 219.51593399047852 538.6528930664062 219.51593399047852
539.4617919921875 157.58509826660156 562.3965110778809 157.58509826660156 562.3965110778809 217.21527481079102 539.4617919921875 217.21527481079102
544.9723510742188 159.8961181640625 568.5481452941895 159.8961181640625 568.5481452941895 220.841796875 544.9723510742188 220.841796875
550.0499267578125 166.4167938232422 574.0380764007568 166.4167938232422 574.0380764007568 227.40023040771484 550.0499267578125 227.40023040771484
553.6834716796875 169.8232421875 578.2673988342285 169.8232421875 578.2673988342285 229.38050079345703 553.6834716796875 229.38050079345703
559.5804443359375 175.29055786132812 582.6836967468262 175.29055786132812 582.6836967468262 231.17182540893555 559.5804443359375 231.17182540893555
559.2799072265625 171.50546264648438 583.307596206665 171.50546264648438 583.307596206665 229.24733352661133 559.2799072265625 229.24733352661133
562.0105590820312 172.37295532226562 584.9862003326416 172.37295532226562 584.9862003326416 232.1025161743164 562.0105590820312 232.1025161743164
565.9150390625 172.30035400390625 588.3332347869873 172.30035400390625 588.3332347869873 231.82154083251953 565.9150390625 231.82154083251953
566.0712890625 174.0359649658203 588.9167709350586 174.0359649658203 588.9167709350586 232.7356834411621 566.0712890625 232.7356834411621
569.0834350585938 167.65725708007812 592.8590965270996 167.65725708007812 592.8590965270996 226.742919921875 569.0834350585938 226.742919921875
571.8146362304688 174.14700317382812 594.448766708374 174.14700317382812 594.448766708374 233.13790893554688 571.8146362304688 233.13790893554688
572.8792724609375 169.2826385498047 596.1945896148682 169.2826385498047 596.1945896148682 227.23213958740234 572.8792724609375 227.23213958740234
575.2911376953125 166.3391876220703 598.9709529876709 166.3391876220703 598.9709529876709 226.27392959594727 575.2911376953125 226.27392959594727
579.2291870117188 173.865478515625 602.9767646789551 173.865478515625 602.9767646789551 236.00276947021484 579.2291870117188 236.00276947021484
584.4411010742188 173.8828887939453 609.5896644592285 173.8828887939453 609.5896644592285 237.06226348876953 584.4411010742188 237.06226348876953
589.3837890625 173.2811279296875 613.7671070098877 173.2811279296875 613.7671070098877 232.1100845336914 589.3837890625 232.1100845336914
594.4348754882812 175.47657775878906 618.0663013458252 175.47657775878906 618.0663013458252 233.3250503540039 594.4348754882812 233.3250503540039
598.30859375 179.50784301757812 623.4839420318604 179.50784301757812 623.4839420318604 240.16794967651367 598.30859375 240.16794967651367
602.8043823242188 171.1465606689453 628.1199684143066 171.1465606689453 628.1199684143066 232.51574325561523 602.8043823242188 232.51574325561523
604.5598754882812 173.14453125 631.3799018859863 173.14453125 631.3799018859863 231.54135131835938 604.5598754882812 231.54135131835938
588.1864013671875 176.2969512939453 613.6844787597656 176.2969512939453 613.6844787597656 242.5918731689453 588.1864013671875 242.5918731689453
553.1451416015625 170.8695068359375 578.7462120056152 170.8695068359375 578.7462120056152 237.43221282958984 553.1451416015625 237.43221282958984
530.3071899414062 177.90907287597656 556.3275299072266 177.90907287597656 556.3275299072266 238.7599754333496 530.3071899414062 238.7599754333496
530.626953125 177.17691040039062 557.1946754455566 177.17691040039062 557.1946754455566 231.62779998779297 530.626953125 231.62779998779297
530.5985107421875 172.52841186523438 558.4666843414307 172.52841186523438 558.4666843414307 229.73001098632812 530.5985107421875 229.73001098632812
533.72119140625 174.01419067382812 560.7556800842285 174.01419067382812 560.7556800842285 232.08816528320312 533.72119140625 232.08816528320312
535.3963012695312 171.53807067871094 561.1606483459473 171.53807067871094 561.1606483459473 231.4912567138672 535.3963012695312 231.4912567138672
538.7286987304688 174.8717498779297 563.4543743133545 174.8717498779297 563.4543743133545 237.76093292236328 538.7286987304688 237.76093292236328
535.585693359375 175.34225463867188 562.6817588806152 175.34225463867188 562.6817588806152 234.1746826171875 535.585693359375 234.1746826171875
532.4976806640625 168.2418212890625 559.0331420898438 168.2418212890625 559.0331420898438 234.32550048828125 532.4976806640625 234.32550048828125
532.3244018554688 166.65859985351562 558.4974937438965 166.65859985351562 558.4974937438965 234.7085418701172 532.3244018554688 234.7085418701172
536.0128173828125 173.90823364257812 562.8884544372559 173.90823364257812 562.8884544372559 239.20138549804688 536.0128173828125 239.20138549804688
532.359619140625 173.1822967529297 559.6283321380615 173.1822967529297 559.6283321380615 237.5585174560547 532.359619140625 237.5585174560547
530.8773193359375 165.417724609375 557.7327117919922 165.417724609375 557.7327117919922 233.4190444946289 530.8773193359375 233.4190444946289
533.0140380859375 168.8462371826172 559.4395999908447 168.8462371826172 559.4395999908447 236.45863342285156 533.0140380859375 236.45863342285156
533.7322998046875 170.74392700195312 559.9481964111328 170.74392700195312 559.9481964111328 238.42021942138672 533.7322998046875 238.42021942138672
536.9107055664062 172.28396606445312 562.4889221191406 172.28396606445312 562.4889221191406 237.44811248779297 536.9107055664062 237.44811248779297
534.9063720703125 165.43310546875 561.4409427642822 165.43310546875 561.4409427642822 234.42286682128906 534.9063720703125 234.42286682128906
535.9979248046875 165.51077270507812 563.4752712249756 165.51077270507812 563.4752712249756 236.95174407958984 535.9979248046875 236.95174407958984
536.1261596679688 166.1519012451172 563.6047763824463 166.1519012451172 563.6047763824463 237.59617614746094 536.1261596679688 237.59617614746094
539.4378662109375 177.14044189453125 567.7842655181885 177.14044189453125 567.7842655181885 241.13814544677734 539.4378662109375 241.13814544677734
540.3934326171875 184.39785766601562 567.6092796325684 184.39785766601562 567.6092796325684 250.02814483642578 540.3934326171875 250.02814483642578
541.8914184570312 188.2230224609375 566.8954982757568 188.2230224609375 566.8954982757568 252.1797981262207 541.8914184570312 252.1797981262207
540.6640625 186.25881958007812 564.9672317504883 186.25881958007812 564.9672317504883 247.25155639648438 540.6640625 247.25155639648438
536.1692504882812 182.03286743164062 562.3085632324219 182.03286743164062 562.3085632324219 241.40908813476562 536.1692504882812 241.40908813476562
533.2369995117188 178.30801391601562 559.5371189117432 178.30801391601562 559.5371189117432 240.11375045776367 533.2369995117188 240.11375045776367
531.3845825195312 169.1362762451172 557.9678688049316 169.1362762451172 557.9678688049316 234.73567962646484 531.3845825195312 234.73567962646484
532.9532470703125 173.2328338623047 558.6007804870605 173.2328338623047 558.6007804870605 237.37066650390625 532.9532470703125 237.37066650390625
534.48095703125 176.4840850830078 559.5657730102539 176.4840850830078 559.5657730102539 240.2376480102539 534.48095703125 240.2376480102539
534.02734375 175.09375 560.5306968688965 175.09375 560.5306968688965 240.28355407714844 534.02734375 240.28355407714844
535.1564331054688 176.24276733398438 561.2959175109863 176.24276733398438 561.2959175109863 241.23323822021484 535.1564331054688 241.23323822021484
539.3336181640625 181.97579956054688 564.4822692871094 181.97579956054688 564.4822692871094 244.40137481689453 539.3336181640625 244.40137481689453
541.5572509765625 180.6458740234375 567.3005104064941 180.6458740234375 567.3005104064941 242.74910354614258 541.5572509765625 242.74910354614258
544.5931396484375 187.4145050048828 569.1172752380371 187.4145050048828 569.1172752380371 249.90912246704102 544.5931396484375 249.90912246704102
542.0975952148438 188.44131469726562 566.1851100921631 188.44131469726562 566.1851100921631 250.08454513549805 542.0975952148438 250.08454513549805
539.0872192382812 188.59719848632812 564.360631942749 188.59719848632812 564.360631942749 251.2452507019043 539.0872192382812 251.2452507019043
541.931396484375 185.19467163085938 567.4929065704346 185.19467163085938 567.4929065704346 248.14720916748047 541.931396484375 248.14720916748047
543.0467529296875 180.92726135253906 569.1722297668457 180.92726135253906 569.1722297668457 246.41829681396484 543.0467529296875 246.41829681396484
548.3472900390625 182.34669494628906 573.7553882598877 182.34669494628906 573.7553882598877 245.89162826538086 548.3472900390625 245.89162826538086
549.3504638671875 182.21588134765625 575.267053604126 182.21588134765625 575.267053604126 248.90738677978516 549.3504638671875 248.90738677978516
552.7639770507812 182.66567993164062 579.0484809875488 182.66567993164062 579.0484809875488 249.48326873779297 552.7639770507812 249.48326873779297
555.8095703125 178.1930389404297 581.9238891601562 178.1930389404297 581.9238891601562 246.09011840820312 555.8095703125 246.09011840820312
556.9456787109375 180.41114807128906 582.7942295074463 180.41114807128906 582.7942295074463 247.6172332763672 556.9456787109375 247.6172332763672
561.3143310546875 178.7903594970703 587.3441123962402 178.7903594970703 587.3441123962402 246.46764373779297 561.3143310546875 246.46764373779297
563.0791625976562 180.01376342773438 589.4497222900391 180.01376342773438 589.4497222900391 248.5770721435547 563.0791625976562 248.5770721435547
568.8297729492188 182.56739807128906 595.1818294525146 182.56739807128906 595.1818294525146 251.0825958251953 568.8297729492188 251.0825958251953
572.8464965820312 183.13577270507812 599.2475986480713 183.13577270507812 599.2475986480713 251.67025756835938 572.8464965820312 251.67025756835938
577.7308349609375 179.7069091796875 603.6495361328125 179.7069091796875 603.6495361328125 247.09539031982422 577.7308349609375 247.09539031982422
582.1511840820312 177.9832000732422 607.8087253570557 177.9832000732422 607.8087253570557 244.69265747070312 582.1511840820312 244.69265747070312
589.300537109375 191.3520965576172 615.028392791748 191.3520965576172 615.028392791748 255.38720703125 589.300537109375 255.38720703125
594.9251708984375 187.32058715820312 620.9991569519043 187.32058715820312 620.9991569519043 252.95024871826172 594.9251708984375 252.95024871826172
600.233642578125 188.28485107421875 627.0546016693115 188.28485107421875 627.0546016693115 255.54956817626953 600.233642578125 255.54956817626953
603.3768310546875 185.36285400390625 630.3874092102051 185.36285400390625 630.3874092102051 254.09580993652344 603.3768310546875 254.09580993652344
603.8592529296875 186.83767700195312 629.9999885559082 186.83767700195312 629.9999885559082 254.8034210205078 603.8592529296875 254.8034210205078
604.3697509765625 189.32345581054688 629.9999809265137 189.32345581054688 629.9999809265137 255.9618911743164 604.3697509765625 255.9618911743164
593.6188354492188 189.79598999023438 620.4097805023193 189.79598999023438 620.4097805023193 256.40318298339844 593.6188354492188 256.40318298339844
566.7504272460938 197.4314422607422 594.082202911377 197.4314422607422 594.082202911377 254.89507675170898 566.7504272460938 254.89507675170898
567.8915405273438 196.45620727539062 596.502685546875 196.45620727539062 596.502685546875 257.8020324707031 567.8915405273438 257.8020324707031
572.9210815429688 195.81468200683594 600.9219169616699 195.81468200683594 600.9219169616699 259.46785736083984 572.9210815429688 259.46785736083984
577.8961181640625 196.9309844970703 605.7738151550293 196.9309844970703 605.7738151550293 259.13338470458984 577.8961181640625 259.13338470458984
582.1705322265625 204.9712371826172 611.4864711761475 204.9712371826172 611.4864711761475 266.37490463256836 582.1705322265625 266.37490463256836
585.6251220703125 192.76133728027344 614.3628120422363 192.76133728027344 614.3628120422363 262.3885726928711 585.6251220703125 262.3885726928711
589.0621337890625 194.88778686523438 618.2533664703369 194.88778686523438 618.2533664703369 264.4104766845703 589.0621337890625 264.4104766845703
591.7340087890625 190.9926300048828 619.5928897857666 190.9926300048828 619.5928897857666 261.3731231689453 591.7340087890625 261.3731231689453
594.3238525390625 195.21617126464844 623.6216735839844 195.21617126464844 623.6216735839844 267.01692962646484 594.3238525390625 267.01692962646484
599.8001708984375 199.77310180664062 628.9759254455566 199.77310180664062 628.9759254455566 270.91615295410156 599.8001708984375 270.91615295410156
602.621337890625 199.70181274414062 630.4822750091553 199.70181274414062 630.4822750091553 268.08201599121094 602.621337890625 268.08201599121094
601.961669921875 190.77590942382812 630.4934539794922 190.77590942382812 630.4934539794922 263.8553009033203 601.961669921875 263.8553009033203
602.9056396484375 191.31088256835938 629.999927520752 191.31088256835938 629.999927520752 261.755859375 602.9056396484375 261.755859375
603.4977416992188 196.5821075439453 629.9999389648438 196.5821075439453 629.9999389648438 265.4876480102539 603.4977416992188 265.4876480102539
588.6925659179688 175.85797119140625 615.3229522705078 175.85797119140625 615.3229522705078 245.0968017578125 588.6925659179688 245.0968017578125
529.0039672851562 182.5408172607422 555.6849613189697 182.5408172607422 555.6849613189697 250.20911407470703 529.0039672851562 250.20911407470703
531.0570068359375 179.3493194580078 557.8568382263184 179.3493194580078 557.8568382263184 249.02871704101562 531.0570068359375 249.02871704101562
536.11767578125 178.9275360107422 563.1511478424072 178.9275360107422 563.1511478424072 249.21439361572266 536.11767578125 249.21439361572266
542.058349609375 175.0152130126953 568.9960689544678 175.0152130126953 568.9960689544678 245.05311584472656 542.058349609375 245.05311584472656
538.79736328125 181.59503173828125 566.2862205505371 181.59503173828125 566.2862205505371 250.24461364746094 538.79736328125 250.24461364746094
510.00225830078125 180.15548706054688 536.7053890228271 180.15548706054688 536.7053890228271 249.5834503173828 510.00225830078125 249.5834503173828
481.2264709472656 179.7937469482422 508.372989654541 179.7937469482422 508.372989654541 250.37451171875 481.2264709472656 250.37451171875
510.35565185546875 188.28860473632812 538.857213973999 188.28860473632812 538.857213973999 256.84727478027344 510.35565185546875 256.84727478027344
481.26678466796875 176.9151153564453 509.1754093170166 176.9151153564453 509.1754093170166 249.47735595703125 481.26678466796875 249.47735595703125
483.70013427734375 183.20260620117188 512.8749904632568 183.20260620117188 512.8749904632568 251.86760711669922 483.70013427734375 251.86760711669922
483.7257385253906 179.93344116210938 512.2613620758057 179.93344116210938 512.2613620758057 252.22207641601562 483.7257385253906 252.22207641601562
488.5586853027344 180.42837524414062 516.7647037506104 180.42837524414062 516.7647037506104 252.07044982910156 488.5586853027344 252.07044982910156
491.16265869140625 184.56344604492188 519.5253505706787 184.56344604492188 519.5253505706787 256.17301177978516 491.16265869140625 256.17301177978516
494.36553955078125 187.0820770263672 523.6404304504395 187.0820770263672 523.6404304504395 256.0699920654297 494.36553955078125 256.0699920654297
498.91265869140625 181.52316284179688 527.8281898498535 181.52316284179688 527.8281898498535 253.6465072631836 498.91265869140625 253.6465072631836
501.7366638183594 185.7488250732422 530.4537754058838 185.7488250732422 530.4537754058838 255.24327087402344 501.7366638183594 255.24327087402344
503.0009765625 182.5024871826172 531.849048614502 182.5024871826172 531.849048614502 254.03848266601562 503.0009765625 254.03848266601562
504.9434509277344 178.9079132080078 532.8092651367188 178.9079132080078 532.8092651367188 251.35885620117188 504.9434509277344 251.35885620117188
506.4961853027344 181.11981201171875 534.48805809021 181.11981201171875 534.48805809021 253.89850616455078 506.4961853027344 253.89850616455078
507.79656982421875 180.95716857910156 535.302038192749 180.95716857910156 535.302038192749 252.4712142944336 507.79656982421875 252.4712142944336
508.81170654296875 181.04342651367188 535.9430198669434 181.04342651367188 535.9430198669434 251.5846710205078 508.81170654296875 251.5846710205078
511.62335205078125 182.8885498046875 538.4580345153809 182.8885498046875 538.4580345153809 252.65855407714844 511.62335205078125 252.65855407714844
512.9600830078125 186.27420043945312 539.9476356506348 186.27420043945312 539.9476356506348 256.44166564941406 512.9600830078125 256.44166564941406
516.9501953125 184.8437042236328 543.9868831634521 184.8437042236328 543.9868831634521 255.13892364501953 516.9501953125 255.13892364501953
518.9158935546875 186.22793579101562 545.8102760314941 186.22793579101562 545.8102760314941 256.15316009521484 518.9158935546875 256.15316009521484
522.1265869140625 189.05445861816406 549.603832244873 189.05445861816406 549.603832244873 259.3968963623047 522.1265869140625 259.3968963623047
527.0415649414062 187.07778930664062 554.6284332275391 187.07778930664062 554.6284332275391 258.80348205566406 527.0415649414062 258.80348205566406
528.5479736328125 187.02525329589844 556.767541885376 187.02525329589844 556.767541885376 259.3384094238281 528.5479736328125 259.3384094238281
532.0521850585938 188.11129760742188 560.4348754882812 188.11129760742188 560.4348754882812 261.9061279296875 532.0521850585938 261.9061279296875
531.9519653320312 186.42654418945312 560.3162956237793 186.42654418945312 560.3162956237793 260.1736373901367 531.9519653320312 260.1736373901367
534.6868896484375 186.1802215576172 563.5460968017578 186.1802215576172 563.5460968017578 261.21399688720703 534.6868896484375 261.21399688720703
537.4743041992188 187.3578643798828 566.1283874511719 187.3578643798828 566.1283874511719 261.85831451416016 537.4743041992188 261.85831451416016
540.7989501953125 187.68392944335938 569.5120124816895 187.68392944335938 569.5120124816895 262.3377227783203 540.7989501953125 262.3377227783203
543.4224853515625 190.2050323486328 572.0356903076172 190.2050323486328 572.0356903076172 264.5991973876953 543.4224853515625 264.5991973876953
547.2831420898438 190.1271209716797 575.7384147644043 190.1271209716797 575.7384147644043 264.1106643676758 547.2831420898438 264.1106643676758
552.1385498046875 188.4559783935547 580.747257232666 188.4559783935547 580.747257232666 262.8384475708008 552.1385498046875 262.8384475708008
554.4551391601562 190.93382263183594 583.1588554382324 190.93382263183594 583.1588554382324 265.5633239746094 554.4551391601562 265.5633239746094
556.1019897460938 190.7191925048828 585.0823726654053 190.7191925048828 585.0823726654053 266.06803131103516 556.1019897460938 266.06803131103516
557.9630737304688 190.90235900878906 586.9419708251953 190.90235900878906 586.9419708251953 266.2473373413086 557.9630737304688 266.2473373413086
559.1630249023438 189.97695922851562 588.53928565979 189.97695922851562 588.53928565979 266.35508728027344 559.1630249023438 266.35508728027344
561.8761596679688 192.5259246826172 591.3203010559082 192.5259246826172 591.3203010559082 269.0805358886719 561.8761596679688 269.0805358886719
564.6484375 193.33096313476562 594.6640510559082 193.33096313476562 594.6640510559082 271.3713912963867 564.6484375 271.3713912963867
567.41064453125 192.92324829101562 597.6382808685303 192.92324829101562 597.6382808685303 271.51493072509766 567.41064453125 271.51493072509766
572.7921142578125 193.35903930664062 602.7439212799072 193.35903930664062 602.7439212799072 271.2335739135742 572.7921142578125 271.2335739135742
575.4476928710938 197.26564025878906 605.2973537445068 197.26564025878906 605.2973537445068 274.8746032714844 575.4476928710938 274.8746032714844
580.6826171875 194.63247680664062 611.6442203521729 194.63247680664062 611.6442203521729 273.37657928466797 580.6826171875 273.37657928466797
583.0689086914062 195.0800018310547 613.5176448822021 195.0800018310547 613.5176448822021 274.2465591430664 583.0689086914062 274.2465591430664
585.7351684570312 198.37417602539062 616.4357872009277 198.37417602539062 616.4357872009277 278.1956253051758 585.7351684570312 278.1956253051758
589.0515747070312 196.93276977539062 619.9852657318115 196.93276977539062 619.9852657318115 274.5055160522461 589.0515747070312 274.5055160522461
592.6715698242188 198.60275268554688 622.9838199615479 198.60275268554688 622.9838199615479 277.41444396972656 592.6715698242188 277.41444396972656
595.493408203125 195.4718780517578 626.097188949585 195.4718780517578 626.097188949585 275.0415573120117 595.493408203125 275.0415573120117
598.6575927734375 195.9250030517578 629.9999694824219 195.9250030517578 629.9999694824219 277.41503143310547 598.6575927734375 277.41503143310547
599.1004638671875 195.30364990234375 630.0 195.30364990234375 630.0 275.64229583740234 599.1004638671875 275.64229583740234
599.3814697265625 199.7783660888672 630.000057220459 199.7783660888672 630.000057220459 279.3865432739258 599.3814697265625 279.3865432739258
540.6356201171875 187.16659545898438 571.3763542175293 187.16659545898438 571.3763542175293 267.0923614501953 540.6356201171875 267.0923614501953
547.5778198242188 188.7736053466797 578.3317356109619 188.7736053466797 578.3317356109619 268.73363494873047 547.5778198242188 268.73363494873047
544.8071899414062 186.91915893554688 575.5239753723145 186.91915893554688 575.5239753723145 266.7826461791992 544.8071899414062 266.7826461791992
513.8290405273438 190.04364013671875 544.6768684387207 190.04364013671875 544.6768684387207 270.2478332519531 513.8290405273438 270.2478332519531
535.6459350585938 189.2850341796875 566.8253269195557 189.2850341796875 566.8253269195557 270.3512878417969 535.6459350585938 270.3512878417969
530.7136840820312 185.90121459960938 561.775936126709 185.90121459960938 561.775936126709 266.6629104614258 530.7136840820312 266.6629104614258
524.9998779296875 188.35281372070312 556.4675140380859 188.35281372070312 556.4675140380859 270.1685104370117 524.9998779296875 270.1685104370117
