450.0 203.0 541.0 203.0 541.0 262.0 450.0 262.0
457.1180114746094 198.12246704101562 546.8506774902344 198.12246704101562 546.8506774902344 256.30078887939453 457.1180114746094 256.30078887939453
463.05975341796875 193.24481201171875 551.1104583740234 193.24481201171875 551.1104583740234 250.33263397216797 463.05975341796875 250.33263397216797
482.33697509765625 190.5526885986328 571.9039535522461 190.5526885986328 571.9039535522461 248.62358856201172 482.33697509765625 248.62358856201172
534.4452514648438 186.56942749023438 624.939826965332 186.56942749023438 624.939826965332 245.24173736572266 534.4452514648438 245.24173736572266
509.94354248046875 205.5886993408203 600.2621917724609 205.5886993408203 600.2621917724609 264.14694595336914 509.94354248046875 264.14694595336914
511.2981872558594 194.06552124023438 601.026741027832 194.06552124023438 601.026741027832 252.24117279052734 511.2981872558594 252.24117279052734
512.1524658203125 204.47225952148438 602.5919647216797 204.47225952148438 602.5919647216797 263.1088562011719 512.1524658203125 263.1088562011719
533.8121948242188 263.30780029296875 623.6062469482422 263.30780029296875 623.6062469482422 321.52592849731445 533.8121948242188 321.52592849731445
502.59674072265625 243.96224975585938 592.3729476928711 243.96224975585938 592.3729476928711 302.1688117980957 502.59674072265625 302.1688117980957
428.61749267578125 167.6519012451172 519.0390014648438 167.6519012451172 519.0390014648438 226.27684783935547 428.61749267578125 226.27684783935547
399.7598571777344 179.7650146484375 490.59368896484375 179.7650146484375 490.59368896484375 238.65728759765625 399.7598571777344 238.65728759765625
413.4615173339844 178.1704559326172 505.5825424194336 178.1704559326172 505.5825424194336 237.89728546142578 413.4615173339844 237.89728546142578
411.199951171875 175.00051879882812 504.2928466796875 175.00051879882812 504.2928466796875 235.35746002197266 411.199951171875 235.35746002197266
398.5202941894531 168.29293823242188 491.24791717529297 168.29293823242188 491.24791717529297 228.41305541992188 398.5202941894531 228.41305541992188
392.68792724609375 163.76553344726562 486.4350128173828 163.76553344726562 486.4350128173828 224.54662322998047 392.68792724609375 224.54662322998047
395.4324645996094 154.13992309570312 488.10279846191406 154.13992309570312 488.10279846191406 214.222900390625 395.4324645996094 214.222900390625
416.0189514160156 127.31983947753906 507.3849563598633 127.31983947753906 507.3849563598633 186.5571517944336 416.0189514160156 186.5571517944336
410.2145080566406 133.4019775390625 501.7832336425781 133.4019775390625 501.7832336425781 192.77072143554688 410.2145080566406 192.77072143554688
456.7659606933594 119.7061767578125 548.3188781738281 119.7061767578125 548.3188781738281 179.0646743774414 456.7659606933594 179.0646743774414
469.2950744628906 120.75333404541016 561.1016693115234 120.75333404541016 561.1016693115234 180.27630615234375 469.2950744628906 180.27630615234375
510.43621826171875 117.51145935058594 601.9020080566406 117.51145935058594 601.9020080566406 176.81346893310547 510.43621826171875 176.81346893310547
516.1876220703125 113.63996887207031 607.8803405761719 113.63996887207031 607.8803405761719 173.08910751342773 516.1876220703125 173.08910751342773
530.4885864257812 115.4702377319336 623.1438751220703 115.4702377319336 623.1438751220703 175.5434684753418 530.4885864257812 175.5434684753418
535.9813232421875 106.0499496459961 628.9999465942383 106.0499496459961 628.9999465942383 166.35874938964844 535.9813232421875 166.35874938964844
537.873046875 118.0324935913086 628.9999847412109 118.0324935913086 628.9999847412109 177.11481857299805 537.873046875 177.11481857299805
475.6932067871094 136.41610717773438 566.7335662841797 136.41610717773438 566.7335662841797 195.44230270385742 475.6932067871094 195.44230270385742
523.8414306640625 165.44464111328125 615.9643249511719 165.44464111328125 615.9643249511719 225.17269897460938 523.8414306640625 225.17269897460938
534.53857421875 202.67201232910156 627.736198425293 202.67201232910156 627.736198425293 263.0968780517578 534.53857421875 263.0968780517578
536.8267822265625 198.4305877685547 628.6628799438477 198.4305877685547 628.6628799438477 257.9727096557617 536.8267822265625 257.9727096557617
539.0559692382812 198.33226013183594 628.9999847412109 198.33226013183594 628.9999847412109 256.647647857666 539.0559692382812 256.647647857666
538.5725708007812 200.00650024414062 629.0000610351562 200.00650024414062 629.0000610351562 258.6353454589844 538.5725708007812 258.6353454589844
479.15203857421875 193.56137084960938 569.5673370361328 193.56137084960938 569.5673370361328 252.18231201171875 479.15203857421875 252.18231201171875
468.82794189453125 111.26332092285156 559.095817565918 111.26332092285156 559.095817565918 169.78868103027344 468.82794189453125 169.78868103027344
472.23175048828125 44.06671905517578 562.6402206420898 44.06671905517578 562.6402206420898 102.68323516845703 472.23175048828125 102.68323516845703
412.02734375 47.768287658691406 504.1466827392578 47.768287658691406 504.1466827392578 107.49404525756836 412.02734375 107.49404525756836
379.56793212890625 83.10346984863281 473.27982330322266 83.10346984863281 473.27982330322266 143.86176300048828 379.56793212890625 143.86176300048828
342.7201232910156 110.45906829833984 435.97669982910156 110.45906829833984 435.97669982910156 170.9221534729004 342.7201232910156 170.9221534729004
333.3659362792969 195.7075958251953 425.72474670410156 195.7075958251953 425.72474670410156 255.58861541748047 333.3659362792969 255.58861541748047
328.6081237792969 233.1964111328125 421.7463073730469 233.1964111328125 421.7463073730469 293.5827407836914 328.6081237792969 293.5827407836914
339.15179443359375 232.11209106445312 431.31748962402344 232.11209106445312 431.31748962402344 291.8679084777832 339.15179443359375 291.8679084777832
330.4768371582031 219.3670654296875 422.9931106567383 219.3670654296875 422.9931106567383 279.35018157958984 330.4768371582031 279.35018157958984
330.5809020996094 235.72802734375 424.59508514404297 235.72802734375 424.59508514404297 296.68231201171875 330.5809020996094 296.68231201171875
342.18280029296875 236.7914581298828 436.00047302246094 236.7914581298828 436.00047302246094 297.6183395385742 342.18280029296875 297.6183395385742
341.8375244140625 221.9226837158203 438.2036361694336 221.9226837158203 438.2036361694336 284.40185165405273 341.8375244140625 284.40185165405273
343.6102294921875 212.27438354492188 439.7612609863281 212.27438354492188 439.7612609863281 274.6141128540039 343.6102294921875 274.6141128540039
356.4738464355469 237.804443359375 452.2283477783203 237.804443359375 452.2283477783203 299.88707733154297 356.4738464355469 299.88707733154297
314.1270751953125 300.60302734375 409.507080078125 300.60302734375 409.507080078125 362.4428520202637 314.1270751953125 362.4428520202637
293.18853759765625 249.29611206054688 387.1352310180664 249.29611206054688 387.1352310180664 310.2066421508789 293.18853759765625 310.2066421508789
295.4520263671875 227.8042449951172 389.29429626464844 227.8042449951172 389.29429626464844 288.6470718383789 295.4520263671875 288.6470718383789
340.59295654296875 265.1163024902344 432.9618225097656 265.1163024902344 432.9618225097656 325.00384521484375 340.59295654296875 325.00384521484375
317.8642883300781 275.2803955078125 411.31722259521484 275.2803955078125 411.31722259521484 335.87080001831055 317.8642883300781 335.87080001831055
306.9247131347656 268.6268615722656 399.43018341064453 268.6268615722656 399.43018341064453 328.6029739379883 306.9247131347656 328.6029739379883
336.2618408203125 283.8451232910156 428.12762451171875 283.8451232910156 428.12762451171875 343.406494140625 336.2618408203125 343.406494140625
357.33905029296875 275.8860168457031 447.7699432373047 275.8860168457031 447.7699432373047 334.5170707702637 357.33905029296875 334.5170707702637
326.74664306640625 284.3526916503906 416.8650665283203 284.3526916503906 416.8650665283203 342.7811508178711 326.74664306640625 342.7811508178711
359.63153076171875 276.5143127441406 449.2799835205078 276.5143127441406 449.2799835205078 334.63806915283203 359.63153076171875 334.63806915283203
362.2028503417969 264.14398193359375 451.0706253051758 264.14398193359375 451.0706253051758 321.7615852355957 362.2028503417969 321.7615852355957
373.4140625 262.8816833496094 461.35401153564453 262.8816833496094 461.35401153564453 319.8977279663086 373.4140625 319.8977279663086
376.5107116699219 216.3203887939453 464.01707458496094 216.3203887939453 464.01707458496094 273.0553207397461 376.5107116699219 273.0553207397461
413.85369873046875 229.6870574951172 502.35103607177734 229.6870574951172 502.35103607177734 287.06449127197266 413.85369873046875 287.06449127197266
432.6454162597656 256.23291015625 520.4550704956055 256.23291015625 520.4550704956055 313.16448974609375 432.6454162597656 313.16448974609375
406.31597900390625 203.4830322265625 494.2260513305664 203.4830322265625 494.2260513305664 260.4797134399414 406.31597900390625 260.4797134399414
375.32000732421875 124.91707611083984 464.0576629638672 124.91707611083984 464.0576629638672 182.45032119750977 375.32000732421875 182.45032119750977
372.73431396484375 116.92081451416016 460.2136001586914 116.92081451416016 460.2136001586914 173.63819885253906 372.73431396484375 173.63819885253906
371.5291748046875 129.49868774414062 458.5067901611328 129.49868774414062 458.5067901611328 185.89081573486328 371.5291748046875 185.89081573486328
361.21148681640625 145.6173553466797 447.8227081298828 145.6173553466797 447.8227081298828 201.77193450927734 361.21148681640625 201.77193450927734
267.3722229003906 214.20272827148438 354.09777069091797 214.20272827148438 354.09777069091797 270.43143463134766 267.3722229003906 270.43143463134766
278.42449951171875 221.1770477294922 364.7903289794922 221.1770477294922 364.7903289794922 277.1725311279297 278.42449951171875 277.1725311279297
289.092529296875 222.60159301757812 375.4695053100586 222.60159301757812 375.4695053100586 278.6043014526367 289.092529296875 278.6043014526367
296.8857421875 214.863525390625 383.69290924072266 214.863525390625 383.69290924072266 271.1451530456543 296.8857421875 271.1451530456543
261.5210876464844 247.9453582763672 348.0507354736328 247.9453582763672 348.0507354736328 304.0470542907715 261.5210876464844 304.0470542907715
276.90618896484375 238.8378143310547 362.8660659790039 238.8378143310547 362.8660659790039 294.57009506225586 276.90618896484375 294.57009506225586
288.66534423828125 228.7616729736328 376.0747985839844 228.7616729736328 376.0747985839844 285.4337844848633 288.66534423828125 285.4337844848633
301.36053466796875 226.86376953125 387.3705596923828 226.86376953125 387.3705596923828 282.6285591125488 301.36053466796875 282.6285591125488
319.4422912597656 226.442138671875 404.74121856689453 226.442138671875 404.74121856689453 281.7458801269531 319.4422912597656 281.7458801269531
284.53228759765625 224.547119140625 371.0821990966797 224.547119140625 371.0821990966797 280.66193771362305 284.53228759765625 280.66193771362305
337.32476806640625 219.9402313232422 423.41036224365234 219.9402313232422 423.41036224365234 275.7540054321289 337.32476806640625 275.7540054321289
316.22283935546875 221.02261352539062 401.77429962158203 221.02261352539062 401.77429962158203 276.4900817871094 316.22283935546875 276.4900817871094
335.8779602050781 240.5091552734375 422.5508346557617 240.5091552734375 422.5508346557617 296.70369720458984 335.8779602050781 296.70369720458984
356.23016357421875 252.45947265625 441.56556701660156 252.45947265625 441.56556701660156 307.78685760498047 356.23016357421875 307.78685760498047
383.7513427734375 212.00296020507812 468.8937225341797 212.00296020507812 468.8937225341797 267.20519256591797 383.7513427734375 267.20519256591797
393.04998779296875 212.88565063476562 478.9009246826172 212.88565063476562 478.9009246826172 268.54727935791016 393.04998779296875 268.54727935791016
420.23406982421875 231.8163604736328 508.0462875366211 231.8163604736328 508.0462875366211 288.7495880126953 420.23406982421875 288.7495880126953
432.26800537109375 254.78964233398438 519.5056915283203 254.78964233398438 519.5056915283203 311.3503723144531 432.26800537109375 311.3503723144531
448.57342529296875 265.24456787109375 535.7244338989258 265.24456787109375 535.7244338989258 321.7491035461426 448.57342529296875 321.7491035461426
506.73931884765625 286.1222839355469 593.1983489990234 286.1222839355469 593.1983489990234 342.17817306518555 506.73931884765625 342.17817306518555
541.7054443359375 252.45736694335938 629.0000076293945 252.45736694335938 629.0000076293945 309.0549736022949 541.7054443359375 309.0549736022949
541.9796752929688 243.614990234375 628.9999542236328 243.614990234375 628.9999542236328 300.0347595214844 541.9796752929688 300.0347595214844
520.834228515625 230.6871795654297 607.8354721069336 230.6871795654297 607.8354721069336 287.09460830688477 520.834228515625 287.09460830688477
454.8169860839844 203.6168212890625 542.690299987793 203.6168212890625 542.690299987793 260.58966064453125 454.8169860839844 260.58966064453125
453.62811279296875 225.4772491455078 541.2336883544922 225.4772491455078 541.2336883544922 282.27649688720703 453.62811279296875 282.27649688720703
465.9820861816406 186.22447204589844 554.5903396606445 186.22447204589844 554.5903396606445 243.6738052368164 465.9820861816406 243.6738052368164
470.7789611816406 184.2566680908203 559.1418304443359 184.2566680908203 559.1418304443359 241.5469093322754 470.7789611816406 241.5469093322754
476.163818359375 210.109619140625 564.3037872314453 210.109619140625 564.3037872314453 267.2553405761719 476.163818359375 267.2553405761719
492.9022521972656 222.6477508544922 581.7089996337891 222.6477508544922 581.7089996337891 280.2257766723633 492.9022521972656 280.2257766723633
497.1861877441406 234.817138671875 587.6901092529297 234.817138671875 587.6901092529297 293.49553298950195 497.1861877441406 293.49553298950195
497.39801025390625 245.3831329345703 586.329345703125 245.3831329345703 586.329345703125 303.0419387817383 497.39801025390625 303.0419387817383
540.2220458984375 248.30776977539062 629.0000152587891 248.30776977539062 629.0000152587891 305.8671340942383 540.2220458984375 305.8671340942383
490.5467834472656 243.96621704101562 579.2741088867188 243.96621704101562 579.2741088867188 301.49274826049805 490.5467834472656 301.49274826049805
450.15460205078125 283.74322509765625 537.4959716796875 283.74322509765625 537.4959716796875 340.37116622924805 450.15460205078125 340.37116622924805
397.45831298828125 277.72625732421875 485.33846282958984 277.72625732421875 485.33846282958984 334.7035217285156 397.45831298828125 334.7035217285156
337.15631103515625 280.31842041015625 424.6520004272461 280.31842041015625 424.6520004272461 337.04642486572266 337.15631103515625 337.04642486572266
347.2221984863281 307.2451477050781 433.82244873046875 307.2451477050781 433.82244873046875 363.3925971984863 347.2221984863281 363.3925971984863
308.70050048828125 255.015625 394.93934631347656 255.015625 394.93934631347656 310.9287643432617 308.70050048828125 310.9287643432617
303.2972106933594 263.64862060546875 389.7443618774414 263.64862060546875 389.7443618774414 319.69681549072266 303.2972106933594 319.69681549072266
308.0069274902344 253.5414581298828 395.48622131347656 253.5414581298828 395.48622131347656 310.258846282959 308.0069274902344 310.258846282959
305.97381591796875 288.272705078125 393.3453369140625 288.272705078125 393.3453369140625 344.9202194213867 305.97381591796875 344.9202194213867
336.21771240234375 257.99652099609375 424.3348388671875 257.99652099609375 424.3348388671875 315.1274528503418 336.21771240234375 315.1274528503418
333.23455810546875 256.6717224121094 420.3975601196289 256.6717224121094 420.3975601196289 313.18404388427734 333.23455810546875 313.18404388427734
291.124755859375 291.76788330078125 379.05562591552734 291.76788330078125 379.05562591552734 348.7780532836914 291.124755859375 348.7780532836914
294.5227966308594 289.8515625 382.4734191894531 289.8515625 382.4734191894531 346.8745346069336 294.5227966308594 346.8745346069336
294.3103942871094 290.64227294921875 383.22547149658203 290.64227294921875 383.22547149658203 348.2905502319336 294.3103942871094 348.2905502319336
298.45159912109375 289.8790283203125 395.65181732177734 289.8790283203125 395.65181732177734 340.39496994018555 298.45159912109375 340.39496994018555
306.65655517578125 280.19830322265625 399.05196380615234 280.19830322265625 399.05196380615234 337.2703742980957 306.65655517578125 337.2703742980957
324.1613464355469 271.2142333984375 415.64646911621094 271.2142333984375 415.64646911621094 330.52881622314453 324.1613464355469 330.52881622314453
333.2734375 264.448486328125 426.0869598388672 264.448486328125 426.0869598388672 324.62434005737305 333.2734375 324.62434005737305
342.8033447265625 255.1905517578125 436.42110443115234 255.1905517578125 436.42110443115234 315.8878364562988 342.8033447265625 315.8878364562988
360.1441955566406 250.5955352783203 454.57757568359375 250.5955352783203 454.57757568359375 311.82162857055664 360.1441955566406 311.82162857055664
360.0460510253906 245.9901885986328 455.9310302734375 245.9901885986328 455.9310302734375 308.15743255615234 360.0460510253906 308.15743255615234
282.30841064453125 255.6872100830078 381.69476318359375 255.6872100830078 381.69476318359375 316.1223793029785 282.30841064453125 316.1223793029785
275.7337951660156 254.98062133789062 373.54329681396484 254.98062133789062 373.54329681396484 307.48885345458984 275.7337951660156 307.48885345458984
274.6593322753906 255.44906616210938 381.4102325439453 255.44906616210938 381.4102325439453 311.61175537109375 274.6593322753906 311.61175537109375
279.56195068359375 255.77157592773438 383.79141998291016 255.77157592773438 383.79141998291016 317.4078788757324 279.56195068359375 317.4078788757324
279.73541259765625 257.6619873046875 384.73365783691406 257.6619873046875 384.73365783691406 319.8368034362793 279.73541259765625 319.8368034362793
269.9756164550781 263.4607849121094 377.06090545654297 263.4607849121094 377.06090545654297 324.70508575439453 269.9756164550781 324.70508575439453
272.5037536621094 264.44329833984375 378.6463317871094 264.44329833984375 378.6463317871094 326.28326416015625 272.5037536621094 326.28326416015625
278.65057373046875 265.7471618652344 382.24068450927734 265.7471618652344 382.24068450927734 330.05873107910156 278.65057373046875 330.05873107910156
282.38848876953125 266.8746643066406 385.01908111572266 266.8746643066406 385.01908111572266 331.38887786865234 282.38848876953125 331.38887786865234
279.8849792480469 267.92266845703125 380.82633209228516 267.92266845703125 380.82633209228516 333.36822509765625 279.8849792480469 333.36822509765625
283.8652038574219 259.151123046875 388.1279983520508 259.151123046875 388.1279983520508 326.7501449584961 283.8652038574219 326.7501449584961
252.3441925048828 267.3976745605469 356.9345397949219 267.3976745605469 356.9345397949219 333.86097717285156 252.3441925048828 333.86097717285156
233.0358123779297 274.1708984375 331.94625091552734 274.1708984375 331.94625091552734 334.4016418457031 233.0358123779297 334.4016418457031
232.1215362548828 274.8919982910156 334.3040084838867 274.8919982910156 334.3040084838867 334.3239936828613 232.1215362548828 334.3239936828613
236.10928344726562 276.07635498046875 338.5008316040039 276.07635498046875 338.5008316040039 336.31574630737305 236.10928344726562 336.31574630737305
233.40475463867188 279.931884765625 332.85498809814453 279.931884765625 332.85498809814453 344.41064453125 233.40475463867188 344.41064453125
218.69338989257812 282.86541748046875 319.9834442138672 282.86541748046875 319.9834442138672 348.53702545166016 218.69338989257812 348.53702545166016
208.72683715820312 286.1663513183594 310.53275299072266 286.1663513183594 310.53275299072266 352.1724166870117 208.72683715820312 352.1724166870117
196.0680389404297 293.0731201171875 297.2592239379883 293.0731201171875 297.2592239379883 358.6806182861328 196.0680389404297 358.6806182861328
185.8085479736328 300.9195861816406 287.6795425415039 300.9195861816406 287.6795425415039 366.9678421020508 185.8085479736328 366.9678421020508
155.05795288085938 313.37774658203125 257.2359619140625 313.37774658203125 257.2359619140625 379.62506103515625 155.05795288085938 379.62506103515625
132.01715087890625 318.75555419921875 234.57000732421875 318.75555419921875 234.57000732421875 385.24591064453125 132.01715087890625 385.24591064453125
112.3721923828125 322.1195068359375 215.08673095703125 322.1195068359375 215.08673095703125 388.71468353271484 112.3721923828125 388.71468353271484
97.43556213378906 323.78350830078125 199.44084930419922 323.78350830078125 199.44084930419922 389.91883850097656 97.43556213378906 389.91883850097656
82.51301574707031 324.42559814453125 184.04451751708984 324.42559814453125 184.04451751708984 390.25374603271484 82.51301574707031 390.25374603271484
64.76553344726562 327.34881591796875 165.91728973388672 327.34881591796875 165.91728973388672 392.9307632446289 64.76553344726562 392.9307632446289
53.59723663330078 320.91876220703125 154.05491638183594 320.91876220703125 154.05491638183594 386.05069732666016 53.59723663330078 386.05069732666016
50.301307678222656 317.53582763671875 152.09667205810547 317.53582763671875 152.09667205810547 383.53504943847656 50.301307678222656 383.53504943847656
47.7369499206543 315.8340759277344 148.18194961547852 315.8340759277344 148.18194961547852 380.9577865600586 47.7369499206543 380.9577865600586
46.6878662109375 314.453369140625 148.25421905517578 314.453369140625 148.25421905517578 378.0675163269043 46.6878662109375 378.0675163269043
41.41950607299805 313.14788818359375 138.9538917541504 313.14788818359375 138.9538917541504 376.3845024108887 41.41950607299805 376.3845024108887
36.390716552734375 308.35491943359375 134.73190307617188 308.35491943359375 134.73190307617188 372.1146240234375 36.390716552734375 372.1146240234375
35.735897064208984 303.18658447265625 134.34910202026367 303.18658447265625 134.34910202026367 365.48137283325195 35.735897064208984 365.48137283325195
34.16141128540039 303.5794982910156 133.37390518188477 303.5794982910156 133.37390518188477 364.3574104309082 34.16141128540039 364.3574104309082
34.93252182006836 304.5732116699219 135.3242530822754 304.5732116699219 135.3242530822754 361.1827926635742 34.93252182006836 361.1827926635742
38.81749725341797 307.35992431640625 136.5351791381836 307.35992431640625 136.5351791381836 364.33052825927734 38.81749725341797 364.33052825927734
42.84196090698242 309.4997863769531 141.5923728942871 309.4997863769531 141.5923728942871 364.29407501220703 42.84196090698242 364.29407501220703
48.46646499633789 309.04400634765625 143.9667854309082 309.04400634765625 143.9667854309082 364.51793670654297 48.46646499633789 364.51793670654297
53.08784866333008 310.58978271484375 144.16418838500977 310.58978271484375 144.16418838500977 369.6392822265625 53.08784866333008 369.6392822265625
62.74579620361328 308.18096923828125 154.43750762939453 308.18096923828125 154.43750762939453 367.6294479370117 62.74579620361328 367.6294479370117
76.31639099121094 305.43060302734375 166.33786010742188 305.43060302734375 166.33786010742188 363.79618072509766 76.31639099121094 363.79618072509766
85.88816833496094 302.0087890625 177.08556365966797 302.0087890625 177.08556365966797 361.13677978515625 85.88816833496094 361.13677978515625
93.91751861572266 297.8413391113281 186.76841735839844 297.8413391113281 186.76841735839844 358.0413818359375 93.91751861572266 358.0413818359375
96.62692260742188 294.33746337890625 189.25230407714844 294.33746337890625 189.25230407714844 354.3912887573242 96.62692260742188 354.3912887573242
103.0456314086914 292.4245300292969 193.53179168701172 292.4245300292969 193.53179168701172 351.0913887023926 103.0456314086914 351.0913887023926
103.02193450927734 287.09283447265625 192.96932220458984 287.09283447265625 192.96932220458984 345.4103813171387 103.02193450927734 345.4103813171387
100.82838439941406 288.4835510253906 190.3941421508789 288.4835510253906 190.3941421508789 346.5536689758301 100.82838439941406 346.5536689758301
65.47476959228516 307.35784912109375 154.2663803100586 307.35784912109375 154.2663803100586 364.9260482788086 65.47476959228516 364.9260482788086
67.87328338623047 294.2606506347656 156.71054077148438 294.2606506347656 156.71054077148438 351.8584403991699 67.87328338623047 351.8584403991699
147.1968536376953 242.9628448486328 235.95730590820312 242.9628448486328 235.95730590820312 300.5108299255371 147.1968536376953 300.5108299255371
155.01846313476562 240.8666229248047 243.7869415283203 240.8666229248047 243.7869415283203 298.41980743408203 155.01846313476562 298.41980743408203
131.8278350830078 284.5854187011719 222.13543701171875 284.5854187011719 222.13543701171875 343.1364936828613 131.8278350830078 343.1364936828613
145.18020629882812 290.3155822753906 236.92401123046875 290.3155822753906 236.92401123046875 349.7978210449219 145.18020629882812 349.7978210449219
162.35958862304688 298.6117248535156 255.44644165039062 298.6117248535156 255.44644165039062 358.9647331237793 162.35958862304688 358.9647331237793
168.5304412841797 297.4920349121094 264.74695587158203 297.4920349121094 264.74695587158203 359.8741645812988 168.5304412841797 359.8741645812988
176.7992706298828 293.1459655761719 273.40396881103516 293.1459655761719 273.40396881103516 355.7797737121582 176.7992706298828 355.7797737121582
177.7727508544922 275.4067687988281 275.5970230102539 275.4067687988281 275.5970230102539 338.83129119873047 177.7727508544922 338.83129119873047
191.138427734375 277.32574462890625 289.08314514160156 277.32574462890625 289.08314514160156 340.82836151123047 191.138427734375 340.82836151123047
221.89364624023438 293.62445068359375 320.80188751220703 293.62445068359375 320.80188751220703 357.7517623901367 221.89364624023438 357.7517623901367
198.4630889892578 273.1419677734375 295.57386779785156 273.1419677734375 295.57386779785156 336.1038932800293 198.4630889892578 336.1038932800293
204.8156280517578 278.18988037109375 300.40674591064453 278.18988037109375 300.40674591064453 340.1665344238281 204.8156280517578 340.1665344238281
210.17568969726562 279.6293029785156 305.46885681152344 279.6293029785156 305.46885681152344 341.4127731323242 210.17568969726562 341.4127731323242
201.03536987304688 283.1716613769531 295.0658493041992 283.1716613769531 295.0658493041992 344.1364631652832 201.03536987304688 344.1364631652832
204.05628967285156 282.302490234375 296.02972412109375 282.302490234375 296.02972412109375 341.9336051940918 204.05628967285156 341.9336051940918
194.39559936523438 285.7573547363281 284.9571533203125 285.7573547363281 284.9571533203125 344.4730758666992 194.39559936523438 344.4730758666992
186.1440887451172 279.8709411621094 276.3289260864258 279.8709411621094 276.3289260864258 338.3424186706543 186.1440887451172 338.3424186706543
174.9872283935547 279.3411560058594 264.0214614868164 279.3411560058594 264.0214614868164 337.0666389465332 174.9872283935547 337.0666389465332
175.08807373046875 273.9078063964844 264.14737701416016 273.9078063964844 264.14737701416016 331.64954376220703 175.08807373046875 331.64954376220703
177.10800170898438 273.4617614746094 265.7748260498047 273.4617614746094 265.7748260498047 330.9490280151367 177.10800170898438 330.9490280151367
186.9853057861328 277.2065734863281 276.1944885253906 277.2065734863281 276.1944885253906 335.04548263549805 186.9853057861328 335.04548263549805
209.4417266845703 275.39569091796875 299.1614074707031 275.39569091796875 299.1614074707031 333.5655822753906 209.4417266845703 333.5655822753906
225.20187377929688 275.57293701171875 313.7278366088867 275.57293701171875 313.7278366088867 332.9688835144043 225.20187377929688 332.9688835144043
232.3428497314453 278.8321838378906 319.5569534301758 278.8321838378906 319.5569534301758 335.3775825500488 232.3428497314453 335.3775825500488
234.23129272460938 276.60302734375 320.3422164916992 276.60302734375 320.3422164916992 332.4331855773926 234.23129272460938 332.4331855773926
234.26473999023438 277.65606689453125 320.0990447998047 277.65606689453125 320.0990447998047 333.306884765625 234.26473999023438 333.306884765625
234.7599334716797 275.873291015625 319.40103912353516 275.873291015625 319.40103912353516 330.7504997253418 234.7599334716797 330.7504997253418
234.0054473876953 274.98773193359375 316.8660202026367 274.98773193359375 316.8660202026367 328.7105293273926 234.0054473876953 328.7105293273926
235.2748565673828 275.40899658203125 318.7930908203125 275.40899658203125 318.7930908203125 329.55818939208984 235.2748565673828 329.55818939208984
236.97055053710938 276.9241027832031 319.07494354248047 276.9241027832031 319.07494354248047 330.1566352844238 236.97055053710938 330.1566352844238
240.3749542236328 277.12445068359375 322.4416809082031 277.12445068359375 322.4416809082031 330.3325614929199 240.3749542236328 330.3325614929199
242.8290252685547 277.0003967285156 323.9187927246094 277.0003967285156 323.9187927246094 329.5750923156738 242.8290252685547 329.5750923156738
243.5115203857422 275.465576171875 324.5579071044922 275.465576171875 324.5579071044922 328.01214599609375 243.5115203857422 328.01214599609375
246.698974609375 272.170654296875 326.41851806640625 272.170654296875 326.41851806640625 323.8569641113281 246.698974609375 323.8569641113281
252.351806640625 271.89483642578125 329.8370361328125 271.89483642578125 329.8370361328125 322.1325263977051 252.351806640625 322.1325263977051
252.24002075195312 271.02825927734375 329.1968536376953 271.02825927734375 329.1968536376953 320.9233627319336 252.24002075195312 320.9233627319336
254.20547485351562 271.9537658691406 330.11023712158203 271.9537658691406 330.11023712158203 321.16675567626953 254.20547485351562 321.16675567626953
258.4099426269531 272.1498718261719 333.7927703857422 272.1498718261719 333.7927703857422 321.024471282959 258.4099426269531 321.024471282959
264.0520935058594 295.85211181640625 338.8431854248047 295.85211181640625 338.8431854248047 344.34305572509766 264.0520935058594 344.34305572509766
261.426513671875 284.96392822265625 337.1816635131836 284.96392822265625 337.1816635131836 334.0799217224121 261.426513671875 334.0799217224121
272.64337158203125 297.8580627441406 348.77894592285156 297.8580627441406 348.77894592285156 347.22071075439453 272.64337158203125 347.22071075439453
276.45037841796875 303.6969299316406 352.9544982910156 303.6969299316406 352.9544982910156 353.2985305786133 276.45037841796875 353.2985305786133
280.9598083496094 296.36505126953125 358.1826858520508 296.36505126953125 358.1826858520508 346.4326591491699 280.9598083496094 346.4326591491699
241.632568359375 279.29876708984375 319.3465805053711 279.29876708984375 319.3465805053711 329.68480682373047 241.632568359375 329.68480682373047
250.5149383544922 281.61383056640625 328.45713806152344 281.61383056640625 328.45713806152344 332.1478157043457 250.5149383544922 332.1478157043457
247.7569580078125 281.44195556640625 326.42369079589844 281.44195556640625 326.42369079589844 332.4456901550293 247.7569580078125 332.4456901550293
237.3134002685547 280.5546875 316.61302947998047 280.5546875 316.61302947998047 331.96875762939453 237.3134002685547 331.96875762939453
238.2279510498047 284.56829833984375 316.30945587158203 284.56829833984375 316.30945587158203 335.19260025024414 238.2279510498047 335.19260025024414
235.7288818359375 286.3293151855469 315.1707000732422 286.3293151855469 315.1707000732422 337.2085723876953 235.7288818359375 337.2085723876953
238.1340789794922 287.52227783203125 316.17478942871094 287.52227783203125 316.17478942871094 338.1201286315918 238.1340789794922 338.1201286315918
239.3312225341797 287.9718017578125 315.1594467163086 287.9718017578125 315.1594467163086 337.13518142700195 239.3312225341797 337.13518142700195
241.0062255859375 288.37689208984375 315.73240661621094 288.37689208984375 315.73240661621094 336.82575607299805 241.0062255859375 336.82575607299805
240.3898468017578 287.8031921386719 314.7906188964844 287.8031921386719 314.7906188964844 336.04107666015625 240.3898468017578 336.04107666015625
241.6100616455078 288.314697265625 315.39698791503906 288.314697265625 315.39698791503906 336.15459060668945 241.6100616455078 336.15459060668945
240.3194122314453 287.9249572753906 314.0257263183594 287.9249572753906 314.0257263183594 335.71258544921875 240.3194122314453 335.71258544921875
236.9176483154297 288.18975830078125 310.00245666503906 288.18975830078125 310.00245666503906 335.5744285583496 236.9176483154297 335.5744285583496
238.07882690429688 283.75372314453125 310.3852844238281 283.75372314453125 310.3852844238281 330.6337471008301 238.07882690429688 330.6337471008301
233.9628448486328 282.930908203125 306.4705276489258 282.930908203125 306.4705276489258 329.9413948059082 233.9628448486328 329.9413948059082
243.7333984375 279.0322265625 317.22245025634766 279.0322265625 317.22245025634766 326.6789855957031 243.7333984375 326.6789855957031
239.81838989257812 280.56842041015625 313.97149658203125 280.56842041015625 313.97149658203125 328.6457214355469 239.81838989257812 328.6457214355469
235.83016967773438 281.1415100097656 309.28882598876953 281.1415100097656 309.28882598876953 328.76856231689453 235.83016967773438 328.76856231689453
240.32815551757812 279.86669921875 314.51747131347656 279.86669921875 314.51747131347656 327.96747970581055 240.32815551757812 327.96747970581055
247.89511108398438 279.9031677246094 322.37471771240234 279.9031677246094 322.37471771240234 328.1921577453613 247.89511108398438 328.1921577453613
247.713623046875 280.7479553222656 323.0263366699219 280.7479553222656 323.0263366699219 329.577091217041 247.713623046875 329.577091217041
244.79818725585938 282.654052734375 321.7886657714844 282.654052734375 321.7886657714844 332.5709762573242 244.79818725585938 332.5709762573242
241.29238891601562 283.94451904296875 318.6356506347656 283.94451904296875 318.6356506347656 334.09017181396484 241.29238891601562 334.09017181396484
222.3795928955078 289.44635009765625 298.99925994873047 289.44635009765625 298.99925994873047 339.1228561401367 222.3795928955078 339.1228561401367
231.13980102539062 288.4248962402344 305.94921875 288.4248962402344 305.94921875 336.9277229309082 231.13980102539062 336.9277229309082
206.2852020263672 292.8650817871094 279.22176361083984 292.8650817871094 279.22176361083984 340.15363693237305 206.2852020263672 340.15363693237305
209.827880859375 291.56036376953125 281.67242431640625 291.56036376953125 281.67242431640625 338.14090728759766 209.827880859375 338.14090728759766
212.45089721679688 291.4461364746094 282.78993225097656 291.4461364746094 282.78993225097656 337.05058670043945 212.45089721679688 337.05058670043945
212.2520751953125 289.20428466796875 282.204833984375 289.20428466796875 282.204833984375 334.558292388916 212.2520751953125 334.558292388916
216.021484375 287.6204528808594 286.3932800292969 287.6204528808594 286.3932800292969 333.24614334106445 216.021484375 333.24614334106445
217.58291625976562 285.43060302734375 288.3642349243164 285.43060302734375 288.3642349243164 331.3218116760254 217.58291625976562 331.3218116760254
217.3903045654297 284.5227966308594 289.7473449707031 284.5227966308594 289.7473449707031 331.4356269836426 217.3903045654297 331.4356269836426
218.11239624023438 285.0266418457031 291.18666076660156 285.0266418457031 291.18666076660156 332.4044876098633 218.11239624023438 332.4044876098633
221.75326538085938 283.2238464355469 296.41160583496094 283.2238464355469 296.41160583496094 331.6287307739258 221.75326538085938 331.6287307739258
223.30410766601562 281.9552917480469 299.5686950683594 281.9552917480469 299.5686950683594 331.4015884399414 223.30410766601562 331.4015884399414
224.9672393798828 284.158203125 302.27362060546875 284.158203125 302.27362060546875 334.27994537353516 224.9672393798828 334.27994537353516
225.23291015625 284.2713928222656 302.9700927734375 284.2713928222656 302.9700927734375 334.67244720458984 225.23291015625 334.67244720458984
224.51492309570312 286.21435546875 302.35340881347656 286.21435546875 302.35340881347656 336.68109130859375 224.51492309570312 336.68109130859375
222.86251831054688 285.23907470703125 299.9758987426758 285.23907470703125 299.9758987426758 335.23569107055664 222.86251831054688 335.23569107055664
214.90719604492188 285.4622497558594 293.6271438598633 285.4622497558594 293.6271438598633 336.50048065185547 214.90719604492188 336.50048065185547
215.84274291992188 285.54345703125 293.2489776611328 285.54345703125 293.2489776611328 335.72994232177734 215.84274291992188 335.72994232177734
215.73544311523438 285.3119201660156 292.9867630004883 285.3119201660156 292.9867630004883 335.3979682922363 215.73544311523438 335.3979682922363
214.11376953125 285.5631103515625 291.0784683227539 285.5631103515625 291.0784683227539 335.4633255004883 214.11376953125 335.4633255004883
214.1270294189453 285.20904541015625 290.84735107421875 285.20904541015625 290.84735107421875 334.9508171081543 214.1270294189453 334.9508171081543
212.26651000976562 286.1145935058594 289.15125274658203 286.1145935058594 289.15125274658203 335.96297454833984 212.26651000976562 335.96297454833984
207.99398803710938 285.56439208984375 285.86619567871094 285.56439208984375 285.86619567871094 336.0529975891113 207.99398803710938 336.0529975891113
204.74072265625 285.4844970703125 282.1938705444336 285.4844970703125 282.1938705444336 335.70140838623047 204.74072265625 335.70140838623047
199.80325317382812 285.90777587890625 277.4903259277344 285.90777587890625 277.4903259277344 336.2763481140137 199.80325317382812 336.2763481140137
197.6302032470703 286.27032470703125 275.0197448730469 286.27032470703125 275.0197448730469 336.445987701416 197.6302032470703 336.445987701416
194.7645721435547 286.59307861328125 271.5729064941406 286.59307861328125 271.5729064941406 336.39191818237305 194.7645721435547 336.39191818237305
192.2411651611328 285.4845886230469 267.7524185180664 285.4845886230469 267.7524185180664 334.44246673583984 192.2411651611328 334.44246673583984
192.32122802734375 286.7602844238281 267.10400390625 286.7602844238281 267.10400390625 335.24585342407227 192.32122802734375 335.24585342407227
192.1331329345703 286.1991271972656 266.50994873046875 286.1991271972656 266.50994873046875 334.4214897155762 192.1331329345703 334.4214897155762
189.81790161132812 285.68756103515625 264.2220993041992 285.68756103515625 264.2220993041992 333.92767333984375 189.81790161132812 333.92767333984375
189.65768432617188 285.84991455078125 264.8630828857422 285.84991455078125 264.8630828857422 334.60948944091797 189.65768432617188 334.60948944091797
190.4861602783203 285.91064453125 265.06617736816406 285.91064453125 265.06617736816406 334.26475524902344 190.4861602783203 334.26475524902344
193.72982788085938 285.9961853027344 267.58397674560547 285.9961853027344 267.58397674560547 333.8796806335449 193.72982788085938 333.8796806335449
197.20188903808594 286.35009765625 269.8971405029297 286.35009765625 269.8971405029297 334.05564880371094 197.20188903808594 334.05564880371094
200.29092407226562 288.70159912109375 271.92027282714844 288.70159912109375 271.92027282714844 335.7609062194824 200.29092407226562 335.7609062194824
195.27120971679688 294.7585144042969 267.4554977416992 294.7585144042969 267.4554977416992 341.5593566894531 195.27120971679688 341.5593566894531
189.77488708496094 296.8550720214844 263.25982666015625 296.8550720214844 263.25982666015625 344.4991912841797 189.77488708496094 344.4991912841797
189.45059204101562 297.6405029296875 263.93980407714844 297.6405029296875 263.93980407714844 345.9357490539551 189.45059204101562 345.9357490539551
183.4324493408203 300.1814880371094 257.74246978759766 300.1814880371094 257.74246978759766 348.3605537414551 183.4324493408203 348.3605537414551
175.3450927734375 302.5730895996094 248.4295196533203 302.5730895996094 248.4295196533203 349.9575386047363 175.3450927734375 349.9575386047363
174.3252716064453 303.2542724609375 247.40367889404297 303.2542724609375 247.40367889404297 350.63481521606445 174.3252716064453 350.63481521606445
175.93362426757812 302.95916748046875 249.0367889404297 302.95916748046875 249.0367889404297 350.3557586669922 175.93362426757812 350.3557586669922
178.48167419433594 303.9777526855469 250.02633666992188 303.9777526855469 250.02633666992188 350.36388397216797 178.48167419433594 350.36388397216797
178.68702697753906 303.76861572265625 249.71995544433594 303.76861572265625 249.71995544433594 349.8229637145996 178.68702697753906 349.8229637145996
182.86668395996094 299.3533630371094 252.20419311523438 299.3533630371094 252.20419311523438 344.3084831237793 182.86668395996094 344.3084831237793
186.1148223876953 298.1086120605469 254.27642822265625 298.1086120605469 254.27642822265625 342.3013381958008 186.1148223876953 342.3013381958008
187.82545471191406 298.40655517578125 255.44273376464844 298.40655517578125 255.44273376464844 342.24636459350586 187.82545471191406 342.24636459350586
188.4305877685547 298.42791748046875 255.3288803100586 298.42791748046875 255.3288803100586 341.8015670776367 188.4305877685547 341.8015670776367
187.56704711914062 292.1891784667969 254.04270935058594 292.1891784667969 254.04270935058594 335.288818359375 187.56704711914062 335.288818359375
190.1702880859375 282.0157470703125 255.60477447509766 282.0157470703125 255.60477447509766 324.4403381347656 190.1702880859375 324.4403381347656
196.9693145751953 270.3778991699219 263.180908203125 270.3778991699219 263.180908203125 313.3063278198242 196.9693145751953 313.3063278198242
193.68760681152344 269.460205078125 260.1683654785156 269.460205078125 260.1683654785156 312.56314849853516 193.68760681152344 312.56314849853516
197.24185180664062 270.8987121582031 263.5303421020508 270.8987121582031 263.5303421020508 313.8769989013672 197.24185180664062 313.8769989013672
200.26974487304688 275.3135986328125 266.45892333984375 275.3135986328125 266.45892333984375 318.2274971008301 200.26974487304688 318.2274971008301
208.9458770751953 275.4917907714844 275.80322265625 275.4917907714844 275.80322265625 318.83889389038086 208.9458770751953 318.83889389038086
212.4718780517578 275.75579833984375 279.59063720703125 275.75579833984375 279.59063720703125 319.27238845825195 212.4718780517578 319.27238845825195
217.3067626953125 274.99310302734375 284.53662109375 274.99310302734375 284.53662109375 318.5817222595215 217.3067626953125 318.5817222595215
224.002197265625 274.3182678222656 291.12437438964844 274.3182678222656 291.12437438964844 317.8370666503906 224.002197265625 317.8370666503906
227.55984497070312 275.77581787109375 294.9152069091797 275.77581787109375 294.9152069091797 319.44580078125 227.55984497070312 319.44580078125
235.8656768798828 274.5769348144531 302.909912109375 274.5769348144531 302.909912109375 318.0451965332031 235.8656768798828 318.0451965332031
238.0698699951172 273.7536315917969 305.29891204833984 273.7536315917969 305.29891204833984 317.3417091369629 238.0698699951172 317.3417091369629
250.1958465576172 270.08868408203125 317.995849609375 270.08868408203125 317.995849609375 314.0469436645508 250.1958465576172 314.0469436645508
257.5561828613281 269.15057373046875 324.02159881591797 269.15057373046875 324.02159881591797 312.2435531616211 257.5561828613281 312.2435531616211
262.8708801269531 269.4034118652344 329.7667770385742 269.4034118652344 329.7667770385742 312.7754936218262 262.8708801269531 312.7754936218262
267.0306701660156 266.44720458984375 335.35213470458984 266.44720458984375 335.35213470458984 310.7435531616211 267.0306701660156 310.7435531616211
269.94134521484375 265.1563720703125 338.3379669189453 265.1563720703125 338.3379669189453 309.5014533996582 269.94134521484375 309.5014533996582
274.3187561035156 266.81170654296875 341.89241790771484 266.81170654296875 341.89241790771484 310.6232223510742 274.3187561035156 310.6232223510742
276.8757019042969 266.42510986328125 344.0608901977539 266.42510986328125 344.0608901977539 309.9847526550293 276.8757019042969 309.9847526550293
278.7214050292969 267.368408203125 345.3732223510742 267.368408203125 345.3732223510742 310.58223724365234 278.7214050292969 310.58223724365234
284.82928466796875 269.3498229980469 350.12359619140625 269.3498229980469 350.12359619140625 311.68350982666016 284.82928466796875 311.68350982666016
291.6398010253906 269.3143615722656 355.52367401123047 269.3143615722656 355.52367401123047 310.73359298706055 291.6398010253906 310.73359298706055
288.58966064453125 269.57879638671875 351.89801025390625 269.57879638671875 351.89801025390625 310.6248893737793 288.58966064453125 310.6248893737793
290.59307861328125 268.93988037109375 353.1585464477539 268.93988037109375 353.1585464477539 309.5043258666992 290.59307861328125 309.5043258666992
292.3123474121094 269.0818176269531 353.9032211303711 269.0818176269531 353.9032211303711 309.0143814086914 292.3123474121094 309.0143814086914
294.238525390625 268.2853698730469 354.71207427978516 268.2853698730469 354.71207427978516 307.4935073852539 294.238525390625 307.4935073852539
298.22039794921875 265.81048583984375 358.6447525024414 265.81048583984375 358.6447525024414 304.9867286682129 298.22039794921875 304.9867286682129
301.14129638671875 265.3663330078125 360.7346305847168 265.3663330078125 360.7346305847168 304.0037841796875 301.14129638671875 304.0037841796875
305.2521057128906 262.6871643066406 364.5035285949707 262.6871643066406 364.5035285949707 301.1029357910156 305.2521057128906 301.1029357910156
307.5784912109375 262.4346618652344 367.0813407897949 262.4346618652344 367.0813407897949 301.0134506225586 307.5784912109375 301.0134506225586
309.74432373046875 260.97900390625 367.93000411987305 260.97900390625 367.93000411987305 298.7038040161133 309.74432373046875 298.7038040161133
311.7614440917969 261.90032958984375 369.1641159057617 261.90032958984375 369.1641159057617 299.1174659729004 311.7614440917969 299.1174659729004
314.7942810058594 261.03265380859375 373.1250801086426 261.03265380859375 373.1250801086426 298.8515396118164 314.7942810058594 298.8515396118164
313.51165771484375 260.946044921875 371.19904708862305 260.946044921875 371.19904708862305 298.34777069091797 313.51165771484375 298.34777069091797
307.21844482421875 257.08697509765625 364.70308685302734 257.08697509765625 364.70308685302734 294.35725021362305 307.21844482421875 294.35725021362305
309.5796813964844 255.7525177001953 366.50774002075195 255.7525177001953 366.50774002075195 292.6619300842285 309.5796813964844 292.6619300842285
307.93133544921875 255.6877899169922 365.40999603271484 255.6877899169922 365.40999603271484 292.9541893005371 307.93133544921875 292.9541893005371
307.81488037109375 255.5553436279297 365.2915573120117 255.5553436279297 365.2915573120117 292.8204574584961 307.81488037109375 292.8204574584961
308.72283935546875 253.1402587890625 366.3470573425293 253.1402587890625 366.3470573425293 290.5010299682617 308.72283935546875 290.5010299682617
311.28009033203125 251.94943237304688 368.66741943359375 251.94943237304688 368.66741943359375 289.1566162109375 311.28009033203125 289.1566162109375
311.879150390625 250.8018798828125 368.65239334106445 250.8018798828125 368.65239334106445 287.61091232299805 311.879150390625 287.61091232299805
307.0087585449219 253.16439819335938 363.00391387939453 253.16439819335938 363.00391387939453 289.4689521789551 307.0087585449219 289.4689521789551
306.1202392578125 253.39273071289062 362.9104995727539 253.39273071289062 362.9104995727539 290.21279525756836 306.1202392578125 290.21279525756836
299.17620849609375 252.3051300048828 356.22301483154297 252.3051300048828 356.22301483154297 289.2915267944336 299.17620849609375 289.2915267944336
299.53662109375 251.7029571533203 357.19239044189453 251.7029571533203 357.19239044189453 289.0841751098633 299.53662109375 289.0841751098633
300.5874328613281 249.0690155029297 358.36478424072266 249.0690155029297 358.36478424072266 286.52906036376953 300.5874328613281 286.52906036376953
306.9751281738281 242.1400146484375 364.266357421875 242.1400146484375 364.266357421875 279.2848815917969 306.9751281738281 279.2848815917969
277.7460632324219 248.072265625 334.8011360168457 248.072265625 334.8011360168457 285.0640182495117 277.7460632324219 285.0640182495117
282.2755432128906 244.3681182861328 339.2773666381836 244.3681182861328 339.2773666381836 281.32534408569336 282.2755432128906 281.32534408569336
289.03240966796875 235.33016967773438 346.0210380554199 235.33016967773438 346.0210380554199 272.2788429260254 289.03240966796875 272.2788429260254
291.41656494140625 231.1855926513672 347.59979248046875 231.1855926513672 347.59979248046875 267.6120834350586 291.41656494140625 267.6120834350586
287.69976806640625 223.6197967529297 344.7564697265625 223.6197967529297 344.7564697265625 260.612606048584 287.69976806640625 260.612606048584
287.1073913574219 211.6770782470703 343.35778045654297 211.6770782470703 343.35778045654297 248.1471176147461 287.1073913574219 248.1471176147461
281.6983947753906 198.75076293945312 338.17864990234375 198.75076293945312 338.17864990234375 235.36983489990234 281.6983947753906 235.36983489990234
276.4938049316406 185.9706573486328 333.93196868896484 185.9706573486328 333.93196868896484 223.2107925415039 276.4938049316406 223.2107925415039
265.333740234375 173.75106811523438 323.3858757019043 173.75106811523438 323.3858757019043 211.38927459716797 265.333740234375 211.38927459716797
259.5502624511719 153.97174072265625 315.42059326171875 153.97174072265625 315.42059326171875 188.82273483276367 259.5502624511719 188.82273483276367
250.85336303710938 146.0092010498047 306.6369819641113 146.0092010498047 306.6369819641113 180.9729232788086 250.85336303710938 180.9729232788086
246.34671020507812 143.75509643554688 301.4564399719238 143.75509643554688 301.4564399719238 177.9871063232422 246.34671020507812 177.9871063232422
244.2699737548828 141.18939208984375 298.70046615600586 141.18939208984375 298.70046615600586 175.20304107666016 244.2699737548828 175.20304107666016
244.599853515625 139.60311889648438 299.9283866882324 139.60311889648438 299.9283866882324 173.15161514282227 244.599853515625 173.15161514282227
246.4048614501953 140.33587646484375 301.3634567260742 140.33587646484375 301.3634567260742 172.86498260498047 246.4048614501953 172.86498260498047
248.58859252929688 141.39529418945312 304.2172546386719 141.39529418945312 304.2172546386719 174.87691116333008 248.58859252929688 174.87691116333008
251.1577606201172 142.2252655029297 305.5182228088379 142.2252655029297 305.5182228088379 175.32928085327148 251.1577606201172 175.32928085327148
252.03274536132812 143.00286865234375 307.47972869873047 143.00286865234375 307.47972869873047 176.34703826904297 252.03274536132812 176.34703826904297
251.6494598388672 142.492919921875 306.473201751709 142.492919921875 306.473201751709 176.10931777954102 251.6494598388672 176.10931777954102
250.8645477294922 138.05438232421875 304.29333114624023 138.05438232421875 304.29333114624023 172.39097595214844 250.8645477294922 172.39097595214844
248.81411743164062 136.17123413085938 300.8553276062012 136.17123413085938 300.8553276062012 169.72394180297852 248.81411743164062 169.72394180297852
249.3556671142578 133.3487091064453 300.91637420654297 133.3487091064453 300.91637420654297 166.97635650634766 249.3556671142578 166.97635650634766
249.5178680419922 133.41055297851562 302.68553924560547 133.41055297851562 302.68553924560547 164.55706214904785 249.5178680419922 164.55706214904785
256.7972106933594 134.73207092285156 310.36286544799805 134.73207092285156 310.36286544799805 163.49743270874023 256.7972106933594 163.49743270874023
265.43133544921875 138.15213012695312 319.6412124633789 138.15213012695312 319.6412124633789 167.19663429260254 265.43133544921875 167.19663429260254
271.889892578125 142.54124450683594 325.8453903198242 142.54124450683594 325.8453903198242 171.39405822753906 271.889892578125 171.39405822753906
282.87823486328125 145.6314697265625 335.5106430053711 145.6314697265625 335.5106430053711 175.14780044555664 282.87823486328125 175.14780044555664
285.26605224609375 146.97218322753906 336.5140800476074 146.97218322753906 336.5140800476074 180.19892120361328 285.26605224609375 180.19892120361328
284.2919921875 148.2784423828125 335.57970428466797 148.2784423828125 335.57970428466797 181.5309066772461 284.2919921875 181.5309066772461
281.9903869628906 149.71914672851562 333.20845794677734 149.71914672851562 333.20845794677734 183.3893051147461 281.9903869628906 183.3893051147461
278.5640869140625 148.6813201904297 329.8575325012207 148.6813201904297 329.8575325012207 181.6803207397461 278.5640869140625 181.6803207397461
277.7837829589844 148.5181884765625 328.6764144897461 148.5181884765625 328.6764144897461 181.0866470336914 277.7837829589844 181.0866470336914
276.7583923339844 147.81710815429688 324.6148986816406 147.81710815429688 324.6148986816406 177.61127281188965 276.7583923339844 177.61127281188965
280.30810546875 147.7574920654297 329.78554916381836 147.7574920654297 329.78554916381836 176.8461151123047 280.30810546875 176.8461151123047
283.1006774902344 148.62875366210938 330.5574378967285 148.62875366210938 330.5574378967285 178.75946044921875 283.1006774902344 178.75946044921875
279.94171142578125 151.1396942138672 330.10982513427734 151.1396942138672 330.10982513427734 180.3442039489746 279.94171142578125 180.3442039489746
281.406494140625 151.8840789794922 332.5602798461914 151.8840789794922 332.5602798461914 180.96345138549805 281.406494140625 180.96345138549805
284.81439208984375 152.6809539794922 334.36193084716797 152.6809539794922 334.36193084716797 180.75086975097656 284.81439208984375 180.75086975097656
284.48529052734375 152.68057250976562 333.7594413757324 152.68057250976562 333.7594413757324 182.0295467376709 284.48529052734375 182.0295467376709
284.985595703125 150.9322052001953 333.31151580810547 150.9322052001953 333.31151580810547 182.00167274475098 284.985595703125 182.00167274475098
277.4553527832031 150.9199676513672 325.2551727294922 150.9199676513672 325.2551727294922 181.9110565185547 277.4553527832031 181.9110565185547
273.57122802734375 150.0328826904297 321.75842666625977 150.0328826904297 321.75842666625977 181.27513122558594 273.57122802734375 181.27513122558594
277.26202392578125 150.49807739257812 325.60741806030273 150.49807739257812 325.60741806030273 181.1385383605957 277.26202392578125 181.1385383605957
276.44537353515625 149.3154296875 324.0676078796387 149.3154296875 324.0676078796387 179.6872959136963 276.44537353515625 179.6872959136963
266.4548034667969 150.90420532226562 313.3530807495117 150.90420532226562 313.3530807495117 181.31077575683594 266.4548034667969 181.31077575683594
262.2020568847656 149.68359375 309.9305992126465 149.68359375 309.9305992126465 180.62846755981445 262.2020568847656 180.62846755981445
263.8890075683594 147.3463592529297 311.13171768188477 147.3463592529297 311.13171768188477 177.9762420654297 263.8890075683594 177.9762420654297
263.87371826171875 146.3994140625 311.6340217590332 146.3994140625 311.6340217590332 177.36487770080566 263.87371826171875 177.36487770080566
258.5447692871094 144.99691772460938 307.57596588134766 144.99691772460938 307.57596588134766 176.7863655090332 258.5447692871094 176.7863655090332
257.60992431640625 141.83340454101562 307.1706085205078 141.83340454101562 307.1706085205078 173.96614837646484 257.60992431640625 173.96614837646484
265.9473876953125 137.62167358398438 314.7207679748535 137.62167358398438 314.7207679748535 169.2439670562744 265.9473876953125 169.2439670562744
248.75845336914062 140.96340942382812 297.3653144836426 140.96340942382812 297.3653144836426 172.4777374267578 248.75845336914062 172.4777374267578
247.78335571289062 141.32461547851562 295.5985984802246 141.32461547851562 295.5985984802246 171.40996170043945 247.78335571289062 171.40996170043945
248.1340789794922 140.2875213623047 295.3897933959961 140.2875213623047 295.3897933959961 170.67233276367188 248.1340789794922 170.67233276367188
247.96435546875 141.34823608398438 295.37987518310547 141.34823608398438 295.37987518310547 170.82969665527344 247.96435546875 170.82969665527344
251.6378173828125 142.08175659179688 295.87418365478516 142.08175659179688 295.87418365478516 171.37136840820312 251.6378173828125 171.37136840820312
250.7918701171875 144.50546264648438 295.9501838684082 144.50546264648438 295.9501838684082 172.8297233581543 250.7918701171875 172.8297233581543
254.9157257080078 147.11605834960938 299.1715087890625 147.11605834960938 299.1715087890625 174.3179225921631 254.9157257080078 174.3179225921631
258.47003173828125 148.38722229003906 302.5116653442383 148.38722229003906 302.5116653442383 174.5603370666504 258.47003173828125 174.5603370666504
