285.0 111.0 326.0 111.0 326.0 142.0 285.0 142.0
282.9662170410156 112.03102111816406 323.47851181030273 112.03102111816406 323.47851181030273 143.63385581970215 282.9662170410156 143.63385581970215
281.74786376953125 112.90361022949219 322.63335037231445 112.90361022949219 322.63335037231445 144.1628875732422 281.74786376953125 144.1628875732422
277.037109375 114.2221908569336 317.6321601867676 114.2221908569336 317.6321601867676 145.17306900024414 277.037109375 145.17306900024414
275.12591552734375 113.8074722290039 313.91289138793945 113.8074722290039 313.91289138793945 146.75077438354492 275.12591552734375 146.75077438354492
271.66796875 114.5531234741211 311.2074890136719 114.5531234741211 311.2074890136719 147.28413009643555 271.66796875 147.28413009643555
263.1114196777344 117.17501068115234 308.005313873291 117.17501068115234 308.005313873291 151.1191749572754 263.1114196777344 151.1191749572754
263.34136962890625 117.69573974609375 304.49198150634766 117.69573974609375 304.49198150634766 150.6301040649414 263.34136962890625 150.6301040649414
258.9332580566406 119.25437927246094 300.1490669250488 119.25437927246094 300.1490669250488 152.1218376159668 258.9332580566406 152.1218376159668
253.6158447265625 121.50666809082031 294.67043685913086 121.50666809082031 294.67043685913086 153.46682357788086 253.6158447265625 153.46682357788086
248.97402954101562 123.09858703613281 289.38390350341797 123.09858703613281 289.38390350341797 155.1653823852539 248.97402954101562 155.1653823852539
245.0233154296875 123.3198471069336 286.8962745666504 123.3198471069336 286.8962745666504 155.66760635375977 245.0233154296875 155.66760635375977
239.2541046142578 125.07196044921875 281.46084213256836 125.07196044921875 281.46084213256836 158.28670501708984 239.2541046142578 158.28670501708984
231.0968780517578 126.65972900390625 273.3737983703613 126.65972900390625 273.3737983703613 161.47440719604492 231.0968780517578 161.47440719604492
225.78970336914062 127.8174819946289 269.8927192687988 127.8174819946289 269.8927192687988 162.81757736206055 225.78970336914062 162.81757736206055
220.1178741455078 128.6180877685547 266.97331619262695 128.6180877685547 266.97331619262695 165.99872589111328 220.1178741455078 165.99872589111328
214.353759765625 130.7548370361328 262.2059516906738 130.7548370361328 262.2059516906738 167.44005584716797 214.353759765625 167.44005584716797
209.752685546875 132.2843780517578 256.842098236084 132.2843780517578 256.842098236084 169.62284088134766 209.752685546875 169.62284088134766
203.5302276611328 134.30215454101562 253.9064712524414 134.30215454101562 253.9064712524414 172.15372467041016 203.5302276611328 172.15372467041016
198.657958984375 134.3385467529297 248.79779815673828 134.3385467529297 248.79779815673828 173.54923629760742 198.657958984375 173.54923629760742
191.84573364257812 136.46261596679688 243.87637329101562 136.46261596679688 243.87637329101562 175.79298782348633 191.84573364257812 175.79298782348633
186.6539764404297 137.03436279296875 237.99486541748047 137.03436279296875 237.99486541748047 177.20415115356445 186.6539764404297 177.20415115356445
179.54531860351562 138.5851593017578 232.1552848815918 138.5851593017578 232.1552848815918 178.98043823242188 179.54531860351562 178.98043823242188
174.26710510253906 141.23658752441406 225.97212982177734 141.23658752441406 225.97212982177734 179.76840209960938 174.26710510253906 179.76840209960938
171.0131378173828 142.23912048339844 219.96927642822266 142.23912048339844 219.96927642822266 179.58990859985352 171.0131378173828 179.58990859985352
163.3155517578125 142.641357421875 217.68868255615234 142.641357421875 217.68868255615234 183.48235702514648 163.3155517578125 183.48235702514648
156.78778076171875 144.92861938476562 211.94357299804688 144.92861938476562 211.94357299804688 185.68291091918945 156.78778076171875 185.68291091918945
152.9395751953125 146.9019775390625 205.5865707397461 146.9019775390625 205.5865707397461 187.41324615478516 152.9395751953125 187.41324615478516
148.78858947753906 149.90158081054688 200.17625427246094 149.90158081054688 200.17625427246094 190.16382217407227 148.78858947753906 190.16382217407227
141.20960998535156 148.97669982910156 193.45386123657227 148.97669982910156 193.45386123657227 192.49549102783203 141.20960998535156 192.49549102783203
134.6278076171875 152.58621215820312 189.31600189208984 152.58621215820312 189.31600189208984 196.7479019165039 134.6278076171875 196.7479019165039
130.52340698242188 153.6667938232422 185.70439910888672 153.6667938232422 185.70439910888672 198.41351318359375 130.52340698242188 198.41351318359375
124.69660949707031 155.98675537109375 181.5799331665039 155.98675537109375 181.5799331665039 202.8645477294922 124.69660949707031 202.8645477294922
122.11909484863281 158.79306030273438 178.63328552246094 158.79306030273438 178.63328552246094 206.38032150268555 122.11909484863281 206.38032150268555
118.3665771484375 160.6696014404297 174.4584846496582 160.6696014404297 174.4584846496582 207.64937591552734 118.3665771484375 207.64937591552734
114.271484375 162.57861328125 169.96771240234375 162.57861328125 169.96771240234375 210.23666381835938 114.271484375 210.23666381835938
110.4788818359375 165.66830444335938 166.8243179321289 165.66830444335938 166.8243179321289 214.18038177490234 110.4788818359375 214.18038177490234
107.64298248291016 168.4450225830078 164.10755157470703 168.4450225830078 164.10755157470703 216.88403701782227 107.64298248291016 216.88403701782227
103.8589096069336 170.75643920898438 160.94078063964844 170.75643920898438 160.94078063964844 217.53163528442383 103.8589096069336 217.53163528442383
98.9738540649414 173.67086791992188 157.7762336730957 173.67086791992188 157.7762336730957 221.275146484375 98.9738540649414 221.275146484375
95.82234954833984 178.32432556152344 152.8982048034668 178.32432556152344 152.8982048034668 222.37387466430664 95.82234954833984 222.37387466430664
91.2945556640625 181.19161987304688 151.30707550048828 181.19161987304688 151.30707550048828 228.33284759521484 91.2945556640625 228.33284759521484
88.06791687011719 185.30003356933594 146.3975601196289 185.30003356933594 146.3975601196289 230.74242782592773 88.06791687011719 230.74242782592773
84.29655456542969 187.5248260498047 143.30369567871094 187.5248260498047 143.30369567871094 232.9862937927246 84.29655456542969 232.9862937927246
81.13446044921875 191.74972534179688 143.1316032409668 191.74972534179688 143.1316032409668 238.9949493408203 81.13446044921875 238.9949493408203
79.82227325439453 193.5009765625 141.61187362670898 193.5009765625 141.61187362670898 240.47486877441406 79.82227325439453 240.47486877441406
78.6081314086914 196.42080688476562 140.8814239501953 196.42080688476562 140.8814239501953 243.83329010009766 78.6081314086914 243.83329010009766
75.03984069824219 200.84307861328125 139.8011932373047 200.84307861328125 139.8011932373047 248.18814849853516 75.03984069824219 248.18814849853516
75.31587219238281 204.46240234375 139.4605941772461 204.46240234375 139.4605941772461 252.6963882446289 75.31587219238281 252.6963882446289
75.0703125 206.27490234375 140.30567169189453 206.27490234375 140.30567169189453 254.13034057617188 75.0703125 254.13034057617188
74.58226013183594 209.77017211914062 142.66365814208984 209.77017211914062 142.66365814208984 258.58426666259766 74.58226013183594 258.58426666259766
75.06871032714844 214.4296112060547 145.78639221191406 214.4296112060547 145.78639221191406 266.35274505615234 75.06871032714844 266.35274505615234
76.7568359375 218.115478515625 148.10286712646484 218.115478515625 148.10286712646484 268.8917922973633 76.7568359375 268.8917922973633
82.06537628173828 222.0250701904297 150.64855194091797 222.0250701904297 150.64855194091797 271.66321563720703 82.06537628173828 271.66321563720703
83.77232360839844 226.38412475585938 155.22848510742188 226.38412475585938 155.22848510742188 278.40181732177734 83.77232360839844 278.40181732177734
83.08792877197266 231.1247100830078 155.4011459350586 231.1247100830078 155.4011459350586 282.94327545166016 83.08792877197266 282.94327545166016
83.66454315185547 233.32229614257812 157.46041870117188 233.32229614257812 157.46041870117188 286.4382209777832 83.66454315185547 286.4382209777832
88.86869812011719 239.43310546875 164.8773193359375 239.43310546875 164.8773193359375 293.0713310241699 88.86869812011719 293.0713310241699
91.49906921386719 245.224853515625 168.60757446289062 245.224853515625 168.60757446289062 299.7191963195801 91.49906921386719 299.7191963195801
97.30384826660156 253.5272979736328 177.43084716796875 253.5272979736328 177.43084716796875 308.09766006469727 97.30384826660156 308.09766006469727
102.92423248291016 259.15521240234375 183.16300201416016 259.15521240234375 183.16300201416016 314.27123260498047 102.92423248291016 314.27123260498047
109.9380874633789 263.97332763671875 189.5026626586914 263.97332763671875 189.5026626586914 320.508056640625 109.9380874633789 320.508056640625
122.44194030761719 274.23699951171875 204.91873168945312 274.23699951171875 204.91873168945312 327.7801513671875 122.44194030761719 327.7801513671875
130.5327606201172 278.8731384277344 216.61343383789062 278.8731384277344 216.61343383789062 334.59086990356445 130.5327606201172 334.59086990356445
142.8784942626953 288.4324035644531 229.93656158447266 288.4324035644531 229.93656158447266 346.84900665283203 142.8784942626953 346.84900665283203
155.42166137695312 294.27911376953125 244.5287094116211 294.27911376953125 244.5287094116211 352.4354362487793 155.42166137695312 352.4354362487793
169.39199829101562 301.82958984375 259.14539337158203 301.82958984375 259.14539337158203 359.45124435424805 169.39199829101562 359.45124435424805
182.6292724609375 305.31524658203125 278.3999328613281 305.31524658203125 278.3999328613281 362.34675216674805 182.6292724609375 362.34675216674805
201.56845092773438 315.1539001464844 296.3870391845703 315.1539001464844 296.3870391845703 373.32636642456055 201.56845092773438 373.32636642456055
225.8104248046875 324.51116943359375 321.32765197753906 324.51116943359375 321.32765197753906 382.6608581542969 225.8104248046875 382.6608581542969
