16.0 161.0 52.0 161.0 52.0 187.0 16.0 187.0
11.607980728149414 157.93038940429688 48.80380439758301 157.93038940429688 48.80380439758301 184.79404067993164 11.607980728149414 184.79404067993164
4.465513229370117 166.84262084960938 41.5714168548584 166.84262084960938 41.5714168548584 193.64133071899414 4.465513229370117 193.64133071899414
3.5971741676330566 184.62057495117188 34.44010019302368 184.62057495117188 34.44010019302368 211.38750839233398 3.5971741676330566 211.38750839233398
0.0 202.0644073486328 36.976806640625 202.0644073486328 36.976806640625 228.76987838745117 0.0 228.76987838745117
0.0 235.6522979736328 37.79389190673828 235.6522979736328 37.79389190673828 262.94788551330566 0.0 262.94788551330566
0.11691780388355255 284.17596435546875 38.117325976490974 284.17596435546875 38.117325976490974 312.2843132019043 0.11691780388355255 312.2843132019043
0.0 288.7433776855469 37.36333465576172 288.7433776855469 37.36333465576172 315.1353340148926 0.0 315.1353340148926
5.237347602844238 297.46697998046875 43.4519624710083 297.46697998046875 43.4519624710083 325.06642150878906 5.237347602844238 325.06642150878906
0.0 290.513427734375 39.575096130371094 290.513427734375 39.575096130371094 318.2623996734619 0.0 318.2623996734619
0.0 294.07220458984375 41.12931442260742 294.07220458984375 41.12931442260742 322.3975028991699 0.0 322.3975028991699
1.6359939575195312 288.5524597167969 40.64024353027344 288.5524597167969 40.64024353027344 316.30284118652344 1.6359939575195312 316.30284118652344
0.0 275.718994140625 38.160091400146484 275.718994140625 38.160091400146484 303.27906227111816 0.0 303.27906227111816
15.58342456817627 278.6971130371094 54.23104953765869 278.6971130371094 54.23104953765869 306.6092929840088 15.58342456817627 306.6092929840088
6.116871356964111 271.39361572265625 45.12112092971802 271.39361572265625 45.12112092971802 299.5633544921875 6.116871356964111 299.5633544921875
0.06200676038861275 261.77227783203125 38.77511863783002 261.77227783203125 38.77511863783002 289.73175048828125 0.06200676038861275 289.73175048828125
0.0 264.18524169921875 39.17470169067383 264.18524169921875 39.17470169067383 292.478084564209 0.0 292.478084564209
0.0 263.74603271484375 39.099693298339844 263.74603271484375 39.099693298339844 291.9847049713135 0.0 291.9847049713135
0.0 247.25173950195312 38.02070236206055 247.25173950195312 38.02070236206055 274.7111396789551 0.0 274.7111396789551
4.805567741394043 246.4280548095703 43.41440486907959 246.4280548095703 43.41440486907959 274.312219619751 4.805567741394043 274.312219619751
20.06295394897461 251.59304809570312 58.13230895996094 251.59304809570312 58.13230895996094 279.08758544921875 20.06295394897461 279.08758544921875
27.081552505493164 249.7880859375 64.80511665344238 249.7880859375 64.80511665344238 277.03288650512695 27.081552505493164 277.03288650512695
44.57179641723633 252.59716796875 82.27481079101562 252.59716796875 82.27481079101562 279.8271236419678 44.57179641723633 279.8271236419678
89.14308166503906 243.67404174804688 127.41862106323242 243.67404174804688 127.41862106323242 271.31748962402344 89.14308166503906 271.31748962402344
95.43509674072266 243.29647827148438 132.6935806274414 243.29647827148438 132.6935806274414 270.52431869506836 95.43509674072266 270.52431869506836
94.11669921875 242.93515014648438 129.33602142333984 242.93515014648438 129.33602142333984 269.9498233795166 94.11669921875 269.9498233795166
91.46626281738281 244.10006713867188 127.17798614501953 244.10006713867188 127.17798614501953 271.9118843078613 91.46626281738281 271.9118843078613
88.79698181152344 244.4907989501953 124.86103820800781 244.4907989501953 124.86103820800781 271.5747890472412 88.79698181152344 271.5747890472412
85.62969970703125 244.8636932373047 122.26409149169922 244.8636932373047 122.26409149169922 271.3218746185303 85.62969970703125 271.3218746185303
97.01737213134766 249.88314819335938 134.15985107421875 249.88314819335938 134.15985107421875 276.70827865600586 97.01737213134766 276.70827865600586
93.70516204833984 244.5275115966797 131.45668029785156 244.5275115966797 131.45668029785156 271.79250144958496 93.70516204833984 271.79250144958496
80.9214096069336 243.3759765625 118.40371704101562 243.3759765625 118.40371704101562 270.03686141967773 80.9214096069336 270.03686141967773
92.8766860961914 242.0676727294922 130.93490600585938 242.0676727294922 130.93490600585938 268.6310062408447 92.8766860961914 268.6310062408447
92.48821258544922 243.05850219726562 130.95208740234375 243.05850219726562 130.95208740234375 269.4446315765381 92.48821258544922 269.4446315765381
93.57099914550781 242.0357666015625 132.24386978149414 242.0357666015625 132.24386978149414 269.0476989746094 93.57099914550781 269.0476989746094
94.52961730957031 242.6187286376953 133.44157791137695 242.6187286376953 133.44157791137695 269.2353267669678 94.52961730957031 269.2353267669678
94.4209976196289 243.5322265625 133.24169540405273 243.5322265625 133.24169540405273 269.5891304016113 94.4209976196289 269.5891304016113
94.60527801513672 241.7769012451172 132.7630157470703 241.7769012451172 132.7630157470703 268.4533634185791 94.60527801513672 268.4533634185791
74.90320587158203 245.3711395263672 113.03913116455078 245.3711395263672 113.03913116455078 272.91375160217285 74.90320587158203 272.91375160217285
76.02555084228516 244.3297119140625 115.10687255859375 244.3297119140625 115.10687255859375 272.55510902404785 76.02555084228516 272.55510902404785
73.29497528076172 243.9229278564453 113.35128784179688 243.9229278564453 113.35128784179688 272.8524875640869 73.29497528076172 272.8524875640869
81.18030548095703 244.539794921875 121.45730590820312 244.539794921875 121.45730590820312 273.379093170166 81.18030548095703 273.379093170166
77.81623840332031 245.38735961914062 118.94580459594727 245.38735961914062 118.94580459594727 275.09205055236816 77.81623840332031 275.09205055236816
81.22603607177734 244.39706420898438 122.53807830810547 244.39706420898438 122.53807830810547 274.2335453033447 81.22603607177734 274.2335453033447
79.64874267578125 245.1963348388672 120.75816345214844 245.1963348388672 120.75816345214844 274.8864803314209 79.64874267578125 274.8864803314209
79.29734802246094 244.8443145751953 119.9441146850586 244.8443145751953 119.9441146850586 274.20032119750977 79.29734802246094 274.20032119750977
80.67540740966797 244.1392059326172 120.72011184692383 244.1392059326172 120.72011184692383 273.0603885650635 80.67540740966797 273.0603885650635
82.82536315917969 244.6284637451172 122.46369934082031 244.6284637451172 122.46369934082031 273.25615882873535 82.82536315917969 273.25615882873535
81.59086608886719 244.43991088867188 121.42315292358398 244.43991088867188 121.42315292358398 273.2076816558838 81.59086608886719 273.2076816558838
82.08526611328125 244.8254852294922 121.42431640625 244.8254852294922 121.42431640625 273.2370262145996 82.08526611328125 273.2370262145996
83.26456451416016 244.05538940429688 122.88454818725586 244.05538940429688 122.88454818725586 272.66982650756836 83.26456451416016 272.66982650756836
83.26526641845703 243.2559356689453 123.21723556518555 243.2559356689453 123.21723556518555 272.1101417541504 83.26526641845703 272.1101417541504
82.7590560913086 244.20767211914062 122.08685684204102 244.20767211914062 122.08685684204102 272.6110897064209 82.7590560913086 272.6110897064209
83.89665222167969 244.1050567626953 122.69878387451172 244.1050567626953 122.69878387451172 272.1288242340088 83.89665222167969 272.1288242340088
86.2237548828125 244.0901641845703 124.43652725219727 244.0901641845703 124.43652725219727 271.6882839202881 86.2237548828125 271.6882839202881
87.11006164550781 244.342529296875 124.46728515625 244.342529296875 124.46728515625 272.00136947631836 87.11006164550781 272.00136947631836
86.86603546142578 244.9612274169922 123.75033569335938 244.9612274169922 123.75033569335938 272.54799461364746 86.86603546142578 272.54799461364746
88.33451843261719 244.3579559326172 123.79276275634766 244.3579559326172 123.79276275634766 271.4534854888916 88.33451843261719 271.4534854888916
87.31316375732422 245.20266723632812 123.1202621459961 245.20266723632812 123.1202621459961 272.18090438842773 87.31316375732422 272.18090438842773
87.96075439453125 244.6913299560547 123.6315803527832 244.6913299560547 123.6315803527832 271.66320419311523 87.96075439453125 271.66320419311523
87.79121398925781 244.26171875 122.09663391113281 244.26171875 122.09663391113281 271.8238468170166 87.79121398925781 271.8238468170166
88.32562255859375 244.54013061523438 124.2056884765625 244.54013061523438 124.2056884765625 271.6361427307129 88.32562255859375 271.6361427307129
88.7075424194336 244.77267456054688 123.31452941894531 244.77267456054688 123.31452941894531 271.2710819244385 88.7075424194336 271.2710819244385
89.474609375 244.93557739257812 125.15705490112305 244.93557739257812 125.15705490112305 271.0154514312744 89.474609375 271.0154514312744
89.62066650390625 244.4259490966797 123.25019073486328 244.4259490966797 123.25019073486328 270.68195152282715 89.62066650390625 270.68195152282715
88.71119689941406 244.97299194335938 123.78089904785156 244.97299194335938 123.78089904785156 270.826416015625 88.71119689941406 270.826416015625
