527.0 84.0 868.0 84.0 868.0 244.0 527.0 244.0
527.6699829101562 81.04386901855469 877.524169921875 81.04386901855469 877.524169921875 241.1087188720703 527.6699829101562 241.1087188720703
535.9275512695312 82.46508026123047 885.7651672363281 82.46508026123047 885.7651672363281 243.96431732177734 535.9275512695312 243.96431732177734
516.833251953125 84.22943115234375 873.5778198242188 84.22943115234375 873.5778198242188 249.98374938964844 516.833251953125 249.98374938964844
530.0658569335938 79.29840087890625 888.3016662597656 79.29840087890625 888.3016662597656 247.38558959960938 530.0658569335938 247.38558959960938
534.8413696289062 86.0358657836914 896.1529235839844 86.0358657836914 896.1529235839844 255.56621551513672 534.8413696289062 255.56621551513672
546.1280517578125 83.2463607788086 916.3356018066406 83.2463607788086 916.3356018066406 256.9507827758789 546.1280517578125 256.9507827758789
564.1009521484375 77.9601821899414 938.4631958007812 77.9601821899414 938.4631958007812 253.61402130126953 564.1009521484375 253.61402130126953
574.9500732421875 77.19996643066406 957.6641235351562 77.19996643066406 957.6641235351562 256.77256774902344 574.9500732421875 256.77256774902344
565.3430786132812 79.2586898803711 953.6717529296875 79.2586898803711 953.6717529296875 250.4247055053711 565.3430786132812 250.4247055053711
560.9791259765625 75.36671447753906 957.7039184570312 75.36671447753906 957.7039184570312 253.467041015625 560.9791259765625 253.467041015625
554.4442138671875 73.67894744873047 961.7812194824219 73.67894744873047 961.7812194824219 247.51671600341797 554.4442138671875 247.51671600341797
555.2235107421875 72.54936218261719 958.8769226074219 72.54936218261719 958.8769226074219 244.72264099121094 555.2235107421875 244.72264099121094
564.5463256835938 76.68016052246094 954.561279296875 76.68016052246094 954.561279296875 247.9827880859375 564.5463256835938 247.9827880859375
553.8607177734375 78.82837677001953 922.9048767089844 78.82837677001953 922.9048767089844 264.94727325439453 553.8607177734375 264.94727325439453
526.5723876953125 89.75650787353516 899.3607788085938 89.75650787353516 899.3607788085938 280.23999786376953 526.5723876953125 280.23999786376953
504.9117126464844 105.5843734741211 862.4573059082031 105.5843734741211 862.4573059082031 293.0257034301758 504.9117126464844 293.0257034301758
495.28369140625 106.3020248413086 847.455810546875 106.3020248413086 847.455810546875 297.2618179321289 495.28369140625 297.2618179321289
485.6498107910156 105.91404724121094 846.2799682617188 105.91404724121094 846.2799682617188 293.3936462402344 485.6498107910156 293.3936462402344
476.40533447265625 122.63340759277344 839.2820129394531 122.63340759277344 839.2820129394531 303.42913818359375 476.40533447265625 303.42913818359375
446.15460205078125 140.4709014892578 846.6329345703125 140.4709014892578 846.6329345703125 318.52723693847656 446.15460205078125 318.52723693847656
437.19049072265625 149.4857635498047 845.1579284667969 149.4857635498047 845.1579284667969 326.4740905761719 437.19049072265625 326.4740905761719
424.230712890625 158.13009643554688 843.3749389648438 158.13009643554688 843.3749389648438 335.2631378173828 424.230712890625 335.2631378173828
434.0531311035156 164.96597290039062 847.5824890136719 164.96597290039062 847.5824890136719 330.7229766845703 434.0531311035156 330.7229766845703
435.83270263671875 171.84744262695312 824.7824096679688 171.84744262695312 824.7824096679688 339.47972106933594 435.83270263671875 339.47972106933594
426.4479064941406 174.61196899414062 811.3385009765625 174.61196899414062 811.3385009765625 344.4226837158203 426.4479064941406 344.4226837158203
403.2544250488281 174.29844665527344 786.9446716308594 174.29844665527344 786.9446716308594 343.12591552734375 403.2544250488281 343.12591552734375
406.08648681640625 173.7333526611328 787.8179321289062 173.7333526611328 787.8179321289062 331.10362243652344 406.08648681640625 331.10362243652344
421.3741760253906 168.8724365234375 802.3469848632812 168.8724365234375 802.3469848632812 324.63722229003906 421.3741760253906 324.63722229003906
468.99749755859375 159.05276489257812 849.7891235351562 159.05276489257812 849.7891235351562 315.8387145996094 468.99749755859375 315.8387145996094
543.1456909179688 158.5548095703125 948.5372009277344 158.5548095703125 948.5372009277344 331.0254669189453 543.1456909179688 331.0254669189453
564.7775268554688 152.26113891601562 942.8952941894531 152.26113891601562 942.8952941894531 328.85267639160156 564.7775268554688 328.85267639160156
589.8848876953125 148.4148712158203 935.3727722167969 148.4148712158203 935.3727722167969 324.02174377441406 589.8848876953125 324.02174377441406
449.6161193847656 162.8263702392578 839.5637817382812 162.8263702392578 839.5637817382812 345.7931365966797 449.6161193847656 345.7931365966797
356.2114562988281 140.420166015625 733.8373413085938 140.420166015625 733.8373413085938 319.8905487060547 356.2114562988281 319.8905487060547
343.02081298828125 144.44998168945312 694.6542053222656 144.44998168945312 694.6542053222656 309.10533142089844 343.02081298828125 309.10533142089844
332.9627990722656 127.91169738769531 685.0361938476562 127.91169738769531 685.0361938476562 289.205322265625 332.9627990722656 289.205322265625
312.35357666015625 124.35685729980469 678.742919921875 124.35685729980469 678.742919921875 279.68467712402344 312.35357666015625 279.68467712402344
293.158447265625 134.09014892578125 664.2276916503906 134.09014892578125 664.2276916503906 272.3945617675781 293.158447265625 272.3945617675781
279.684326171875 134.37435913085938 655.0674438476562 134.37435913085938 655.0674438476562 272.7151794433594 279.684326171875 272.7151794433594
263.19573974609375 134.1962890625 643.2173767089844 134.1962890625 643.2173767089844 272.3955535888672 263.19573974609375 272.3955535888672
247.1387939453125 137.7047576904297 627.7801208496094 137.7047576904297 627.7801208496094 272.498046875 247.1387939453125 272.498046875
251.32821655273438 137.81298828125 623.3145751953125 137.81298828125 623.3145751953125 269.9507751464844 251.32821655273438 269.9507751464844
248.8151092529297 141.91128540039062 620.5955657958984 141.91128540039062 620.5955657958984 272.01220703125 248.8151092529297 272.01220703125
253.04965209960938 141.88650512695312 623.4846801757812 141.88650512695312 623.4846801757812 276.61273193359375 253.04965209960938 276.61273193359375
264.70440673828125 145.56741333007812 627.82763671875 145.56741333007812 627.82763671875 283.97755432128906 264.70440673828125 283.97755432128906
274.9829406738281 143.2001190185547 631.6788330078125 143.2001190185547 631.6788330078125 287.3749542236328 274.9829406738281 287.3749542236328
290.94378662109375 143.28684997558594 639.2710876464844 143.28684997558594 639.2710876464844 290.71148681640625 290.94378662109375 290.71148681640625
319.9858703613281 148.68936157226562 669.4386596679688 148.68936157226562 669.4386596679688 293.8202209472656 319.9858703613281 293.8202209472656
334.227294921875 149.89547729492188 681.4272155761719 149.89547729492188 681.4272155761719 296.2351989746094 334.227294921875 296.2351989746094
305.0582580566406 167.67672729492188 652.7010803222656 167.67672729492188 652.7010803222656 326.3126220703125 305.0582580566406 326.3126220703125
334.82684326171875 160.1137237548828 686.9960632324219 160.1137237548828 686.9960632324219 307.9998016357422 334.82684326171875 307.9998016357422
315.80126953125 167.2970733642578 667.1198120117188 167.2970733642578 667.1198120117188 310.68736267089844 315.80126953125 310.68736267089844
297.37615966796875 166.65823364257812 650.5228271484375 166.65823364257812 650.5228271484375 316.35186767578125 297.37615966796875 316.35186767578125
274.3631896972656 154.20693969726562 618.1582946777344 154.20693969726562 618.1582946777344 315.51849365234375 274.3631896972656 315.51849365234375
263.58294677734375 154.10162353515625 607.8915405273438 154.10162353515625 607.8915405273438 315.6540985107422 263.58294677734375 315.6540985107422
271.73193359375 146.60940551757812 624.5432739257812 146.60940551757812 624.5432739257812 312.1514434814453 271.73193359375 312.1514434814453
284.2779541015625 135.0751495361328 642.2520751953125 135.0751495361328 642.2520751953125 303.03961181640625 284.2779541015625 303.03961181640625
268.1414489746094 131.7952117919922 624.8705444335938 131.7952117919922 624.8705444335938 299.1755065917969 268.1414489746094 299.1755065917969
287.4454345703125 126.16827392578125 646.7407531738281 126.16827392578125 646.7407531738281 293.6531677246094 287.4454345703125 293.6531677246094
301.20465087890625 120.482666015625 666.8671875 120.482666015625 666.8671875 292.0545959472656 301.20465087890625 292.0545959472656
303.39007568359375 114.9965591430664 666.6898193359375 114.9965591430664 666.6898193359375 285.45984649658203 303.39007568359375 285.45984649658203
344.76654052734375 117.50750732421875 712.8905944824219 117.50750732421875 712.8905944824219 290.23439025878906 344.76654052734375 290.23439025878906
378.0413818359375 124.30357360839844 752.7141723632812 124.30357360839844 752.7141723632812 300.10316467285156 378.0413818359375 300.10316467285156
375.5903625488281 118.50115966796875 751.1612548828125 118.50115966796875 751.1612548828125 294.7221374511719 375.5903625488281 294.7221374511719
353.74029541015625 110.79341888427734 728.2033996582031 110.79341888427734 728.2033996582031 280.3709945678711 353.74029541015625 280.3709945678711
296.37396240234375 111.64244079589844 669.9854431152344 111.64244079589844 669.9854431152344 268.0591583251953 296.37396240234375 268.0591583251953
309.77947998046875 114.17015075683594 680.195068359375 114.17015075683594 680.195068359375 262.07757568359375 309.77947998046875 262.07757568359375
313.04534912109375 115.67622375488281 681.3414916992188 115.67622375488281 681.3414916992188 258.949951171875 313.04534912109375 258.949951171875
334.98138427734375 114.3553695678711 701.59130859375 114.3553695678711 701.59130859375 255.21302032470703 334.98138427734375 255.21302032470703
314.0353698730469 109.90995025634766 660.8742370605469 109.90995025634766 660.8742370605469 272.6496353149414 314.0353698730469 272.6496353149414
366.2882385253906 112.89349365234375 736.5569152832031 112.89349365234375 736.5569152832031 256.7474365234375 366.2882385253906 256.7474365234375
336.48895263671875 128.0247039794922 681.0983581542969 128.0247039794922 681.0983581542969 263.6088104248047 336.48895263671875 263.6088104248047
347.2033996582031 127.46990966796875 698.6331481933594 127.46990966796875 698.6331481933594 262.5926818847656 347.2033996582031 262.5926818847656
342.33343505859375 134.59603881835938 680.5143432617188 134.59603881835938 680.5143432617188 265.1073455810547 342.33343505859375 265.1073455810547
343.1283874511719 131.38955688476562 671.8031005859375 131.38955688476562 671.8031005859375 262.2123260498047 343.1283874511719 262.2123260498047
341.0940856933594 128.84085083007812 661.1567993164062 128.84085083007812 661.1567993164062 258.90516662597656 341.0940856933594 258.90516662597656
346.8504943847656 121.97306060791016 664.4323425292969 121.97306060791016 664.4323425292969 254.41812896728516 346.8504943847656 254.41812896728516
341.73809814453125 127.4665756225586 645.4571228027344 127.4665756225586 645.4571228027344 253.3505859375 341.73809814453125 253.3505859375
347.61602783203125 121.74288177490234 649.817138671875 121.74288177490234 649.817138671875 249.06452178955078 347.61602783203125 249.06452178955078
346.8329162597656 124.13166809082031 643.0761413574219 124.13166809082031 643.0761413574219 246.74883270263672 346.8329162597656 246.74883270263672
350.7103576660156 118.194091796875 649.6696472167969 118.194091796875 649.6696472167969 242.5577163696289 350.7103576660156 242.5577163696289
355.8408203125 106.8618392944336 656.5310974121094 106.8618392944336 656.5310974121094 236.27356719970703 355.8408203125 236.27356719970703
359.49267578125 100.28724670410156 665.4862365722656 100.28724670410156 665.4862365722656 233.66702270507812 359.49267578125 233.66702270507812
360.2292175292969 96.98456573486328 669.1233825683594 96.98456573486328 669.1233825683594 231.75858306884766 360.2292175292969 231.75858306884766
350.27532958984375 98.54399108886719 654.2249450683594 98.54399108886719 654.2249450683594 229.94142150878906 350.27532958984375 229.94142150878906
362.63714599609375 92.61494445800781 676.4835510253906 92.61494445800781 676.4835510253906 230.2984619140625 362.63714599609375 230.2984619140625
355.3507385253906 101.0511474609375 654.8987426757812 101.0511474609375 654.8987426757812 238.34579467773438 355.3507385253906 238.34579467773438
349.20098876953125 107.2955551147461 634.3221740722656 107.2955551147461 634.3221740722656 243.16649627685547 349.20098876953125 243.16649627685547
350.0511169433594 104.57515716552734 640.5941162109375 104.57515716552734 640.5941162109375 244.85623931884766 350.0511169433594 244.85623931884766
361.64874267578125 117.22796630859375 654.5780639648438 117.22796630859375 654.5780639648438 249.25360107421875 361.64874267578125 249.25360107421875
367.87298583984375 117.80546569824219 654.4264831542969 117.80546569824219 654.4264831542969 247.3041534423828 367.87298583984375 247.3041534423828
386.3011779785156 112.61517333984375 682.6562194824219 112.61517333984375 682.6562194824219 244.87112426757812 386.3011779785156 244.87112426757812
395.5585021972656 120.2101821899414 691.6917114257812 120.2101821899414 691.6917114257812 247.45281219482422 395.5585021972656 247.45281219482422
390.58807373046875 111.8311996459961 682.8820190429688 111.8311996459961 682.8820190429688 247.47614288330078 390.58807373046875 247.47614288330078
392.4356994628906 112.8381576538086 681.7108459472656 112.8381576538086 681.7108459472656 248.5685043334961 392.4356994628906 248.5685043334961
350.13653564453125 118.07475280761719 633.0487365722656 118.07475280761719 633.0487365722656 253.3959503173828 350.13653564453125 253.3959503173828
362.865478515625 128.18923950195312 639.812255859375 128.18923950195312 639.812255859375 257.99017333984375 362.865478515625 257.99017333984375
347.6598205566406 140.01870727539062 608.2347106933594 140.01870727539062 608.2347106933594 259.75659942626953 347.6598205566406 259.75659942626953
357.9100036621094 135.75784301757812 620.8361206054688 135.75784301757812 620.8361206054688 256.2137985229492 357.9100036621094 256.2137985229492
369.68878173828125 137.39447021484375 631.8899230957031 137.39447021484375 631.8899230957031 258.32786560058594 369.68878173828125 258.32786560058594
374.5821533203125 128.2476806640625 634.8546142578125 128.2476806640625 634.8546142578125 251.45997619628906 374.5821533203125 251.45997619628906
381.70318603515625 126.8856430053711 648.6107482910156 126.8856430053711 648.6107482910156 251.06785583496094 381.70318603515625 251.06785583496094
386.77740478515625 122.69522857666016 659.2872619628906 122.69522857666016 659.2872619628906 249.33098602294922 386.77740478515625 249.33098602294922
392.89581298828125 127.3158950805664 667.2028198242188 127.3158950805664 667.2028198242188 250.84471893310547 392.89581298828125 250.84471893310547
400.6579284667969 124.2957534790039 674.5389709472656 124.2957534790039 674.5389709472656 247.54439544677734 400.6579284667969 247.54439544677734
409.9142150878906 121.11407470703125 693.05224609375 121.11407470703125 693.05224609375 248.6968536376953 409.9142150878906 248.6968536376953
422.3741760253906 110.1309585571289 712.1343383789062 110.1309585571289 712.1343383789062 245.23632049560547 422.3741760253906 245.23632049560547
432.1263732910156 115.2094497680664 717.2398986816406 115.2094497680664 717.2398986816406 250.17574310302734 432.1263732910156 250.17574310302734
439.7007751464844 102.4478759765625 727.67431640625 102.4478759765625 727.67431640625 240.9523162841797 439.7007751464844 240.9523162841797
461.67913818359375 106.60738372802734 746.4021911621094 106.60738372802734 746.4021911621094 242.47991180419922 461.67913818359375 242.47991180419922
472.3326110839844 104.16230773925781 760.3639221191406 104.16230773925781 760.3639221191406 245.48904418945312 472.3326110839844 245.48904418945312
476.07373046875 105.95361328125 770.4623413085938 105.95361328125 770.4623413085938 250.49386596679688 476.07373046875 250.49386596679688
482.04608154296875 98.37974548339844 774.7369079589844 98.37974548339844 774.7369079589844 247.4027557373047 482.04608154296875 247.4027557373047
486.5000915527344 101.9919662475586 776.9971008300781 101.9919662475586 776.9971008300781 250.61809539794922 486.5000915527344 250.61809539794922
491.2875061035156 98.48570251464844 785.330322265625 98.48570251464844 785.330322265625 247.56219482421875 491.2875061035156 247.56219482421875
494.6111755371094 93.28565979003906 797.8184509277344 93.28565979003906 797.8184509277344 248.33358764648438 494.6111755371094 248.33358764648438
521.4295654296875 99.10223388671875 862.7490844726562 99.10223388671875 862.7490844726562 259.2522277832031 521.4295654296875 259.2522277832031
505.2254943847656 82.04899597167969 822.841552734375 82.04899597167969 822.841552734375 246.0779266357422 505.2254943847656 246.0779266357422
504.84222412109375 69.28834533691406 812.3380432128906 69.28834533691406 812.3380432128906 239.8552703857422 504.84222412109375 239.8552703857422
517.8306884765625 70.89938354492188 827.8832702636719 70.89938354492188 827.8832702636719 239.4192352294922 517.8306884765625 239.4192352294922
529.4866943359375 74.23693084716797 845.2782897949219 74.23693084716797 845.2782897949219 239.1348648071289 529.4866943359375 239.1348648071289
530.9527587890625 75.43009185791016 843.0599975585938 75.43009185791016 843.0599975585938 237.24829864501953 530.9527587890625 237.24829864501953
537.4569091796875 69.42750549316406 853.1856079101562 69.42750549316406 853.1856079101562 232.10247802734375 537.4569091796875 232.10247802734375
545.4428100585938 68.62369537353516 860.3739929199219 68.62369537353516 860.3739929199219 230.62554168701172 545.4428100585938 230.62554168701172
546.0419311523438 62.35124588012695 860.4541931152344 62.35124588012695 860.4541931152344 227.61140823364258 546.0419311523438 227.61140823364258
552.9305419921875 66.84947204589844 862.7670288085938 66.84947204589844 862.7670288085938 228.60276794433594 552.9305419921875 228.60276794433594
549.8792114257812 60.74992752075195 857.2676696777344 60.74992752075195 857.2676696777344 222.60542678833008 549.8792114257812 222.60542678833008
554.4915771484375 66.31755828857422 863.3965148925781 66.31755828857422 863.3965148925781 225.4920425415039 554.4915771484375 225.4920425415039
554.0338745117188 68.71121978759766 866.4770202636719 68.71121978759766 866.4770202636719 227.35334014892578 554.0338745117188 227.35334014892578
559.3076171875 68.2446060180664 874.2791137695312 68.2446060180664 874.2791137695312 226.70429229736328 559.3076171875 226.70429229736328
562.2215576171875 71.30882263183594 881.5426025390625 71.30882263183594 881.5426025390625 231.15646362304688 562.2215576171875 231.15646362304688
566.2022705078125 71.18028259277344 885.4362182617188 71.18028259277344 885.4362182617188 231.3772430419922 566.2022705078125 231.3772430419922
572.5849609375 68.0743179321289 894.2852783203125 68.0743179321289 894.2852783203125 231.64228057861328 572.5849609375 231.64228057861328
581.8864135742188 74.79068756103516 904.037353515625 74.79068756103516 904.037353515625 239.96588897705078 581.8864135742188 239.96588897705078
577.5172119140625 70.93875122070312 909.9601745605469 70.93875122070312 909.9601745605469 243.3682861328125 577.5172119140625 243.3682861328125
582.4371337890625 76.73576354980469 918.27294921875 76.73576354980469 918.27294921875 247.98013305664062 582.4371337890625 247.98013305664062
581.8840942382812 79.9177017211914 919.003662109375 79.9177017211914 919.003662109375 249.5894546508789 581.8840942382812 249.5894546508789
586.4749755859375 69.65473175048828 922.5131530761719 69.65473175048828 922.5131530761719 237.4839096069336 586.4749755859375 237.4839096069336
590.6177978515625 72.83724212646484 923.5607299804688 72.83724212646484 923.5607299804688 238.9807357788086 590.6177978515625 238.9807357788086
601.4015502929688 77.89187622070312 923.73046875 77.89187622070312 923.73046875 239.13192749023438 601.4015502929688 239.13192749023438
605.626220703125 77.96424865722656 924.5356750488281 77.96424865722656 924.5356750488281 238.10385131835938 605.626220703125 238.10385131835938
612.8526611328125 83.24176025390625 925.110595703125 83.24176025390625 925.110595703125 241.77500915527344 612.8526611328125 241.77500915527344
621.6075439453125 83.7926025390625 926.4344787597656 83.7926025390625 926.4344787597656 238.3768768310547 621.6075439453125 238.3768768310547
631.3551635742188 86.25743103027344 926.5433959960938 86.25743103027344 926.5433959960938 235.31460571289062 631.3551635742188 235.31460571289062
642.2940673828125 83.09525299072266 928.5469360351562 83.09525299072266 928.5469360351562 226.61292266845703 642.2940673828125 226.61292266845703
650.9307861328125 87.62683868408203 930.5453796386719 87.62683868408203 930.5453796386719 226.91747283935547 650.9307861328125 226.91747283935547
657.7766723632812 89.52525329589844 931.6289367675781 89.52525329589844 931.6289367675781 224.5569610595703 657.7766723632812 224.5569610595703
664.5362548828125 93.08670806884766 934.5167846679688 93.08670806884766 934.5167846679688 224.16327667236328 664.5362548828125 224.16327667236328
675.8825073242188 93.273681640625 939.649658203125 93.273681640625 939.649658203125 218.51988220214844 675.8825073242188 218.51988220214844
684.6392211914062 93.15596008300781 946.1695556640625 93.15596008300781 946.1695556640625 214.68621826171875 684.6392211914062 214.68621826171875
690.811767578125 96.8481216430664 947.9463500976562 96.8481216430664 947.9463500976562 215.13734436035156 690.811767578125 215.13734436035156
703.9306640625 98.03448486328125 949.7741394042969 98.03448486328125 949.7741394042969 211.6722640991211 703.9306640625 211.6722640991211
709.0440673828125 100.69366455078125 950.4557189941406 100.69366455078125 950.4557189941406 212.60237884521484 709.0440673828125 212.60237884521484
715.6368408203125 103.37910461425781 953.3951721191406 103.37910461425781 953.3951721191406 209.97036743164062 715.6368408203125 209.97036743164062
702.32421875 96.7106704711914 959.0 96.7106704711914 959.0 217.14510345458984 702.32421875 217.14510345458984
724.0145263671875 96.6444320678711 963.2223815917969 96.6444320678711 963.2223815917969 201.8253402709961 724.0145263671875 201.8253402709961
725.8760375976562 102.66121673583984 959.6655120849609 102.66121673583984 959.6655120849609 207.603271484375 725.8760375976562 207.603271484375
728.2591552734375 101.95640563964844 962.7270965576172 101.95640563964844 962.7270965576172 204.08252716064453 728.2591552734375 204.08252716064453
731.62109375 103.0259017944336 962.2624816894531 103.0259017944336 962.2624816894531 203.35454559326172 731.62109375 203.35454559326172
737.7545166015625 105.35245513916016 959.0 105.35245513916016 959.0 209.1626968383789 737.7545166015625 209.1626968383789
740.70947265625 110.11456298828125 958.6810760498047 110.11456298828125 958.6810760498047 213.827392578125 740.70947265625 213.827392578125
744.7252197265625 114.69374084472656 959.3094940185547 114.69374084472656 959.3094940185547 216.66790771484375 744.7252197265625 216.66790771484375
745.3870239257812 119.542724609375 959.6860198974609 119.542724609375 959.6860198974609 222.41617584228516 745.3870239257812 222.41617584228516
752.2716064453125 122.41545104980469 964.0546569824219 122.41545104980469 964.0546569824219 220.43118286132812 752.2716064453125 220.43118286132812
760.0614013671875 122.50457763671875 966.2252502441406 122.50457763671875 966.2252502441406 217.6879119873047 760.0614013671875 217.6879119873047
758.6620483398438 120.3109130859375 966.6911315917969 120.3109130859375 966.6911315917969 214.9090576171875 758.6620483398438 214.9090576171875
757.9835815429688 118.01876068115234 958.9999389648438 118.01876068115234 958.9999389648438 212.33734893798828 757.9835815429688 212.33734893798828
760.02734375 117.4083023071289 959.0000305175781 117.4083023071289 959.0000305175781 210.7679901123047 760.02734375 210.7679901123047
761.8271484375 118.05584716796875 959.0000305175781 118.05584716796875 959.0000305175781 210.57106018066406 761.8271484375 210.57106018066406
766.2796630859375 118.53824615478516 959.0 118.53824615478516 959.0 208.96428680419922 766.2796630859375 208.96428680419922
770.3226318359375 118.62628173828125 959.0 118.62628173828125 959.0 207.15533447265625 770.3226318359375 207.15533447265625
773.2557373046875 117.98527526855469 959.0 117.98527526855469 959.0 205.1380844116211 773.2557373046875 205.1380844116211
778.7053833007812 120.40092468261719 958.9999694824219 120.40092468261719 958.9999694824219 204.99671173095703 778.7053833007812 204.99671173095703
782.5450439453125 114.36917877197266 959.0 114.36917877197266 959.0 197.16338348388672 782.5450439453125 197.16338348388672
788.7415771484375 111.5887451171875 958.8884124755859 111.5887451171875 958.8884124755859 191.42312622070312 788.7415771484375 191.42312622070312
792.9822387695312 116.9531021118164 959.0001068115234 116.9531021118164 959.0001068115234 194.85013580322266 792.9822387695312 194.85013580322266
799.0368041992188 116.0593032836914 958.9999389648438 116.0593032836914 958.9999389648438 191.1154022216797 799.0368041992188 191.1154022216797
804.3768310546875 117.33714294433594 958.9999237060547 117.33714294433594 958.9999237060547 189.88765716552734 804.3768310546875 189.88765716552734
807.6339721679688 121.29576110839844 958.9999847412109 121.29576110839844 958.9999847412109 192.31802368164062 807.6339721679688 192.31802368164062
809.3571166992188 119.447021484375 958.9999237060547 119.447021484375 958.9999237060547 189.66075134277344 809.3571166992188 189.66075134277344
813.2551879882812 119.26558685302734 959.0000610351562 119.26558685302734 959.0000610351562 187.65037536621094 813.2551879882812 187.65037536621094
814.7738037109375 119.66265869140625 958.9888610839844 119.66265869140625 958.9888610839844 187.3296356201172 814.7738037109375 187.3296356201172
819.7814331054688 117.1167984008789 958.9999847412109 117.1167984008789 958.9999847412109 182.4393768310547 819.7814331054688 182.4393768310547
823.3386840820312 104.63746643066406 959.0000305175781 104.63746643066406 959.0000305175781 168.2909698486328 823.3386840820312 168.2909698486328
824.6295166015625 112.64875793457031 958.9118957519531 112.64875793457031 958.9118957519531 175.65523529052734 824.6295166015625 175.65523529052734
826.2286987304688 113.05986022949219 959.0000305175781 113.05986022949219 959.0000305175781 175.35733795166016 826.2286987304688 175.35733795166016
826.4098510742188 115.3504638671875 958.9999694824219 115.3504638671875 958.9999694824219 177.56291580200195 826.4098510742188 177.56291580200195
815.7205200195312 120.3992691040039 948.7041931152344 120.3992691040039 948.7041931152344 182.7963752746582 815.7205200195312 182.7963752746582
826.2935791015625 115.61445617675781 959.0000305175781 115.61445617675781 959.0000305175781 177.88147735595703 826.2935791015625 177.88147735595703
827.8050537109375 119.84028625488281 958.8874053955078 119.84028625488281 958.8874053955078 181.34526824951172 827.8050537109375 181.34526824951172
827.6798706054688 124.40584564208984 959.0000152587891 124.40584564208984 959.0000152587891 186.02240371704102 827.6798706054688 186.02240371704102
769.0784301757812 127.03117370605469 901.5449523925781 127.03117370605469 901.5449523925781 189.1856231689453 769.0784301757812 189.1856231689453
701.5403442382812 133.7562713623047 832.5392913818359 133.7562713623047 832.5392913818359 195.2221221923828 701.5403442382812 195.2221221923828
648.6444091796875 146.20187377929688 778.3743896484375 146.20187377929688 778.3743896484375 208.23351287841797 648.6444091796875 208.23351287841797
651.10302734375 151.3303680419922 774.7934341430664 151.3303680419922 774.7934341430664 214.91259384155273 651.10302734375 214.91259384155273
646.3327026367188 154.38290405273438 775.6301574707031 154.38290405273438 775.6301574707031 216.30506134033203 646.3327026367188 216.30506134033203
651.6830444335938 150.13278198242188 782.0167083740234 150.13278198242188 782.0167083740234 213.61800003051758 651.6830444335938 213.61800003051758
656.2173461914062 147.53640747070312 786.6305084228516 147.53640747070312 786.6305084228516 212.26338958740234 656.2173461914062 212.26338958740234
661.3529052734375 147.2614288330078 789.6784973144531 147.2614288330078 789.6784973144531 212.15927124023438 661.3529052734375 212.15927124023438
669.1289672851562 140.42941284179688 801.9719696044922 140.42941284179688 801.9719696044922 205.03528594970703 669.1289672851562 205.03528594970703
678.3256225585938 137.0960693359375 810.0654144287109 137.0960693359375 810.0654144287109 202.0671615600586 678.3256225585938 202.0671615600586
679.3599853515625 137.52835083007812 812.3822021484375 137.52835083007812 812.3822021484375 201.51020431518555 679.3599853515625 201.51020431518555
680.5557250976562 138.4265594482422 810.9817047119141 138.4265594482422 810.9817047119141 201.77220916748047 680.5557250976562 201.77220916748047
685.0891723632812 138.09732055664062 816.7670593261719 138.09732055664062 816.7670593261719 200.52991485595703 685.0891723632812 200.52991485595703
691.4498291015625 133.9750213623047 822.72509765625 133.9750213623047 822.72509765625 197.5290756225586 691.4498291015625 197.5290756225586
690.1019897460938 137.93423461914062 823.0119323730469 137.93423461914062 823.0119323730469 200.90770721435547 690.1019897460938 200.90770721435547
700.2215576171875 135.68482971191406 839.4807434082031 135.68482971191406 839.4807434082031 198.51253509521484 700.2215576171875 198.51253509521484
708.6004638671875 132.99732971191406 851.5486145019531 132.99732971191406 851.5486145019531 196.78304290771484 708.6004638671875 196.78304290771484
718.631103515625 132.1985321044922 865.1572418212891 132.1985321044922 865.1572418212891 196.39353942871094 718.631103515625 196.39353942871094
730.0809326171875 130.3707275390625 872.3122253417969 130.3707275390625 872.3122253417969 194.7323760986328 730.0809326171875 194.7323760986328
735.3516845703125 132.07821655273438 873.4075164794922 132.07821655273438 873.4075164794922 196.21568298339844 735.3516845703125 196.21568298339844
740.7200317382812 135.08253479003906 874.6052703857422 135.08253479003906 874.6052703857422 199.8189468383789 740.7200317382812 199.8189468383789
746.6873779296875 134.4055633544922 876.8449096679688 134.4055633544922 876.8449096679688 201.23085021972656 746.6873779296875 201.23085021972656
