453.0 93.0 473.0 93.0 473.0 123.0 453.0 123.0
450.5079650878906 92.76676177978516 469.6348819732666 92.76676177978516 469.6348819732666 122.8465747833252 450.5079650878906 122.8465747833252
447.7190856933594 94.18606567382812 467.2310981750488 94.18606567382812 467.2310981750488 124.38431167602539 447.7190856933594 124.38431167602539
445.2398376464844 95.93994903564453 465.0367374420166 95.93994903564453 465.0367374420166 125.63529777526855 445.2398376464844 125.63529777526855
442.16290283203125 95.76298522949219 461.57924461364746 95.76298522949219 461.57924461364746 125.21317100524902 442.16290283203125 125.21317100524902
440.026611328125 97.38960266113281 459.3834419250488 97.38960266113281 459.3834419250488 126.42484664916992 440.026611328125 126.42484664916992
437.43408203125 98.62358093261719 457.0190181732178 98.62358093261719 457.0190181732178 128.0009822845459 437.43408203125 128.0009822845459
434.87249755859375 99.23278045654297 454.80842208862305 99.23278045654297 454.80842208862305 129.13666534423828 434.87249755859375 129.13666534423828
432.2159729003906 99.65425872802734 451.1321144104004 99.65425872802734 451.1321144104004 129.91074752807617 432.2159729003906 129.91074752807617
429.4918518066406 99.61032104492188 450.0247058868408 99.61032104492188 450.0247058868408 130.40960121154785 429.4918518066406 130.40960121154785
425.94500732421875 100.11288452148438 445.48644638061523 100.11288452148438 445.48644638061523 131.23895835876465 425.94500732421875 131.23895835876465
423.10498046875 101.29142761230469 442.6970157623291 101.29142761230469 442.6970157623291 132.3693904876709 423.10498046875 132.3693904876709
420.39093017578125 101.38417053222656 440.527286529541 101.38417053222656 440.527286529541 132.70348739624023 420.39093017578125 132.70348739624023
417.53179931640625 100.60694885253906 438.1389751434326 100.60694885253906 438.1389751434326 132.87570571899414 417.53179931640625 132.87570571899414
414.1166076660156 103.65742492675781 435.4051456451416 103.65742492675781 435.4051456451416 135.59023475646973 414.1166076660156 135.59023475646973
411.2064514160156 103.1271743774414 431.73107528686523 103.1271743774414 431.73107528686523 135.45315551757812 411.2064514160156 135.45315551757812
408.1004333496094 105.25421142578125 428.79997634887695 105.25421142578125 428.79997634887695 136.57161331176758 408.1004333496094 136.57161331176758
407.361572265625 105.75529479980469 427.52947998046875 105.75529479980469 427.52947998046875 136.67462730407715 407.361572265625 136.67462730407715
404.0823669433594 106.66719818115234 424.63501358032227 106.66719818115234 424.63501358032227 137.11209297180176 404.0823669433594 137.11209297180176
402.3274841308594 108.60445404052734 423.04311180114746 108.60445404052734 423.04311180114746 139.67790031433105 402.3274841308594 139.67790031433105
399.5267639160156 109.46916198730469 419.4873237609863 109.46916198730469 419.4873237609863 140.1799831390381 399.5267639160156 140.1799831390381
397.1297607421875 110.4007797241211 417.21575355529785 110.4007797241211 417.21575355529785 140.52977180480957 397.1297607421875 140.52977180480957
394.5452880859375 111.90818786621094 414.55633544921875 111.90818786621094 414.55633544921875 142.3333339691162 394.5452880859375 142.3333339691162
393.183349609375 112.97248840332031 413.6957359313965 112.97248840332031 413.6957359313965 143.74107360839844 393.183349609375 143.74107360839844
389.9554443359375 113.64653015136719 410.2778072357178 113.64653015136719 410.2778072357178 144.58840942382812 389.9554443359375 144.58840942382812
387.9849853515625 114.668212890625 408.78246688842773 114.668212890625 408.78246688842773 145.86444473266602 387.9849853515625 145.86444473266602
386.22601318359375 115.32792663574219 407.3336296081543 115.32792663574219 407.3336296081543 146.98936080932617 386.22601318359375 146.98936080932617
385.10552978515625 116.14579010009766 406.25877571105957 116.14579010009766 406.25877571105957 148.12415885925293 385.10552978515625 148.12415885925293
383.47845458984375 117.18852233886719 404.4459285736084 117.18852233886719 404.4459285736084 149.3172149658203 383.47845458984375 149.3172149658203
382.03485107421875 117.29557800292969 403.36154556274414 117.29557800292969 403.36154556274414 149.28562545776367 382.03485107421875 149.28562545776367
380.0311584472656 118.30705261230469 401.1306571960449 118.30705261230469 401.1306571960449 150.91281509399414 380.0311584472656 150.91281509399414
378.3785400390625 120.14424896240234 399.9722194671631 120.14424896240234 399.9722194671631 152.53477478027344 378.3785400390625 152.53477478027344
376.701904296875 121.37284088134766 398.2924003601074 121.37284088134766 398.2924003601074 153.7585906982422 376.701904296875 153.7585906982422
375.698486328125 122.96578216552734 397.44092178344727 122.96578216552734 397.44092178344727 155.57943725585938 375.698486328125 155.57943725585938
374.00628662109375 123.06773376464844 395.86278915405273 123.06773376464844 395.86278915405273 155.85248565673828 374.00628662109375 155.85248565673828
371.91571044921875 124.4984130859375 393.7367916107178 124.4984130859375 393.7367916107178 157.23003387451172 371.91571044921875 157.23003387451172
371.4453430175781 126.25614929199219 393.26616287231445 126.25614929199219 393.26616287231445 158.98737716674805 371.4453430175781 158.98737716674805
368.8736572265625 126.81343078613281 391.02426528930664 126.81343078613281 391.02426528930664 160.0393409729004 368.8736572265625 160.0393409729004
367.0160217285156 129.2204132080078 389.43432807922363 129.2204132080078 389.43432807922363 162.84787368774414 367.0160217285156 162.84787368774414
365.9593200683594 128.78594970703125 388.8433322906494 128.78594970703125 388.8433322906494 163.1119728088379 365.9593200683594 163.1119728088379
364.60272216796875 130.87783813476562 387.6180305480957 130.87783813476562 387.6180305480957 165.40081024169922 364.60272216796875 165.40081024169922
362.71868896484375 132.241943359375 385.7778434753418 132.241943359375 385.7778434753418 166.83068084716797 362.71868896484375 166.83068084716797
358.8983459472656 132.49795532226562 382.3512935638428 132.49795532226562 382.3512935638428 167.67738342285156 358.8983459472656 167.67738342285156
357.8271179199219 134.71560668945312 381.0813980102539 134.71560668945312 381.0813980102539 169.5970344543457 357.8271179199219 169.5970344543457
354.5054626464844 135.16848754882812 378.09037590026855 135.16848754882812 378.09037590026855 170.54586029052734 354.5054626464844 170.54586029052734
352.42791748046875 137.7042694091797 376.04595375061035 137.7042694091797 376.04595375061035 173.71102142333984 352.42791748046875 173.71102142333984
350.4933776855469 138.90457153320312 374.560001373291 138.90457153320312 374.560001373291 175.0045166015625 350.4933776855469 175.0045166015625
346.88275146484375 139.77476501464844 371.0533695220947 139.77476501464844 371.0533695220947 176.03070068359375 346.88275146484375 176.03070068359375
344.18634033203125 141.32077026367188 367.5492458343506 141.32077026367188 367.5492458343506 178.23369216918945 344.18634033203125 178.23369216918945
342.04071044921875 142.37869262695312 366.50320625305176 142.37869262695312 366.50320625305176 179.40697479248047 342.04071044921875 179.40697479248047
339.3482360839844 144.29293823242188 363.97032928466797 144.29293823242188 363.97032928466797 181.15620040893555 339.3482360839844 181.15620040893555
336.5914611816406 145.71783447265625 361.11051177978516 145.71783447265625 361.11051177978516 182.49642181396484 336.5914611816406 182.49642181396484
333.4421691894531 147.3732147216797 357.9319095611572 147.3732147216797 357.9319095611572 184.10783004760742 333.4421691894531 184.10783004760742
328.8087463378906 148.8509979248047 353.5712471008301 148.8509979248047 353.5712471008301 185.0526466369629 328.8087463378906 185.0526466369629
326.3541564941406 151.20193481445312 351.1559085845947 151.20193481445312 351.1559085845947 188.4045639038086 326.3541564941406 188.4045639038086
321.7982482910156 151.365234375 346.9101676940918 151.365234375 346.9101676940918 189.03311920166016 321.7982482910156 189.03311920166016
317.650390625 153.42221069335938 343.0210151672363 153.42221069335938 343.0210151672363 191.72317504882812 317.650390625 191.72317504882812
314.5262756347656 155.67861938476562 340.3519859313965 155.67861938476562 340.3519859313965 194.41719436645508 314.5262756347656 194.41719436645508
310.0412902832031 156.49205017089844 336.0870113372803 156.49205017089844 336.0870113372803 195.53354263305664 310.0412902832031 195.53354263305664
305.09454345703125 158.2047576904297 330.6675205230713 158.2047576904297 330.6675205230713 198.4923324584961 305.09454345703125 198.4923324584961
301.8929748535156 158.75119018554688 328.7410888671875 158.75119018554688 328.7410888671875 199.87657928466797 301.8929748535156 199.87657928466797
297.15863037109375 160.93722534179688 325.00060653686523 160.93722534179688 325.00060653686523 202.70020294189453 297.15863037109375 202.70020294189453
293.36285400390625 162.82652282714844 321.1111869812012 162.82652282714844 321.1111869812012 204.2368278503418 293.36285400390625 204.2368278503418
289.62298583984375 165.74398803710938 317.1132755279541 165.74398803710938 317.1132755279541 206.97943878173828 289.62298583984375 206.97943878173828
286.366943359375 165.8564910888672 314.13746070861816 165.8564910888672 314.13746070861816 207.5122833251953 286.366943359375 207.5122833251953
282.40777587890625 168.731201171875 309.8784236907959 168.731201171875 309.8784236907959 211.06312561035156 282.40777587890625 211.06312561035156
278.1507263183594 172.0124969482422 306.13654708862305 172.0124969482422 306.13654708862305 213.9912452697754 278.1507263183594 213.9912452697754
274.1112365722656 172.67860412597656 301.3739719390869 172.67860412597656 301.3739719390869 217.3011817932129 274.1112365722656 217.3011817932129
271.62506103515625 176.1295928955078 298.29316329956055 176.1295928955078 298.29316329956055 219.97661209106445 271.62506103515625 219.97661209106445
268.03717041015625 178.61740112304688 294.9955749511719 178.61740112304688 294.9955749511719 222.84844207763672 268.03717041015625 222.84844207763672
265.7323303222656 179.8572540283203 291.8397274017334 179.8572540283203 291.8397274017334 225.35956573486328 265.7323303222656 225.35956573486328
262.9626770019531 183.73764038085938 288.4645576477051 183.73764038085938 288.4645576477051 227.37943649291992 262.9626770019531 227.37943649291992
259.90057373046875 181.99893188476562 287.8467712402344 181.99893188476562 287.8467712402344 229.82727813720703 259.90057373046875 229.82727813720703
255.9051055908203 186.2911834716797 284.8251152038574 186.2911834716797 284.8251152038574 233.9060935974121 255.9051055908203 233.9060935974121
252.9559326171875 190.09913635253906 282.279972076416 190.09913635253906 282.279972076416 237.71342849731445 252.9559326171875 237.71342849731445
249.32553100585938 193.7449493408203 279.2077941894531 193.7449493408203 279.2077941894531 240.94416046142578 249.32553100585938 240.94416046142578
248.7404022216797 194.94198608398438 279.12131690979004 194.94198608398438 279.12131690979004 242.59477615356445 248.7404022216797 242.59477615356445
245.38253784179688 201.0269775390625 274.71546363830566 201.0269775390625 274.71546363830566 247.41040802001953 245.38253784179688 247.41040802001953
244.2494659423828 203.1976318359375 274.19457626342773 203.1976318359375 274.19457626342773 251.7225227355957 244.2494659423828 251.7225227355957
242.60617065429688 203.29705810546875 274.2466239929199 203.29705810546875 274.2466239929199 251.5049934387207 242.60617065429688 251.5049934387207
240.00048828125 211.1482696533203 269.8951168060303 211.1482696533203 269.8951168060303 258.40269470214844 240.00048828125 258.40269470214844
238.1970977783203 214.2972869873047 268.80707359313965 214.2972869873047 268.80707359313965 262.7361068725586 238.1970977783203 262.7361068725586
237.3397216796875 217.53524780273438 268.0648498535156 217.53524780273438 268.0648498535156 267.1345024108887 237.3397216796875 267.1345024108887
234.7218017578125 221.4636993408203 266.9740409851074 221.4636993408203 266.9740409851074 268.3668632507324 234.7218017578125 268.3668632507324
234.82998657226562 225.62332153320312 267.3895072937012 225.62332153320312 267.3895072937012 275.28812408447266 234.82998657226562 275.28812408447266
233.73648071289062 229.06399536132812 265.747314453125 229.06399536132812 265.747314453125 277.8643798828125 233.73648071289062 277.8643798828125
232.26620483398438 233.68505859375 264.8891830444336 233.68505859375 264.8891830444336 282.5476188659668 232.26620483398438 282.5476188659668
232.9433135986328 237.72586059570312 265.2809829711914 237.72586059570312 265.2809829711914 286.2323760986328 232.9433135986328 286.2323760986328
231.294921875 243.5572509765625 263.3533020019531 243.5572509765625 263.3533020019531 291.6448287963867 231.294921875 291.6448287963867
230.5127716064453 249.23751831054688 261.7823848724365 249.23751831054688 261.7823848724365 297.2859916687012 230.5127716064453 297.2859916687012
229.83773803710938 252.4459991455078 262.1302070617676 252.4459991455078 262.1302070617676 300.67688751220703 229.83773803710938 300.67688751220703
228.59716796875 255.128662109375 261.75932693481445 255.128662109375 261.75932693481445 304.8719177246094 228.59716796875 304.8719177246094
227.0512237548828 261.29730224609375 260.7703056335449 261.29730224609375 260.7703056335449 311.8759422302246 227.0512237548828 311.8759422302246
223.9989776611328 265.1976013183594 256.6277503967285 265.1976013183594 256.6277503967285 317.3467826843262 223.9989776611328 317.3467826843262
223.88461303710938 270.2203063964844 257.59215545654297 270.2203063964844 257.59215545654297 320.7816467285156 223.88461303710938 320.7816467285156
219.06936645507812 274.64154052734375 252.77597045898438 274.64154052734375 252.77597045898438 325.201473236084 219.06936645507812 325.201473236084
214.7906494140625 279.0246276855469 249.24810791015625 279.0246276855469 249.24810791015625 330.7108383178711 214.7906494140625 330.7108383178711
206.94729614257812 286.4315490722656 241.1655044555664 286.4315490722656 241.1655044555664 337.7588920593262 206.94729614257812 337.7588920593262
209.45712280273438 287.769287109375 244.31414031982422 287.769287109375 244.31414031982422 340.05484771728516 209.45712280273438 340.05484771728516
211.99658203125 292.70245361328125 246.37524795532227 292.70245361328125 246.37524795532227 344.2704849243164 211.99658203125 344.2704849243164
217.2095184326172 299.4548034667969 253.02477645874023 299.4548034667969 253.02477645874023 349.703670501709 217.2095184326172 349.703670501709
220.8871612548828 305.892822265625 255.26124572753906 305.892822265625 255.26124572753906 355.33736419677734 220.8871612548828 355.33736419677734
221.091796875 310.2042236328125 255.62946319580078 310.2042236328125 255.62946319580078 358.6011390686035 221.091796875 358.6011390686035
220.5162353515625 315.48773193359375 254.3280906677246 315.48773193359375 254.3280906677246 365.4972343444824 220.5162353515625 365.4972343444824
217.2635498046875 316.48321533203125 251.25348663330078 316.48321533203125 251.25348663330078 366.0085029602051 217.2635498046875 366.0085029602051
215.1128387451172 329.08990478515625 247.76597595214844 329.08990478515625 247.76597595214844 379.5929946899414 215.1128387451172 379.5929946899414
199.6889190673828 326.81048583984375 234.3738136291504 326.81048583984375 234.3738136291504 375.7449264526367 199.6889190673828 375.7449264526367
194.07522583007812 326.2285461425781 227.96480560302734 326.2285461425781 227.96480560302734 377.0629653930664 194.07522583007812 377.0629653930664
183.40579223632812 331.3448791503906 216.81205368041992 331.3448791503906 216.81205368041992 381.85572052001953 183.40579223632812 381.85572052001953
168.69924926757812 337.81134033203125 202.77749633789062 337.81134033203125 202.77749633789062 388.9287643432617 168.69924926757812 388.9287643432617
157.23056030273438 343.0923156738281 191.66445922851562 343.0923156738281 191.66445922851562 394.7432174682617 157.23056030273438 394.7432174682617
157.0094451904297 329.8539123535156 191.82984161376953 329.8539123535156 191.82984161376953 382.0845718383789 157.0094451904297 382.0845718383789
138.66265869140625 338.61871337890625 173.25334930419922 338.61871337890625 173.25334930419922 390.50481033325195 138.66265869140625 390.50481033325195
153.88388061523438 326.73358154296875 188.57257080078125 326.73358154296875 188.57257080078125 378.76667404174805 153.88388061523438 378.76667404174805
154.78610229492188 324.1524963378906 189.04346466064453 324.1524963378906 189.04346466064453 375.5385932922363 154.78610229492188 375.5385932922363
120.91654205322266 321.24249267578125 154.96947860717773 321.24249267578125 154.96947860717773 372.32194900512695 120.91654205322266 372.32194900512695
136.03060913085938 302.53778076171875 170.5976448059082 302.53778076171875 170.5976448059082 354.3883857727051 136.03060913085938 354.3883857727051
156.65365600585938 285.34912109375 191.22306060791016 285.34912109375 191.22306060791016 337.20328521728516 156.65365600585938 337.20328521728516
187.64175415039062 297.6171569824219 222.24311065673828 297.6171569824219 222.24311065673828 349.51924896240234 187.64175415039062 349.51924896240234
193.8860321044922 289.8967590332031 228.54145050048828 289.8967590332031 228.54145050048828 341.87994384765625 193.8860321044922 341.87994384765625
209.7588348388672 284.45562744140625 245.33242797851562 284.45562744140625 245.33242797851562 337.81607818603516 209.7588348388672 337.81607818603516
232.36172485351562 283.78887939453125 268.65723037719727 283.78887939453125 268.65723037719727 338.2322006225586 232.36172485351562 338.2322006225586
