24.0 298.0 229.0 298.0 229.0 432.0 24.0 432.0
39.1401481628418 299.3157043457031 242.16599655151367 299.3157043457031 242.16599655151367 428.57371520996094 39.1401481628418 428.57371520996094
56.423828125 297.98187255859375 259.2060852050781 297.98187255859375 259.2060852050781 430.24671936035156 56.423828125 430.24671936035156
66.36529541015625 298.94464111328125 274.65293884277344 298.94464111328125 274.65293884277344 431.7480163574219 66.36529541015625 431.7480163574219
86.01312255859375 287.96533203125 291.00379943847656 287.96533203125 291.00379943847656 423.02928161621094 86.01312255859375 423.02928161621094
100.63706970214844 285.4154052734375 301.2594757080078 285.4154052734375 301.2594757080078 420.26129150390625 100.63706970214844 420.26129150390625
125.76139068603516 280.85015869140625 312.9203872680664 280.85015869140625 312.9203872680664 412.1894226074219 125.76139068603516 412.1894226074219
147.2630157470703 277.8721618652344 325.2749786376953 277.8721618652344 325.2749786376953 409.9275360107422 147.2630157470703 409.9275360107422
168.02462768554688 277.0616455078125 337.21343994140625 277.0616455078125 337.21343994140625 404.89015197753906 168.02462768554688 404.89015197753906
174.93865966796875 275.1749572753906 345.4822082519531 275.1749572753906 345.4822082519531 404.2432861328125 174.93865966796875 404.2432861328125
188.17770385742188 274.66717529296875 353.69091796875 274.66717529296875 353.69091796875 400.45560455322266 188.17770385742188 400.45560455322266
202.40036010742188 274.29217529296875 359.5242614746094 274.29217529296875 359.5242614746094 397.1720428466797 202.40036010742188 397.1720428466797
212.8045196533203 275.28570556640625 363.3523712158203 275.28570556640625 363.3523712158203 392.7762451171875 212.8045196533203 392.7762451171875
219.6326141357422 269.07965087890625 373.75758361816406 269.07965087890625 373.75758361816406 391.26258850097656 219.6326141357422 391.26258850097656
229.7063446044922 263.78741455078125 377.07080078125 263.78741455078125 377.07080078125 387.83251953125 229.7063446044922 387.83251953125
238.0446319580078 263.46380615234375 382.9053192138672 263.46380615234375 382.9053192138672 386.38143157958984 238.0446319580078 386.38143157958984
240.0490264892578 261.2298889160156 386.0516052246094 261.2298889160156 386.0516052246094 382.3954391479492 240.0490264892578 382.3954391479492
246.31021118164062 258.0660095214844 390.7121124267578 258.0660095214844 390.7121124267578 381.91210174560547 246.31021118164062 381.91210174560547
253.4717254638672 260.2721252441406 395.1548767089844 260.2721252441406 395.1548767089844 378.3378372192383 253.4717254638672 378.3378372192383
258.3204040527344 254.6002197265625 400.06593322753906 254.6002197265625 400.06593322753906 373.1051254272461 258.3204040527344 373.1051254272461
258.8841552734375 251.244140625 400.2773742675781 251.244140625 400.2773742675781 371.0111846923828 258.8841552734375 371.0111846923828
260.345947265625 253.7543182373047 401.6007995605469 253.7543182373047 401.6007995605469 370.0445785522461 260.345947265625 370.0445785522461
268.904541015625 251.8698272705078 408.4674530029297 251.8698272705078 408.4674530029297 366.3537139892578 268.904541015625 366.3537139892578
271.813720703125 252.50643920898438 407.2117004394531 252.50643920898438 407.2117004394531 362.0914001464844 271.813720703125 362.0914001464844
277.97479248046875 249.32656860351562 412.3347930908203 249.32656860351562 412.3347930908203 358.94641876220703 277.97479248046875 358.94641876220703
285.2591857910156 247.5995635986328 417.01625061035156 247.5995635986328 417.01625061035156 356.7381286621094 285.2591857910156 356.7381286621094
288.2406005859375 246.25448608398438 418.7303466796875 246.25448608398438 418.7303466796875 352.9815368652344 288.2406005859375 352.9815368652344
289.929931640625 244.8308563232422 421.9703674316406 244.8308563232422 421.9703674316406 350.5885696411133 289.929931640625 350.5885696411133
294.643798828125 239.40658569335938 427.4157409667969 239.40658569335938 427.4157409667969 350.9748001098633 294.643798828125 350.9748001098633
290.9823913574219 233.81298828125 426.7069549560547 233.81298828125 426.7069549560547 345.81522369384766 290.9823913574219 345.81522369384766
292.37713623046875 237.17483520507812 425.54913330078125 237.17483520507812 425.54913330078125 345.9253845214844 292.37713623046875 345.9253845214844
301.65960693359375 231.8576202392578 429.63626861572266 231.8576202392578 429.63626861572266 339.8194885253906 301.65960693359375 339.8194885253906
303.01983642578125 227.21334838867188 432.66265869140625 227.21334838867188 432.66265869140625 335.3839645385742 303.01983642578125 335.3839645385742
312.8688659667969 227.075439453125 441.0718994140625 227.075439453125 441.0718994140625 334.6426010131836 312.8688659667969 334.6426010131836
319.8509216308594 222.5331268310547 447.6820831298828 222.5331268310547 447.6820831298828 329.5449676513672 319.8509216308594 329.5449676513672
320.678955078125 221.7049560546875 450.53074645996094 221.7049560546875 450.53074645996094 330.608154296875 320.678955078125 330.608154296875
319.884765625 222.73379516601562 442.95843505859375 222.73379516601562 442.95843505859375 329.67603302001953 319.884765625 329.67603302001953
316.4519348144531 219.31497192382812 444.58375549316406 219.31497192382812 444.58375549316406 328.5867233276367 316.4519348144531 328.5867233276367
314.64447021484375 216.9666748046875 443.9345703125 216.9666748046875 443.9345703125 326.8960723876953 314.64447021484375 326.8960723876953
324.2267761230469 214.81118774414062 449.58802032470703 214.81118774414062 449.58802032470703 320.36217498779297 324.2267761230469 320.36217498779297
321.4114074707031 216.45321655273438 447.5033721923828 216.45321655273438 447.5033721923828 323.4783248901367 321.4114074707031 323.4783248901367
320.4551086425781 213.21908569335938 447.30332946777344 213.21908569335938 447.30332946777344 320.1908264160156 320.4551086425781 320.1908264160156
321.3357849121094 210.97201538085938 449.19163513183594 210.97201538085938 449.19163513183594 318.1359558105469 321.3357849121094 318.1359558105469
317.6679382324219 207.3870086669922 446.3743896484375 207.3870086669922 446.3743896484375 315.35396575927734 317.6679382324219 315.35396575927734
317.93560791015625 206.0846405029297 446.5165100097656 206.0846405029297 446.5165100097656 313.14878845214844 317.93560791015625 313.14878845214844
320.16644287109375 206.27218627929688 446.93333435058594 206.27218627929688 446.93333435058594 314.93846130371094 320.16644287109375 314.93846130371094
319.8720703125 201.5849151611328 446.3473358154297 201.5849151611328 446.3473358154297 311.1942672729492 319.8720703125 311.1942672729492
318.98565673828125 203.72193908691406 444.55560302734375 203.72193908691406 444.55560302734375 313.6939392089844 318.98565673828125 313.6939392089844
319.76116943359375 200.00003051757812 445.31756591796875 200.00003051757812 445.31756591796875 308.3423614501953 319.76116943359375 308.3423614501953
318.2983703613281 197.5897979736328 446.8625183105469 197.5897979736328 446.8625183105469 307.8151626586914 318.2983703613281 307.8151626586914
318.3038330078125 196.0530242919922 445.10157775878906 196.0530242919922 445.10157775878906 302.750244140625 318.3038330078125 302.750244140625
321.34686279296875 196.40939331054688 442.95399475097656 196.40939331054688 442.95399475097656 301.0910186767578 321.34686279296875 301.0910186767578
316.106689453125 193.68435668945312 438.31056213378906 193.68435668945312 438.31056213378906 300.7860794067383 316.106689453125 300.7860794067383
313.8309020996094 190.285400390625 437.9133605957031 190.285400390625 437.9133605957031 300.41915130615234 313.8309020996094 300.41915130615234
313.0357360839844 190.1627655029297 436.3824157714844 190.1627655029297 436.3824157714844 298.0096664428711 313.0357360839844 298.0096664428711
312.7857971191406 185.8824920654297 436.8630065917969 185.8824920654297 436.8630065917969 293.3532180786133 312.7857971191406 293.3532180786133
314.07867431640625 183.3330535888672 439.00907135009766 183.3330535888672 439.00907135009766 292.5511474609375 314.07867431640625 292.5511474609375
309.6924133300781 184.58200073242188 438.0499267578125 184.58200073242188 438.0499267578125 294.11766815185547 309.6924133300781 294.11766815185547
313.6393737792969 183.0352325439453 439.8855667114258 183.0352325439453 439.8855667114258 292.284912109375 313.6393737792969 292.284912109375
308.3654479980469 177.6499786376953 435.80577850341797 177.6499786376953 435.80577850341797 289.6442184448242 308.3654479980469 289.6442184448242
310.67303466796875 178.48785400390625 435.74285888671875 178.48785400390625 435.74285888671875 289.28560638427734 310.67303466796875 289.28560638427734
301.75030517578125 173.40771484375 428.7152862548828 173.40771484375 428.7152862548828 288.1333999633789 301.75030517578125 288.1333999633789
301.74468994140625 172.38922119140625 429.4828109741211 172.38922119140625 429.4828109741211 286.15211486816406 301.74468994140625 286.15211486816406
298.56927490234375 170.7890167236328 424.6053924560547 170.7890167236328 424.6053924560547 284.4190216064453 298.56927490234375 284.4190216064453
300.2478332519531 168.9260711669922 427.2180938720703 168.9260711669922 427.2180938720703 280.64599609375 300.2478332519531 280.64599609375
301.0743408203125 167.0167999267578 428.7552032470703 167.0167999267578 428.7552032470703 280.2745056152344 301.0743408203125 280.2745056152344
297.5383605957031 163.27789306640625 427.3302001953125 163.27789306640625 427.3302001953125 278.9080810546875 297.5383605957031 278.9080810546875
293.1917419433594 160.67788696289062 424.00733947753906 160.67788696289062 424.00733947753906 276.3751754760742 293.1917419433594 276.3751754760742
291.51361083984375 158.99229431152344 421.9549865722656 158.99229431152344 421.9549865722656 275.6124954223633 291.51361083984375 275.6124954223633
297.69110107421875 159.68014526367188 425.33353424072266 159.68014526367188 425.33353424072266 273.3865509033203 297.69110107421875 273.3865509033203
292.47882080078125 158.7786865234375 417.5115966796875 158.7786865234375 417.5115966796875 271.10457611083984 292.47882080078125 271.10457611083984
291.27215576171875 156.14993286132812 417.4308090209961 156.14993286132812 417.4308090209961 270.4977569580078 291.27215576171875 270.4977569580078
289.6830749511719 153.01434326171875 415.9249725341797 153.01434326171875 415.9249725341797 265.67543029785156 289.6830749511719 265.67543029785156
291.52105712890625 153.54742431640625 414.64964294433594 153.54742431640625 414.64964294433594 266.9098892211914 291.52105712890625 266.9098892211914
289.5775146484375 150.62368774414062 412.1863555908203 150.62368774414062 412.1863555908203 262.0641403198242 289.5775146484375 262.0641403198242
287.8646545410156 150.46279907226562 409.0321350097656 150.46279907226562 409.0321350097656 262.04579162597656 287.8646545410156 262.04579162597656
290.51239013671875 149.08538818359375 409.3043212890625 149.08538818359375 409.3043212890625 259.40704345703125 290.51239013671875 259.40704345703125
288.2994384765625 150.94363403320312 406.08878326416016 150.94363403320312 406.08878326416016 258.9492950439453 288.2994384765625 258.9492950439453
287.1724548339844 147.28533935546875 402.60691833496094 147.28533935546875 402.60691833496094 252.84498596191406 287.1724548339844 252.84498596191406
287.8858337402344 145.81228637695312 402.4585723876953 145.81228637695312 402.4585723876953 252.2217559814453 287.8858337402344 252.2217559814453
287.46148681640625 144.3146514892578 404.07364654541016 144.3146514892578 404.07364654541016 251.59642791748047 287.46148681640625 251.59642791748047
289.1067810058594 142.17140197753906 404.3551559448242 142.17140197753906 404.3551559448242 247.60000610351562 289.1067810058594 247.60000610351562
286.29766845703125 143.0502166748047 402.1996841430664 143.0502166748047 402.1996841430664 247.75814056396484 286.29766845703125 247.75814056396484
284.38421630859375 144.26638793945312 395.6038818359375 144.26638793945312 395.6038818359375 241.01074981689453 284.38421630859375 241.01074981689453
281.005126953125 143.51303100585938 392.2926788330078 143.51303100585938 392.2926788330078 239.37979125976562 281.005126953125 239.37979125976562
278.42724609375 143.43397521972656 387.7754364013672 143.43397521972656 387.7754364013672 236.87948608398438 278.42724609375 236.87948608398438
278.85205078125 140.0372772216797 389.4074478149414 140.0372772216797 389.4074478149414 237.68698120117188 278.85205078125 237.68698120117188
275.87384033203125 138.77684020996094 388.25347900390625 138.77684020996094 388.25347900390625 238.7418670654297 275.87384033203125 238.7418670654297
280.3668212890625 137.41696166992188 394.8899688720703 137.41696166992188 394.8899688720703 239.2523422241211 280.3668212890625 239.2523422241211
280.48876953125 137.11904907226562 394.2995376586914 137.11904907226562 394.2995376586914 239.46721649169922 280.48876953125 239.46721649169922
277.5546875 134.6875 392.3148651123047 134.6875 392.3148651123047 237.49029541015625 277.5546875 237.49029541015625
276.82733154296875 132.9669189453125 390.1232147216797 132.9669189453125 390.1232147216797 234.65868377685547 276.82733154296875 234.65868377685547
276.7598876953125 133.13221740722656 386.78155517578125 133.13221740722656 386.78155517578125 230.25479125976562 276.7598876953125 230.25479125976562
274.3660583496094 133.10882568359375 387.28428649902344 133.10882568359375 387.28428649902344 229.13047790527344 274.3660583496094 229.13047790527344
269.32281494140625 132.61236572265625 387.27310943603516 132.61236572265625 387.27310943603516 225.7883758544922 269.32281494140625 225.7883758544922
267.2821960449219 131.60488891601562 387.78112030029297 131.60488891601562 387.78112030029297 221.10012817382812 267.2821960449219 221.10012817382812
278.49224853515625 130.2466278076172 391.8880157470703 130.2466278076172 391.8880157470703 220.3748321533203 278.49224853515625 220.3748321533203
278.1669006347656 127.98468017578125 395.50843811035156 127.98468017578125 395.50843811035156 217.69338989257812 278.1669006347656 217.69338989257812
278.88140869140625 128.9466552734375 395.36775970458984 128.9466552734375 395.36775970458984 218.4976806640625 278.88140869140625 218.4976806640625
281.96942138671875 128.66049194335938 394.51107025146484 128.66049194335938 394.51107025146484 219.45047760009766 281.96942138671875 219.45047760009766
281.1182556152344 128.25521850585938 398.0277404785156 128.25521850585938 398.0277404785156 216.1213836669922 281.1182556152344 216.1213836669922
280.8753356933594 129.1519012451172 401.3204879760742 129.1519012451172 401.3204879760742 215.20266723632812 280.8753356933594 215.20266723632812
283.9050598144531 125.9575424194336 396.13196563720703 125.9575424194336 396.13196563720703 218.05050659179688 283.9050598144531 218.05050659179688
280.3813781738281 126.49504089355469 400.81324768066406 126.49504089355469 400.81324768066406 212.07540130615234 280.3813781738281 212.07540130615234
285.28924560546875 125.8343276977539 409.6637191772461 125.8343276977539 409.6637191772461 207.1328353881836 285.28924560546875 207.1328353881836
290.45819091796875 125.54231262207031 408.7369613647461 125.54231262207031 408.7369613647461 210.31844329833984 290.45819091796875 210.31844329833984
288.68731689453125 126.885498046875 404.7578125 126.885498046875 404.7578125 212.06726837158203 288.68731689453125 212.06726837158203
297.7880859375 123.62943267822266 402.1876678466797 123.62943267822266 402.1876678466797 213.15299224853516 297.7880859375 213.15299224853516
294.468994140625 124.76798248291016 411.10677337646484 124.76798248291016 411.10677337646484 205.21229553222656 294.468994140625 205.21229553222656
291.9072265625 125.9682846069336 412.3883819580078 125.9682846069336 412.3883819580078 204.72187042236328 291.9072265625 204.72187042236328
294.04974365234375 121.4683609008789 406.4514389038086 121.4683609008789 406.4514389038086 203.68629455566406 294.04974365234375 203.68629455566406
292.82958984375 122.94834899902344 411.62654876708984 122.94834899902344 411.62654876708984 200.6010513305664 292.82958984375 200.6010513305664
293.6553039550781 123.8503646850586 410.42774200439453 123.8503646850586 410.42774200439453 200.17971801757812 293.6553039550781 200.17971801757812
292.32452392578125 123.5976791381836 407.8917694091797 123.5976791381836 407.8917694091797 199.13924407958984 292.32452392578125 199.13924407958984
294.17535400390625 126.61175537109375 408.62005615234375 126.61175537109375 408.62005615234375 201.4195556640625 294.17535400390625 201.4195556640625
291.3790283203125 123.248046875 405.86641693115234 123.248046875 405.86641693115234 198.08375549316406 291.3790283203125 198.08375549316406
293.6593933105469 117.55523681640625 408.1879119873047 117.55523681640625 408.1879119873047 192.41783142089844 293.6593933105469 192.41783142089844
294.8796081542969 123.93083190917969 409.2576141357422 123.93083190917969 409.2576141357422 198.6950454711914 294.8796081542969 198.6950454711914
290.7483825683594 121.3393783569336 405.33776092529297 121.3393783569336 405.33776092529297 196.24176788330078 290.7483825683594 196.24176788330078
292.7933044433594 118.93620300292969 406.65550994873047 118.93620300292969 406.65550994873047 193.36327362060547 292.7933044433594 193.36327362060547
300.0621643066406 119.52513122558594 411.6449890136719 119.52513122558594 411.6449890136719 192.4622573852539 300.0621643066406 192.4622573852539
301.8816223144531 120.73777770996094 413.27442932128906 120.73777770996094 413.27442932128906 193.55069732666016 301.8816223144531 193.55069732666016
300.45196533203125 118.48490142822266 412.4904022216797 118.48490142822266 412.4904022216797 191.71984100341797 300.45196533203125 191.71984100341797
305.7958984375 115.86934661865234 416.8275375366211 115.86934661865234 416.8275375366211 188.44617462158203 305.7958984375 188.44617462158203
302.62835693359375 117.7276611328125 414.7650909423828 117.7276611328125 414.7650909423828 191.02684020996094 302.62835693359375 191.02684020996094
300.52862548828125 117.66263580322266 411.4536361694336 117.66263580322266 411.4536361694336 190.16976165771484 300.52862548828125 190.16976165771484
299.99493408203125 116.74815368652344 410.7918472290039 116.74815368652344 410.7918472290039 189.17153930664062 299.99493408203125 189.17153930664062
302.0398864746094 115.111328125 414.9241485595703 115.111328125 414.9241485595703 188.89913940429688 302.0398864746094 188.89913940429688
305.6503601074219 111.70511627197266 408.13538360595703 111.70511627197266 408.13538360595703 191.3702621459961 305.6503601074219 191.3702621459961
306.43060302734375 111.783447265625 416.48486328125 111.783447265625 416.48486328125 186.5612030029297 306.43060302734375 186.5612030029297
308.7654724121094 110.5069808959961 412.2540588378906 110.5069808959961 412.2540588378906 184.83524322509766 308.7654724121094 184.83524322509766
310.84918212890625 111.9109878540039 418.24564361572266 111.9109878540039 418.24564361572266 182.11165618896484 310.84918212890625 182.11165618896484
310.72344970703125 112.77156066894531 417.3171615600586 112.77156066894531 417.3171615600586 182.44750213623047 310.72344970703125 182.44750213623047
315.3762512207031 111.5632095336914 419.3419723510742 111.5632095336914 419.3419723510742 183.30297088623047 315.3762512207031 183.30297088623047
314.89031982421875 112.2486801147461 418.7866668701172 112.2486801147461 418.7866668701172 183.81877899169922 314.89031982421875 183.81877899169922
316.85784912109375 110.48274993896484 422.69244384765625 110.48274993896484 422.69244384765625 179.66249084472656 316.85784912109375 179.66249084472656
320.30975341796875 107.688720703125 415.81624603271484 107.688720703125 415.81624603271484 183.3685760498047 320.30975341796875 183.3685760498047
321.8032531738281 109.8289566040039 425.07775115966797 109.8289566040039 425.07775115966797 177.33526611328125 321.8032531738281 177.33526611328125
324.43511962890625 109.18644714355469 428.52201080322266 109.18644714355469 428.52201080322266 177.22378540039062 324.43511962890625 177.22378540039062
325.8564453125 111.17179107666016 429.4169464111328 111.17179107666016 429.4169464111328 178.86504364013672 325.8564453125 178.86504364013672
322.1317443847656 111.1670913696289 425.41834259033203 111.1670913696289 425.41834259033203 178.6812973022461 322.1317443847656 178.6812973022461
327.0845642089844 110.097412109375 429.17323303222656 110.097412109375 429.17323303222656 179.9146270751953 327.0845642089844 179.9146270751953
330.76788330078125 110.89591217041016 434.94583892822266 110.89591217041016 434.94583892822266 178.99275970458984 330.76788330078125 178.99275970458984
333.7359313964844 113.0519790649414 435.5247039794922 113.0519790649414 435.5247039794922 179.58712005615234 333.7359313964844 179.58712005615234
312.2626037597656 114.28425598144531 414.4861602783203 114.28425598144531 414.4861602783203 181.10359954833984 312.2626037597656 181.10359954833984
277.69384765625 106.72499084472656 379.63085174560547 106.72499084472656 379.63085174560547 173.35702514648438 277.69384765625 173.35702514648438
259.0174865722656 113.1906509399414 363.23524475097656 113.1906509399414 363.23524475097656 181.31352996826172 259.0174865722656 181.31352996826172
262.421875 113.52655029296875 367.76615142822266 113.52655029296875 367.76615142822266 182.3857879638672 262.421875 182.3857879638672
263.84039306640625 112.57466125488281 368.9231948852539 112.57466125488281 368.9231948852539 181.26297760009766 263.84039306640625 181.26297760009766
265.1470642089844 113.02384185791016 369.74195861816406 113.02384185791016 369.74195861816406 181.3932342529297 265.1470642089844 181.3932342529297
268.5956726074219 104.06660461425781 372.23841094970703 104.06660461425781 372.23841094970703 172.73828125 268.5956726074219 172.73828125
270.41546630859375 106.72990417480469 374.24176025390625 106.72990417480469 374.24176025390625 174.59689331054688 270.41546630859375 174.59689331054688
270.3086242675781 110.6129379272461 373.7145462036133 110.6129379272461 373.7145462036133 178.20514678955078 270.3086242675781 178.20514678955078
274.8058166503906 104.8459243774414 373.43312072753906 104.8459243774414 373.43312072753906 174.20977020263672 274.8058166503906 174.20977020263672
280.0396423339844 105.1191177368164 378.3238983154297 105.1191177368164 378.3238983154297 170.76790618896484 280.0396423339844 170.76790618896484
281.575439453125 99.19258117675781 380.5038604736328 99.19258117675781 380.5038604736328 163.85803985595703 281.575439453125 163.85803985595703
284.08245849609375 98.48191833496094 382.06333923339844 98.48191833496094 382.06333923339844 162.5279998779297 284.08245849609375 162.5279998779297
287.59820556640625 99.50834655761719 385.12000274658203 99.50834655761719 385.12000274658203 163.25434112548828 287.59820556640625 163.25434112548828
286.9777526855469 98.52320861816406 383.2036666870117 98.52320861816406 383.2036666870117 161.42213439941406 286.9777526855469 161.42213439941406
291.1790771484375 99.13206481933594 387.1239013671875 99.13206481933594 387.1239013671875 161.84725189208984 291.1790771484375 161.84725189208984
289.5936584472656 99.5517807006836 384.0874328613281 99.5517807006836 384.0874328613281 161.31847381591797 289.5936584472656 161.31847381591797
295.27984619140625 99.05135345458984 388.8591766357422 99.05135345458984 388.8591766357422 160.22031021118164 295.27984619140625 160.22031021118164
296.90667724609375 98.32205963134766 390.1790542602539 98.32205963134766 390.1790542602539 159.2903709411621 296.90667724609375 159.2903709411621
301.7989501953125 97.08567810058594 395.71353912353516 97.08567810058594 395.71353912353516 158.4737777709961 301.7989501953125 158.4737777709961
300.58770751953125 96.70368957519531 394.0774841308594 96.70368957519531 394.0774841308594 157.81410217285156 300.58770751953125 157.81410217285156
302.63031005859375 70.4646987915039 394.92601013183594 70.4646987915039 394.92601013183594 130.7946014404297 302.63031005859375 130.7946014404297
304.0496520996094 55.546287536621094 398.19830322265625 55.546287536621094 398.19830322265625 117.08738708496094 304.0496520996094 117.08738708496094
303.28082275390625 56.085166931152344 397.4795227050781 56.085166931152344 397.4795227050781 117.65897750854492 303.28082275390625 117.65897750854492
