868.0 178.0 955.0 178.0 955.0 371.0 868.0 371.0
860.8792114257812 183.16836547851562 946.9297866821289 183.16836547851562 946.9297866821289 371.31541442871094 860.8792114257812 371.31541442871094
855.7713012695312 183.27328491210938 939.9365844726562 183.27328491210938 939.9365844726562 369.0478515625 855.7713012695312 369.0478515625
847.85986328125 184.64657592773438 932.0406036376953 184.64657592773438 932.0406036376953 369.8693542480469 847.85986328125 369.8693542480469
840.87890625 186.6912841796875 925.8373413085938 186.6912841796875 925.8373413085938 373.7963562011719 840.87890625 373.7963562011719
832.7000732421875 184.84568786621094 918.3125152587891 184.84568786621094 918.3125152587891 375.2357940673828 832.7000732421875 375.2357940673828
822.54931640625 188.23245239257812 909.2254791259766 188.23245239257812 909.2254791259766 378.92620849609375 822.54931640625 378.92620849609375
813.9505615234375 190.44615173339844 900.8374099731445 190.44615173339844 900.8374099731445 381.5777893066406 813.9505615234375 381.5777893066406
800.6658935546875 189.3990478515625 888.3092193603516 189.3990478515625 888.3092193603516 381.8590393066406 800.6658935546875 381.8590393066406
795.6101684570312 191.7798309326172 882.8332901000977 191.7798309326172 882.8332901000977 385.4282989501953 795.6101684570312 385.4282989501953
780.5827026367188 193.5210723876953 870.3555526733398 193.5210723876953 870.3555526733398 386.09349060058594 780.5827026367188 386.09349060058594
773.6876220703125 190.74649047851562 861.3456192016602 190.74649047851562 861.3456192016602 385.2062072753906 773.6876220703125 385.2062072753906
768.6669921875 193.20449829101562 855.6094818115234 193.20449829101562 855.6094818115234 386.0769348144531 768.6669921875 386.0769348144531
761.5669555664062 190.7208709716797 850.2185287475586 190.7208709716797 850.2185287475586 387.3847198486328 761.5669555664062 387.3847198486328
749.9528198242188 191.2279510498047 838.2167205810547 191.2279510498047 838.2167205810547 383.1229248046875 749.9528198242188 383.1229248046875
747.9093017578125 195.71885681152344 836.6559295654297 195.71885681152344 836.6559295654297 387.75331115722656 747.9093017578125 387.75331115722656
734.58349609375 193.87399291992188 822.5751037597656 193.87399291992188 822.5751037597656 389.07374572753906 734.58349609375 389.07374572753906
728.3668823242188 192.7621307373047 815.1836090087891 192.7621307373047 815.1836090087891 385.3555450439453 728.3668823242188 385.3555450439453
718.9192504882812 197.8946533203125 804.9004669189453 197.8946533203125 804.9004669189453 388.6345672607422 718.9192504882812 388.6345672607422
709.170654296875 198.48788452148438 797.7338638305664 198.48788452148438 797.7338638305664 385.44342041015625 709.170654296875 385.44342041015625
700.2894287109375 198.358154296875 786.2461090087891 198.358154296875 786.2461090087891 389.0436096191406 700.2894287109375 389.0436096191406
692.9303588867188 197.5806121826172 779.5797348022461 197.5806121826172 779.5797348022461 388.5461883544922 692.9303588867188 388.5461883544922
690.9246826171875 198.3192138671875 776.3661651611328 198.3192138671875 776.3661651611328 386.2106628417969 690.9246826171875 386.2106628417969
684.0682373046875 198.37686157226562 771.1196899414062 198.37686157226562 771.1196899414062 388.4822998046875 684.0682373046875 388.4822998046875
678.6767578125 195.88345336914062 767.0013885498047 195.88345336914062 767.0013885498047 385.6462707519531 678.6767578125 385.6462707519531
673.4556884765625 194.58230590820312 762.3318328857422 194.58230590820312 762.3318328857422 385.99781799316406 673.4556884765625 385.99781799316406
667.0697021484375 194.5623321533203 754.3757705688477 194.5623321533203 754.3757705688477 386.1482391357422 667.0697021484375 386.1482391357422
663.77734375 194.67062377929688 750.7203826904297 194.67062377929688 750.7203826904297 387.9734802246094 663.77734375 387.9734802246094
661.4720458984375 195.76043701171875 746.7286529541016 195.76043701171875 746.7286529541016 385.1229248046875 661.4720458984375 385.1229248046875
656.5884399414062 196.9576873779297 740.8515853881836 196.9576873779297 740.8515853881836 389.2976837158203 656.5884399414062 389.2976837158203
655.1676025390625 198.96749877929688 736.8183517456055 198.96749877929688 736.8183517456055 389.033447265625 655.1676025390625 389.033447265625
649.5496826171875 199.86801147460938 732.3163681030273 199.86801147460938 732.3163681030273 385.55718994140625 649.5496826171875 385.55718994140625
648.4136962890625 200.9248046875 730.7347259521484 200.9248046875 730.7347259521484 389.6159973144531 648.4136962890625 389.6159973144531
644.4998779296875 200.98464965820312 728.1726913452148 200.98464965820312 728.1726913452148 388.3804473876953 644.4998779296875 388.3804473876953
642.0171508789062 199.5248260498047 726.5882415771484 199.5248260498047 726.5882415771484 388.7488555908203 642.0171508789062 388.7488555908203
638.3563232421875 198.4058380126953 723.6195220947266 198.4058380126953 723.6195220947266 388.1722717285156 638.3563232421875 388.1722717285156
632.7006225585938 200.48524475097656 718.0485382080078 200.48524475097656 718.0485382080078 389.8202362060547 632.7006225585938 389.8202362060547
692.3753662109375 216.60916137695312 777.0407485961914 216.60916137695312 777.0407485961914 404.4300231933594 692.3753662109375 404.4300231933594
692.9276733398438 216.3708038330078 777.8472900390625 216.3708038330078 777.8472900390625 404.7556457519531 692.9276733398438 404.7556457519531
703.6775512695312 208.4779052734375 787.6978378295898 208.4779052734375 787.6978378295898 394.8677062988281 703.6775512695312 394.8677062988281
702.2606201171875 212.055419921875 784.9834518432617 212.055419921875 784.9834518432617 395.5669708251953 702.2606201171875 395.5669708251953
711.7133178710938 207.91177368164062 793.8763809204102 207.91177368164062 793.8763809204102 390.1815490722656 711.7133178710938 390.1815490722656
707.8238525390625 212.3232879638672 789.2888870239258 212.3232879638672 789.2888870239258 393.04457092285156 707.8238525390625 393.04457092285156
713.4737548828125 210.488037109375 795.2770767211914 210.488037109375 795.2770767211914 391.9597473144531 713.4737548828125 391.9597473144531
720.90234375 209.2714080810547 801.7296295166016 209.2714080810547 801.7296295166016 388.57786560058594 720.90234375 388.57786560058594
718.2862548828125 211.2135467529297 799.7542572021484 211.2135467529297 799.7542572021484 391.9413604736328 718.2862548828125 391.9413604736328
710.7255249023438 200.97073364257812 792.7777938842773 200.97073364257812 792.7777938842773 382.99468994140625 710.7255249023438 382.99468994140625
712.5655517578125 196.77597045898438 793.7081298828125 196.77597045898438 793.7081298828125 372.0603942871094 712.5655517578125 372.0603942871094
708.0198974609375 192.2251434326172 788.2909698486328 192.2251434326172 788.2909698486328 370.29771423339844 708.0198974609375 370.29771423339844
718.8511962890625 192.787109375 797.5438842773438 192.787109375 797.5438842773438 367.3582000732422 718.8511962890625 367.3582000732422
719.0189819335938 193.402587890625 798.6014022827148 193.402587890625 798.6014022827148 369.9474639892578 719.0189819335938 369.9474639892578
723.478515625 187.0995330810547 804.5439224243164 187.0995330810547 804.5439224243164 366.9342498779297 723.478515625 366.9342498779297
725.21630859375 184.50106811523438 807.7723159790039 184.50106811523438 807.7723159790039 366.3489990234375 725.21630859375 366.3489990234375
727.5881958007812 186.89630126953125 811.4992523193359 186.89630126953125 811.4992523193359 370.3048095703125 727.5881958007812 370.3048095703125
730.7506713867188 185.1158447265625 816.3561248779297 185.1158447265625 816.3561248779297 370.57916259765625 730.7506713867188 370.57916259765625
734.3642578125 183.9052276611328 820.8037948608398 183.9052276611328 820.8037948608398 373.24522399902344 734.3642578125 373.24522399902344
737.1168823242188 183.75399780273438 823.0300140380859 183.75399780273438 823.0300140380859 375.9140930175781 737.1168823242188 375.9140930175781
737.438720703125 180.20889282226562 823.5880889892578 180.20889282226562 823.5880889892578 373.64105224609375 737.438720703125 373.64105224609375
740.2488403320312 178.09048461914062 825.3441009521484 178.09048461914062 825.3441009521484 372.91575622558594 740.2488403320312 372.91575622558594
743.0794067382812 178.74343872070312 827.7542724609375 178.74343872070312 827.7542724609375 371.8831329345703 743.0794067382812 371.8831329345703
743.7975463867188 177.39382934570312 827.8577575683594 177.39382934570312 827.8577575683594 367.6778869628906 743.7975463867188 367.6778869628906
744.4134521484375 178.95993041992188 828.3126068115234 178.95993041992188 828.3126068115234 368.34059143066406 744.4134521484375 368.34059143066406
744.2955932617188 179.0298309326172 827.042236328125 179.0298309326172 827.042236328125 367.28627014160156 744.2955932617188 367.28627014160156
742.7869873046875 179.12149047851562 825.4525375366211 179.12149047851562 825.4525375366211 366.61602783203125 742.7869873046875 366.61602783203125
739.0527954101562 177.3280029296875 822.1936492919922 177.3280029296875 822.1936492919922 364.3205108642578 739.0527954101562 364.3205108642578
739.908447265625 176.8950653076172 823.0833282470703 176.8950653076172 823.0833282470703 362.58984375 739.908447265625 362.58984375
740.6725463867188 178.88694763183594 821.9730529785156 178.88694763183594 821.9730529785156 364.01051330566406 740.6725463867188 364.01051330566406
740.790771484375 177.3343963623047 821.4216003417969 177.3343963623047 821.4216003417969 362.5663757324219 740.790771484375 362.5663757324219
740.6580810546875 176.96383666992188 821.2046737670898 176.96383666992188 821.2046737670898 360.5748291015625 740.6580810546875 360.5748291015625
739.9448852539062 177.5416717529297 821.0208206176758 177.5416717529297 821.0208206176758 361.8033752441406 739.9448852539062 361.8033752441406
738.3108520507812 177.09381103515625 818.7241973876953 177.09381103515625 818.7241973876953 362.6545715332031 738.3108520507812 362.6545715332031
737.806640625 177.49095153808594 816.9068450927734 177.49095153808594 816.9068450927734 363.13323974609375 737.806640625 363.13323974609375
737.9022827148438 177.2398223876953 816.1344223022461 177.2398223876953 816.1344223022461 363.3207092285156 737.9022827148438 363.3207092285156
737.689453125 178.96377563476562 815.5834350585938 178.96377563476562 815.5834350585938 362.39630126953125 737.689453125 362.39630126953125
737.90283203125 178.08712768554688 815.5133819580078 178.08712768554688 815.5133819580078 361.830322265625 737.90283203125 361.830322265625
736.2833251953125 176.48062133789062 817.4347915649414 176.48062133789062 817.4347915649414 361.82818603515625 736.2833251953125 361.82818603515625
734.7708740234375 175.08876037597656 815.9243545532227 175.08876037597656 815.9243545532227 359.96629333496094 734.7708740234375 359.96629333496094
733.8120727539062 175.7723388671875 816.5841827392578 175.7723388671875 816.5841827392578 359.3931579589844 733.8120727539062 359.3931579589844
731.2385864257812 174.66030883789062 814.3347015380859 174.66030883789062 814.3347015380859 358.7530517578125 731.2385864257812 358.7530517578125
727.2894897460938 175.7105255126953 810.683723449707 175.7105255126953 810.683723449707 360.7114715576172 727.2894897460938 360.7114715576172
729.0842895507812 172.1865997314453 813.6008224487305 172.1865997314453 813.6008224487305 359.37400817871094 729.0842895507812 359.37400817871094
729.9180297851562 175.98544311523438 813.2686614990234 175.98544311523438 813.2686614990234 360.88966369628906 729.9180297851562 360.88966369628906
730.9857177734375 175.48312377929688 815.3865661621094 175.48312377929688 815.3865661621094 362.1847839355469 730.9857177734375 362.1847839355469
730.6875 175.25999450683594 814.1338806152344 175.25999450683594 814.1338806152344 360.3766326904297 730.6875 360.3766326904297
728.6970825195312 177.2874755859375 812.2184982299805 177.2874755859375 812.2184982299805 360.63938903808594 728.6970825195312 360.63938903808594
728.2525024414062 168.4725341796875 812.8117446899414 168.4725341796875 812.8117446899414 353.6045837402344 728.2525024414062 353.6045837402344
725.7430419921875 169.8731231689453 812.9923324584961 169.8731231689453 812.9923324584961 349.3451690673828 725.7430419921875 349.3451690673828
735.6055908203125 168.5448455810547 820.0151519775391 168.5448455810547 820.0151519775391 355.79823303222656 735.6055908203125 355.79823303222656
737.7386474609375 173.44802856445312 822.6082305908203 173.44802856445312 822.6082305908203 355.15411376953125 737.7386474609375 355.15411376953125
742.42041015625 166.9542999267578 827.4255218505859 166.9542999267578 827.4255218505859 345.847900390625 742.42041015625 345.847900390625
750.871826171875 176.4605712890625 834.8081741333008 176.4605712890625 834.8081741333008 362.6641845703125 750.871826171875 362.6641845703125
757.3963623046875 180.44137573242188 846.3979949951172 180.44137573242188 846.3979949951172 347.9056396484375 757.3963623046875 347.9056396484375
764.879150390625 178.53659057617188 847.8847885131836 178.53659057617188 847.8847885131836 362.675537109375 764.879150390625 362.675537109375
778.6134033203125 179.5712890625 861.0663681030273 179.5712890625 861.0663681030273 362.4841766357422 778.6134033203125 362.4841766357422
788.3330688476562 177.47378540039062 871.3016967773438 177.47378540039062 871.3016967773438 361.5306091308594 788.3330688476562 361.5306091308594
759.8665771484375 183.25021362304688 844.6530990600586 183.25021362304688 844.6530990600586 371.33984375 759.8665771484375 371.33984375
726.4398193359375 204.5105743408203 811.7624588012695 204.5105743408203 811.7624588012695 393.78953552246094 726.4398193359375 393.78953552246094
726.72265625 205.17770385742188 811.4884338378906 205.17770385742188 811.4884338378906 393.22132873535156 726.72265625 393.22132873535156
737.2027587890625 201.698974609375 822.0108795166016 201.698974609375 822.0108795166016 389.83653259277344 737.2027587890625 389.83653259277344
738.669921875 199.45664978027344 824.6624526977539 199.45664978027344 824.6624526977539 390.2216796875 738.669921875 390.2216796875
754.499267578125 186.86325073242188 839.2885360717773 186.86325073242188 839.2885360717773 374.958984375 754.499267578125 374.958984375
760.442138671875 193.7388153076172 843.0603179931641 193.7388153076172 843.0603179931641 364.3606872558594 760.442138671875 364.3606872558594
747.7442016601562 185.17970275878906 829.810432434082 185.17970275878906 829.810432434082 366.9579772949219 747.7442016601562 366.9579772949219
744.8720703125 186.6495819091797 825.3862991333008 186.6495819091797 825.3862991333008 363.9313507080078 744.8720703125 363.9313507080078
744.3822021484375 190.00827026367188 824.7886505126953 190.00827026367188 824.7886505126953 368.3811492919922 744.3822021484375 368.3811492919922
746.9373168945312 190.0542449951172 826.9071807861328 190.0542449951172 826.9071807861328 367.4586181640625 746.9373168945312 367.4586181640625
750.7849731445312 187.303955078125 831.7778167724609 187.303955078125 831.7778167724609 366.9776916503906 750.7849731445312 366.9776916503906
760.4076538085938 188.4291534423828 841.653564453125 188.4291534423828 841.653564453125 368.66429138183594 760.4076538085938 368.66429138183594
764.7808837890625 182.9718780517578 847.0869979858398 182.9718780517578 847.0869979858398 365.55897521972656 764.7808837890625 365.55897521972656
762.1282958984375 183.60708618164062 845.7579345703125 183.60708618164062 845.7579345703125 369.1302795410156 762.1282958984375 369.1302795410156
754.4993896484375 181.90200805664062 839.5035400390625 181.90200805664062 839.5035400390625 370.4743957519531 754.4993896484375 370.4743957519531
752.6290283203125 185.88192749023438 838.0420379638672 185.88192749023438 838.0420379638672 375.36134338378906 752.6290283203125 375.36134338378906
749.7318115234375 183.14955139160156 835.23193359375 183.14955139160156 835.23193359375 372.82225036621094 749.7318115234375 372.82225036621094
741.8638305664062 187.951904296875 827.2719192504883 187.951904296875 827.2719192504883 377.4204406738281 741.8638305664062 377.4204406738281
737.4005737304688 189.27682495117188 823.6059875488281 189.27682495117188 823.6059875488281 380.5141296386719 737.4005737304688 380.5141296386719
737.4192504882812 186.47535705566406 825.1310119628906 186.47535705566406 825.1310119628906 381.05433654785156 737.4192504882812 381.05433654785156
732.3738403320312 185.40939331054688 820.648323059082 185.40939331054688 820.648323059082 381.23670959472656 732.3738403320312 381.23670959472656
732.6149291992188 188.2413330078125 820.9430541992188 188.2413330078125 820.9430541992188 384.1876525878906 732.6149291992188 384.1876525878906
727.7824096679688 188.47047424316406 815.4616775512695 188.47047424316406 815.4616775512695 382.9773864746094 727.7824096679688 382.9773864746094
727.3102416992188 192.9544219970703 814.7644500732422 192.9544219970703 814.7644500732422 386.9620819091797 727.3102416992188 386.9620819091797
719.8041381835938 194.09341430664062 808.5968170166016 194.09341430664062 808.5968170166016 391.0703430175781 719.8041381835938 391.0703430175781
711.7282104492188 192.9802703857422 800.6603012084961 192.9802703857422 800.6603012084961 390.2664794921875 711.7282104492188 390.2664794921875
708.79345703125 194.10316467285156 796.7640991210938 194.10316467285156 796.7640991210938 389.2565155029297 708.79345703125 389.2565155029297
707.6170654296875 193.01553344726562 796.4076538085938 193.01553344726562 796.4076538085938 389.98785400390625 707.6170654296875 389.98785400390625
713.6788330078125 192.33859252929688 803.3033065795898 192.33859252929688 803.3033065795898 391.1608123779297 713.6788330078125 391.1608123779297
714.3196411132812 190.63072204589844 804.0073699951172 190.63072204589844 804.0073699951172 389.59327697753906 714.3196411132812 389.59327697753906
718.0936279296875 195.25894165039062 808.5526733398438 195.25894165039062 808.5526733398438 390.04815673828125 718.0936279296875 390.04815673828125
705.10400390625 195.35140991210938 794.2767181396484 195.35140991210938 794.2767181396484 387.58399963378906 705.10400390625 387.58399963378906
653.4666748046875 195.1751708984375 740.4922637939453 195.1751708984375 740.4922637939453 388.2320251464844 653.4666748046875 388.2320251464844
685.2392578125 194.441650390625 771.1740417480469 194.441650390625 771.1740417480469 385.0786590576172 685.2392578125 385.0786590576172
705.6158447265625 204.9121551513672 789.9986419677734 204.9121551513672 789.9986419677734 387.5296173095703 705.6158447265625 387.5296173095703
721.38818359375 211.93603515625 804.6962280273438 211.93603515625 804.6962280273438 396.7458953857422 721.38818359375 396.7458953857422
706.61181640625 217.22512817382812 795.6288070678711 217.22512817382812 795.6288070678711 388.1675567626953 706.61181640625 388.1675567626953
699.62890625 213.337158203125 787.0148773193359 213.337158203125 787.0148773193359 382.9296569824219 699.62890625 382.9296569824219
698.4944458007812 210.2537078857422 781.7184906005859 210.2537078857422 781.7184906005859 381.02972412109375 698.4944458007812 381.02972412109375
701.3426513671875 216.3161163330078 782.1851196289062 216.3161163330078 782.1851196289062 385.4736022949219 701.3426513671875 385.4736022949219
703.3824462890625 216.4732666015625 785.3469161987305 216.4732666015625 785.3469161987305 386.7069549560547 703.3824462890625 386.7069549560547
698.9577026367188 206.4578094482422 779.9787826538086 206.4578094482422 779.9787826538086 383.3649444580078 698.9577026367188 383.3649444580078
698.0091552734375 210.29360961914062 778.7166213989258 210.29360961914062 778.7166213989258 384.62921142578125 698.0091552734375 384.62921142578125
698.9563598632812 204.4770965576172 779.8198623657227 204.4770965576172 779.8198623657227 382.5261993408203 698.9563598632812 382.5261993408203
698.5562744140625 204.9435272216797 778.4507064819336 204.9435272216797 778.4507064819336 384.89320373535156 698.5562744140625 384.89320373535156
697.5851440429688 206.0325927734375 777.7696304321289 206.0325927734375 777.7696304321289 385.4477081298828 697.5851440429688 385.4477081298828
692.41259765625 209.3525390625 773.5055236816406 209.3525390625 773.5055236816406 388.71533203125 692.41259765625 388.71533203125
689.4241333007812 212.46194458007812 770.0824813842773 212.46194458007812 770.0824813842773 391.3937683105469 689.4241333007812 391.3937683105469
682.0935668945312 212.78759765625 763.2793197631836 212.78759765625 763.2793197631836 392.889404296875 682.0935668945312 392.889404296875
674.8131103515625 210.7126922607422 758.0108489990234 210.7126922607422 758.0108489990234 395.27784729003906 674.8131103515625 395.27784729003906
658.9442138671875 212.2116241455078 742.4042739868164 212.2116241455078 742.4042739868164 397.35870361328125 658.9442138671875 397.35870361328125
647.6045532226562 217.587646484375 731.8994369506836 217.587646484375 731.8994369506836 404.5867004394531 647.6045532226562 404.5867004394531
637.6456909179688 223.33447265625 721.239143371582 223.33447265625 721.239143371582 408.7774658203125 637.6456909179688 408.7774658203125
620.9117431640625 229.0215301513672 703.5256500244141 229.0215301513672 703.5256500244141 412.29150390625 620.9117431640625 412.29150390625
602.8770751953125 233.0380401611328 686.2569580078125 233.0380401611328 686.2569580078125 418.0072479248047 602.8770751953125 418.0072479248047
574.6150512695312 241.0835418701172 657.6569976806641 241.0835418701172 657.6569976806641 425.3030548095703 574.6150512695312 425.3030548095703
553.9532470703125 238.6495819091797 638.2124786376953 238.6495819091797 638.2124786376953 425.5694885253906 553.9532470703125 425.5694885253906
541.4681396484375 246.47738647460938 625.4743957519531 246.47738647460938 625.4743957519531 432.8360900878906 541.4681396484375 432.8360900878906
521.4895629882812 247.18161010742188 605.3172454833984 247.18161010742188 605.3172454833984 433.1441650390625 521.4895629882812 433.1441650390625
504.21917724609375 247.96548461914062 588.5891647338867 247.96548461914062 588.5891647338867 435.131103515625 504.21917724609375 435.131103515625
485.1507263183594 247.9217529296875 569.8763809204102 247.9217529296875 569.8763809204102 435.8763885498047 485.1507263183594 435.8763885498047
469.502685546875 248.1250457763672 554.622314453125 248.1250457763672 554.622314453125 436.9536590576172 469.502685546875 436.9536590576172
462.0489807128906 244.5010223388672 547.1251907348633 244.5010223388672 547.1251907348633 433.2333221435547 462.0489807128906 433.2333221435547
456.07330322265625 240.3841552734375 541.1071090698242 240.3841552734375 541.1071090698242 429.0223846435547 456.07330322265625 429.0223846435547
446.7362365722656 244.6749267578125 530.3228607177734 244.6749267578125 530.3228607177734 430.1027374267578 446.7362365722656 430.1027374267578
441.38629150390625 240.20101928710938 525.6284027099609 240.20101928710938 525.6284027099609 427.0213623046875 441.38629150390625 427.0213623046875
431.79736328125 245.6820526123047 514.7976303100586 245.6820526123047 514.7976303100586 429.80909729003906 431.79736328125 429.80909729003906
425.96710205078125 250.332275390625 508.08626556396484 250.332275390625 508.08626556396484 432.5046691894531 425.96710205078125 432.5046691894531
415.0926818847656 247.858642578125 498.2544250488281 247.858642578125 498.2544250488281 432.3439025878906 415.0926818847656 432.3439025878906
406.9265441894531 256.4059143066406 489.6374816894531 256.4059143066406 489.6374816894531 439.89109802246094 406.9265441894531 439.89109802246094
393.5584411621094 260.8485107421875 477.72364807128906 260.8485107421875 477.72364807128906 447.5598449707031 393.5584411621094 447.5598449707031
382.1495666503906 266.36798095703125 467.68213653564453 266.36798095703125 467.68213653564453 456.11265563964844 382.1495666503906 456.11265563964844
378.73553466796875 260.93316650390625 462.98118591308594 260.93316650390625 462.98118591308594 447.82293701171875 378.73553466796875 447.82293701171875
370.8575439453125 259.6346130371094 455.1903305053711 259.6346130371094 455.1903305053711 446.71766662597656 370.8575439453125 446.71766662597656
365.52593994140625 255.59335327148438 449.72169494628906 255.59335327148438 449.72169494628906 442.3724365234375 365.52593994140625 442.3724365234375
374.1501159667969 255.12289428710938 458.84105682373047 255.12289428710938 458.84105682373047 443.00048828125 374.1501159667969 443.00048828125
394.94195556640625 256.8564453125 479.43865966796875 256.8564453125 479.43865966796875 444.30316162109375 394.94195556640625 444.30316162109375
410.03814697265625 254.40078735351562 495.33570861816406 254.40078735351562 495.33570861816406 443.6241149902344 410.03814697265625 443.6241149902344
421.8927307128906 260.4282531738281 505.65596771240234 260.4282531738281 505.65596771240234 446.2478332519531 421.8927307128906 446.2478332519531
434.184814453125 264.5975341796875 518.4168548583984 264.5975341796875 518.4168548583984 451.45709228515625 434.184814453125 451.45709228515625
444.5467834472656 272.448486328125 530.1078338623047 272.448486328125 530.1078338623047 462.2563018798828 444.5467834472656 462.2563018798828
456.96710205078125 277.1225891113281 541.8469085693359 277.1225891113281 541.8469085693359 465.4191436767578 456.96710205078125 465.4191436767578
467.25653076171875 284.53424072265625 551.1517333984375 284.53424072265625 551.1517333984375 470.6465606689453 467.25653076171875 470.6465606689453
475.5411682128906 281.53564453125 561.7956695556641 281.53564453125 561.7956695556641 472.8818054199219 475.5411682128906 472.8818054199219
488.6007385253906 280.9775390625 573.9798126220703 280.9775390625 573.9798126220703 470.3816833496094 488.6007385253906 470.3816833496094
500.4117126464844 283.01806640625 585.5481109619141 283.01806640625 585.5481109619141 471.8838653564453 500.4117126464844 471.8838653564453
508.98992919921875 283.96612548828125 593.755859375 283.96612548828125 593.755859375 472.0100860595703 508.98992919921875 472.0100860595703
514.2293090820312 279.62115478515625 597.5985717773438 279.62115478515625 597.5985717773438 464.5667419433594 514.2293090820312 464.5667419433594
512.1187744140625 279.89849853515625 594.9049453735352 279.89849853515625 594.9049453735352 463.5505676269531 512.1187744140625 463.5505676269531
507.2490234375 276.00103759765625 589.8532562255859 276.00103759765625 589.8532562255859 459.24949645996094 507.2490234375 459.24949645996094
497.71429443359375 270.7139587402344 580.3452377319336 270.7139587402344 580.3452377319336 454.02166748046875 497.71429443359375 454.02166748046875
492.5559997558594 272.23480224609375 574.6092910766602 272.23480224609375 574.6092910766602 454.2610778808594 492.5559997558594 454.2610778808594
485.112548828125 275.11572265625 566.1494140625 275.11572265625 566.1494140625 454.8871612548828 485.112548828125 454.8871612548828
479.43634033203125 280.9458923339844 560.0895233154297 280.9458923339844 560.0895233154297 459.86619567871094 479.43634033203125 459.86619567871094
476.21759033203125 281.7437438964844 555.9635543823242 281.7437438964844 555.9635543823242 458.65150451660156 476.21759033203125 458.65150451660156
477.2715759277344 283.3761291503906 557.6005477905273 283.3761291503906 557.6005477905273 461.57720947265625 477.2715759277344 461.57720947265625
472.90911865234375 283.7744140625 553.504150390625 283.7744140625 553.504150390625 462.5657196044922 472.90911865234375 462.5657196044922
465.70391845703125 287.21978759765625 545.9091033935547 287.21978759765625 545.9091033935547 465.14625549316406 465.70391845703125 465.14625549316406
460.6365661621094 294.64532470703125 539.8291397094727 294.64532470703125 539.8291397094727 470.32542419433594 460.6365661621094 470.32542419433594
453.5146484375 293.5249328613281 533.0392456054688 293.5249328613281 533.0392456054688 469.9415740966797 453.5146484375 469.9415740966797
443.0437927246094 290.6416320800781 524.0507965087891 290.6416320800781 524.0507965087891 470.3468322753906 443.0437927246094 470.3468322753906
436.87542724609375 287.97283935546875 517.9296569824219 287.97283935546875 517.9296569824219 467.7828063964844 436.87542724609375 467.7828063964844
426.46026611328125 295.60272216796875 508.6163558959961 295.60272216796875 508.6163558959961 477.85704040527344 426.46026611328125 477.85704040527344
418.2538146972656 294.5738830566406 501.33402252197266 294.5738830566406 501.33402252197266 478.8782653808594 418.2538146972656 478.8782653808594
406.1539306640625 289.4195251464844 487.8891296386719 289.4195251464844 487.8891296386719 470.7401428222656 406.1539306640625 470.7401428222656
393.2404479980469 290.28802490234375 474.3266296386719 290.28802490234375 474.3266296386719 470.1688537597656 393.2404479980469 470.1688537597656
375.8976135253906 283.43133544921875 459.3325729370117 283.43133544921875 459.3325729370117 468.5226745605469 375.8976135253906 468.5226745605469
362.889892578125 281.1572265625 447.19132232666016 281.1572265625 447.19132232666016 468.1707305908203 362.889892578125 468.1707305908203
351.0778503417969 282.0555725097656 436.28929901123047 282.0555725097656 436.28929901123047 471.0878448486328 351.0778503417969 471.0878448486328
333.5055236816406 280.24298095703125 419.9850311279297 280.24298095703125 419.9850311279297 472.08831787109375 333.5055236816406 472.08831787109375
329.306884765625 284.89886474609375 416.67555236816406 284.89886474609375 416.67555236816406 478.71669006347656 329.306884765625 478.71669006347656
313.23065185546875 273.507080078125 399.7200164794922 273.507080078125 399.7200164794922 465.3742370605469 313.23065185546875 465.3742370605469
306.50115966796875 274.8125305175781 392.82413482666016 274.8125305175781 392.82413482666016 466.3105773925781 306.50115966796875 466.3105773925781
308.2093811035156 276.39813232421875 397.4058532714844 276.39813232421875 397.4058532714844 474.2707214355469 308.2093811035156 474.2707214355469
307.1763000488281 274.9762268066406 398.4441604614258 274.9762268066406 398.4441604614258 477.4439697265625 307.1763000488281 477.4439697265625
307.79498291015625 281.0796203613281 399.80420684814453 281.0796203613281 399.80420684814453 485.1920166015625 307.79498291015625 485.1920166015625
304.3266906738281 274.2584533691406 398.2807083129883 274.2584533691406 398.2807083129883 482.68516540527344 304.3266906738281 482.68516540527344
310.1932678222656 280.2622375488281 404.0216598510742 280.2622375488281 404.0216598510742 488.4102783203125 310.1932678222656 488.4102783203125
305.15740966796875 279.5393371582031 399.7962646484375 279.5393371582031 399.7962646484375 489.4853057861328 305.15740966796875 489.4853057861328
309.47955322265625 285.4368896484375 403.76880645751953 285.4368896484375 403.76880645751953 494.6072998046875 309.47955322265625 494.6072998046875
317.86700439453125 291.0335998535156 411.7912368774414 291.0335998535156 411.7912368774414 499.3942413330078 317.86700439453125 499.3942413330078
326.99151611328125 293.1189270019531 418.52750396728516 293.1189270019531 418.52750396728516 511.16941833496094 326.99151611328125 511.16941833496094
327.6932067871094 292.7092590332031 420.7066116333008 292.7092590332031 420.7066116333008 506.9634094238281 327.6932067871094 506.9634094238281
367.27435302734375 280.0494384765625 463.20831298828125 280.0494384765625 463.20831298828125 492.8684387207031 367.27435302734375 492.8684387207031
363.97998046875 276.6685485839844 461.7340545654297 276.6685485839844 461.7340545654297 493.5252685546875 363.97998046875 493.5252685546875
365.59039306640625 275.830810546875 462.8570022583008 275.830810546875 462.8570022583008 491.6061248779297 365.59039306640625 491.6061248779297
377.62518310546875 264.7755126953125 471.50379943847656 264.7755126953125 471.50379943847656 491.7178497314453 377.62518310546875 491.7178497314453
378.40081787109375 262.31298828125 477.7783966064453 262.31298828125 477.7783966064453 482.7712707519531 378.40081787109375 482.7712707519531
389.6688537597656 257.135009765625 488.33323669433594 257.135009765625 488.33323669433594 476.0111846923828 389.6688537597656 476.0111846923828
392.01507568359375 255.4121856689453 491.60215759277344 255.4121856689453 491.60215759277344 476.3352508544922 392.01507568359375 476.3352508544922
395.7784423828125 257.8303527832031 498.1752700805664 257.8303527832031 498.1752700805664 484.9865264892578 395.7784423828125 484.9865264892578
444.31103515625 245.7342987060547 547.4017105102539 245.7342987060547 547.4017105102539 474.4296875 444.31103515625 474.4296875
431.89495849609375 242.5172576904297 535.4677124023438 242.5172576904297 535.4677124023438 472.2821044921875 431.89495849609375 472.2821044921875
445.2608947753906 238.29830932617188 549.3389434814453 238.29830932617188 549.3389434814453 469.18408203125 445.2608947753906 469.18408203125
475.5858459472656 223.7087860107422 578.8427276611328 223.7087860107422 578.8427276611328 452.7729034423828 475.5858459472656 452.7729034423828
506.1764221191406 216.6772918701172 608.559928894043 216.6772918701172 608.559928894043 443.8039245605469 506.1764221191406 443.8039245605469
535.0507202148438 243.9285888671875 637.2253036499023 243.9285888671875 637.2253036499023 470.5917205810547 535.0507202148438 470.5917205810547
542.6936645507812 227.5040283203125 644.5618438720703 227.5040283203125 644.5618438720703 453.4874267578125 542.6936645507812 453.4874267578125
553.9152221679688 233.09634399414062 653.8252639770508 233.09634399414062 653.8252639770508 454.73582458496094 553.9152221679688 454.73582458496094
565.49853515625 237.9536895751953 665.9058532714844 237.9536895751953 665.9058532714844 460.6963348388672 565.49853515625 460.6963348388672
578.2230224609375 227.62088012695312 678.3444900512695 227.62088012695312 678.3444900512695 449.7294006347656 578.2230224609375 449.7294006347656
593.1944580078125 237.64669799804688 690.6734390258789 237.64669799804688 690.6734390258789 453.89312744140625 593.1944580078125 453.89312744140625
578.3909912109375 227.51846313476562 675.8123016357422 227.51846313476562 675.8123016357422 443.636962890625 578.3909912109375 443.636962890625
581.0538330078125 230.45046997070312 679.6863174438477 230.45046997070312 679.6863174438477 449.25584411621094 581.0538330078125 449.25584411621094
618.5289916992188 224.41464233398438 717.3917083740234 224.41464233398438 717.3917083740234 443.7307586669922 618.5289916992188 443.7307586669922
601.3180541992188 226.372314453125 698.3782196044922 226.372314453125 698.3782196044922 441.6896514892578 601.3180541992188 441.6896514892578
609.7598876953125 235.00595092773438 706.814697265625 235.00595092773438 706.814697265625 450.31141662597656 609.7598876953125 450.31141662597656
623.0657348632812 233.56234741210938 719.1568984985352 233.56234741210938 719.1568984985352 446.73004150390625 623.0657348632812 446.73004150390625
636.0738525390625 230.27017211914062 733.5972061157227 230.27017211914062 733.5972061157227 446.6150207519531 636.0738525390625 446.6150207519531
645.3683471679688 228.9046173095703 742.3971710205078 228.9046173095703 742.3971710205078 444.1523895263672 645.3683471679688 444.1523895263672
659.5170288085938 226.3687286376953 758.0837860107422 226.3687286376953 758.0837860107422 445.0282287597656 659.5170288085938 445.0282287597656
667.7498168945312 224.89395141601562 764.7112426757812 224.89395141601562 764.7112426757812 439.9921875 667.7498168945312 439.9921875
674.3709716796875 225.7487030029297 769.5599517822266 225.7487030029297 769.5599517822266 436.9149627685547 674.3709716796875 436.9149627685547
679.1815185546875 219.90744018554688 775.8569488525391 219.90744018554688 775.8569488525391 434.37123107910156 679.1815185546875 434.37123107910156
683.6578369140625 212.6036376953125 778.3446578979492 212.6036376953125 778.3446578979492 422.6559143066406 683.6578369140625 422.6559143066406
693.2303466796875 211.8544921875 787.7755661010742 211.8544921875 787.7755661010742 421.5926208496094 693.2303466796875 421.5926208496094
706.6098022460938 217.6637725830078 799.7370147705078 217.6637725830078 799.7370147705078 424.25621032714844 706.6098022460938 424.25621032714844
719.4489135742188 210.9828338623047 811.3053359985352 210.9828338623047 811.3053359985352 417.8583679199219 719.4489135742188 417.8583679199219
739.1267700195312 203.38632202148438 824.1282577514648 203.38632202148438 824.1282577514648 413.18450927734375 739.1267700195312 413.18450927734375
742.2239379882812 202.43374633789062 833.0710220336914 202.43374633789062 833.0710220336914 403.9679412841797 742.2239379882812 403.9679412841797
765.6471557617188 114.53031921386719 857.708854675293 114.53031921386719 857.708854675293 318.7589874267578 765.6471557617188 318.7589874267578
742.20849609375 200.15383911132812 835.2441787719727 200.15383911132812 835.2441787719727 406.5431671142578 742.20849609375 406.5431671142578
631.5056762695312 172.5904998779297 723.7623138427734 172.5904998779297 723.7623138427734 377.25160217285156 631.5056762695312 377.25160217285156
662.0194091796875 202.20339965820312 754.1844482421875 202.20339965820312 754.1844482421875 406.6613006591797 662.0194091796875 406.6613006591797
729.7805786132812 195.1001739501953 823.1071319580078 195.1001739501953 823.1071319580078 402.134765625 729.7805786132812 402.134765625
801.5553588867188 193.68295288085938 895.041259765625 193.68295288085938 895.041259765625 401.0710144042969 801.5553588867188 401.0710144042969
812.3970947265625 190.14407348632812 908.2569580078125 190.14407348632812 908.2569580078125 402.79852294921875 812.3970947265625 402.79852294921875
793.711181640625 191.38890075683594 889.7357482910156 191.38890075683594 889.7357482910156 404.4087219238281 793.711181640625 404.4087219238281
767.5374145507812 202.19375610351562 862.9524917602539 202.19375610351562 862.9524917602539 413.86151123046875 767.5374145507812 413.86151123046875
695.2133178710938 193.6975555419922 790.146728515625 193.6975555419922 790.146728515625 404.29676818847656 695.2133178710938 404.29676818847656
657.6637573242188 189.7298126220703 752.8028411865234 189.7298126220703 752.8028411865234 400.7852783203125 657.6637573242188 400.7852783203125
663.138916015625 201.537109375 757.9588851928711 201.537109375 757.9588851928711 411.8846435546875 663.138916015625 411.8846435546875
659.0015869140625 204.52865600585938 753.5235061645508 204.52865600585938 753.5235061645508 414.2150115966797 659.0015869140625 414.2150115966797
658.0531005859375 209.76895141601562 750.7239761352539 209.76895141601562 750.7239761352539 415.34898376464844 658.0531005859375 415.34898376464844
654.7781982421875 211.15292358398438 747.4675140380859 211.15292358398438 747.4675140380859 416.77386474609375 654.7781982421875 416.77386474609375
652.9078369140625 209.5059814453125 744.4703369140625 209.5059814453125 744.4703369140625 412.627197265625 652.9078369140625 412.627197265625
650.070068359375 212.01528930664062 739.9215087890625 212.01528930664062 739.9215087890625 411.34071350097656 650.070068359375 411.34071350097656
642.1375732421875 218.2587432861328 731.3065795898438 218.2587432861328 731.3065795898438 416.0702667236328 642.1375732421875 416.0702667236328
635.3399047851562 216.9068603515625 725.6077651977539 216.9068603515625 725.6077651977539 417.1560516357422 635.3399047851562 417.1560516357422
628.6785278320312 218.24667358398438 718.5197296142578 218.24667358398438 718.5197296142578 417.5493621826172 628.6785278320312 417.5493621826172
615.9859619140625 224.58364868164062 704.2033538818359 224.58364868164062 704.2033538818359 420.2841033935547 615.9859619140625 420.2841033935547
605.5545654296875 231.9017791748047 693.3699493408203 231.9017791748047 693.3699493408203 426.7104187011719 605.5545654296875 426.7104187011719
598.9874267578125 234.82107543945312 685.7532119750977 234.82107543945312 685.7532119750977 427.30128479003906 598.9874267578125 427.30128479003906
578.3719482421875 232.11605834960938 664.9102172851562 232.11605834960938 664.9102172851562 424.091552734375 578.3719482421875 424.091552734375
565.025634765625 227.0440216064453 652.5165863037109 227.0440216064453 652.5165863037109 421.1329345703125 565.025634765625 421.1329345703125
547.9273681640625 224.0622100830078 636.8431243896484 224.0622100830078 636.8431243896484 421.31190490722656 547.9273681640625 421.31190490722656
518.0343017578125 229.22640991210938 608.5805816650391 229.22640991210938 608.5805816650391 430.0932312011719 518.0343017578125 430.0932312011719
504.93682861328125 232.5557098388672 599.7155685424805 232.5557098388672 599.7155685424805 423.35137939453125 504.93682861328125 423.35137939453125
509.33349609375 221.361572265625 601.0548248291016 221.361572265625 601.0548248291016 424.8351135253906 509.33349609375 424.8351135253906
473.810791015625 231.27334594726562 567.0858001708984 231.27334594726562 567.0858001708984 421.79066467285156 473.810791015625 421.79066467285156
453.58502197265625 236.4840545654297 547.6767425537109 236.4840545654297 547.6767425537109 421.1934356689453 453.58502197265625 421.1934356689453
438.67120361328125 245.87777709960938 533.2473297119141 245.87777709960938 533.2473297119141 430.63685607910156 438.67120361328125 430.63685607910156
424.9012145996094 239.29965209960938 519.9472122192383 239.29965209960938 519.9472122192383 427.38951110839844 424.9012145996094 427.38951110839844
414.76361083984375 241.42092895507812 508.0318832397461 241.42092895507812 508.0318832397461 426.37254333496094 414.76361083984375 426.37254333496094
408.969482421875 247.92623901367188 499.5552062988281 247.92623901367188 499.5552062988281 427.58172607421875 408.969482421875 427.58172607421875
402.35455322265625 246.3490753173828 491.7913055419922 246.3490753173828 491.7913055419922 425.6089324951172 402.35455322265625 425.6089324951172
391.61102294921875 252.8911590576172 483.40223693847656 252.8911590576172 483.40223693847656 434.59315490722656 391.61102294921875 434.59315490722656
383.6696472167969 249.7371368408203 472.1401672363281 249.7371368408203 472.1401672363281 429.71022033691406 383.6696472167969 429.71022033691406
383.79766845703125 246.7711944580078 470.1818389892578 246.7711944580078 470.1818389892578 429.8853454589844 383.79766845703125 429.8853454589844
374.88946533203125 255.11508178710938 463.9241027832031 255.11508178710938 463.9241027832031 437.82928466796875 374.88946533203125 437.82928466796875
370.4384460449219 258.21820068359375 458.999267578125 258.21820068359375 458.999267578125 441.2024230957031 370.4384460449219 441.2024230957031
365.81365966796875 257.7879943847656 451.9867477416992 257.7879943847656 451.9867477416992 439.6060333251953 365.81365966796875 439.6060333251953
355.16693115234375 257.2800598144531 442.21641540527344 257.2800598144531 442.21641540527344 436.97230529785156 355.16693115234375 436.97230529785156
353.4383239746094 260.41461181640625 439.1674575805664 260.41461181640625 439.1674575805664 439.99867248535156 353.4383239746094 439.99867248535156
350.006103515625 256.8525390625 434.8550720214844 256.8525390625 434.8550720214844 437.3586730957031 350.006103515625 437.3586730957031
347.91717529296875 261.1531677246094 431.5098114013672 261.1531677246094 431.5098114013672 438.01991271972656 347.91717529296875 438.01991271972656
343.9468688964844 261.45050048828125 425.06524658203125 261.45050048828125 425.06524658203125 436.43336486816406 343.9468688964844 436.43336486816406
340.66943359375 263.4114685058594 422.39783477783203 263.4114685058594 422.39783477783203 438.9005126953125 340.66943359375 438.9005126953125
336.92010498046875 262.49957275390625 418.8740997314453 262.49957275390625 418.8740997314453 439.6167907714844 336.92010498046875 439.6167907714844
335.7275390625 261.8166198730469 417.24666595458984 261.8166198730469 417.24666595458984 440.15374755859375 335.7275390625 440.15374755859375
334.9901123046875 263.29193115234375 414.7560806274414 263.29193115234375 414.7560806274414 441.2996063232422 334.9901123046875 441.2996063232422
330.42987060546875 268.96575927734375 410.59102630615234 268.96575927734375 410.59102630615234 444.97605895996094 330.42987060546875 444.97605895996094
