916.0 282.0 953.0 282.0 953.0 358.0 916.0 358.0
914.6403198242188 282.6951599121094 951.1367111206055 282.6951599121094 951.1367111206055 357.4820785522461 914.6403198242188 357.4820785522461
913.1951904296875 283.6854553222656 949.5963020324707 283.6854553222656 949.5963020324707 357.2650833129883 913.1951904296875 357.2650833129883
911.3777465820312 283.52459716796875 948.0073089599609 283.52459716796875 948.0073089599609 358.60731506347656 911.3777465820312 358.60731506347656
908.4771728515625 282.16607666015625 946.4037246704102 282.16607666015625 946.4037246704102 359.5546646118164 908.4771728515625 359.5546646118164
906.82421875 281.7567443847656 945.5873527526855 281.7567443847656 945.5873527526855 360.23511505126953 906.82421875 360.23511505126953
905.8342895507812 281.2816162109375 944.9283790588379 281.2816162109375 944.9283790588379 360.4449157714844 905.8342895507812 360.4449157714844
906.4558715820312 282.1158142089844 944.6504821777344 282.1158142089844 944.6504821777344 360.5696105957031 906.4558715820312 360.5696105957031
906.8631591796875 282.2188720703125 946.1655464172363 282.2188720703125 946.1655464172363 359.1906280517578 906.8631591796875 359.1906280517578
906.1867065429688 282.1694641113281 944.5741539001465 282.1694641113281 944.5741539001465 361.01934814453125 906.1867065429688 361.01934814453125
894.0347900390625 281.48797607421875 933.3475761413574 281.48797607421875 933.3475761413574 359.1346740722656 894.0347900390625 359.1346740722656
891.8919067382812 279.93206787109375 930.9410095214844 279.93206787109375 930.9410095214844 360.14105224609375 891.8919067382812 360.14105224609375
888.974609375 285.1214294433594 930.5958786010742 285.1214294433594 930.5958786010742 359.5294723510742 888.974609375 359.5294723510742
886.8251953125 284.98846435546875 927.513614654541 284.98846435546875 927.513614654541 359.5413055419922 886.8251953125 359.5413055419922
884.4876098632812 285.21270751953125 925.8781661987305 285.21270751953125 925.8781661987305 360.0037078857422 884.4876098632812 360.0037078857422
883.9332885742188 283.7286682128906 924.7933540344238 283.7286682128906 924.7933540344238 359.1351776123047 883.9332885742188 359.1351776123047
881.1072387695312 284.4146423339844 921.3976974487305 284.4146423339844 921.3976974487305 357.6462860107422 881.1072387695312 357.6462860107422
879.96875 283.7822570800781 921.5376205444336 283.7822570800781 921.5376205444336 357.2516632080078 879.96875 357.2516632080078
878.53857421875 283.15277099609375 920.6718521118164 283.15277099609375 920.6718521118164 356.1556625366211 878.53857421875 356.1556625366211
877.6422729492188 282.5538635253906 919.8168830871582 282.5538635253906 919.8168830871582 357.6824188232422 877.6422729492188 357.6824188232422
875.9318237304688 284.965576171875 916.9872894287109 284.965576171875 916.9872894287109 356.5365447998047 875.9318237304688 356.5365447998047
874.7350463867188 284.4331970214844 915.3202590942383 284.4331970214844 915.3202590942383 359.3249740600586 874.7350463867188 359.3249740600586
874.4569091796875 283.1878967285156 913.8758392333984 283.1878967285156 913.8758392333984 359.5240020751953 874.4569091796875 359.5240020751953
872.8674926757812 283.4947509765625 912.3219146728516 283.4947509765625 912.3219146728516 360.4912796020508 872.8674926757812 360.4912796020508
871.39111328125 282.77313232421875 910.3956413269043 282.77313232421875 910.3956413269043 360.8748779296875 871.39111328125 360.8748779296875
868.8504028320312 285.12701416015625 908.9904708862305 285.12701416015625 908.9904708862305 360.49954986572266 868.8504028320312 360.49954986572266
866.5559692382812 285.26446533203125 905.2020874023438 285.26446533203125 905.2020874023438 356.92234802246094 866.5559692382812 356.92234802246094
866.27001953125 284.5627746582031 904.7197418212891 284.5627746582031 904.7197418212891 356.4872283935547 866.27001953125 356.4872283935547
864.6260986328125 284.356689453125 903.9312629699707 284.356689453125 903.9312629699707 356.52547454833984 864.6260986328125 356.52547454833984
863.4378662109375 282.625244140625 902.2994804382324 282.625244140625 902.2994804382324 354.89156341552734 863.4378662109375 354.89156341552734
861.4588623046875 282.3395080566406 900.3430976867676 282.3395080566406 900.3430976867676 356.0534133911133 861.4588623046875 356.0534133911133
859.5701293945312 281.75018310546875 897.271614074707 281.75018310546875 897.271614074707 359.19105529785156 859.5701293945312 359.19105529785156
859.8135986328125 279.36456298828125 897.4032783508301 279.36456298828125 897.4032783508301 356.5757827758789 859.8135986328125 356.5757827758789
858.8448486328125 279.5091247558594 896.2802429199219 279.5091247558594 896.2802429199219 356.40342712402344 858.8448486328125 356.40342712402344
857.4514770507812 280.81744384765625 895.2832107543945 280.81744384765625 895.2832107543945 358.5258560180664 857.4514770507812 358.5258560180664
856.9714965820312 281.12347412109375 894.3585014343262 281.12347412109375 894.3585014343262 357.91839599609375 856.9714965820312 357.91839599609375
854.1590576171875 280.7917785644531 891.6922492980957 280.7917785644531 891.6922492980957 357.88697814941406 854.1590576171875 357.88697814941406
852.6932373046875 281.13775634765625 889.639087677002 281.13775634765625 889.639087677002 357.02652740478516 852.6932373046875 357.02652740478516
851.2279052734375 280.93658447265625 887.3070297241211 280.93658447265625 887.3070297241211 355.04505920410156 851.2279052734375 355.04505920410156
848.7584228515625 281.3651428222656 884.786979675293 281.3651428222656 884.786979675293 355.36974334716797 848.7584228515625 355.36974334716797
848.2703857421875 280.7649841308594 883.5834693908691 280.7649841308594 883.5834693908691 353.2999572753906 848.2703857421875 353.2999572753906
845.7061767578125 281.2408752441406 880.4765357971191 281.2408752441406 880.4765357971191 352.6610565185547 845.7061767578125 352.6610565185547
845.8889770507812 281.8056640625 880.1727066040039 281.8056640625 880.1727066040039 352.2262725830078 845.8889770507812 352.2262725830078
845.4962768554688 282.21331787109375 879.5224723815918 282.21331787109375 879.5224723815918 352.10494232177734 845.4962768554688 352.10494232177734
844.1448364257812 279.87310791015625 878.4777374267578 279.87310791015625 878.4777374267578 350.3947219848633 844.1448364257812 350.3947219848633
843.6651611328125 281.387451171875 878.5236129760742 281.387451171875 878.5236129760742 352.2545928955078 843.6651611328125 352.2545928955078
839.8976440429688 281.53594970703125 875.1587905883789 281.53594970703125 875.1587905883789 350.8499526977539 839.8976440429688 350.8499526977539
839.1871337890625 280.7859802246094 873.2855682373047 280.7859802246094 873.2855682373047 350.8259811401367 839.1871337890625 350.8259811401367
840.8685302734375 281.1722412109375 874.6798858642578 281.1722412109375 874.6798858642578 350.62256622314453 840.8685302734375 350.62256622314453
838.9169921875 280.241943359375 873.3218078613281 280.241943359375 873.3218078613281 350.91126251220703 838.9169921875 350.91126251220703
837.3390502929688 281.34674072265625 871.675163269043 281.34674072265625 871.675163269043 351.87493896484375 837.3390502929688 351.87493896484375
834.6007080078125 283.4561767578125 869.0141525268555 283.4561767578125 869.0141525268555 354.1432189941406 834.6007080078125 354.1432189941406
834.0256958007812 282.033935546875 868.7514724731445 282.033935546875 868.7514724731445 353.3625183105469 834.0256958007812 353.3625183105469
832.7784423828125 283.36309814453125 867.325611114502 283.36309814453125 867.325611114502 354.3248062133789 832.7784423828125 354.3248062133789
830.4722900390625 282.42852783203125 865.061149597168 282.42852783203125 865.061149597168 353.4758605957031 830.4722900390625 353.4758605957031
830.2086181640625 283.0597229003906 864.8332901000977 283.0597229003906 864.8332901000977 354.18060302734375 830.2086181640625 354.18060302734375
826.1262817382812 280.4029235839844 860.2331695556641 280.4029235839844 860.2331695556641 350.4602508544922 826.1262817382812 350.4602508544922
826.1780395507812 280.3583679199219 859.6167678833008 280.3583679199219 859.6167678833008 349.0432586669922 826.1780395507812 349.0432586669922
824.5596923828125 281.7668762207031 857.4867477416992 281.7668762207031 857.4867477416992 349.40076446533203 824.5596923828125 349.40076446533203
823.9644775390625 280.20062255859375 857.064567565918 280.20062255859375 857.064567565918 348.18992614746094 823.9644775390625 348.18992614746094
821.6945190429688 280.99261474609375 855.0246505737305 280.99261474609375 855.0246505737305 349.4544372558594 821.6945190429688 349.4544372558594
819.9324951171875 282.1060485839844 853.7014694213867 282.1060485839844 853.7014694213867 351.46927642822266 819.9324951171875 351.46927642822266
817.6568603515625 278.39306640625 851.7646293640137 278.39306640625 851.7646293640137 348.4521942138672 817.6568603515625 348.4521942138672
817.8209228515625 281.1307678222656 851.4714126586914 281.1307678222656 851.4714126586914 350.25062561035156 817.8209228515625 350.25062561035156
815.2967529296875 280.6011962890625 848.5751495361328 280.6011962890625 848.5751495361328 348.9567565917969 815.2967529296875 348.9567565917969
814.8678588867188 279.5058898925781 848.7878646850586 279.5058898925781 848.7878646850586 349.1793441772461 814.8678588867188 349.1793441772461
812.0884399414062 278.3297424316406 846.1447830200195 278.3297424316406 846.1447830200195 348.2832489013672 812.0884399414062 348.2832489013672
809.3489990234375 279.0522155761719 843.0772895812988 279.0522155761719 843.0772895812988 348.33189392089844 809.3489990234375 348.33189392089844
808.4100341796875 279.60833740234375 842.0478324890137 279.60833740234375 842.0478324890137 348.70213317871094 808.4100341796875 348.70213317871094
807.520263671875 280.11273193359375 841.0005760192871 280.11273193359375 841.0005760192871 348.88304901123047 807.520263671875 348.88304901123047
805.3790283203125 280.8420104980469 838.6085319519043 280.8420104980469 838.6085319519043 349.09715270996094 805.3790283203125 349.09715270996094
803.816162109375 280.2815856933594 837.684642791748 280.2815856933594 837.684642791748 349.8492202758789 803.816162109375 349.8492202758789
799.8768310546875 279.095458984375 834.1021308898926 279.095458984375 834.1021308898926 349.39601135253906 799.8768310546875 349.39601135253906
800.2022094726562 279.8207092285156 833.8447036743164 279.8207092285156 833.8447036743164 348.9241485595703 800.2022094726562 348.9241485595703
798.8463134765625 279.08648681640625 832.6759643554688 279.08648681640625 832.6759643554688 348.57435607910156 798.8463134765625 348.57435607910156
796.7188720703125 278.6365661621094 830.7785415649414 278.6365661621094 830.7785415649414 348.5969009399414 796.7188720703125 348.5969009399414
795.2548828125 281.76995849609375 829.0047378540039 281.76995849609375 829.0047378540039 351.09391021728516 795.2548828125 351.09391021728516
794.0774536132812 278.6913757324219 828.2062377929688 278.6913757324219 828.2062377929688 348.7936706542969 794.0774536132812 348.7936706542969
793.2415161132812 279.38848876953125 827.9806365966797 279.38848876953125 827.9806365966797 350.74444580078125 793.2415161132812 350.74444580078125
792.1890869140625 279.676025390625 826.5456161499023 279.676025390625 826.5456161499023 350.2461166381836 792.1890869140625 350.2461166381836
789.2771606445312 279.39788818359375 823.5918998718262 279.39788818359375 823.5918998718262 349.8821334838867 789.2771606445312 349.8821334838867
788.3870849609375 277.92401123046875 822.9951057434082 277.92401123046875 822.9951057434082 349.0106658935547 788.3870849609375 349.0106658935547
785.1483154296875 279.41168212890625 820.0355072021484 279.41168212890625 820.0355072021484 349.80310821533203 785.1483154296875 349.80310821533203
784.2628173828125 280.1221618652344 818.3687019348145 280.1221618652344 818.3687019348145 350.1774139404297 784.2628173828125 350.1774139404297
784.0074462890625 279.41278076171875 817.654411315918 279.41278076171875 817.654411315918 347.80006408691406 784.0074462890625 347.80006408691406
782.7521362304688 280.32208251953125 816.1483154296875 280.32208251953125 816.1483154296875 348.9195785522461 782.7521362304688 348.9195785522461
778.8433837890625 278.6795959472656 811.9223785400391 278.6795959472656 811.9223785400391 345.4062271118164 778.8433837890625 345.4062271118164
778.4118041992188 279.60760498046875 811.5296630859375 279.60760498046875 811.5296630859375 346.2866668701172 778.4118041992188 346.2866668701172
776.0655517578125 278.37542724609375 809.6953468322754 278.37542724609375 809.6953468322754 347.1114273071289 776.0655517578125 347.1114273071289
775.1549072265625 276.8627014160156 808.7389869689941 276.8627014160156 808.7389869689941 345.8461456298828 775.1549072265625 345.8461456298828
774.2376708984375 275.5762023925781 808.2753982543945 275.5762023925781 808.2753982543945 345.491455078125 774.2376708984375 345.491455078125
771.7141723632812 276.42547607421875 805.8321685791016 276.42547607421875 805.8321685791016 346.50559997558594 771.7141723632812 346.50559997558594
769.1389770507812 279.2600402832031 803.2584648132324 279.2600402832031 803.2584648132324 349.3432312011719 769.1389770507812 349.3432312011719
767.2799072265625 278.84808349609375 801.3405609130859 278.84808349609375 801.3405609130859 348.8104248046875 767.2799072265625 348.8104248046875
766.6233520507812 276.9317626953125 800.9126396179199 276.9317626953125 800.9126396179199 347.36373138427734 766.6233520507812 347.36373138427734
765.0344848632812 276.992919921875 798.9520034790039 276.992919921875 798.9520034790039 346.66126251220703 765.0344848632812 346.66126251220703
762.9788208007812 278.1641540527344 796.7015266418457 278.1641540527344 796.7015266418457 347.4323425292969 762.9788208007812 347.4323425292969
760.2615966796875 278.1722717285156 793.7691841125488 278.1722717285156 793.7691841125488 346.99859619140625 760.2615966796875 346.99859619140625
758.3494262695312 278.2801208496094 791.5912208557129 278.2801208496094 791.5912208557129 345.59888458251953 758.3494262695312 345.59888458251953
756.8565673828125 278.88836669921875 789.8940620422363 278.88836669921875 789.8940620422363 346.7490921020508 756.8565673828125 346.7490921020508
755.3945922851562 277.2724609375 787.8433570861816 277.2724609375 787.8433570861816 343.9239044189453 755.3945922851562 343.9239044189453
755.3961791992188 279.05633544921875 787.7599983215332 279.05633544921875 787.7599983215332 345.5332946777344 755.3961791992188 345.5332946777344
750.4813232421875 278.18359375 783.4789848327637 278.18359375 783.4789848327637 345.9625015258789 750.4813232421875 345.9625015258789
750.2623291015625 281.64862060546875 783.7307014465332 281.64862060546875 783.7307014465332 350.3943862915039 750.2623291015625 350.3943862915039
751.4369506835938 281.3497619628906 784.9099235534668 281.3497619628906 784.9099235534668 350.10498046875 751.4369506835938 350.10498046875
745.56884765625 284.51025390625 779.3958396911621 284.51025390625 779.3958396911621 352.48399353027344 745.56884765625 352.48399353027344
747.5380249023438 280.1505432128906 780.6139907836914 280.1505432128906 780.6139907836914 348.09029388427734 747.5380249023438 348.09029388427734
759.494873046875 282.951904296875 792.3505058288574 282.951904296875 792.3505058288574 346.2479019165039 759.494873046875 346.2479019165039
742.5546875 277.74493408203125 774.3797187805176 277.74493408203125 774.3797187805176 343.1152038574219 742.5546875 343.1152038574219
739.4808349609375 280.09271240234375 770.8895053863525 280.09271240234375 770.8895053863525 344.6077575683594 739.4808349609375 344.6077575683594
743.2928466796875 281.25787353515625 774.8877925872803 281.25787353515625 774.8877925872803 346.1555404663086 743.2928466796875 346.1555404663086
737.8219604492188 280.6370849609375 768.6031742095947 280.6370849609375 768.6031742095947 343.8633041381836 737.8219604492188 343.8633041381836
735.2843627929688 279.51776123046875 765.6672477722168 279.51776123046875 765.6672477722168 341.9257926940918 735.2843627929688 341.9257926940918
734.53759765625 280.23065185546875 764.9369411468506 280.23065185546875 764.9369411468506 342.67249298095703 734.53759765625 342.67249298095703
733.6505126953125 279.7585754394531 764.0191078186035 279.7585754394531 764.0191078186035 342.13725662231445 733.6505126953125 342.13725662231445
732.9244995117188 279.60223388671875 763.1113529205322 279.60223388671875 763.1113529205322 341.6076126098633 732.9244995117188 341.6076126098633
730.2862548828125 279.0625 761.1468105316162 279.0625 761.1468105316162 342.45169830322266 730.2862548828125 342.45169830322266
727.4407348632812 278.28143310546875 757.8997859954834 278.28143310546875 757.8997859954834 340.8459167480469 727.4407348632812 340.8459167480469
726.7821655273438 278.887939453125 756.9023246765137 278.887939453125 756.9023246765137 340.7563247680664 726.7821655273438 340.7563247680664
725.59521484375 278.00213623046875 755.4604644775391 278.00213623046875 755.4604644775391 339.346923828125 725.59521484375 339.346923828125
724.2042846679688 277.9593505859375 753.7547607421875 277.9593505859375 753.7547607421875 338.6575813293457 724.2042846679688 338.6575813293457
722.4705200195312 279.50811767578125 751.6705112457275 279.50811767578125 751.6705112457275 339.4864387512207 722.4705200195312 339.4864387512207
718.0780029296875 279.5399475097656 747.4822578430176 279.5399475097656 747.4822578430176 339.9378356933594 718.0780029296875 339.9378356933594
716.6027221679688 280.8370056152344 745.52907371521 280.8370056152344 745.52907371521 340.2532539367676 716.6027221679688 340.2532539367676
715.3719482421875 279.7790832519531 744.2588138580322 279.7790832519531 744.2588138580322 339.1142272949219 715.3719482421875 339.1142272949219
714.5980224609375 280.830322265625 743.5688781738281 280.830322265625 743.5688781738281 340.3379898071289 714.5980224609375 340.3379898071289
712.2940673828125 279.46124267578125 741.3291263580322 279.46124267578125 741.3291263580322 339.1007881164551 712.2940673828125 339.1007881164551
709.7598266601562 279.1222229003906 739.1952705383301 279.1222229003906 739.1952705383301 339.5841751098633 709.7598266601562 339.5841751098633
706.6876220703125 278.0640869140625 736.483699798584 278.0640869140625 736.483699798584 339.2668037414551 706.6876220703125 339.2668037414551
705.895751953125 277.8676452636719 736.1421394348145 277.8676452636719 736.1421394348145 339.9953193664551 705.895751953125 339.9953193664551
705.7052001953125 276.7091369628906 736.0418663024902 276.7091369628906 736.0418663024902 339.02225494384766 705.7052001953125 339.02225494384766
704.4654541015625 278.4198913574219 735.0341949462891 278.4198913574219 735.0341949462891 341.2097053527832 704.4654541015625 341.2097053527832
701.3230590820312 279.62432861328125 731.9852962493896 279.62432861328125 731.9852962493896 342.6061897277832 701.3230590820312 342.6061897277832
698.5235595703125 279.3672790527344 728.9792881011963 279.3672790527344 728.9792881011963 341.9249572753906 698.5235595703125 341.9249572753906
698.58984375 279.9625549316406 728.8180961608887 279.9625549316406 728.8180961608887 342.0529899597168 698.58984375 342.0529899597168
696.1309814453125 280.0653991699219 726.192102432251 280.0653991699219 726.192102432251 341.81253814697266 696.1309814453125 341.81253814697266
694.6953735351562 279.891845703125 724.5942497253418 279.891845703125 724.5942497253418 341.30572509765625 694.6953735351562 341.30572509765625
691.1806030273438 279.3052673339844 720.4907169342041 279.3052673339844 720.4907169342041 339.5097961425781 691.1806030273438 339.5097961425781
690.1993408203125 277.15032958984375 719.8212184906006 277.15032958984375 719.8212184906006 337.99523162841797 690.1993408203125 337.99523162841797
688.4124755859375 277.609130859375 718.0704097747803 277.609130859375 718.0704097747803 338.5280990600586 688.4124755859375 338.5280990600586
686.295654296875 277.86407470703125 715.6504573822021 277.86407470703125 715.6504573822021 338.1603889465332 686.295654296875 338.1603889465332
686.0643310546875 278.5647277832031 714.6744747161865 278.5647277832031 714.6744747161865 337.33147048950195 686.0643310546875 337.33147048950195
681.8709716796875 278.6226501464844 710.5807342529297 278.6226501464844 710.5807342529297 337.5940170288086 681.8709716796875 337.5940170288086
681.8090209960938 277.61614990234375 710.0834560394287 277.61614990234375 710.0834560394287 335.6933364868164 681.8090209960938 335.6933364868164
679.6714477539062 277.0682067871094 708.182201385498 277.0682067871094 708.182201385498 335.63080978393555 679.6714477539062 335.63080978393555
679.5611572265625 276.65673828125 708.6107845306396 276.65673828125 708.6107845306396 336.32622146606445 679.5611572265625 336.32622146606445
676.4893798828125 276.97052001953125 705.3265438079834 276.97052001953125 705.3265438079834 336.2035942077637 676.4893798828125 336.2035942077637
672.473876953125 276.5159912109375 701.5046997070312 276.5159912109375 701.5046997070312 336.14685821533203 672.473876953125 336.14685821533203
671.0125732421875 276.0228576660156 700.1775913238525 276.0228576660156 700.1775913238525 335.92937088012695 671.0125732421875 335.92937088012695
668.0703125 275.3645935058594 697.1581478118896 275.3645935058594 697.1581478118896 335.1125679016113 668.0703125 335.1125679016113
666.7994384765625 275.8484802246094 696.0444755554199 275.8484802246094 696.0444755554199 335.9193534851074 666.7994384765625 335.9193534851074
667.474609375 274.4964904785156 697.0757865905762 274.4964904785156 697.0757865905762 335.2988967895508 667.474609375 335.2988967895508
663.6612548828125 273.97576904296875 693.1660270690918 273.97576904296875 693.1660270690918 334.58015060424805 663.6612548828125 334.58015060424805
662.1328735351562 273.99871826171875 691.890100479126 273.99871826171875 691.890100479126 335.1216621398926 662.1328735351562 335.1216621398926
662.3672485351562 273.7915344238281 691.9498596191406 273.7915344238281 691.9498596191406 334.5558052062988 662.3672485351562 334.5558052062988
660.1478271484375 273.48272705078125 690.3133754730225 273.48272705078125 690.3133754730225 335.44438552856445 660.1478271484375 335.44438552856445
658.6910400390625 273.4485778808594 688.5807647705078 273.4485778808594 688.5807647705078 334.8436813354492 658.6910400390625 334.8436813354492
654.1281127929688 269.8177795410156 683.5510101318359 269.8177795410156 683.5510101318359 330.25399017333984 654.1281127929688 330.25399017333984
653.4308471679688 269.377685546875 682.531042098999 269.377685546875 682.531042098999 329.15105056762695 653.4308471679688 329.15105056762695
652.0382080078125 268.73028564453125 680.7781314849854 268.73028564453125 680.7781314849854 327.76363372802734 652.0382080078125 327.76363372802734
650.823974609375 271.2850341796875 679.276647567749 271.2850341796875 679.276647567749 329.72835540771484 650.823974609375 329.72835540771484
650.4544677734375 273.2320861816406 678.6248531341553 273.2320861816406 678.6248531341553 331.09557342529297 650.4544677734375 331.09557342529297
647.54443359375 271.12457275390625 675.4524269104004 271.12457275390625 675.4524269104004 328.4490852355957 647.54443359375 328.4490852355957
646.7020263671875 271.6121520996094 674.3105163574219 271.6121520996094 674.3105163574219 328.32147216796875 646.7020263671875 328.32147216796875
644.2337646484375 270.23974609375 671.58913230896 270.23974609375 671.58913230896 326.4291458129883 644.2337646484375 326.4291458129883
643.6932983398438 270.8101501464844 670.7563533782959 270.8101501464844 670.7563533782959 326.39912033081055 643.6932983398438 326.39912033081055
641.6834106445312 271.9912414550781 668.0960121154785 271.9912414550781 668.0960121154785 326.244140625 641.6834106445312 326.244140625
637.9293212890625 271.7823486328125 664.1195335388184 271.7823486328125 664.1195335388184 325.57845306396484 637.9293212890625 325.57845306396484
635.6597900390625 272.94403076171875 661.8895530700684 272.94403076171875 661.8895530700684 326.82137298583984 635.6597900390625 326.82137298583984
633.6514892578125 272.1941833496094 660.4959049224854 272.1941833496094 660.4959049224854 327.3340530395508 633.6514892578125 327.3340530395508
632.892578125 269.77313232421875 659.1618537902832 269.77313232421875 659.1618537902832 323.73162841796875 632.892578125 323.73162841796875
633.4117431640625 270.30706787109375 659.8665466308594 270.30706787109375 659.8665466308594 324.64665603637695 633.4117431640625 324.64665603637695
630.3970336914062 270.8376770019531 656.9700202941895 270.8376770019531 656.9700202941895 325.4200210571289 630.3970336914062 325.4200210571289
630.591796875 270.55267333984375 657.40869140625 270.55267333984375 657.40869140625 325.6360168457031 630.591796875 325.6360168457031
628.8082885742188 269.851318359375 655.6813507080078 269.851318359375 655.6813507080078 325.0500297546387 628.8082885742188 325.0500297546387
627.5050048828125 269.67755126953125 654.8001194000244 269.67755126953125 654.8001194000244 325.7431831359863 627.5050048828125 325.7431831359863
625.5339965820312 269.08404541015625 653.2081565856934 269.08404541015625 653.2081565856934 325.9282646179199 625.5339965820312 325.9282646179199
623.3206176757812 267.78021240234375 651.3605308532715 267.78021240234375 651.3605308532715 325.3757095336914 623.3206176757812 325.3757095336914
620.4083251953125 270.3196716308594 648.5285701751709 270.3196716308594 648.5285701751709 328.0801773071289 620.4083251953125 328.0801773071289
618.5364379882812 271.46990966796875 646.2439270019531 271.46990966796875 646.2439270019531 328.3825912475586 618.5364379882812 328.3825912475586
615.3937377929688 269.59515380859375 642.792028427124 269.59515380859375 642.792028427124 325.8727226257324 615.3937377929688 325.8727226257324
615.0071411132812 270.9422302246094 642.040340423584 270.9422302246094 642.040340423584 326.46988677978516 615.0071411132812 326.46988677978516
610.3942260742188 270.64154052734375 637.450403213501 270.64154052734375 637.450403213501 326.21639251708984 610.3942260742188 326.21639251708984
608.8442993164062 270.1675720214844 635.5748043060303 270.1675720214844 635.5748043060303 325.07347869873047 608.8442993164062 325.07347869873047
606.701904296875 269.7684631347656 633.3960208892822 269.7684631347656 633.3960208892822 324.5996284484863 606.701904296875 324.5996284484863
605.6149291992188 269.68304443359375 632.3579807281494 269.68304443359375 632.3579807281494 324.6147232055664 605.6149291992188 324.6147232055664
602.8101806640625 268.01519775390625 629.8630561828613 268.01519775390625 629.8630561828613 323.5832710266113 602.8101806640625 323.5832710266113
600.562255859375 268.10882568359375 627.5873756408691 268.10882568359375 627.5873756408691 323.6198844909668 600.562255859375 323.6198844909668
598.8521118164062 268.03924560546875 625.5931148529053 268.03924560546875 625.5931148529053 322.96671295166016 598.8521118164062 322.96671295166016
597.0880126953125 269.33367919921875 624.0348663330078 269.33367919921875 624.0348663330078 324.6839790344238 597.0880126953125 324.6839790344238
593.7257080078125 269.4716491699219 620.6986141204834 269.4716491699219 620.6986141204834 324.8754577636719 593.7257080078125 324.8754577636719
593.4754638671875 268.99658203125 620.4343929290771 268.99658203125 620.4343929290771 324.3716812133789 593.4754638671875 324.3716812133789
588.1900634765625 271.5902404785156 616.2366752624512 271.5902404785156 616.2366752624512 325.2059860229492 588.1900634765625 325.2059860229492
587.2547607421875 270.5170593261719 614.0767822265625 270.5170593261719 614.0767822265625 325.6109390258789 587.2547607421875 325.6109390258789
585.2342529296875 269.74029541015625 612.175500869751 269.74029541015625 612.175500869751 325.0790710449219 585.2342529296875 325.0790710449219
583.9797973632812 272.10919189453125 612.401611328125 272.10919189453125 612.401611328125 326.25211334228516 583.9797973632812 326.25211334228516
580.77197265625 272.3009338378906 610.9043369293213 272.3009338378906 610.9043369293213 325.63343048095703 580.77197265625 325.63343048095703
579.0360107421875 270.311279296875 606.2548980712891 270.311279296875 606.2548980712891 326.2203369140625 579.0360107421875 326.2203369140625
575.858642578125 270.5326232910156 604.8450469970703 270.5326232910156 604.8450469970703 326.4688186645508 575.858642578125 326.4688186645508
573.6353759765625 272.4169921875 603.2890567779541 272.4169921875 603.2890567779541 326.6147270202637 573.6353759765625 326.6147270202637
571.1988525390625 274.840087890625 602.6501216888428 274.840087890625 602.6501216888428 326.1057357788086 571.1988525390625 326.1057357788086
569.8082275390625 274.44244384765625 601.4435024261475 274.44244384765625 601.4435024261475 326.0492858886719 569.8082275390625 326.0492858886719
567.6416015625 276.4523010253906 598.2409820556641 276.4523010253906 598.2409820556641 326.5562744140625 567.6416015625 326.5562744140625
565.0859985351562 278.0144958496094 595.9375495910645 278.0144958496094 595.9375495910645 327.2979393005371 565.0859985351562 327.2979393005371
562.5367431640625 277.17071533203125 594.1229286193848 277.17071533203125 594.1229286193848 326.85051345825195 562.5367431640625 326.85051345825195
560.2652587890625 278.9283142089844 591.5680732727051 278.9283142089844 591.5680732727051 329.1193313598633 560.2652587890625 329.1193313598633
556.3983154296875 278.88018798828125 588.1830902099609 278.88018798828125 588.1830902099609 329.26111221313477 556.3983154296875 329.26111221313477
553.2006225585938 280.40521240234375 583.9869270324707 280.40521240234375 583.9869270324707 331.1223373413086 553.2006225585938 331.1223373413086
552.0443115234375 277.7510070800781 583.0574855804443 277.7510070800781 583.0574855804443 329.5189399719238 552.0443115234375 329.5189399719238
549.8577880859375 277.3719177246094 580.4629096984863 277.3719177246094 580.4629096984863 329.0262336730957 549.8577880859375 329.0262336730957
549.1181030273438 277.0604248046875 579.9673805236816 277.0604248046875 579.9673805236816 329.2924385070801 549.1181030273438 329.2924385070801
548.6588134765625 271.8392028808594 578.5708198547363 271.8392028808594 578.5708198547363 327.4548759460449 548.6588134765625 327.4548759460449
546.5977172851562 267.4510803222656 575.3092193603516 267.4510803222656 575.3092193603516 326.42603302001953 546.5977172851562 326.42603302001953
544.51123046875 268.905029296875 574.1213874816895 268.905029296875 574.1213874816895 327.44952392578125 544.51123046875 327.44952392578125
542.5464477539062 268.22015380859375 572.5562553405762 268.22015380859375 572.5562553405762 327.4708557128906 542.5464477539062 327.4708557128906
538.9415893554688 270.0276184082031 570.223180770874 270.0276184082031 570.223180770874 327.04755783081055 538.9415893554688 327.04755783081055
538.2930908203125 269.9820251464844 568.6563529968262 269.9820251464844 568.6563529968262 327.0545959472656 538.2930908203125 327.0545959472656
535.7392578125 275.80804443359375 566.3917694091797 275.80804443359375 566.3917694091797 327.6685676574707 535.7392578125 327.6685676574707
534.4471435546875 270.01129150390625 563.7141628265381 270.01129150390625 563.7141628265381 327.3548812866211 534.4471435546875 327.3548812866211
532.2701416015625 273.3534240722656 564.0768699645996 273.3534240722656 564.0768699645996 327.0954055786133 532.2701416015625 327.0954055786133
530.3312377929688 273.80694580078125 561.5364933013916 273.80694580078125 561.5364933013916 326.65612030029297 530.3312377929688 326.65612030029297
529.7780151367188 271.22515869140625 559.3994388580322 271.22515869140625 559.3994388580322 326.480224609375 529.7780151367188 326.480224609375
526.3472900390625 268.54461669921875 555.098690032959 268.54461669921875 555.098690032959 324.78670501708984 526.3472900390625 324.78670501708984
524.22509765625 270.7632751464844 553.002140045166 270.7632751464844 553.002140045166 325.16735076904297 524.22509765625 325.16735076904297
523.5616455078125 270.99560546875 551.3838195800781 270.99560546875 551.3838195800781 325.75699615478516 523.5616455078125 325.75699615478516
521.5319213867188 271.73443603515625 548.1432285308838 271.73443603515625 548.1432285308838 326.3954849243164 521.5319213867188 326.3954849243164
519.7433471679688 272.3877258300781 546.1139888763428 272.3877258300781 546.1139888763428 326.55443572998047 519.7433471679688 326.55443572998047
516.93359375 272.43536376953125 543.0067253112793 272.43536376953125 543.0067253112793 325.99097442626953 516.93359375 325.99097442626953
514.73486328125 271.5484313964844 541.2917079925537 271.5484313964844 541.2917079925537 326.0976142883301 514.73486328125 326.0976142883301
513.2841796875 271.33013916015625 540.082592010498 271.33013916015625 540.082592010498 326.3755187988281 513.2841796875 326.3755187988281
512.54150390625 271.6760559082031 539.6281642913818 271.6760559082031 539.6281642913818 327.31351470947266 512.54150390625 327.31351470947266
510.1058044433594 273.0413818359375 537.4828758239746 273.0413818359375 537.4828758239746 329.2753601074219 510.1058044433594 329.2753601074219
507.76898193359375 272.7408752441406 534.8359470367432 272.7408752441406 534.8359470367432 328.3378791809082 507.76898193359375 328.3378791809082
504.67327880859375 273.16033935546875 531.9987487792969 273.16033935546875 531.9987487792969 329.28832244873047 504.67327880859375 329.28832244873047
502.73358154296875 273.0524597167969 529.9985256195068 273.0524597167969 529.9985256195068 329.0561218261719 502.73358154296875 329.0561218261719
499.0152893066406 273.02252197265625 526.4551811218262 273.02252197265625 526.4551811218262 329.3855400085449 499.0152893066406 329.3855400085449
497.6849670410156 274.7945251464844 525.0716133117676 274.7945251464844 525.0716133117676 331.0481758117676 497.6849670410156 331.0481758117676
495.36572265625 274.1155700683594 522.671854019165 274.1155700683594 522.671854019165 330.2038345336914 495.36572265625 330.2038345336914
491.5880432128906 272.53717041015625 519.5693244934082 272.53717041015625 519.5693244934082 330.0122261047363 491.5880432128906 330.0122261047363
490.1883239746094 272.8942565917969 518.286205291748 272.8942565917969 518.286205291748 330.6088180541992 490.1883239746094 330.6088180541992
489.0089416503906 273.45269775390625 516.8912620544434 273.45269775390625 516.8912620544434 330.7244873046875 489.0089416503906 330.7244873046875
487.47869873046875 273.21514892578125 515.9007453918457 273.21514892578125 515.9007453918457 331.5955619812012 487.47869873046875 331.5955619812012
483.6495056152344 271.4646911621094 512.3399448394775 271.4646911621094 512.3399448394775 330.3963928222656 483.6495056152344 330.3963928222656
482.6065979003906 272.147216796875 511.93310546875 272.147216796875 511.93310546875 332.38543701171875 482.6065979003906 332.38543701171875
481.36676025390625 273.50018310546875 510.8420467376709 273.50018310546875 510.8420467376709 334.0439987182617 481.36676025390625 334.0439987182617
480.3135681152344 273.26861572265625 509.959228515625 273.26861572265625 509.959228515625 334.16239166259766 480.3135681152344 334.16239166259766
479.6444396972656 275.760009765625 508.6895294189453 275.760009765625 508.6895294189453 335.4201850891113 479.6444396972656 335.4201850891113
480.512939453125 282.92010498046875 509.3038845062256 282.92010498046875 509.3038845062256 342.0582504272461 480.512939453125 342.0582504272461
479.771240234375 282.4324645996094 508.193567276001 282.4324645996094 508.193567276001 340.8134460449219 479.771240234375 340.8134460449219
477.47467041015625 281.339599609375 505.7768497467041 281.339599609375 505.7768497467041 339.47379302978516 477.47467041015625 339.47379302978516
473.81103515625 282.735595703125 502.0295066833496 282.735595703125 502.0295066833496 340.6978530883789 473.81103515625 340.6978530883789
495.579833984375 267.7622985839844 523.8218841552734 267.7622985839844 523.8218841552734 325.77298736572266 495.579833984375 325.77298736572266
458.6407775878906 269.97222900390625 486.6689395904541 269.97222900390625 486.6689395904541 327.5435791015625 458.6407775878906 327.5435791015625
459.19561767578125 270.89617919921875 487.32605934143066 270.89617919921875 487.32605934143066 328.67761993408203 459.19561767578125 328.67761993408203
457.1294860839844 270.2934875488281 485.33884048461914 270.2934875488281 485.33884048461914 328.2370185852051 457.1294860839844 328.2370185852051
455.27874755859375 271.2868347167969 482.9166069030762 271.2868347167969 482.9166069030762 328.0564880371094 455.27874755859375 328.0564880371094
454.49005126953125 271.0122985839844 482.3576850891113 271.0122985839844 482.3576850891113 328.2539176940918 454.49005126953125 328.2539176940918
452.7391662597656 269.510009765625 480.1606636047363 269.510009765625 480.1606636047363 325.83524322509766 452.7391662597656 325.83524322509766
449.8553771972656 272.5351257324219 477.3587341308594 272.5351257324219 477.3587341308594 329.02850341796875 449.8553771972656 329.02850341796875
450.3497619628906 273.30645751953125 477.94768714904785 273.30645751953125 477.94768714904785 329.99407958984375 450.3497619628906 329.99407958984375
448.516845703125 273.934326171875 476.197509765625 273.934326171875 476.197509765625 330.7918930053711 448.516845703125 330.7918930053711
446.65557861328125 273.468505859375 474.091609954834 273.468505859375 474.091609954834 329.8235855102539 446.65557861328125 329.8235855102539
443.98870849609375 272.1446228027344 471.8093967437744 272.1446228027344 471.8093967437744 329.2898063659668 443.98870849609375 329.2898063659668
440.23553466796875 270.0285339355469 468.29461097717285 270.0285339355469 468.29461097717285 327.66337966918945 440.23553466796875 327.66337966918945
437.4356384277344 269.928466796875 465.7989902496338 269.928466796875 465.7989902496338 328.18830490112305 437.4356384277344 328.18830490112305
436.14508056640625 270.4514465332031 464.5163116455078 270.4514465332031 464.5163116455078 328.7274703979492 436.14508056640625 328.7274703979492
433.06903076171875 271.8194885253906 461.0624809265137 271.8194885253906 461.0624809265137 329.3195266723633 433.06903076171875 329.3195266723633
432.362060546875 272.6756896972656 460.26317405700684 272.6756896972656 460.26317405700684 329.9860649108887 432.362060546875 329.9860649108887
429.1292419433594 271.37115478515625 457.0868263244629 271.37115478515625 457.0868263244629 328.79752349853516 429.1292419433594 328.79752349853516
427.2142028808594 272.1689453125 455.1860809326172 272.1689453125 455.1860809326172 329.62467193603516 427.2142028808594 329.62467193603516
426.24517822265625 269.60699462890625 454.5969638824463 269.60699462890625 454.5969638824463 327.8430709838867 426.24517822265625 327.8430709838867
425.33917236328125 271.1965637207031 453.3090057373047 271.1965637207031 453.3090057373047 328.6480903625488 425.33917236328125 328.6480903625488
424.18304443359375 270.5448303222656 452.2488651275635 270.5448303222656 452.2488651275635 328.19351959228516 424.18304443359375 328.19351959228516
420.9032287597656 271.6056823730469 449.7480354309082 271.6056823730469 449.7480354309082 330.85444259643555 420.9032287597656 330.85444259643555
417.7350158691406 271.63043212890625 447.40158462524414 271.63043212890625 447.40158462524414 330.9858512878418 417.7350158691406 330.9858512878418
414.22369384765625 274.65435791015625 443.9572448730469 274.65435791015625 443.9572448730469 330.10908126831055 414.22369384765625 330.10908126831055
414.58367919921875 270.28387451171875 443.4806671142578 270.28387451171875 443.4806671142578 328.0264778137207 414.58367919921875 328.0264778137207
411.7020568847656 274.6185302734375 441.29736709594727 274.6185302734375 441.29736709594727 329.97510528564453 411.7020568847656 329.97510528564453
408.632080078125 273.840576171875 436.80384826660156 273.840576171875 436.80384826660156 328.9400939941406 408.632080078125 328.9400939941406
406.8868103027344 274.855224609375 435.3072700500488 274.855224609375 435.3072700500488 329.83179473876953 406.8868103027344 329.83179473876953
406.478271484375 274.7355041503906 433.6665897369385 274.7355041503906 433.6665897369385 330.4000549316406 406.478271484375 330.4000549316406
404.5302734375 273.4337463378906 432.59783363342285 273.4337463378906 432.59783363342285 331.4959716796875 404.5302734375 331.4959716796875
403.72540283203125 272.51861572265625 431.58673095703125 272.51861572265625 431.58673095703125 329.51948165893555 403.72540283203125 329.51948165893555
399.94281005859375 270.5111389160156 428.16310119628906 270.5111389160156 428.16310119628906 327.95409393310547 399.94281005859375 327.95409393310547
397.4315490722656 269.86492919921875 425.98077964782715 269.86492919921875 425.98077964782715 328.23956298828125 397.4315490722656 328.23956298828125
396.18865966796875 271.23931884765625 425.1092586517334 271.23931884765625 425.1092586517334 329.3689079284668 396.18865966796875 329.3689079284668
394.4710388183594 271.1230163574219 423.4014701843262 271.1230163574219 423.4014701843262 330.54766845703125 394.4710388183594 330.54766845703125
392.61322021484375 270.2554626464844 422.0475769042969 270.2554626464844 422.0475769042969 328.50200271606445 392.61322021484375 328.50200271606445
390.512451171875 271.30169677734375 419.93288803100586 271.30169677734375 419.93288803100586 329.9611930847168 390.512451171875 329.9611930847168
387.74188232421875 272.24560546875 417.00942611694336 272.24560546875 417.00942611694336 330.3489990234375 387.74188232421875 330.3489990234375
385.09857177734375 274.41705322265625 414.3504638671875 274.41705322265625 414.3504638671875 330.9636535644531 385.09857177734375 330.9636535644531
382.64813232421875 275.98773193359375 412.5625972747803 275.98773193359375 412.5625972747803 331.6029052734375 382.64813232421875 331.6029052734375
380.06756591796875 274.170166015625 409.8199157714844 274.170166015625 409.8199157714844 330.01802825927734 380.06756591796875 330.01802825927734
378.31317138671875 271.07958984375 406.8969535827637 271.07958984375 406.8969535827637 329.79218673706055 378.31317138671875 329.79218673706055
375.887939453125 270.1946716308594 404.3085079193115 270.1946716308594 404.3085079193115 328.572021484375 375.887939453125 328.572021484375
375.7999572753906 270.3929138183594 403.8721923828125 270.3929138183594 403.8721923828125 328.05477142333984 375.7999572753906 328.05477142333984
373.61663818359375 270.8200378417969 401.2444190979004 270.8200378417969 401.2444190979004 327.56896209716797 373.61663818359375 327.56896209716797
371.82269287109375 270.8562927246094 399.57590103149414 270.8562927246094 399.57590103149414 327.86285400390625 371.82269287109375 327.86285400390625
369.7565002441406 270.2513427734375 396.9023094177246 270.2513427734375 396.9023094177246 326.0102767944336 369.7565002441406 326.0102767944336
367.95111083984375 270.0461120605469 395.0635528564453 270.0461120605469 395.0635528564453 325.73651123046875 367.95111083984375 325.73651123046875
366.673828125 269.5854187011719 393.6399841308594 269.5854187011719 393.6399841308594 324.975341796875 366.673828125 324.975341796875
364.67376708984375 269.2315368652344 391.6601810455322 269.2315368652344 391.6601810455322 324.6630668640137 364.67376708984375 324.6630668640137
363.2197265625 269.7390441894531 390.55097007751465 269.7390441894531 390.55097007751465 325.8788757324219 363.2197265625 325.8788757324219
359.625244140625 272.2847595214844 387.3936710357666 272.2847595214844 387.3936710357666 329.32258224487305 359.625244140625 329.32258224487305
356.83331298828125 271.6206359863281 384.37396240234375 271.6206359863281 384.37396240234375 328.1905937194824 356.83331298828125 328.1905937194824
355.91802978515625 272.33447265625 383.2993221282959 272.33447265625 383.2993221282959 328.57709884643555 355.91802978515625 328.57709884643555
353.84637451171875 272.16412353515625 381.4779624938965 272.16412353515625 381.4779624938965 328.9208679199219 353.84637451171875 328.9208679199219
352.9283142089844 270.41900634765625 380.90375328063965 270.41900634765625 380.90375328063965 327.88204193115234 352.9283142089844 327.88204193115234
350.13568115234375 269.02825927734375 377.8169403076172 269.02825927734375 377.8169403076172 325.88703536987305 350.13568115234375 325.88703536987305
349.2978820800781 269.6811828613281 376.71779441833496 269.6811828613281 376.71779441833496 326.0031433105469 349.2978820800781 326.0031433105469
347.42535400390625 268.9638366699219 374.77306747436523 268.9638366699219 374.77306747436523 325.13750076293945 347.42535400390625 325.13750076293945
346.25653076171875 269.78985595703125 373.72153091430664 269.78985595703125 373.72153091430664 326.20442962646484 346.25653076171875 326.20442962646484
344.6230773925781 269.7276916503906 371.7346992492676 269.7276916503906 371.7346992492676 325.4164047241211 344.6230773925781 325.4164047241211
342.77728271484375 269.9386291503906 370.39211082458496 269.9386291503906 370.39211082458496 326.6609573364258 342.77728271484375 326.6609573364258
340.33740234375 271.1129150390625 368.0965061187744 271.1129150390625 368.0965061187744 328.131591796875 340.33740234375 328.131591796875
338.86529541015625 269.7647705078125 367.1011772155762 269.7647705078125 367.1011772155762 327.76277923583984 338.86529541015625 327.76277923583984
336.473388671875 272.4881591796875 364.6238307952881 272.4881591796875 364.6238307952881 330.3106689453125 336.473388671875 330.3106689453125
335.25885009765625 272.2864685058594 363.55600357055664 272.2864685058594 363.55600357055664 330.4103317260742 335.25885009765625 330.4103317260742
331.4701843261719 271.23175048828125 359.99638748168945 271.23175048828125 359.99638748168945 329.82608795166016 331.4701843261719 329.82608795166016
328.7168884277344 272.03631591796875 357.25933837890625 272.03631591796875 357.25933837890625 330.66402435302734 328.7168884277344 330.66402435302734
326.3983459472656 270.69244384765625 355.150089263916 270.69244384765625 355.150089263916 329.75004959106445 326.3983459472656 329.75004959106445
324.5710754394531 270.68829345703125 353.3203182220459 270.68829345703125 353.3203182220459 329.74076080322266 324.5710754394531 329.74076080322266
323.0477600097656 270.4574279785156 351.7676029205322 270.4574279785156 351.7676029205322 329.4495048522949 323.0477600097656 329.4495048522949
320.81964111328125 271.63214111328125 349.46840476989746 271.63214111328125 349.46840476989746 330.4782180786133 320.81964111328125 330.4782180786133
318.86199951171875 272.50830078125 347.63958168029785 272.50830078125 347.63958168029785 331.61898040771484 318.86199951171875 331.61898040771484
316.82427978515625 272.0174255371094 345.32122802734375 272.0174255371094 345.32122802734375 330.55167388916016 316.82427978515625 330.55167388916016
315.09033203125 272.3590393066406 344.0932273864746 272.3590393066406 344.0932273864746 331.9325256347656 315.09033203125 331.9325256347656
314.51666259765625 271.8409118652344 343.83705139160156 271.8409118652344 343.83705139160156 332.0665473937988 314.51666259765625 332.0665473937988
312.04327392578125 271.5263977050781 341.0584144592285 271.5263977050781 341.0584144592285 331.1250419616699 312.04327392578125 331.1250419616699
309.94854736328125 273.2079162597656 339.0850372314453 273.2079162597656 339.0850372314453 333.0558166503906 309.94854736328125 333.0558166503906
308.0708312988281 273.953125 336.64244079589844 273.953125 336.64244079589844 332.6407356262207 308.0708312988281 332.6407356262207
307.00579833984375 273.11968994140625 335.72093200683594 273.11968994140625 335.72093200683594 332.10211181640625 307.00579833984375 332.10211181640625
304.83868408203125 273.63323974609375 333.54150009155273 273.63323974609375 333.54150009155273 332.5903625488281 304.83868408203125 332.5903625488281
300.4996337890625 273.25067138671875 330.072940826416 273.25067138671875 330.072940826416 333.9958267211914 300.4996337890625 333.9958267211914
298.3153991699219 273.35028076171875 327.8723030090332 273.35028076171875 327.8723030090332 334.0617485046387 298.3153991699219 334.0617485046387
297.0209045410156 273.6794128417969 326.70483016967773 273.6794128417969 326.70483016967773 334.65179443359375 297.0209045410156 334.65179443359375
295.7784729003906 274.9081115722656 325.2432918548584 274.9081115722656 325.2432918548584 335.3435287475586 295.7784729003906 335.3435287475586
294.0540466308594 271.49615478515625 323.70766258239746 271.49615478515625 323.70766258239746 332.4062805175781 294.0540466308594 332.4062805175781
291.26873779296875 271.04473876953125 321.18906593322754 271.04473876953125 321.18906593322754 332.5027046203613 291.26873779296875 332.5027046203613
289.2939758300781 272.0423889160156 319.8050594329834 272.0423889160156 319.8050594329834 334.12537384033203 289.2939758300781 334.12537384033203
287.63763427734375 274.00787353515625 317.91650390625 274.00787353515625 317.91650390625 333.87679290771484 287.63763427734375 333.87679290771484
285.7314453125 273.23077392578125 316.4743957519531 273.23077392578125 316.4743957519531 334.36978912353516 285.7314453125 334.36978912353516
284.0926208496094 271.48382568359375 314.60669326782227 271.48382568359375 314.60669326782227 334.161376953125 284.0926208496094 334.161376953125
281.66064453125 271.315673828125 312.340051651001 271.315673828125 312.340051651001 334.3328323364258 281.66064453125 334.3328323364258
279.8946533203125 271.6483459472656 310.46832847595215 271.6483459472656 310.46832847595215 334.44832611083984 279.8946533203125 334.44832611083984
276.67779541015625 271.01483154296875 307.9849090576172 271.01483154296875 307.9849090576172 335.32132720947266 276.67779541015625 335.32132720947266
274.98419189453125 272.5353088378906 306.99800872802734 272.5353088378906 306.99800872802734 335.9519958496094 274.98419189453125 335.9519958496094
273.6231689453125 271.6222229003906 304.64690589904785 271.6222229003906 304.64690589904785 335.3466567993164 273.6231689453125 335.3466567993164
268.9486389160156 275.42828369140625 302.40071868896484 275.42828369140625 302.40071868896484 334.2749214172363 268.9486389160156 334.2749214172363
268.22357177734375 272.4277648925781 300.21636962890625 272.4277648925781 300.21636962890625 334.44929122924805 268.22357177734375 334.44929122924805
265.66424560546875 270.79339599609375 297.7401466369629 270.79339599609375 297.7401466369629 332.2382507324219 265.66424560546875 332.2382507324219
264.50433349609375 269.1446533203125 295.6587715148926 269.1446533203125 295.6587715148926 331.2752876281738 264.50433349609375 331.2752876281738
263.79852294921875 269.8898620605469 295.1660575866699 269.8898620605469 295.1660575866699 331.86559295654297 263.79852294921875 331.86559295654297
261.41900634765625 270.81878662109375 294.26092529296875 270.81878662109375 294.26092529296875 330.80463790893555 261.41900634765625 330.80463790893555
258.4710693359375 267.6117858886719 289.0794429779053 267.6117858886719 289.0794429779053 330.4830627441406 258.4710693359375 330.4830627441406
257.45745849609375 269.4241638183594 287.617733001709 269.4241638183594 287.617733001709 331.3750228881836 257.45745849609375 331.3750228881836
257.16839599609375 268.614013671875 287.04881858825684 268.614013671875 287.04881858825684 329.99003982543945 257.16839599609375 329.99003982543945
253.3931884765625 267.23199462890625 284.0294704437256 267.23199462890625 284.0294704437256 325.74360275268555 253.3931884765625 325.74360275268555
252.064453125 267.3525390625 281.2440128326416 267.3525390625 281.2440128326416 327.2889518737793 252.064453125 327.2889518737793
251.4598846435547 268.75384521484375 280.6091194152832 268.75384521484375 280.6091194152832 328.62796783447266 251.4598846435547 328.62796783447266
251.0625457763672 266.88311767578125 280.6513271331787 266.88311767578125 280.6513271331787 327.6600875854492 251.0625457763672 327.6600875854492
250.10595703125 268.02685546875 279.930233001709 268.02685546875 279.930233001709 329.28754806518555 250.10595703125 329.28754806518555
249.8160400390625 266.1260681152344 279.9186153411865 266.1260681152344 279.9186153411865 327.9584045410156 249.8160400390625 327.9584045410156
250.91262817382812 260.40081787109375 281.5128536224365 260.40081787109375 281.5128536224365 323.2553520202637 250.91262817382812 323.2553520202637
249.73971557617188 261.91326904296875 281.43061447143555 261.91326904296875 281.43061447143555 324.0769271850586 249.73971557617188 324.0769271850586
249.13589477539062 263.3719482421875 280.8768615722656 263.3719482421875 280.8768615722656 328.5696334838867 249.13589477539062 328.5696334838867
248.3695526123047 263.1473388671875 279.9693717956543 263.1473388671875 279.9693717956543 328.0550994873047 248.3695526123047 328.0550994873047
249.80810546875 263.36810302734375 281.3860263824463 263.36810302734375 281.3860263824463 328.2308883666992 249.80810546875 328.2308883666992
244.45993041992188 263.87554931640625 276.1585750579834 263.87554931640625 276.1585750579834 328.9863052368164 244.45993041992188 328.9863052368164
225.96640014648438 272.8707275390625 257.5172176361084 272.8707275390625 257.5172176361084 337.67784118652344 225.96640014648438 337.67784118652344
224.442626953125 273.0990295410156 256.0968723297119 273.0990295410156 256.0968723297119 338.1185989379883 224.442626953125 338.1185989379883
224.3198699951172 272.6728515625 255.91965675354004 272.6728515625 255.91965675354004 337.58055877685547 224.3198699951172 337.58055877685547
222.62570190429688 272.31976318359375 254.5078830718994 272.31976318359375 254.5078830718994 337.8075180053711 222.62570190429688 337.8075180053711
218.90457153320312 272.3611755371094 251.06364059448242 272.3611755371094 251.06364059448242 338.4176712036133 218.90457153320312 338.4176712036133
217.5060577392578 273.18011474609375 249.84814071655273 273.18011474609375 249.84814071655273 339.61253356933594 217.5060577392578 339.61253356933594
216.83627319335938 273.10198974609375 249.42373657226562 273.10198974609375 249.42373657226562 340.03843688964844 216.83627319335938 340.03843688964844
214.13980102539062 272.0694274902344 246.67091751098633 272.0694274902344 246.67091751098633 338.89014434814453 214.13980102539062 338.89014434814453
213.648681640625 271.11932373046875 246.20967864990234 271.11932373046875 246.20967864990234 338.0014190673828 213.648681640625 338.0014190673828
210.24368286132812 271.4012145996094 243.44715118408203 271.4012145996094 243.44715118408203 339.6029739379883 210.24368286132812 339.6029739379883
207.35360717773438 271.30096435546875 240.5886993408203 271.30096435546875 240.5886993408203 339.5676803588867 207.35360717773438 339.5676803588867
206.73379516601562 272.58831787109375 241.3726577758789 272.58831787109375 241.3726577758789 336.4254684448242 206.73379516601562 336.4254684448242
205.8042449951172 270.8472595214844 238.77176666259766 270.8472595214844 238.77176666259766 338.56436920166016 205.8042449951172 338.56436920166016
203.2923126220703 270.83721923828125 236.25599670410156 270.83721923828125 236.25599670410156 338.5464553833008 203.2923126220703 338.5464553833008
200.3309326171875 269.43829345703125 234.48224639892578 269.43829345703125 234.48224639892578 339.5869903564453 200.3309326171875 339.5869903564453
197.24417114257812 271.95941162109375 232.1357650756836 271.95941162109375 232.1357650756836 339.64815521240234 197.24417114257812 339.64815521240234
197.9678497314453 271.9296875 231.59711456298828 271.9296875 231.59711456298828 341.0060806274414 197.9678497314453 341.0060806274414
196.03660583496094 270.14453125 229.97539901733398 270.14453125 229.97539901733398 339.8567123413086 196.03660583496094 339.8567123413086
192.915771484375 271.49237060546875 226.40804290771484 271.49237060546875 226.40804290771484 340.2873764038086 192.915771484375 340.2873764038086
190.5322723388672 270.8492126464844 223.5799102783203 270.8492126464844 223.5799102783203 338.7309112548828 190.5322723388672 338.7309112548828
188.3973846435547 271.3125305175781 221.33995056152344 271.3125305175781 221.33995056152344 338.97840881347656 188.3973846435547 338.97840881347656
187.12332153320312 269.7306213378906 221.07035064697266 269.7306213378906 221.07035064697266 339.459716796875 187.12332153320312 339.459716796875
184.92642211914062 270.3577575683594 218.9593048095703 270.3577575683594 218.9593048095703 340.2632064819336 184.92642211914062 340.2632064819336
183.1862335205078 271.80487060546875 216.47445678710938 271.80487060546875 216.47445678710938 340.18074798583984 183.1862335205078 340.18074798583984
181.00875854492188 271.95550537109375 214.43138122558594 271.95550537109375 214.43138122558594 340.6074447631836 181.00875854492188 340.6074447631836
179.3673095703125 271.75799560546875 212.55884552001953 271.75799560546875 212.55884552001953 339.9352722167969 179.3673095703125 339.9352722167969
177.8396759033203 272.77777099609375 211.9566879272461 272.77777099609375 211.9566879272461 339.6861572265625 177.8396759033203 339.6861572265625
176.07154846191406 273.4793395996094 208.69044876098633 273.4793395996094 208.69044876098633 340.4803924560547 176.07154846191406 340.4803924560547
174.85836791992188 273.5335998535156 206.36030197143555 273.5335998535156 206.36030197143555 338.24034118652344 174.85836791992188 338.24034118652344
173.9280242919922 275.16754150390625 205.20705223083496 275.16754150390625 205.20705223083496 339.4164276123047 173.9280242919922 339.4164276123047
171.147705078125 273.91363525390625 201.97472190856934 273.91363525390625 201.97472190856934 337.2340621948242 171.147705078125 337.2340621948242
169.11309814453125 275.00115966796875 200.2682590484619 275.00115966796875 200.2682590484619 336.2276306152344 169.11309814453125 336.2276306152344
169.056640625 274.0360412597656 199.29249000549316 274.0360412597656 199.29249000549316 336.14217376708984 169.056640625 336.14217376708984
167.10159301757812 273.5650329589844 197.25473403930664 273.5650329589844 197.25473403930664 335.5012741088867 167.10159301757812 335.5012741088867
164.58200073242188 263.14453125 194.8703212738037 263.14453125 194.8703212738037 325.3584403991699 164.58200073242188 325.3584403991699
201.67625427246094 271.39093017578125 232.16945266723633 271.39093017578125 232.16945266723633 334.02567291259766 201.67625427246094 334.02567291259766
203.43978881835938 275.20416259765625 234.11224937438965 275.20416259765625 234.11224937438965 338.20711517333984 203.43978881835938 338.20711517333984
197.41946411132812 274.72576904296875 227.94345664978027 274.72576904296875 227.94345664978027 337.4237594604492 197.41946411132812 337.4237594604492
191.5889434814453 275.18634033203125 222.20398330688477 275.18634033203125 222.20398330688477 338.07135009765625 191.5889434814453 338.07135009765625
183.61343383789062 275.5625305175781 213.86872482299805 275.5625305175781 213.86872482299805 337.7085952758789 183.61343383789062 337.7085952758789
171.27023315429688 274.717529296875 201.54293823242188 274.717529296875 201.54293823242188 336.89936447143555 171.27023315429688 336.89936447143555
164.9984588623047 274.678955078125 195.40415382385254 274.678955078125 195.40415382385254 337.13396072387695 164.9984588623047 337.13396072387695
149.63400268554688 274.9923095703125 180.08131408691406 274.9923095703125 180.08131408691406 334.7769660949707 149.63400268554688 334.7769660949707
146.3597412109375 269.2146301269531 176.37685012817383 269.2146301269531 176.37685012817383 330.87145233154297 146.3597412109375 330.87145233154297
141.54356384277344 272.6166687011719 171.62996292114258 272.6166687011719 171.62996292114258 334.4158134460449 141.54356384277344 334.4158134460449
139.018310546875 271.6802062988281 169.2377109527588 271.6802062988281 169.2377109527588 333.7525405883789 139.018310546875 333.7525405883789
142.13613891601562 274.8563537597656 172.94647598266602 274.8563537597656 172.94647598266602 332.2176818847656 142.13613891601562 332.2176818847656
130.4482421875 276.6153869628906 161.66303634643555 276.6153869628906 161.66303634643555 335.21068572998047 130.4482421875 335.21068572998047
138.451904296875 272.49761962890625 168.76263809204102 272.49761962890625 168.76263809204102 332.5047912597656 138.451904296875 332.5047912597656
135.55503845214844 273.8862609863281 165.66175270080566 273.8862609863281 165.66175270080566 332.74817657470703 135.55503845214844 332.74817657470703
135.60887145996094 275.76495361328125 164.652587890625 275.76495361328125 164.652587890625 328.86388397216797 135.60887145996094 328.86388397216797
132.92031860351562 276.54150390625 161.76704025268555 276.54150390625 161.76704025268555 330.4276313781738 132.92031860351562 330.4276313781738
132.30807495117188 276.3468933105469 161.41897010803223 276.3468933105469 161.41897010803223 330.0245170593262 132.30807495117188 330.0245170593262
131.06161499023438 276.53399658203125 158.85618019104004 276.53399658203125 158.85618019104004 330.6516418457031 131.06161499023438 330.6516418457031
128.54652404785156 274.8985290527344 156.1623592376709 274.8985290527344 156.1623592376709 330.4343070983887 128.54652404785156 330.4343070983887
126.4861831665039 275.3590087890625 154.44751167297363 275.3590087890625 154.44751167297363 331.6691207885742 126.4861831665039 331.6691207885742
125.39817810058594 274.9127502441406 153.65194129943848 274.9127502441406 153.65194129943848 331.0961608886719 125.39817810058594 331.0961608886719
124.31303405761719 274.48333740234375 152.26220703125 274.48333740234375 152.26220703125 331.8924865722656 124.31303405761719 331.8924865722656
121.84574127197266 275.37469482421875 149.59665298461914 275.37469482421875 149.59665298461914 332.3765983581543 121.84574127197266 332.3765983581543
120.72230529785156 274.62744140625 148.12179565429688 274.62744140625 148.12179565429688 330.9075012207031 120.72230529785156 330.9075012207031
117.7938003540039 277.738525390625 145.42558097839355 277.738525390625 145.42558097839355 334.4957160949707 117.7938003540039 334.4957160949707
116.01325988769531 277.0091247558594 144.2456398010254 277.0091247558594 144.2456398010254 332.57666015625 116.01325988769531 332.57666015625
113.91642761230469 276.1526794433594 141.57395362854004 276.1526794433594 141.57395362854004 332.9627456665039 113.91642761230469 332.9627456665039
111.4031753540039 276.51019287109375 139.39387893676758 276.51019287109375 139.39387893676758 334.0046272277832 111.4031753540039 334.0046272277832
109.97420501708984 275.0596008300781 137.73136711120605 275.0596008300781 137.73136711120605 332.0743293762207 109.97420501708984 332.0743293762207
108.26080322265625 275.6125183105469 135.94762229919434 275.6125183105469 135.94762229919434 332.4827575683594 108.26080322265625 332.4827575683594
107.36332702636719 276.4170227050781 135.11866188049316 276.4170227050781 135.11866188049316 333.4279975891113 107.36332702636719 333.4279975891113
105.30851745605469 275.8912048339844 133.12054061889648 275.8912048339844 133.12054061889648 333.0186233520508 105.30851745605469 333.0186233520508
104.6965103149414 277.05999755859375 132.57210159301758 277.05999755859375 132.57210159301758 334.3179817199707 104.6965103149414 334.3179817199707
102.9757080078125 277.0915222167969 130.98322677612305 277.0915222167969 130.98322677612305 334.62049102783203 102.9757080078125 334.62049102783203
100.99790954589844 277.37091064453125 128.90646934509277 277.37091064453125 128.90646934509277 334.6966133117676 100.99790954589844 334.6966133117676
99.01130676269531 276.5189208984375 127.68674659729004 276.5189208984375 127.68674659729004 335.41983795166016 99.01130676269531 335.41983795166016
97.98973846435547 276.6416320800781 126.65804862976074 276.6416320800781 126.65804862976074 335.52790451049805 97.98973846435547 335.52790451049805
96.16875457763672 277.3829650878906 124.99443244934082 277.3829650878906 124.99443244934082 336.5924873352051 96.16875457763672 336.5924873352051
94.90675354003906 277.08074951171875 123.57356262207031 277.08074951171875 123.57356262207031 335.96395111083984 94.90675354003906 335.96395111083984
92.54034423828125 278.01544189453125 120.50924301147461 278.01544189453125 120.50924301147461 335.46509552001953 92.54034423828125 335.46509552001953
89.70623016357422 276.35455322265625 118.18351554870605 276.35455322265625 118.18351554870605 334.84846115112305 89.70623016357422 334.84846115112305
87.9459228515625 275.15423583984375 115.96293067932129 275.15423583984375 115.96293067932129 332.70270919799805 87.9459228515625 332.70270919799805
86.84971618652344 276.68719482421875 114.61791038513184 276.68719482421875 114.61791038513184 333.7245979309082 86.84971618652344 333.7245979309082
86.57032775878906 276.1313781738281 113.62191772460938 276.1313781738281 113.62191772460938 331.6968307495117 86.57032775878906 331.6968307495117
84.50098419189453 275.80145263671875 111.37382698059082 275.80145263671875 111.37382698059082 330.9997444152832 84.50098419189453 330.9997444152832
82.79495239257812 275.0104064941406 109.78277969360352 275.0104064941406 109.78277969360352 330.4448776245117 82.79495239257812 330.4448776245117
81.12763977050781 275.1769104003906 108.3690299987793 275.1769104003906 108.3690299987793 331.1322135925293 81.12763977050781 331.1322135925293
80.44469451904297 274.9552001953125 107.61185836791992 274.9552001953125 107.61185836791992 330.7580337524414 80.44469451904297 330.7580337524414
78.95838165283203 276.6175842285156 105.80274200439453 276.6175842285156 105.80274200439453 331.75736236572266 78.95838165283203 331.75736236572266
76.33502197265625 275.6556701660156 103.1708927154541 275.6556701660156 103.1708927154541 330.77801513671875 76.33502197265625 330.77801513671875
75.86293029785156 275.0686340332031 102.94252586364746 275.0686340332031 102.94252586364746 330.6916084289551 75.86293029785156 330.6916084289551
74.93267059326172 275.5074157714844 102.1310863494873 275.5074157714844 102.1310863494873 331.37445068359375 74.93267059326172 331.37445068359375
72.91876220703125 275.6827697753906 99.7176513671875 275.6827697753906 99.7176513671875 330.7291564941406 72.91876220703125 330.7291564941406
71.5801010131836 275.3634338378906 98.49702072143555 275.3634338378906 98.49702072143555 330.65225982666016 71.5801010131836 330.65225982666016
68.96149444580078 276.96533203125 95.47651863098145 276.96533203125 95.47651863098145 331.4286422729492 68.96149444580078 331.4286422729492
66.58133697509766 276.2619934082031 93.1741828918457 276.2619934082031 93.1741828918457 330.8851547241211 66.58133697509766 330.8851547241211
64.5787353515625 275.76702880859375 91.0443229675293 275.76702880859375 91.0443229675293 330.1287956237793 64.5787353515625 330.1287956237793
63.29582977294922 276.40411376953125 89.47385787963867 276.40411376953125 89.47385787963867 330.17522048950195 63.29582977294922 330.17522048950195
62.99335861206055 278.5538635253906 88.36446571350098 278.5538635253906 88.36446571350098 330.6675109863281 62.99335861206055 330.6675109863281
60.982933044433594 276.4225769042969 86.0769271850586 276.4225769042969 86.0769271850586 327.9670181274414 60.982933044433594 327.9670181274414
59.64514923095703 276.6543884277344 85.21875190734863 276.6543884277344 85.21875190734863 329.18396759033203 59.64514923095703 329.18396759033203
58.554412841796875 276.34344482421875 84.06991958618164 276.34344482421875 84.06991958618164 328.75370025634766 58.554412841796875 328.75370025634766
56.98194122314453 276.657470703125 82.34688377380371 276.657470703125 82.34688377380371 328.75846099853516 56.98194122314453 328.75846099853516
56.286407470703125 276.001220703125 81.90200233459473 276.001220703125 81.90200233459473 328.6170654296875 56.286407470703125 328.6170654296875
55.091583251953125 275.4557800292969 80.41659927368164 275.4557800292969 80.41659927368164 327.4747619628906 55.091583251953125 327.4747619628906
52.510589599609375 276.1405029296875 78.19638633728027 276.1405029296875 78.19638633728027 328.9005546569824 52.510589599609375 328.9005546569824
50.91428756713867 274.99627685546875 76.41500854492188 274.99627685546875 76.41500854492188 327.3761787414551 50.91428756713867 327.3761787414551
47.63475799560547 274.0926818847656 72.78130722045898 274.0926818847656 72.78130722045898 325.7450942993164 47.63475799560547 325.7450942993164
45.83012390136719 271.6142578125 71.06847190856934 271.6142578125 71.06847190856934 323.4552307128906 45.83012390136719 323.4552307128906
43.37896728515625 273.38372802734375 67.96557235717773 273.38372802734375 67.96557235717773 323.885986328125 43.37896728515625 323.885986328125
43.10814666748047 273.7218933105469 67.41883277893066 273.7218933105469 67.41883277893066 323.6573944091797 43.10814666748047 323.6573944091797
42.460105895996094 273.9179992675781 66.34825325012207 273.9179992675781 66.34825325012207 322.98558044433594 42.460105895996094 322.98558044433594
41.32582473754883 273.76519775390625 64.94264030456543 273.76519775390625 64.94264030456543 322.275447845459 41.32582473754883 322.275447845459
39.813480377197266 273.2580261230469 63.08723449707031 273.2580261230469 63.08723449707031 321.0636100769043 39.813480377197266 321.0636100769043
38.688323974609375 272.2868957519531 61.73795509338379 272.2868957519531 61.73795509338379 319.6321220397949 38.688323974609375 319.6321220397949
37.97909927368164 271.27874755859375 61.024824142456055 271.27874755859375 61.024824142456055 318.6159439086914 37.97909927368164 318.6159439086914
37.70659637451172 271.46661376953125 60.60710906982422 271.46661376953125 60.60710906982422 318.5055351257324 37.70659637451172 318.5055351257324
35.241451263427734 272.27130126953125 58.163251876831055 272.27130126953125 58.163251876831055 319.3539505004883 35.241451263427734 319.3539505004883
34.97101593017578 271.8099670410156 57.569881439208984 271.8099670410156 57.569881439208984 318.2292938232422 34.97101593017578 318.2292938232422
33.713497161865234 270.93072509765625 56.39506149291992 270.93072509765625 56.39506149291992 317.5199203491211 33.713497161865234 317.5199203491211
30.51412010192871 271.9361877441406 53.16482734680176 271.9361877441406 53.16482734680176 318.46199798583984 30.51412010192871 318.46199798583984
27.844646453857422 273.177001953125 50.53963851928711 273.177001953125 50.53963851928711 319.79377365112305 27.844646453857422 319.79377365112305
27.590694427490234 274.7797546386719 50.53443908691406 274.7797546386719 50.53443908691406 321.90747833251953 27.590694427490234 321.90747833251953
26.81316566467285 274.19329833984375 50.18408012390137 274.19329833984375 50.18408012390137 322.1984519958496 26.81316566467285 322.1984519958496
24.072521209716797 273.27117919921875 47.68546104431152 273.27117919921875 47.68546104431152 321.77346420288086 24.072521209716797 321.77346420288086
21.718576431274414 272.8587951660156 45.92235565185547 272.8587951660156 45.92235565185547 322.57469940185547 21.718576431274414 322.57469940185547
22.34895133972168 272.1339111328125 46.59438705444336 272.1339111328125 46.59438705444336 321.93537521362305 22.34895133972168 321.93537521362305
20.629650115966797 273.35125732421875 44.86140823364258 273.35125732421875 44.86140823364258 323.12462615966797 20.629650115966797 323.12462615966797
19.75454330444336 273.7972412109375 44.19242858886719 273.7972412109375 44.19242858886719 323.99400329589844 19.75454330444336 323.99400329589844
18.21831703186035 270.65936279296875 43.08516502380371 270.65936279296875 43.08516502380371 321.7372360229492 18.21831703186035 321.7372360229492
16.785533905029297 270.645751953125 41.98278045654297 270.645751953125 41.98278045654297 322.4022903442383 16.785533905029297 322.4022903442383
15.463655471801758 269.46551513671875 40.915809631347656 269.46551513671875 40.915809631347656 321.74565505981445 15.463655471801758 321.74565505981445
18.19993019104004 273.3155517578125 43.78597450256348 273.3155517578125 43.78597450256348 325.8707084655762 18.19993019104004 325.8707084655762
18.798879623413086 274.0823974609375 44.25630187988281 274.0823974609375 44.25630187988281 326.3733596801758 18.798879623413086 326.3733596801758
9.821642875671387 271.45867919921875 35.46910381317139 271.45867919921875 35.46910381317139 324.1399955749512 9.821642875671387 324.1399955749512
12.158778190612793 272.6441955566406 38.17362117767334 272.6441955566406 38.17362117767334 326.08013916015625 12.158778190612793 326.08013916015625
5.111244201660156 270.5081481933594 30.93600845336914 270.5081481933594 30.93600845336914 323.55366134643555 5.111244201660156 323.55366134643555
2.480189323425293 270.4765625 28.271321296691895 270.4765625 28.271321296691895 323.4529914855957 2.480189323425293 323.4529914855957
0.0765281692147255 269.7532653808594 26.459956742823124 269.7532653808594 26.459956742823124 323.9463081359863 0.0765281692147255 323.9463081359863
