730.0 318.0 848.0 318.0 848.0 349.0 730.0 349.0
735.4420776367188 317.76239013671875 850.1718521118164 317.76239013671875 850.1718521118164 348.250524520874 735.4420776367188 348.250524520874
733.9166870117188 317.48101806640625 847.6935195922852 317.48101806640625 847.6935195922852 347.83256912231445 733.9166870117188 347.83256912231445
725.4646606445312 318.34130859375 835.1866607666016 318.34130859375 835.1866607666016 347.0992794036865 725.4646606445312 347.0992794036865
732.7474975585938 317.78997802734375 841.8887329101562 317.78997802734375 841.8887329101562 345.85747146606445 732.7474975585938 345.85747146606445
731.9072875976562 315.5968322753906 846.7348480224609 315.5968322753906 846.7348480224609 345.763391494751 731.9072875976562 345.763391494751
727.9548950195312 316.8810119628906 834.3155746459961 316.8810119628906 834.3155746459961 343.7572841644287 727.9548950195312 343.7572841644287
717.2711181640625 316.8815002441406 825.1496429443359 316.8815002441406 825.1496429443359 343.6295356750488 717.2711181640625 343.6295356750488
711.7156982421875 317.0155334472656 819.9871826171875 317.0155334472656 819.9871826171875 343.0679054260254 711.7156982421875 343.0679054260254
687.5064697265625 315.46319580078125 804.3207168579102 315.46319580078125 804.3207168579102 346.15168380737305 687.5064697265625 346.15168380737305
680.1141357421875 317.52484130859375 792.9983673095703 317.52484130859375 792.9983673095703 345.1295585632324 680.1141357421875 345.1295585632324
675.1424560546875 316.36322021484375 792.6007232666016 316.36322021484375 792.6007232666016 345.5924377441406 675.1424560546875 345.5924377441406
681.7127685546875 315.15557861328125 796.7525177001953 315.15557861328125 796.7525177001953 345.1219825744629 681.7127685546875 345.1219825744629
677.2015380859375 313.8978576660156 795.0865097045898 313.8978576660156 795.0865097045898 344.9726219177246 677.2015380859375 344.9726219177246
672.4467163085938 313.1962890625 787.8304824829102 313.1962890625 787.8304824829102 344.46093368530273 672.4467163085938 344.46093368530273
670.7083129882812 315.4598083496094 785.5775985717773 315.4598083496094 785.5775985717773 345.6809844970703 670.7083129882812 345.6809844970703
661.7288818359375 317.0717468261719 776.9722671508789 317.0717468261719 776.9722671508789 346.3837432861328 661.7288818359375 346.3837432861328
649.5413818359375 317.8565979003906 764.3848495483398 317.8565979003906 764.3848495483398 347.4120788574219 649.5413818359375 347.4120788574219
660.6339111328125 319.754150390625 775.6708984375 319.754150390625 775.6708984375 349.9757270812988 660.6339111328125 349.9757270812988
656.0797729492188 319.1763610839844 771.5888290405273 319.1763610839844 771.5888290405273 349.5219535827637 656.0797729492188 349.5219535827637
631.6854858398438 320.0452880859375 745.7151489257812 320.0452880859375 745.7151489257812 349.3429203033447 631.6854858398438 349.3429203033447
620.1488647460938 320.1016845703125 739.0235595703125 320.1016845703125 739.0235595703125 348.3880424499512 620.1488647460938 348.3880424499512
621.7042236328125 318.0628967285156 739.3998260498047 318.0628967285156 739.3998260498047 347.482177734375 621.7042236328125 347.482177734375
624.0836181640625 317.43231201171875 738.4778671264648 317.43231201171875 738.4778671264648 347.4850273132324 624.0836181640625 347.4850273132324
596.7481689453125 318.4063415527344 718.8156280517578 318.4063415527344 718.8156280517578 346.12407875061035 596.7481689453125 346.12407875061035
587.1666259765625 320.64959716796875 706.9178009033203 320.64959716796875 706.9178009033203 348.669002532959 587.1666259765625 348.669002532959
593.1666259765625 321.8455505371094 712.9008407592773 321.8455505371094 712.9008407592773 351.832332611084 593.1666259765625 351.832332611084
579.9625854492188 323.6741638183594 704.1540985107422 323.6741638183594 704.1540985107422 353.0817928314209 579.9625854492188 353.0817928314209
576.5882568359375 325.21710205078125 697.7066421508789 325.21710205078125 697.7066421508789 355.6382865905762 576.5882568359375 355.6382865905762
570.4656982421875 325.64508056640625 689.8952407836914 325.64508056640625 689.8952407836914 357.02062606811523 570.4656982421875 357.02062606811523
561.6857299804688 326.5671691894531 680.4119491577148 326.5671691894531 680.4119491577148 357.7579402923584 561.6857299804688 357.7579402923584
561.2452392578125 329.355712890625 681.1419448852539 329.355712890625 681.1419448852539 359.4507293701172 561.2452392578125 359.4507293701172
555.3883666992188 331.21466064453125 677.8079681396484 331.21466064453125 677.8079681396484 358.83796310424805 555.3883666992188 358.83796310424805
551.3274536132812 332.4624938964844 670.2945327758789 332.4624938964844 670.2945327758789 358.9730110168457 551.3274536132812 358.9730110168457
545.7594604492188 332.4430236816406 665.6588516235352 332.4430236816406 665.6588516235352 358.9950466156006 545.7594604492188 358.9950466156006
540.9598388671875 333.31805419921875 663.8307723999023 333.31805419921875 663.8307723999023 359.0934600830078 540.9598388671875 359.0934600830078
541.0540161132812 333.3873596191406 666.5461044311523 333.3873596191406 666.5461044311523 359.7929935455322 541.0540161132812 359.7929935455322
538.1588745117188 334.04486083984375 665.3816680908203 334.04486083984375 665.3816680908203 360.40484619140625 538.1588745117188 360.40484619140625
529.9276123046875 333.358642578125 657.3419418334961 333.358642578125 657.3419418334961 360.44253158569336 529.9276123046875 360.44253158569336
528.690673828125 334.79608154296875 660.4795227050781 334.79608154296875 660.4795227050781 362.3523864746094 528.690673828125 362.3523864746094
537.102294921875 333.578125 665.4099731445312 333.578125 665.4099731445312 363.87132263183594 537.102294921875 363.87132263183594
544.544921875 333.3909606933594 672.5845947265625 333.3909606933594 672.5845947265625 364.26538467407227 544.544921875 364.26538467407227
537.5118408203125 332.26605224609375 660.8088531494141 332.26605224609375 660.8088531494141 364.65761947631836 537.5118408203125 364.65761947631836
538.371826171875 331.3278503417969 661.955322265625 331.3278503417969 661.955322265625 363.79468536376953 538.371826171875 363.79468536376953
533.4825439453125 327.69122314453125 655.1839599609375 327.69122314453125 655.1839599609375 359.6636142730713 533.4825439453125 359.6636142730713
533.1368408203125 325.7016906738281 656.9520721435547 325.7016906738281 656.9520721435547 358.22940826416016 533.1368408203125 358.22940826416016
533.21142578125 324.178466796875 657.7470092773438 324.178466796875 657.7470092773438 356.8954277038574 533.21142578125 356.8954277038574
521.9761352539062 322.31201171875 646.3429565429688 322.31201171875 646.3429565429688 355.7195854187012 521.9761352539062 355.7195854187012
521.0631103515625 321.723388671875 648.0517730712891 321.723388671875 648.0517730712891 355.0848045349121 521.0631103515625 355.0848045349121
526.1858520507812 322.0415954589844 654.1609268188477 322.0415954589844 654.1609268188477 355.6621513366699 526.1858520507812 355.6621513366699
512.0375366210938 318.9144592285156 639.6046752929688 318.9144592285156 639.6046752929688 352.6594352722168 512.0375366210938 352.6594352722168
511.0986328125 324.12554931640625 633.5549774169922 324.12554931640625 633.5549774169922 357.19061279296875 511.0986328125 357.19061279296875
511.7896423339844 320.28106689453125 643.3720397949219 320.28106689453125 643.3720397949219 356.805850982666 511.7896423339844 356.805850982666
510.1851501464844 324.3509521484375 636.5325393676758 324.3509521484375 636.5325393676758 358.7215461730957 510.1851501464844 358.7215461730957
500.60333251953125 320.75103759765625 636.0912780761719 320.75103759765625 636.0912780761719 355.6479949951172 500.60333251953125 355.6479949951172
501.8394470214844 322.42913818359375 644.4095458984375 322.42913818359375 644.4095458984375 357.45507049560547 501.8394470214844 357.45507049560547
498.75701904296875 320.6336364746094 633.6419982910156 320.6336364746094 633.6419982910156 354.04430389404297 498.75701904296875 354.04430389404297
491.89764404296875 320.9538269042969 628.0960083007812 320.9538269042969 628.0960083007812 353.9448013305664 491.89764404296875 353.9448013305664
479.13946533203125 318.6018981933594 611.581787109375 318.6018981933594 611.581787109375 353.24996185302734 479.13946533203125 353.24996185302734
496.69866943359375 321.2830505371094 639.4035949707031 321.2830505371094 639.4035949707031 357.3111114501953 496.69866943359375 357.3111114501953
492.1378479003906 320.34344482421875 637.8184204101562 320.34344482421875 637.8184204101562 356.92273712158203 492.1378479003906 356.92273712158203
487.4466857910156 320.3448486328125 636.3116455078125 320.3448486328125 636.3116455078125 356.4997024536133 487.4466857910156 356.4997024536133
480.79693603515625 325.3938903808594 632.9311370849609 325.3938903808594 632.9311370849609 359.90595626831055 480.79693603515625 359.90595626831055
487.11553955078125 326.3876037597656 644.0368804931641 326.3876037597656 644.0368804931641 361.50313568115234 487.11553955078125 361.50313568115234
482.9363708496094 326.14093017578125 627.4444274902344 326.14093017578125 627.4444274902344 359.35494232177734 482.9363708496094 359.35494232177734
478.3042907714844 326.5719909667969 625.1990661621094 326.5719909667969 625.1990661621094 359.1984634399414 478.3042907714844 359.1984634399414
474.85699462890625 325.156494140625 625.6159820556641 325.156494140625 625.6159820556641 358.9152069091797 474.85699462890625 358.9152069091797
482.6346130371094 322.152587890625 629.7916870117188 322.152587890625 629.7916870117188 358.3703155517578 482.6346130371094 358.3703155517578
474.72216796875 324.608154296875 613.8879699707031 324.608154296875 613.8879699707031 356.37370681762695 474.72216796875 356.37370681762695
475.3544921875 326.08795166015625 613.3877410888672 326.08795166015625 613.3877410888672 355.39719009399414 475.3544921875 355.39719009399414
465.28173828125 321.60443115234375 601.3935852050781 321.60443115234375 601.3935852050781 352.5755424499512 465.28173828125 352.5755424499512
465.27996826171875 320.2655334472656 599.0748596191406 320.2655334472656 599.0748596191406 352.1066646575928 465.27996826171875 352.1066646575928
463.744140625 318.3006896972656 597.6047058105469 318.3006896972656 597.6047058105469 350.52878189086914 463.744140625 350.52878189086914
461.78826904296875 318.587646484375 597.2486724853516 318.587646484375 597.2486724853516 351.0844955444336 461.78826904296875 351.0844955444336
459.14544677734375 319.92889404296875 597.5609588623047 319.92889404296875 597.5609588623047 352.6039047241211 459.14544677734375 352.6039047241211
459.6993103027344 319.02081298828125 596.4083557128906 319.02081298828125 596.4083557128906 352.99216079711914 459.6993103027344 352.99216079711914
457.5877990722656 320.56939697265625 595.7839965820312 320.56939697265625 595.7839965820312 354.2287826538086 457.5877990722656 354.2287826538086
456.7330017089844 322.9857177734375 598.4808654785156 322.9857177734375 598.4808654785156 356.99471282958984 456.7330017089844 356.99471282958984
458.49658203125 325.024169921875 599.6442108154297 325.024169921875 599.6442108154297 359.10972595214844 458.49658203125 359.10972595214844
456.8946228027344 329.05865478515625 604.0606536865234 329.05865478515625 604.0606536865234 361.6145210266113 456.8946228027344 361.6145210266113
467.358154296875 327.5747985839844 611.0450897216797 327.5747985839844 611.0450897216797 361.8052444458008 467.358154296875 361.8052444458008
464.1454162597656 329.9898986816406 613.6725921630859 329.9898986816406 613.6725921630859 362.77928924560547 464.1454162597656 362.77928924560547
463.68609619140625 331.7126770019531 610.0602416992188 331.7126770019531 610.0602416992188 363.0788116455078 463.68609619140625 363.0788116455078
465.5218811035156 331.50177001953125 612.2648773193359 331.50177001953125 612.2648773193359 363.4946994781494 465.5218811035156 363.4946994781494
468.3387145996094 331.2958068847656 609.2963562011719 331.2958068847656 609.2963562011719 363.98221588134766 468.3387145996094 363.98221588134766
468.7109375 330.53399658203125 605.3653259277344 330.53399658203125 605.3653259277344 362.571720123291 468.7109375 362.571720123291
468.8865661621094 329.57354736328125 602.1601257324219 329.57354736328125 602.1601257324219 362.43651962280273 468.8865661621094 362.43651962280273
467.8604431152344 329.41925048828125 598.3709106445312 329.41925048828125 598.3709106445312 362.41234588623047 467.8604431152344 362.41234588623047
465.3611755371094 329.4668884277344 595.6684417724609 329.4668884277344 595.6684417724609 361.5782241821289 465.3611755371094 361.5782241821289
463.64324951171875 331.3836364746094 592.9664154052734 331.3836364746094 592.9664154052734 362.97691917419434 463.64324951171875 362.97691917419434
462.29864501953125 328.2978515625 588.8339080810547 328.2978515625 588.8339080810547 359.4234981536865 462.29864501953125 359.4234981536865
462.1229553222656 325.5315856933594 588.2239837646484 325.5315856933594 588.2239837646484 356.4049415588379 462.1229553222656 356.4049415588379
461.64935302734375 322.6806945800781 587.0431976318359 322.6806945800781 587.0431976318359 353.7420082092285 461.64935302734375 353.7420082092285
459.68829345703125 320.2232971191406 581.8813323974609 320.2232971191406 581.8813323974609 350.15308570861816 459.68829345703125 350.15308570861816
456.1761779785156 317.51239013671875 577.4853210449219 317.51239013671875 577.4853210449219 347.4063377380371 456.1761779785156 347.4063377380371
450.41851806640625 315.85302734375 573.8816909790039 315.85302734375 573.8816909790039 345.1349124908447 450.41851806640625 345.1349124908447
444.0508728027344 316.727294921875 567.0044631958008 316.727294921875 567.0044631958008 346.31924057006836 444.0508728027344 346.31924057006836
441.85870361328125 319.0975036621094 564.6031494140625 319.0975036621094 564.6031494140625 348.8705806732178 441.85870361328125 348.8705806732178
428.69281005859375 320.96441650390625 551.9695663452148 320.96441650390625 551.9695663452148 352.1174621582031 428.69281005859375 352.1174621582031
425.9412536621094 319.59735107421875 553.616569519043 319.59735107421875 553.616569519043 351.33287620544434 425.9412536621094 351.33287620544434
417.3340759277344 319.8311767578125 551.8641662597656 319.8311767578125 551.8641662597656 352.19285583496094 417.3340759277344 352.19285583496094
425.28515625 319.5003662109375 559.2111663818359 319.5003662109375 559.2111663818359 353.6249008178711 425.28515625 353.6249008178711
425.5380859375 322.45367431640625 559.1427001953125 322.45367431640625 559.1427001953125 355.5739860534668 425.5380859375 355.5739860534668
434.61138916015625 322.493408203125 565.7757263183594 322.493408203125 565.7757263183594 356.9518241882324 434.61138916015625 356.9518241882324
427.314208984375 319.8357238769531 565.2788391113281 319.8357238769531 565.2788391113281 353.54371643066406 427.314208984375 353.54371643066406
442.95001220703125 315.35137939453125 575.3220062255859 315.35137939453125 575.3220062255859 350.1270561218262 442.95001220703125 350.1270561218262
443.0235900878906 307.4403076171875 574.5640258789062 307.4403076171875 574.5640258789062 341.9975280761719 443.0235900878906 341.9975280761719
443.74298095703125 302.8411560058594 574.9931030273438 302.8411560058594 574.9931030273438 337.3221130371094 443.74298095703125 337.3221130371094
437.6144104003906 295.98895263671875 572.4935607910156 295.98895263671875 572.4935607910156 331.4232940673828 437.6144104003906 331.4232940673828
432.085205078125 291.57049560546875 567.0259094238281 291.57049560546875 567.0259094238281 327.0210075378418 432.085205078125 327.0210075378418
425.4060974121094 290.1338806152344 561.6031951904297 290.1338806152344 561.6031951904297 325.9144630432129 425.4060974121094 325.9144630432129
418.9969177246094 287.45648193359375 555.925048828125 287.45648193359375 555.925048828125 323.42911529541016 418.9969177246094 323.42911529541016
416.2298889160156 286.666748046875 553.0907592773438 286.666748046875 553.0907592773438 322.62171173095703 416.2298889160156 322.62171173095703
390.9219665527344 284.01422119140625 535.5470275878906 284.01422119140625 535.5470275878906 319.13936614990234 390.9219665527344 319.13936614990234
384.7378845214844 284.05047607421875 530.0269470214844 284.05047607421875 530.0269470214844 320.2840042114258 384.7378845214844 320.2840042114258
363.9759826660156 283.1997985839844 516.3504486083984 283.1997985839844 516.3504486083984 316.7711296081543 363.9759826660156 316.7711296081543
340.07672119140625 286.04400634765625 490.733642578125 286.04400634765625 490.733642578125 318.7218208312988 340.07672119140625 318.7218208312988
324.51629638671875 288.76849365234375 471.99388122558594 288.76849365234375 471.99388122558594 323.31065368652344 324.51629638671875 323.31065368652344
322.65496826171875 283.71099853515625 468.84523010253906 283.71099853515625 468.84523010253906 322.11691665649414 322.65496826171875 322.11691665649414
294.08544921875 284.16156005859375 440.63629150390625 284.16156005859375 440.63629150390625 318.81514739990234 294.08544921875 318.81514739990234
256.2904968261719 278.42315673828125 409.5558624267578 278.42315673828125 409.5558624267578 314.593074798584 256.2904968261719 314.593074798584
229.22817993164062 273.24652099609375 386.4085998535156 273.24652099609375 386.4085998535156 309.10422134399414 229.22817993164062 309.10422134399414
223.58096313476562 267.285400390625 379.45033264160156 267.285400390625 379.45033264160156 303.1652297973633 223.58096313476562 303.1652297973633
217.8387908935547 262.8895263671875 364.47523498535156 262.8895263671875 364.47523498535156 300.7185516357422 217.8387908935547 300.7185516357422
219.00479125976562 263.00238037109375 358.9230194091797 263.00238037109375 358.9230194091797 299.8049736022949 219.00479125976562 299.8049736022949
216.85653686523438 267.26763916015625 362.13555908203125 267.26763916015625 362.13555908203125 304.68832778930664 216.85653686523438 304.68832778930664
228.0342254638672 273.66064453125 380.8957214355469 273.66064453125 380.8957214355469 312.2057762145996 228.0342254638672 312.2057762145996
254.4093780517578 278.10137939453125 405.7063903808594 278.10137939453125 405.7063903808594 317.84891510009766 254.4093780517578 317.84891510009766
254.0146484375 282.76513671875 408.4023895263672 282.76513671875 408.4023895263672 321.8609733581543 254.0146484375 321.8609733581543
273.86541748046875 281.0122985839844 428.6907501220703 281.0122985839844 428.6907501220703 317.4299545288086 273.86541748046875 317.4299545288086
286.3513488769531 292.0674743652344 438.6658935546875 292.0674743652344 438.6658935546875 332.08232498168945 286.3513488769531 332.08232498168945
292.38153076171875 295.2981872558594 444.8998565673828 295.2981872558594 444.8998565673828 335.36656951904297 292.38153076171875 335.36656951904297
293.02838134765625 298.5799560546875 449.59422302246094 298.5799560546875 449.59422302246094 338.8243293762207 293.02838134765625 338.8243293762207
296.0257263183594 303.2850646972656 459.64418029785156 303.2850646972656 459.64418029785156 343.0679740905762 296.0257263183594 343.0679740905762
309.5336608886719 309.130126953125 476.71331787109375 309.130126953125 476.71331787109375 349.72838592529297 309.5336608886719 349.72838592529297
323.26434326171875 311.5141906738281 500.8802032470703 311.5141906738281 500.8802032470703 350.0636215209961 323.26434326171875 350.0636215209961
340.30340576171875 319.9427490234375 491.4279479980469 319.9427490234375 491.4279479980469 354.8364944458008 340.30340576171875 354.8364944458008
350.63958740234375 323.1551818847656 492.4619445800781 323.1551818847656 492.4619445800781 358.1195259094238 350.63958740234375 358.1195259094238
364.6948547363281 325.2843017578125 512.3438873291016 325.2843017578125 512.3438873291016 361.79557037353516 364.6948547363281 361.79557037353516
367.21307373046875 327.5680847167969 515.1542205810547 327.5680847167969 515.1542205810547 364.2826957702637 367.21307373046875 364.2826957702637
366.9053649902344 328.6397399902344 511.1581268310547 328.6397399902344 511.1581268310547 364.7577018737793 366.9053649902344 364.7577018737793
374.86907958984375 326.0604248046875 527.6365814208984 326.0604248046875 527.6365814208984 364.68935775756836 374.86907958984375 364.68935775756836
371.7018127441406 327.110107421875 516.1717834472656 327.110107421875 516.1717834472656 363.3221664428711 371.7018127441406 363.3221664428711
372.9212341308594 327.2607421875 520.8163146972656 327.2607421875 520.8163146972656 362.85994720458984 372.9212341308594 362.85994720458984
379.9582824707031 327.6538391113281 532.2047119140625 327.6538391113281 532.2047119140625 363.5178909301758 379.9582824707031 363.5178909301758
382.2176208496094 328.8617248535156 542.3379364013672 328.8617248535156 542.3379364013672 365.5647087097168 382.2176208496094 365.5647087097168
392.55078125 328.30712890625 552.6907043457031 328.30712890625 552.6907043457031 365.8261413574219 392.55078125 365.8261413574219
388.742919921875 329.01348876953125 554.3503570556641 329.01348876953125 554.3503570556641 368.5629196166992 388.742919921875 368.5629196166992
388.6398620605469 330.36224365234375 554.9512939453125 330.36224365234375 554.9512939453125 370.6641960144043 388.6398620605469 370.6641960144043
383.1432189941406 332.39434814453125 535.3993530273438 332.39434814453125 535.3993530273438 373.19214630126953 383.1432189941406 373.19214630126953
381.57763671875 334.15692138671875 536.9012756347656 334.15692138671875 536.9012756347656 375.5575370788574 381.57763671875 375.5575370788574
386.4195251464844 333.06085205078125 542.2352905273438 333.06085205078125 542.2352905273438 374.7264175415039 386.4195251464844 374.7264175415039
388.8684997558594 332.92633056640625 546.8594207763672 332.92633056640625 546.8594207763672 376.5673637390137 388.8684997558594 376.5673637390137
389.7698669433594 330.16729736328125 540.0939178466797 330.16729736328125 540.0939178466797 374.382137298584 389.7698669433594 374.382137298584
392.7201232910156 325.9161376953125 538.3716735839844 325.9161376953125 538.3716735839844 371.00208282470703 392.7201232910156 371.00208282470703
388.6701965332031 323.5990905761719 535.9181976318359 323.5990905761719 535.9181976318359 368.1428642272949 388.6701965332031 368.1428642272949
381.75677490234375 323.78228759765625 526.7362518310547 323.78228759765625 526.7362518310547 364.2540512084961 381.75677490234375 364.2540512084961
376.64959716796875 324.07684326171875 529.2773895263672 324.07684326171875 529.2773895263672 364.7887535095215 376.64959716796875 364.7887535095215
371.4440002441406 328.257568359375 524.9004669189453 328.257568359375 524.9004669189453 367.74421310424805 371.4440002441406 367.74421310424805
369.6626892089844 329.80242919921875 521.9595184326172 329.80242919921875 521.9595184326172 367.50411224365234 369.6626892089844 367.50411224365234
369.616455078125 330.86309814453125 524.0121459960938 330.86309814453125 524.0121459960938 367.50392150878906 369.616455078125 367.50392150878906
368.90826416015625 331.00079345703125 528.6325988769531 331.00079345703125 528.6325988769531 367.9825973510742 368.90826416015625 367.9825973510742
370.5530700683594 326.6390380859375 527.5891265869141 326.6390380859375 527.5891265869141 364.89739990234375 370.5530700683594 364.89739990234375
377.69610595703125 322.8073425292969 530.5960998535156 322.8073425292969 530.5960998535156 361.62944412231445 377.69610595703125 361.62944412231445
366.29473876953125 321.4654846191406 519.2639770507812 321.4654846191406 519.2639770507812 359.5221061706543 366.29473876953125 359.5221061706543
362.3669738769531 319.35113525390625 512.384521484375 319.35113525390625 512.384521484375 357.77249908447266 362.3669738769531 357.77249908447266
361.6246032714844 320.18670654296875 512.826904296875 320.18670654296875 512.826904296875 357.12198638916016 361.6246032714844 357.12198638916016
360.0163879394531 318.4296569824219 509.7790222167969 318.4296569824219 509.7790222167969 356.18669509887695 360.0163879394531 356.18669509887695
362.40521240234375 320.0339050292969 514.0935974121094 320.0339050292969 514.0935974121094 358.91249084472656 362.40521240234375 358.91249084472656
359.63555908203125 319.8282775878906 509.7474060058594 319.8282775878906 509.7474060058594 358.44689178466797 359.63555908203125 358.44689178466797
368.44024658203125 322.0613708496094 516.6244506835938 322.0613708496094 516.6244506835938 361.3031234741211 368.44024658203125 361.3031234741211
371.2413330078125 323.63458251953125 520.2891540527344 323.63458251953125 520.2891540527344 363.39215087890625 371.2413330078125 363.39215087890625
365.42425537109375 327.5299377441406 510.62010192871094 327.5299377441406 510.62010192871094 366.9824523925781 365.42425537109375 366.9824523925781
368.43121337890625 330.0990295410156 512.9136047363281 330.0990295410156 512.9136047363281 369.469539642334 368.43121337890625 369.469539642334
375.2475280761719 333.0904846191406 517.205078125 333.0904846191406 517.205078125 372.1724624633789 375.2475280761719 372.1724624633789
372.1112365722656 336.76373291015625 507.47434997558594 336.76373291015625 507.47434997558594 375.1622085571289 372.1112365722656 375.1622085571289
383.74200439453125 340.4811706542969 520.637939453125 340.4811706542969 520.637939453125 378.3966827392578 383.74200439453125 378.3966827392578
380.0201110839844 340.92950439453125 509.2997283935547 340.92950439453125 509.2997283935547 378.51618576049805 380.0201110839844 378.51618576049805
383.31329345703125 341.1102600097656 512.7079620361328 341.1102600097656 512.7079620361328 379.1474189758301 383.31329345703125 379.1474189758301
385.6851501464844 340.44708251953125 510.9295349121094 340.44708251953125 510.9295349121094 378.44515228271484 385.6851501464844 378.44515228271484
390.50738525390625 338.4448547363281 511.84584045410156 338.4448547363281 511.84584045410156 376.1151924133301 390.50738525390625 376.1151924133301
394.3565368652344 338.89208984375 514.0406341552734 338.89208984375 514.0406341552734 377.4263343811035 394.3565368652344 377.4263343811035
396.18939208984375 339.0490417480469 514.3739166259766 339.0490417480469 514.3739166259766 376.8582534790039 396.18939208984375 376.8582534790039
395.6768798828125 338.795166015625 514.0916976928711 338.795166015625 514.0916976928711 376.4754981994629 395.6768798828125 376.4754981994629
396.958740234375 337.75457763671875 517.6144638061523 337.75457763671875 517.6144638061523 376.11893463134766 396.958740234375 376.11893463134766
388.08538818359375 339.83831787109375 514.2247085571289 339.83831787109375 514.2247085571289 377.0760726928711 388.08538818359375 377.0760726928711
388.6942443847656 337.476806640625 516.3605880737305 337.476806640625 516.3605880737305 376.2632942199707 388.6942443847656 376.2632942199707
393.8382873535156 336.78466796875 517.5124816894531 336.78466796875 517.5124816894531 375.1240348815918 393.8382873535156 375.1240348815918
380.6946716308594 338.2037658691406 512.5890960693359 338.2037658691406 512.5890960693359 375.7530288696289 380.6946716308594 375.7530288696289
376.82708740234375 337.07061767578125 511.6982727050781 337.07061767578125 511.6982727050781 375.93429946899414 376.82708740234375 375.93429946899414
368.70965576171875 336.09735107421875 505.6171569824219 336.09735107421875 505.6171569824219 374.92017364501953 368.70965576171875 374.92017364501953
366.27154541015625 334.30023193359375 502.03240966796875 334.30023193359375 502.03240966796875 374.0934524536133 366.27154541015625 374.0934524536133
364.35943603515625 332.50091552734375 499.4611511230469 332.50091552734375 499.4611511230469 372.4192886352539 364.35943603515625 372.4192886352539
362.6022644042969 331.7962646484375 501.3852996826172 331.7962646484375 501.3852996826172 371.3867950439453 362.6022644042969 371.3867950439453
356.5028381347656 332.96307373046875 494.9546813964844 332.96307373046875 494.9546813964844 372.9489059448242 356.5028381347656 372.9489059448242
359.15496826171875 331.7537536621094 503.8897705078125 331.7537536621094 503.8897705078125 373.83629989624023 359.15496826171875 373.83629989624023
367.0312194824219 332.8356018066406 515.330322265625 332.8356018066406 515.330322265625 374.73021697998047 367.0312194824219 374.73021697998047
376.33770751953125 332.97625732421875 529.0048065185547 332.97625732421875 529.0048065185547 373.7854995727539 376.33770751953125 373.7854995727539
372.7610778808594 334.77618408203125 524.9485321044922 334.77618408203125 524.9485321044922 375.40152740478516 372.7610778808594 375.40152740478516
375.6847839355469 334.81396484375 529.2346801757812 334.81396484375 529.2346801757812 375.1533622741699 375.6847839355469 375.1533622741699
377.51336669921875 333.41796875 529.5335693359375 333.41796875 529.5335693359375 373.35549545288086 377.51336669921875 373.35549545288086
381.0739440917969 336.1896667480469 532.268310546875 336.1896667480469 532.268310546875 375.91024017333984 381.0739440917969 375.91024017333984
387.1843566894531 338.1592712402344 537.8628234863281 338.1592712402344 537.8628234863281 377.74431228637695 387.1843566894531 377.74431228637695
393.48394775390625 337.26739501953125 545.2053985595703 337.26739501953125 545.2053985595703 377.1264419555664 393.48394775390625 377.1264419555664
398.4856262207031 338.67626953125 548.3670806884766 338.67626953125 548.3670806884766 378.05192947387695 398.4856262207031 378.05192947387695
404.4344787597656 337.61016845703125 554.2513275146484 337.61016845703125 554.2513275146484 376.96885681152344 404.4344787597656 376.96885681152344
411.6988220214844 338.5375061035156 562.0220947265625 338.5375061035156 562.0220947265625 378.02923583984375 411.6988220214844 378.02923583984375
411.5890197753906 338.74615478515625 559.2675323486328 338.74615478515625 559.2675323486328 377.5430717468262 411.5890197753906 377.5430717468262
417.4844665527344 339.71490478515625 565.2305297851562 339.71490478515625 565.2305297851562 378.5295715332031 417.4844665527344 378.5295715332031
419.33392333984375 338.8104553222656 568.2121887207031 338.8104553222656 568.2121887207031 377.9225654602051 419.33392333984375 377.9225654602051
425.59930419921875 337.67681884765625 574.2598724365234 337.67681884765625 574.2598724365234 376.73173904418945 425.59930419921875 376.73173904418945
423.8627014160156 339.3060607910156 572.4329223632812 339.3060607910156 572.4329223632812 378.49160385131836 423.8627014160156 378.49160385131836
420.091796875 342.18743896484375 569.2179870605469 342.18743896484375 569.2179870605469 380.76257705688477 420.091796875 380.76257705688477
421.9188537597656 341.97686767578125 567.4302062988281 341.97686767578125 567.4302062988281 380.2659492492676 421.9188537597656 380.2659492492676
425.5960998535156 340.2173767089844 570.3585205078125 340.2173767089844 570.3585205078125 379.28790283203125 425.5960998535156 379.28790283203125
424.48809814453125 338.9201965332031 568.3191070556641 338.9201965332031 568.3191070556641 377.9588050842285 424.48809814453125 377.9588050842285
421.30560302734375 338.97247314453125 567.6570281982422 338.97247314453125 567.6570281982422 378.147216796875 421.30560302734375 378.147216796875
424.6070251464844 338.9927673339844 570.4483642578125 338.9927673339844 570.4483642578125 378.49852752685547 424.6070251464844 378.49852752685547
427.5633850097656 341.4226379394531 573.5077362060547 341.4226379394531 573.5077362060547 379.4388236999512 427.5633850097656 379.4388236999512
429.12457275390625 343.0972595214844 575.7162475585938 343.0972595214844 575.7162475585938 380.3994674682617 429.12457275390625 380.3994674682617
430.7406311035156 343.5107116699219 575.191162109375 343.5107116699219 575.191162109375 381.42678451538086 430.7406311035156 381.42678451538086
428.47296142578125 343.4189453125 571.6255950927734 343.4189453125 571.6255950927734 383.0660629272461 428.47296142578125 383.0660629272461
428.7781677246094 345.43988037109375 572.0692291259766 345.43988037109375 572.0692291259766 385.1802749633789 428.7781677246094 385.1802749633789
424.23687744140625 344.35968017578125 567.7829742431641 344.35968017578125 567.7829742431641 385.58604431152344 424.23687744140625 385.58604431152344
422.79638671875 346.050537109375 568.1741638183594 346.050537109375 568.1741638183594 387.83643341064453 422.79638671875 387.83643341064453
427.743408203125 345.8243713378906 578.4845733642578 345.8243713378906 578.4845733642578 387.56277084350586 427.743408203125 387.56277084350586
434.6024475097656 354.22540283203125 581.9306945800781 354.22540283203125 581.9306945800781 392.4662208557129 434.6024475097656 392.4662208557129
442.281982421875 352.84722900390625 588.5996704101562 352.84722900390625 588.5996704101562 391.67247772216797 442.281982421875 391.67247772216797
446.22735595703125 351.7503356933594 595.2492370605469 351.7503356933594 595.2492370605469 393.0520248413086 446.22735595703125 393.0520248413086
451.61944580078125 350.3112487792969 602.2184906005859 350.3112487792969 602.2184906005859 392.4448013305664 451.61944580078125 392.4448013305664
457.6285095214844 348.8038024902344 607.0047302246094 348.8038024902344 607.0047302246094 390.44316482543945 457.6285095214844 390.44316482543945
455.76416015625 348.834716796875 603.3753662109375 348.834716796875 603.3753662109375 390.971435546875 455.76416015625 390.971435546875
452.769287109375 349.43267822265625 598.2700958251953 349.43267822265625 598.2700958251953 393.05274200439453 452.769287109375 393.05274200439453
457.78204345703125 348.3818359375 606.0722351074219 348.3818359375 606.0722351074219 390.59798431396484 457.78204345703125 390.59798431396484
457.58477783203125 351.15087890625 608.8413391113281 351.15087890625 608.8413391113281 392.6794624328613 457.58477783203125 392.6794624328613
462.8899841308594 350.3538513183594 612.135498046875 350.3538513183594 612.135498046875 392.15772247314453 462.8899841308594 392.15772247314453
469.08154296875 353.0932922363281 626.8545532226562 353.0932922363281 626.8545532226562 394.5421676635742 469.08154296875 394.5421676635742
466.1693420410156 355.81610107421875 619.2775726318359 355.81610107421875 619.2775726318359 398.0163154602051 466.1693420410156 398.0163154602051
470.0965270996094 355.6563415527344 613.1659088134766 355.6563415527344 613.1659088134766 398.2940254211426 470.0965270996094 398.2940254211426
470.042724609375 356.46478271484375 610.9189300537109 356.46478271484375 610.9189300537109 399.29603576660156 470.042724609375 399.29603576660156
470.33990478515625 358.1564025878906 614.6534271240234 358.1564025878906 614.6534271240234 400.7366409301758 470.33990478515625 400.7366409301758
473.32598876953125 357.78399658203125 620.6379241943359 357.78399658203125 620.6379241943359 399.2977104187012 473.32598876953125 399.2977104187012
474.80694580078125 358.24822998046875 627.7972717285156 358.24822998046875 627.7972717285156 399.96248626708984 474.80694580078125 399.96248626708984
468.31610107421875 356.0511169433594 616.8645324707031 356.0511169433594 616.8645324707031 397.3293151855469 468.31610107421875 397.3293151855469
473.5745544433594 355.6052551269531 615.9463806152344 355.6052551269531 615.9463806152344 395.4888610839844 473.5745544433594 395.4888610839844
472.75506591796875 355.8747863769531 615.2177429199219 355.8747863769531 615.2177429199219 396.5680809020996 472.75506591796875 396.5680809020996
478.9148864746094 356.959228515625 621.2419586181641 356.959228515625 621.2419586181641 396.9308738708496 478.9148864746094 396.9308738708496
477.85675048828125 356.8844299316406 614.3560638427734 356.8844299316406 614.3560638427734 398.56749725341797 477.85675048828125 398.56749725341797
485.69158935546875 358.01397705078125 620.3335266113281 358.01397705078125 620.3335266113281 400.6761474609375 485.69158935546875 400.6761474609375
484.72113037109375 359.48797607421875 622.0895538330078 359.48797607421875 622.0895538330078 401.44318771362305 484.72113037109375 401.44318771362305
490.12457275390625 361.984130859375 634.1705017089844 361.984130859375 634.1705017089844 403.00140380859375 490.12457275390625 403.00140380859375
487.21783447265625 365.25115966796875 639.3332672119141 365.25115966796875 639.3332672119141 407.1054878234863 487.21783447265625 407.1054878234863
482.66937255859375 366.4768981933594 627.9138488769531 366.4768981933594 627.9138488769531 409.5581512451172 482.66937255859375 409.5581512451172
487.47711181640625 368.5355224609375 629.6984558105469 368.5355224609375 629.6984558105469 411.48717498779297 487.47711181640625 411.48717498779297
485.44769287109375 370.0635681152344 625.9335784912109 370.0635681152344 625.9335784912109 413.19299697875977 485.44769287109375 413.19299697875977
479.0221252441406 368.20343017578125 624.8986968994141 368.20343017578125 624.8986968994141 414.3961868286133 479.0221252441406 414.3961868286133
482.2997131347656 361.3058166503906 626.3528137207031 361.3058166503906 626.3528137207031 409.97606658935547 482.2997131347656 409.97606658935547
478.75372314453125 355.2217102050781 623.48779296875 355.2217102050781 623.48779296875 404.9016227722168 478.75372314453125 404.9016227722168
483.501708984375 351.6676940917969 630.0594787597656 351.6676940917969 630.0594787597656 399.83235931396484 483.501708984375 399.83235931396484
483.8409118652344 348.25518798828125 633.9035797119141 348.25518798828125 633.9035797119141 394.83895111083984 483.8409118652344 394.83895111083984
482.2392578125 345.65399169921875 633.4674072265625 345.65399169921875 633.4674072265625 393.2161674499512 482.2392578125 393.2161674499512
474.15234375 344.96197509765625 626.6394348144531 344.96197509765625 626.6394348144531 394.67957305908203 474.15234375 394.67957305908203
478.1539001464844 344.24786376953125 633.9470062255859 344.24786376953125 633.9470062255859 393.5438232421875 478.1539001464844 393.5438232421875
490.8824768066406 342.6458740234375 656.052978515625 342.6458740234375 656.052978515625 391.32003021240234 490.8824768066406 391.32003021240234
500.629638671875 339.8258056640625 654.1976776123047 339.8258056640625 654.1976776123047 389.8490524291992 500.629638671875 389.8490524291992
508.8377380371094 339.74908447265625 667.5969390869141 339.74908447265625 667.5969390869141 387.4824638366699 508.8377380371094 387.4824638366699
521.6983642578125 328.8248596191406 698.838623046875 328.8248596191406 698.838623046875 375.3617134094238 521.6983642578125 375.3617134094238
543.5762939453125 326.12469482421875 718.4701995849609 326.12469482421875 718.4701995849609 372.07140350341797 543.5762939453125 372.07140350341797
567.77294921875 324.67462158203125 743.2232208251953 324.67462158203125 743.2232208251953 372.6329879760742 567.77294921875 372.6329879760742
579.8986206054688 325.245849609375 742.0224151611328 325.245849609375 742.0224151611328 373.3275566101074 579.8986206054688 373.3275566101074
581.0728759765625 324.79046630859375 733.5273742675781 324.79046630859375 733.5273742675781 374.0021324157715 581.0728759765625 374.0021324157715
578.1858520507812 324.3536376953125 729.2970275878906 324.3536376953125 729.2970275878906 372.68436431884766 578.1858520507812 372.68436431884766
549.7611083984375 325.3990783691406 713.5887145996094 325.3990783691406 713.5887145996094 371.60575103759766 549.7611083984375 371.60575103759766
535.1103515625 324.06317138671875 699.1648864746094 324.06317138671875 699.1648864746094 373.1925506591797 535.1103515625 373.1925506591797
531.8272705078125 328.2976989746094 684.1287689208984 328.2976989746094 684.1287689208984 376.49120712280273 531.8272705078125 376.49120712280273
538.5650024414062 323.99407958984375 682.7860565185547 323.99407958984375 682.7860565185547 373.1752700805664 538.5650024414062 373.1752700805664
573.6641235351562 320.28125 712.6251373291016 320.28125 712.6251373291016 371.6204605102539 573.6641235351562 371.6204605102539
574.513916015625 320.8335876464844 714.7444152832031 320.8335876464844 714.7444152832031 371.3163948059082 574.513916015625 371.3163948059082
560.2662963867188 322.53277587890625 731.0564727783203 322.53277587890625 731.0564727783203 367.4013862609863 560.2662963867188 367.4013862609863
568.813720703125 317.6065368652344 699.8485870361328 317.6065368652344 699.8485870361328 366.5878257751465 568.813720703125 366.5878257751465
577.3876342773438 319.36529541015625 712.3685913085938 319.36529541015625 712.3685913085938 368.39915466308594 577.3876342773438 368.39915466308594
584.7781982421875 321.3556213378906 729.1814880371094 321.3556213378906 729.1814880371094 367.6046485900879 584.7781982421875 367.6046485900879
589.1609497070312 321.92193603515625 735.6678161621094 321.92193603515625 735.6678161621094 367.6664848327637 589.1609497070312 367.6664848327637
596.4480590820312 321.4505310058594 733.363525390625 321.4505310058594 733.363525390625 370.9961395263672 596.4480590820312 370.9961395263672
591.8790283203125 330.8587951660156 761.3346099853516 330.8587951660156 761.3346099853516 375.3767890930176 591.8790283203125 375.3767890930176
585.1878662109375 333.9493713378906 755.4954528808594 333.9493713378906 755.4954528808594 378.69120025634766 585.1878662109375 378.69120025634766
588.2692260742188 335.6752624511719 742.6847229003906 335.6752624511719 742.6847229003906 385.66246795654297 588.2692260742188 385.66246795654297
592.6056518554688 339.1136169433594 746.0783843994141 339.1136169433594 746.0783843994141 389.5022430419922 592.6056518554688 389.5022430419922
596.1796264648438 340.63885498046875 767.5037841796875 340.63885498046875 767.5037841796875 390.88010025024414 596.1796264648438 390.88010025024414
606.3685302734375 345.84844970703125 775.5472106933594 345.84844970703125 775.5472106933594 396.0851364135742 606.3685302734375 396.0851364135742
626.5285034179688 346.9676208496094 788.2053985595703 346.9676208496094 788.2053985595703 395.56610107421875 626.5285034179688 395.56610107421875
647.7374877929688 344.2788391113281 795.4337463378906 344.2788391113281 795.4337463378906 396.2542839050293 647.7374877929688 396.2542839050293
653.5089111328125 340.6661071777344 798.0585479736328 340.6661071777344 798.0585479736328 394.4512825012207 653.5089111328125 394.4512825012207
653.01953125 338.5423889160156 797.7202758789062 338.5423889160156 797.7202758789062 391.71724700927734 653.01953125 391.71724700927734
648.3538818359375 337.92205810546875 797.9112701416016 337.92205810546875 797.9112701416016 389.8831787109375 648.3538818359375 389.8831787109375
653.413330078125 338.8099670410156 798.8598175048828 338.8099670410156 798.8598175048828 389.1663131713867 653.413330078125 389.1663131713867
667.6661376953125 340.4177551269531 809.1653594970703 340.4177551269531 809.1653594970703 395.88603591918945 667.6661376953125 395.88603591918945
672.3607177734375 346.6807556152344 817.7668762207031 346.6807556152344 817.7668762207031 402.5174674987793 672.3607177734375 402.5174674987793
677.199462890625 349.0048828125 824.1889190673828 349.0048828125 824.1889190673828 406.0822219848633 677.199462890625 406.0822219848633
682.990478515625 354.57000732421875 828.4940948486328 354.57000732421875 828.4940948486328 408.2396545410156 682.990478515625 408.2396545410156
682.1146240234375 355.147705078125 825.4620361328125 355.147705078125 825.4620361328125 407.59381103515625 682.1146240234375 407.59381103515625
691.7185668945312 353.82763671875 840.400634765625 353.82763671875 840.400634765625 407.31232833862305 691.7185668945312 407.31232833862305
689.184814453125 348.3958435058594 838.4160461425781 348.3958435058594 838.4160461425781 404.4484443664551 689.184814453125 404.4484443664551
689.4266357421875 341.6153259277344 833.3119659423828 341.6153259277344 833.3119659423828 399.51545333862305 689.4266357421875 399.51545333862305
689.5266723632812 339.9427185058594 835.8303985595703 339.9427185058594 835.8303985595703 396.2243537902832 689.5266723632812 396.2243537902832
693.7202758789062 336.27532958984375 836.2858123779297 336.27532958984375 836.2858123779297 392.57316970825195 693.7202758789062 392.57316970825195
691.6752319335938 331.7384338378906 837.6295471191406 331.7384338378906 837.6295471191406 389.8605842590332 691.6752319335938 389.8605842590332
691.9691162109375 332.3623962402344 841.9578552246094 332.3623962402344 841.9578552246094 386.25414276123047 691.9691162109375 386.25414276123047
697.7855224609375 329.4436950683594 840.7237091064453 329.4436950683594 840.7237091064453 382.2903518676758 697.7855224609375 382.2903518676758
698.7188110351562 327.876220703125 843.7665405273438 327.876220703125 843.7665405273438 381.8933792114258 698.7188110351562 381.8933792114258
709.5687255859375 330.1617736816406 859.3607482910156 330.1617736816406 859.3607482910156 382.1268424987793 709.5687255859375 382.1268424987793
706.943359375 336.01129150390625 870.8618011474609 336.01129150390625 870.8618011474609 386.2342338562012 706.943359375 386.2342338562012
717.4202880859375 335.22357177734375 876.1983337402344 335.22357177734375 876.1983337402344 389.4298210144043 717.4202880859375 389.4298210144043
720.8550415039062 336.3896789550781 878.5341644287109 336.3896789550781 878.5341644287109 389.71440505981445 720.8550415039062 389.71440505981445
721.2685546875 334.24871826171875 874.4875793457031 334.24871826171875 874.4875793457031 389.3946113586426 721.2685546875 389.3946113586426
722.1727905273438 334.23773193359375 880.9333038330078 334.23773193359375 880.9333038330078 390.3092956542969 722.1727905273438 390.3092956542969
725.1322021484375 331.0418395996094 880.3531799316406 331.0418395996094 880.3531799316406 387.7922592163086 725.1322021484375 387.7922592163086
728.28662109375 330.30792236328125 885.8600463867188 330.30792236328125 885.8600463867188 385.5779495239258 728.28662109375 385.5779495239258
727.61767578125 328.788818359375 888.8621520996094 328.788818359375 888.8621520996094 384.71092987060547 727.61767578125 384.71092987060547
732.0061645507812 327.7333068847656 895.8412933349609 327.7333068847656 895.8412933349609 385.282958984375 732.0061645507812 385.282958984375
731.3491821289062 326.6438903808594 891.1519775390625 326.6438903808594 891.1519775390625 384.6046447753906 731.3491821289062 384.6046447753906
735.5078735351562 329.6535339355469 898.5491027832031 329.6535339355469 898.5491027832031 385.3048782348633 735.5078735351562 385.3048782348633
746.726318359375 332.7693176269531 908.9736785888672 332.7693176269531 908.9736785888672 388.4093246459961 746.726318359375 388.4093246459961
748.2493896484375 337.3059997558594 913.6783294677734 337.3059997558594 913.6783294677734 392.1011848449707 748.2493896484375 392.1011848449707
760.356689453125 338.579833984375 921.3873901367188 338.579833984375 921.3873901367188 394.8972473144531 760.356689453125 394.8972473144531
765.2112426757812 341.6585388183594 924.9042053222656 341.6585388183594 924.9042053222656 396.9291305541992 765.2112426757812 396.9291305541992
767.638916015625 345.4337463378906 927.3660278320312 345.4337463378906 927.3660278320312 400.87967681884766 767.638916015625 400.87967681884766
776.1013793945312 349.197021484375 929.3573913574219 349.197021484375 929.3573913574219 405.30830001831055 776.1013793945312 405.30830001831055
777.41162109375 353.5502624511719 933.2411193847656 353.5502624511719 933.2411193847656 407.94866943359375 777.41162109375 407.94866943359375
777.9976806640625 355.899658203125 930.3249206542969 355.899658203125 930.3249206542969 410.29986572265625 777.9976806640625 410.29986572265625
781.1851196289062 359.10784912109375 929.0160827636719 359.10784912109375 929.0160827636719 411.8696517944336 781.1851196289062 411.8696517944336
780.6493530273438 358.9973449707031 929.0126190185547 358.9973449707031 929.0126190185547 412.4504280090332 780.6493530273438 412.4504280090332
780.9217529296875 360.23095703125 933.7225646972656 360.23095703125 933.7225646972656 412.05472564697266 780.9217529296875 412.05472564697266
781.2574462890625 359.50738525390625 931.7090911865234 359.50738525390625 931.7090911865234 410.79644775390625 781.2574462890625 410.79644775390625
776.3834838867188 358.072021484375 932.7439575195312 358.072021484375 932.7439575195312 409.7711372375488 776.3834838867188 409.7711372375488
783.1473388671875 358.9707946777344 937.2590942382812 358.9707946777344 937.2590942382812 408.666934967041 783.1473388671875 408.666934967041
780.5360717773438 359.8229675292969 947.6885375976562 359.8229675292969 947.6885375976562 411.7807197570801 780.5360717773438 411.7807197570801
771.7225341796875 351.88690185546875 941.9770050048828 351.88690185546875 941.9770050048828 402.0332145690918 771.7225341796875 402.0332145690918
767.9456787109375 354.4496154785156 944.5581970214844 354.4496154785156 944.5581970214844 403.41286849975586 767.9456787109375 403.41286849975586
761.6614379882812 359.28485107421875 959.0000610351562 359.28485107421875 959.0000610351562 411.12804412841797 761.6614379882812 411.12804412841797
762.1420288085938 357.7159423828125 958.9999542236328 357.7159423828125 958.9999542236328 409.4328498840332 762.1420288085938 409.4328498840332
776.4464721679688 355.339599609375 934.3216247558594 355.339599609375 934.3216247558594 404.0909423828125 776.4464721679688 404.0909423828125
781.0175170898438 358.0933837890625 935.6455230712891 358.0933837890625 935.6455230712891 407.11571502685547 781.0175170898438 407.11571502685547
785.4528198242188 359.1560363769531 937.0834350585938 359.1560363769531 937.0834350585938 408.799129486084 785.4528198242188 408.799129486084
779.4300537109375 356.85919189453125 958.9999542236328 356.85919189453125 958.9999542236328 404.0343360900879 779.4300537109375 404.0343360900879
781.7083740234375 359.25128173828125 959.0000305175781 359.25128173828125 959.0000305175781 405.8279037475586 781.7083740234375 405.8279037475586
785.7951049804688 357.1413879394531 958.9999847412109 357.1413879394531 958.9999847412109 402.6443634033203 785.7951049804688 402.6443634033203
788.9161376953125 355.86859130859375 958.9999694824219 355.86859130859375 958.9999694824219 400.55162811279297 788.9161376953125 400.55162811279297
794.3182373046875 353.6636047363281 959.0 353.6636047363281 959.0 396.92745208740234 794.3182373046875 396.92745208740234
797.3714599609375 352.91326904296875 959.0 352.91326904296875 959.0 395.37499618530273 797.3714599609375 395.37499618530273
800.50341796875 350.979248046875 958.9999389648438 350.979248046875 958.9999389648438 392.61815643310547 800.50341796875 392.61815643310547
801.8621826171875 345.9752197265625 959.0000305175781 345.9752197265625 959.0000305175781 387.25718688964844 801.8621826171875 387.25718688964844
816.5892333984375 332.79168701171875 938.2943878173828 332.79168701171875 938.2943878173828 383.0961570739746 816.5892333984375 383.0961570739746
808.099609375 334.48187255859375 958.9999847412109 334.48187255859375 958.9999847412109 374.125186920166 808.099609375 374.125186920166
812.550048828125 325.5780029296875 959.0000457763672 325.5780029296875 959.0000457763672 364.0521469116211 812.550048828125 364.0521469116211
810.825439453125 350.4456481933594 954.9010925292969 350.4456481933594 954.9010925292969 388.29602813720703 810.825439453125 388.29602813720703
800.9142456054688 452.857421875 944.9174499511719 452.857421875 944.9174499511719 490.6887626647949 800.9142456054688 490.6887626647949
793.6421508789062 445.44525146484375 940.597412109375 445.44525146484375 940.597412109375 484.05213165283203 793.6421508789062 484.05213165283203
814.3591918945312 306.5776672363281 959.0000305175781 306.5776672363281 959.0000305175781 344.5765266418457 814.3591918945312 344.5765266418457
816.8411254882812 306.1802062988281 949.642578125 306.1802062988281 949.642578125 346.6399917602539 816.8411254882812 346.6399917602539
815.1707763671875 307.93939208984375 953.9521179199219 307.93939208984375 953.9521179199219 346.44405364990234 815.1707763671875 346.44405364990234
814.2476806640625 308.05242919921875 946.5030212402344 308.05242919921875 946.5030212402344 347.9772529602051 814.2476806640625 347.9772529602051
814.554443359375 316.1629638671875 944.5866394042969 316.1629638671875 944.5866394042969 355.7360038757324 814.554443359375 355.7360038757324
811.3392333984375 316.1880187988281 944.5978698730469 316.1880187988281 944.5978698730469 356.7304344177246 811.3392333984375 356.7304344177246
806.4832153320312 314.2540283203125 938.3735046386719 314.2540283203125 938.3735046386719 356.5895004272461 806.4832153320312 356.5895004272461
808.0343017578125 313.0939025878906 936.2966766357422 313.0939025878906 936.2966766357422 356.5286674499512 808.0343017578125 356.5286674499512
810.02294921875 310.3231506347656 935.8450927734375 310.3231506347656 935.8450927734375 355.23686599731445 810.02294921875 355.23686599731445
811.4566650390625 310.3914489746094 937.4669799804688 310.3914489746094 937.4669799804688 356.6603584289551 811.4566650390625 356.6603584289551
809.89501953125 312.0000915527344 943.5900726318359 312.0000915527344 943.5900726318359 358.326229095459 809.89501953125 358.326229095459
809.3812866210938 316.5418395996094 949.9943389892578 316.5418395996094 949.9943389892578 359.98017501831055 809.3812866210938 359.98017501831055
808.2371215820312 322.2725524902344 959.0000305175781 322.2725524902344 959.0000305175781 361.87976455688477 808.2371215820312 361.87976455688477
810.3505859375 324.92987060546875 959.0000152587891 324.92987060546875 959.0000152587891 363.9818420410156 810.3505859375 363.9818420410156
809.5584716796875 427.704833984375 955.9888000488281 427.704833984375 955.9888000488281 466.17382049560547 809.5584716796875 466.17382049560547
809.6348266601562 470.68572998046875 956.7637023925781 470.68572998046875 956.7637023925781 509.3382339477539 809.6348266601562 509.3382339477539
809.7369995117188 473.7559509277344 958.5321655273438 473.7559509277344 958.5321655273438 512.8462066650391 809.7369995117188 512.8462066650391
812.6437377929688 473.821533203125 958.9999694824219 473.821533203125 958.9999694824219 512.271053314209 812.6437377929688 512.271053314209
812.78076171875 472.7853088378906 958.9999542236328 472.7853088378906 958.9999542236328 511.1988296508789 812.78076171875 511.1988296508789
812.0662841796875 468.17755126953125 959.0 468.17755126953125 959.0 506.7787857055664 812.0662841796875 506.7787857055664
808.610107421875 463.5393981933594 958.4075622558594 463.5393981933594 958.4075622558594 502.8929748535156 808.610107421875 502.8929748535156
806.4024658203125 461.6995544433594 958.4601745605469 461.6995544433594 958.4601745605469 501.6469268798828 806.4024658203125 501.6469268798828
805.3424682617188 459.2953186035156 959.0000152587891 459.2953186035156 959.0000152587891 499.6629867553711 805.3424682617188 499.6629867553711
802.509765625 459.0447692871094 957.4756011962891 459.0447692871094 957.4756011962891 499.75614166259766 802.509765625 499.75614166259766
803.5200805664062 461.9114685058594 959.0000152587891 461.9114685058594 959.0000152587891 502.7579002380371 803.5200805664062 502.7579002380371
805.5029296875 465.57244873046875 958.9999694824219 465.57244873046875 958.9999694824219 505.89794921875 805.5029296875 505.89794921875
806.7535400390625 467.94073486328125 959.0001068115234 467.94073486328125 959.0001068115234 507.9377212524414 806.7535400390625 507.9377212524414
809.2609252929688 472.115234375 958.6036682128906 472.115234375 958.6036682128906 511.3493537902832 809.2609252929688 511.3493537902832
809.34326171875 472.55865478515625 958.9999694824219 472.55865478515625 958.9999694824219 511.87525939941406 809.34326171875 511.87525939941406
810.4251708984375 473.05810546875 958.9999389648438 473.05810546875 958.9999389648438 512.0904731750488 810.4251708984375 512.0904731750488
762.9857177734375 360.7173767089844 909.694091796875 360.7173767089844 909.694091796875 399.2594184875488 762.9857177734375 399.2594184875488
766.7547607421875 299.84381103515625 913.0137786865234 299.84381103515625 913.0137786865234 338.2678031921387 766.7547607421875 338.2678031921387
699.4193725585938 265.93597412109375 848.1433715820312 265.93597412109375 848.1433715820312 305.0075492858887 699.4193725585938 305.0075492858887
708.2322387695312 295.0199279785156 856.6509704589844 295.0199279785156 856.6509704589844 334.0113067626953 708.2322387695312 334.0113067626953
685.5158081054688 322.7509765625 835.0638732910156 322.7509765625 835.0638732910156 362.0390510559082 685.5158081054688 362.0390510559082
664.0468139648438 323.4461975097656 813.7427673339844 323.4461975097656 813.7427673339844 362.7731246948242 664.0468139648438 362.7731246948242
630.636474609375 331.97418212890625 779.64892578125 331.97418212890625 779.64892578125 371.12154388427734 630.636474609375 371.12154388427734
681.6737060546875 327.6768798828125 831.9595642089844 327.6768798828125 831.9595642089844 365.41601181030273 681.6737060546875 365.41601181030273
684.9441528320312 330.35272216796875 846.3243103027344 330.35272216796875 846.3243103027344 365.7862968444824 684.9441528320312 365.7862968444824
693.1178588867188 328.372314453125 854.9689788818359 328.372314453125 854.9689788818359 363.6145439147949 693.1178588867188 363.6145439147949
701.3045043945312 325.39141845703125 862.7681579589844 325.39141845703125 862.7681579589844 363.1794853210449 701.3045043945312 363.1794853210449
694.6475830078125 325.41351318359375 862.0347595214844 325.41351318359375 862.0347595214844 361.9791793823242 694.6475830078125 361.9791793823242
714.7735595703125 327.432373046875 880.5321044921875 327.432373046875 880.5321044921875 365.4238510131836 714.7735595703125 365.4238510131836
722.0546875 329.1368103027344 880.5456390380859 329.1368103027344 880.5456390380859 370.7742691040039 722.0546875 370.7742691040039
731.2972412109375 335.7867431640625 890.2170867919922 335.7867431640625 890.2170867919922 377.5368843078613 731.2972412109375 377.5368843078613
738.5277709960938 339.20989990234375 898.4031372070312 339.20989990234375 898.4031372070312 381.2110710144043 738.5277709960938 381.2110710144043
730.7289428710938 344.500732421875 904.9174957275391 344.500732421875 904.9174957275391 382.50299072265625 730.7289428710938 382.50299072265625
752.75 344.5440368652344 922.1312103271484 344.5440368652344 922.1312103271484 380.46887969970703 752.75 380.46887969970703
759.1829833984375 342.3125915527344 931.6402130126953 342.3125915527344 931.6402130126953 378.8097229003906 759.1829833984375 378.8097229003906
766.8358154296875 334.3436584472656 935.6425628662109 334.3436584472656 935.6425628662109 372.6808967590332 766.8358154296875 372.6808967590332
767.9324951171875 330.4847106933594 938.9246368408203 330.4847106933594 938.9246368408203 369.7809371948242 767.9324951171875 369.7809371948242
770.416748046875 329.0904235839844 937.8093414306641 329.0904235839844 937.8093414306641 368.0937919616699 770.416748046875 368.0937919616699
775.371826171875 326.080322265625 943.5342712402344 326.080322265625 943.5342712402344 367.0455627441406 775.371826171875 367.0455627441406
774.6563720703125 328.7718505859375 947.5518798828125 328.7718505859375 947.5518798828125 368.4623794555664 774.6563720703125 368.4623794555664
781.0596923828125 332.9436950683594 953.1157379150391 332.9436950683594 953.1157379150391 374.6557426452637 781.0596923828125 374.6557426452637
784.3191528320312 335.8133239746094 954.4335632324219 335.8133239746094 954.4335632324219 378.6291847229004 784.3191528320312 378.6291847229004
773.6466064453125 339.7972717285156 945.8909606933594 339.7972717285156 945.8909606933594 378.7781448364258 773.6466064453125 378.7781448364258
780.4142456054688 341.54412841796875 945.8175354003906 341.54412841796875 945.8175354003906 378.58198165893555 780.4142456054688 378.58198165893555
778.5531005859375 342.5263366699219 945.1825408935547 342.5263366699219 945.1825408935547 380.11187744140625 778.5531005859375 380.11187744140625
784.3629150390625 342.7102355957031 946.9674987792969 342.7102355957031 946.9674987792969 379.6141548156738 784.3629150390625 379.6141548156738
789.3594360351562 340.182861328125 948.7365570068359 340.182861328125 948.7365570068359 377.2129592895508 789.3594360351562 377.2129592895508
792.0196533203125 339.1659851074219 948.1337432861328 339.1659851074219 948.1337432861328 376.59540939331055 792.0196533203125 376.59540939331055
791.0000610351562 337.25506591796875 947.8065795898438 337.25506591796875 947.8065795898438 374.75605392456055 791.0000610351562 374.75605392456055
792.3001708984375 339.56610107421875 947.6600952148438 339.56610107421875 947.6600952148438 375.6358642578125 792.3001708984375 375.6358642578125
795.2142333984375 339.21160888671875 947.6101837158203 339.21160888671875 947.6101837158203 374.53189849853516 795.2142333984375 374.53189849853516
796.49755859375 333.7928771972656 947.83740234375 333.7928771972656 947.83740234375 370.4722366333008 796.49755859375 370.4722366333008
797.5579223632812 334.0328674316406 947.2712554931641 334.0328674316406 947.2712554931641 369.06496810913086 797.5579223632812 369.06496810913086
800.35791015625 328.9664611816406 948.3370666503906 328.9664611816406 948.3370666503906 363.7407875061035 800.35791015625 363.7407875061035
806.0999755859375 327.9735107421875 952.9695129394531 327.9735107421875 952.9695129394531 364.5781555175781 806.0999755859375 364.5781555175781
803.7247924804688 328.30303955078125 949.2881927490234 328.30303955078125 949.2881927490234 362.4286117553711 803.7247924804688 362.4286117553711
807.8394775390625 326.06170654296875 950.6813659667969 326.06170654296875 950.6813659667969 360.11319732666016 807.8394775390625 360.11319732666016
815.1415405273438 320.1532897949219 959.0 320.1532897949219 959.0 357.94664001464844 815.1415405273438 357.94664001464844
818.06884765625 317.13739013671875 959.0000610351562 317.13739013671875 959.0000610351562 354.16171646118164 818.06884765625 354.16171646118164
821.0101318359375 315.54736328125 958.9999542236328 315.54736328125 958.9999542236328 351.79894638061523 821.0101318359375 351.79894638061523
822.44091796875 307.71856689453125 959.0000305175781 307.71856689453125 959.0000305175781 343.59428787231445 822.44091796875 343.59428787231445
819.5484619140625 305.50775146484375 956.4834442138672 305.50775146484375 956.4834442138672 340.4914741516113 819.5484619140625 340.4914741516113
824.6804809570312 301.22735595703125 958.9999847412109 301.22735595703125 958.9999847412109 336.5147018432617 824.6804809570312 336.5147018432617
824.7982177734375 297.647216796875 958.9999237060547 297.647216796875 958.9999237060547 332.9036178588867 824.7982177734375 332.9036178588867
825.4573364257812 296.00494384765625 958.9999847412109 296.00494384765625 958.9999847412109 331.0882034301758 825.4573364257812 331.0882034301758
827.9405517578125 288.872314453125 959.0000457763672 288.872314453125 959.0000457763672 323.30321502685547 827.9405517578125 323.30321502685547
830.4542236328125 286.029541015625 959.0000305175781 286.029541015625 959.0000305175781 319.8000602722168 830.4542236328125 319.8000602722168
834.1483154296875 283.06622314453125 958.9999847412109 283.06622314453125 958.9999847412109 315.86624908447266 834.1483154296875 315.86624908447266
827.9577026367188 282.84136962890625 953.2326278686523 282.84136962890625 953.2326278686523 313.44733810424805 827.9577026367188 313.44733810424805
827.7576904296875 284.83843994140625 952.3370742797852 284.83843994140625 952.3370742797852 313.78893089294434 827.7576904296875 313.78893089294434
828.6412353515625 284.496337890625 952.7729339599609 284.496337890625 952.7729339599609 314.3781490325928 828.6412353515625 314.3781490325928
838.7340087890625 287.2571716308594 959.0000381469727 287.2571716308594 959.0000381469727 318.8524932861328 838.7340087890625 318.8524932861328
841.5471801757812 290.5782165527344 958.9999847412109 290.5782165527344 958.9999847412109 321.4344730377197 841.5471801757812 321.4344730377197
841.2507934570312 291.29931640625 959.0000228881836 291.29931640625 959.0000228881836 322.23344802856445 841.2507934570312 322.23344802856445
844.2244873046875 295.2210998535156 958.9999847412109 295.2210998535156 958.9999847412109 325.3739986419678 844.2244873046875 325.3739986419678
845.6900634765625 296.08465576171875 958.9999847412109 296.08465576171875 958.9999847412109 325.8525333404541 845.6900634765625 325.8525333404541
847.77197265625 294.9303894042969 958.9999542236328 294.9303894042969 958.9999542236328 324.15131759643555 847.77197265625 324.15131759643555
848.1787109375 291.65655517578125 958.1746215820312 291.65655517578125 958.1746215820312 320.5538024902344 848.1787109375 320.5538024902344
850.8624877929688 287.3954772949219 958.7661285400391 287.3954772949219 958.7661285400391 315.74305725097656 850.8624877929688 315.74305725097656
850.8668823242188 283.53857421875 958.7146377563477 283.53857421875 958.7146377563477 311.87146949768066 850.8668823242188 311.87146949768066
847.1181640625 278.5184020996094 955.580322265625 278.5184020996094 955.580322265625 305.8069038391113 847.1181640625 305.8069038391113
847.0858154296875 275.188720703125 957.1618194580078 275.188720703125 957.1618194580078 303.42412757873535 847.0858154296875 303.42412757873535
851.4566650390625 271.7026672363281 959.0000457763672 271.7026672363281 959.0000457763672 299.9555969238281 851.4566650390625 299.9555969238281
850.6971435546875 268.4715270996094 959.0 268.4715270996094 959.0 296.9239807128906 850.6971435546875 296.9239807128906
849.9400634765625 265.06024169921875 959.0 265.06024169921875 959.0 293.7115879058838 849.9400634765625 293.7115879058838
852.8243408203125 259.2143249511719 958.6629257202148 259.2143249511719 958.6629257202148 287.0193843841553 852.8243408203125 287.0193843841553
853.2049560546875 259.0474548339844 958.9999389648438 259.0474548339844 958.9999389648438 286.8410587310791 853.2049560546875 286.8410587310791
852.0106201171875 256.2372741699219 958.4885025024414 256.2372741699219 958.4885025024414 284.2102851867676 852.0106201171875 284.2102851867676
849.9298706054688 253.2176971435547 958.9999771118164 253.2176971435547 958.9999771118164 281.87171363830566 849.9298706054688 281.87171363830566
851.3516845703125 248.39224243164062 959.0 248.39224243164062 959.0 276.67273902893066 851.3516845703125 276.67273902893066
846.9968872070312 240.5979461669922 959.0000457763672 240.5979461669922 959.0000457763672 270.02251625061035 846.9968872070312 270.02251625061035
844.7371215820312 235.20669555664062 958.9999618530273 235.20669555664062 958.9999618530273 265.22491455078125 844.7371215820312 265.22491455078125
844.4432373046875 232.4256591796875 958.4180450439453 232.4256591796875 958.4180450439453 262.3682060241699 844.4432373046875 262.3682060241699
840.6980590820312 230.4918975830078 957.1411743164062 230.4918975830078 957.1411743164062 260.5244846343994 840.6980590820312 260.5244846343994
833.74951171875 232.33346557617188 950.2726058959961 232.33346557617188 950.2726058959961 259.6104850769043 833.74951171875 259.6104850769043
832.5773315429688 231.5223388671875 950.5231323242188 231.5223388671875 950.5231323242188 258.6587333679199 832.5773315429688 258.6587333679199
831.408203125 232.5474090576172 949.3076171875 232.5474090576172 949.3076171875 259.36566734313965 831.408203125 259.36566734313965
832.9426879882812 233.0755615234375 948.9205932617188 233.0755615234375 948.9205932617188 259.8342590332031 832.9426879882812 259.8342590332031
834.0673828125 234.77145385742188 949.5038833618164 234.77145385742188 949.5038833618164 261.3488578796387 834.0673828125 261.3488578796387
834.5026245117188 235.3221893310547 950.3494033813477 235.3221893310547 950.3494033813477 262.24260902404785 834.5026245117188 262.24260902404785
832.5496215820312 236.0618896484375 950.3182754516602 236.0618896484375 950.3182754516602 263.35718154907227 832.5496215820312 263.35718154907227
831.0220947265625 235.27322387695312 949.9450454711914 235.27322387695312 949.9450454711914 262.4455261230469 831.0220947265625 262.4455261230469
831.6505126953125 235.3473663330078 949.4389419555664 235.3473663330078 949.4389419555664 262.2656440734863 831.6505126953125 262.2656440734863
831.6755981445312 235.5166778564453 949.1175079345703 235.5166778564453 949.1175079345703 262.0273494720459 831.6755981445312 262.0273494720459
832.0579833984375 236.1125946044922 948.3238372802734 236.1125946044922 948.3238372802734 261.7739562988281 832.0579833984375 261.7739562988281
838.6823120117188 232.4633331298828 952.4305267333984 232.4633331298828 952.4305267333984 260.11083602905273 838.6823120117188 260.11083602905273
836.4627685546875 232.900634765625 949.8300552368164 232.900634765625 949.8300552368164 258.92241859436035 836.4627685546875 258.92241859436035
837.8995361328125 231.38766479492188 949.7241439819336 231.38766479492188 949.7241439819336 256.80429458618164 837.8995361328125 256.80429458618164
838.6090087890625 230.48916625976562 951.3863296508789 230.48916625976562 951.3863296508789 256.1092071533203 838.6090087890625 256.1092071533203
838.0364379882812 230.6331329345703 950.8584823608398 230.6331329345703 950.8584823608398 256.03278732299805 838.0364379882812 256.03278732299805
838.796875 229.6658172607422 950.8398666381836 229.6658172607422 950.8398666381836 254.97762298583984 838.796875 254.97762298583984
837.1676025390625 231.5823974609375 947.476318359375 231.5823974609375 947.476318359375 255.79327011108398 837.1676025390625 255.79327011108398
842.8995971679688 227.5579376220703 953.67431640625 227.5579376220703 953.67431640625 254.74949073791504 842.8995971679688 254.74949073791504
850.0888671875 226.2299346923828 958.9047622680664 226.2299346923828 958.9047622680664 254.8171844482422 850.0888671875 254.8171844482422
853.6981201171875 227.4201202392578 958.9999389648438 227.4201202392578 958.9999389648438 255.08417892456055 853.6981201171875 255.08417892456055
854.71044921875 228.351806640625 958.9999771118164 228.351806640625 958.9999771118164 255.7499237060547 854.71044921875 255.7499237060547
855.6257934570312 230.2261199951172 958.9999618530273 230.2261199951172 958.9999618530273 257.38376235961914 855.6257934570312 257.38376235961914
857.3289184570312 234.14913940429688 959.0000839233398 234.14913940429688 959.0000839233398 260.8593807220459 857.3289184570312 260.8593807220459
860.0560302734375 232.9670867919922 959.0000228881836 232.9670867919922 959.0000228881836 258.96086502075195 860.0560302734375 258.96086502075195
861.0328369140625 232.5546112060547 958.9999847412109 232.5546112060547 958.9999847412109 258.2917594909668 861.0328369140625 258.2917594909668
862.0563354492188 232.279052734375 958.9890365600586 232.279052734375 958.9890365600586 257.74444007873535 862.0563354492188 257.74444007873535
863.630859375 230.97647094726562 958.9999771118164 230.97647094726562 958.9999771118164 256.0310859680176 863.630859375 256.0310859680176
864.4697265625 231.40859985351562 958.9999084472656 231.40859985351562 958.9999084472656 256.2428169250488 864.4697265625 256.2428169250488
865.341796875 232.3207550048828 958.7766876220703 232.3207550048828 958.7766876220703 256.867223739624 865.341796875 256.867223739624
868.4939575195312 234.03646850585938 958.9999847412109 234.03646850585938 958.9999847412109 257.81348991394043 868.4939575195312 257.81348991394043
868.9769287109375 235.6486358642578 958.9999847412109 235.6486358642578 958.9999847412109 259.2987766265869 868.9769287109375 259.2987766265869
869.9156494140625 234.4209442138672 958.9999694824219 234.4209442138672 958.9999694824219 257.8244686126709 869.9156494140625 257.8244686126709
871.4793090820312 233.43899536132812 959.0000457763672 233.43899536132812 959.0000457763672 256.43174743652344 871.4793090820312 256.43174743652344
872.4723510742188 232.5028533935547 958.8536376953125 232.5028533935547 958.8536376953125 255.1962547302246 872.4723510742188 255.1962547302246
873.8253784179688 231.95596313476562 958.9999771118164 231.95596313476562 958.9999771118164 254.33235359191895 873.8253784179688 254.33235359191895
875.7255859375 231.16256713867188 959.0000457763672 231.16256713867188 959.0000457763672 253.03976821899414 875.7255859375 253.03976821899414
875.1815185546875 229.8046112060547 958.9999389648438 229.8046112060547 958.9999389648438 251.8247184753418 875.1815185546875 251.8247184753418
874.8311767578125 227.69430541992188 958.992301940918 227.69430541992188 958.992301940918 249.80444717407227 874.8311767578125 249.80444717407227
875.4056396484375 226.4770965576172 958.9999542236328 226.4770965576172 958.9999542236328 248.43832969665527 875.4056396484375 248.43832969665527
876.9359130859375 226.18399047851562 958.9999542236328 226.18399047851562 958.9999542236328 247.74320030212402 876.9359130859375 247.74320030212402
878.1495361328125 224.1558074951172 959.0000457763672 224.1558074951172 959.0000457763672 245.39620780944824 878.1495361328125 245.39620780944824
877.49853515625 222.252685546875 958.9216156005859 222.252685546875 958.9216156005859 243.64350509643555 877.49853515625 243.64350509643555
880.078125 221.1807861328125 959.0000381469727 221.1807861328125 959.0000381469727 241.91451835632324 880.078125 241.91451835632324
881.96484375 219.83810424804688 958.9048538208008 219.83810424804688 958.9048538208008 240.05116653442383 881.96484375 240.05116653442383
881.4093627929688 219.2059326171875 958.9999694824219 219.2059326171875 958.9999694824219 239.5899143218994 881.4093627929688 239.5899143218994
880.6394653320312 219.0519256591797 959.0000534057617 219.0519256591797 959.0000534057617 239.6381893157959 880.6394653320312 239.6381893157959
882.4891357421875 220.21273803710938 958.4802474975586 220.21273803710938 958.4802474975586 240.176513671875 882.4891357421875 240.176513671875
881.7879028320312 222.0121612548828 958.6120529174805 222.0121612548828 958.6120529174805 242.19478607177734 881.7879028320312 242.19478607177734
880.1412353515625 223.873291015625 959.0000839233398 223.873291015625 959.0000839233398 244.59045791625977 880.1412353515625 244.59045791625977
879.9876708984375 224.468017578125 959.0000152587891 224.468017578125 959.0000152587891 245.2255096435547 879.9876708984375 245.2255096435547
878.7697143554688 225.20175170898438 958.3570709228516 225.20175170898438 958.3570709228516 246.1103057861328 878.7697143554688 246.1103057861328
881.1083984375 230.5821075439453 959.0000152587891 230.5821075439453 959.0000152587891 251.04516983032227 881.1083984375 251.04516983032227
881.6036987304688 230.92587280273438 958.659049987793 230.92587280273438 958.659049987793 251.16923713684082 881.6036987304688 251.16923713684082
883.1814575195312 231.7726593017578 959.0000228881836 231.7726593017578 959.0000228881836 251.69110488891602 883.1814575195312 251.69110488891602
884.5701293945312 234.7397918701172 959.0000610351562 234.7397918701172 959.0000610351562 254.29342651367188 884.5701293945312 254.29342651367188
883.6790161132812 235.0268096923828 959.0 235.0268096923828 959.0 254.8145351409912 883.6790161132812 254.8145351409912
885.6857299804688 238.2878875732422 959.0000991821289 238.2878875732422 959.0000991821289 257.5484504699707 885.6857299804688 257.5484504699707
887.95556640625 238.93057250976562 959.0000076293945 238.93057250976562 959.0000076293945 257.5947971343994 887.95556640625 257.5947971343994
888.9918823242188 238.4947509765625 958.9999847412109 238.4947509765625 958.9999847412109 256.88671493530273 888.9918823242188 256.88671493530273
889.5030517578125 238.77816772460938 959.0000610351562 238.77816772460938 959.0000610351562 257.03586196899414 889.5030517578125 257.03586196899414
890.4581909179688 240.2731475830078 959.0000457763672 240.2731475830078 959.0000457763672 258.27991104125977 890.4581909179688 258.27991104125977
890.88720703125 241.0967254638672 959.0000457763672 241.0967254638672 959.0000457763672 258.9907817840576 890.88720703125 258.9907817840576
891.71240234375 242.24411010742188 958.9999771118164 242.24411010742188 958.9999771118164 259.92136001586914 891.71240234375 259.92136001586914
892.92333984375 243.31069946289062 959.0000381469727 243.31069946289062 959.0000381469727 260.66983795166016 892.92333984375 260.66983795166016
894.2659912109375 242.6978302001953 958.9999237060547 242.6978302001953 958.9999237060547 259.70420837402344 894.2659912109375 259.70420837402344
895.5491333007812 243.44070434570312 959.0000610351562 243.44070434570312 959.0000610351562 260.1100215911865 895.5491333007812 260.1100215911865
895.9558715820312 245.0918731689453 959.0000076293945 245.0918731689453 959.0000076293945 261.6543216705322 895.9558715820312 261.6543216705322
897.0968627929688 246.24221801757812 959.0000114440918 246.24221801757812 959.0000114440918 262.5049171447754 897.0968627929688 262.5049171447754
898.2337646484375 246.408447265625 959.0000228881836 246.408447265625 959.0000228881836 262.3724727630615 898.2337646484375 262.3724727630615
898.0277099609375 245.1804656982422 958.9142684936523 245.1804656982422 958.9142684936523 261.1760959625244 898.0277099609375 261.1760959625244
897.9986572265625 244.3746337890625 958.999927520752 244.3746337890625 958.999927520752 260.40040016174316 897.9986572265625 260.40040016174316
898.7052612304688 243.48135375976562 959.0000076293945 243.48135375976562 959.0000076293945 259.32150745391846 898.7052612304688 259.32150745391846
898.7509765625 242.1529998779297 959.0000419616699 242.1529998779297 959.0000419616699 257.9811534881592 898.7509765625 257.9811534881592
900.3590087890625 243.8085479736328 958.8253059387207 243.8085479736328 958.8253059387207 259.1683473587036 900.3590087890625 259.1683473587036
900.9616088867188 240.56192016601562 958.8742446899414 240.56192016601562 958.8742446899414 255.77626609802246 900.9616088867188 255.77626609802246
900.2054443359375 240.0558624267578 958.9999580383301 240.0558624267578 958.9999580383301 255.50188732147217 900.2054443359375 255.50188732147217
901.0460815429688 243.26785278320312 959.0000114440918 243.26785278320312 959.0000114440918 258.4930467605591 901.0460815429688 258.4930467605591
901.44189453125 243.66757202148438 958.9999580383301 243.66757202148438 958.9999580383301 258.7887668609619 901.44189453125 258.7887668609619
901.8021240234375 245.73110961914062 958.9999008178711 245.73110961914062 958.9999008178711 260.7576541900635 901.8021240234375 260.7576541900635
903.5584716796875 246.7825927734375 958.9999389648438 246.7825927734375 958.9999389648438 261.34773445129395 903.5584716796875 261.34773445129395
900.1336059570312 248.8522491455078 956.5944023132324 248.8522491455078 956.5944023132324 262.38151359558105 900.1336059570312 262.38151359558105
904.7203979492188 248.4136962890625 959.0000190734863 248.4136962890625 959.0000190734863 262.67360496520996 904.7203979492188 262.67360496520996
906.0289916992188 246.5050506591797 958.9999389648438 246.5050506591797 958.9999389648438 260.42115592956543 906.0289916992188 260.42115592956543
907.1261596679688 244.27755737304688 958.9999885559082 244.27755737304688 958.9999885559082 257.9054355621338 907.1261596679688 257.9054355621338
906.8011474609375 240.14956665039062 958.9951477050781 240.14956665039062 958.9951477050781 253.86155700683594 906.8011474609375 253.86155700683594
907.4036865234375 238.2455291748047 958.9882888793945 238.2455291748047 958.9882888793945 251.7974214553833 907.4036865234375 251.7974214553833
908.0491943359375 235.7296142578125 959.0000114440918 235.7296142578125 959.0000114440918 249.11500549316406 908.0491943359375 249.11500549316406
907.8994140625 235.714111328125 959.0000228881836 235.714111328125 959.0000228881836 249.13885307312012 907.8994140625 249.13885307312012
909.1566162109375 236.86434936523438 958.9999313354492 236.86434936523438 958.9999313354492 249.95878410339355 909.1566162109375 249.95878410339355
910.3312377929688 237.9225311279297 958.9999694824219 237.9225311279297 958.9999694824219 250.70838832855225 910.3312377929688 250.70838832855225
911.0072021484375 239.73129272460938 958.999870300293 239.73129272460938 958.999870300293 252.33954048156738 911.0072021484375 252.33954048156738
912.1300048828125 240.54702758789062 959.0000686645508 240.54702758789062 959.0000686645508 252.86035346984863 912.1300048828125 252.86035346984863
913.2464599609375 240.54833984375 958.9308090209961 240.54833984375 958.9308090209961 252.55016422271729 913.2464599609375 252.55016422271729
912.6364135742188 240.76400756835938 958.9999542236328 240.76400756835938 958.9999542236328 252.94426441192627 912.6364135742188 252.94426441192627
