906.0 310.0 938.0 310.0 938.0 378.0 906.0 378.0
906.52001953125 309.397705078125 937.9091529846191 309.397705078125 937.9091529846191 375.5123519897461 906.52001953125 375.5123519897461
906.2619018554688 309.81243896484375 937.8567562103271 309.81243896484375 937.8567562103271 377.17591094970703 906.2619018554688 377.17591094970703
906.0472412109375 309.65576171875 937.5766105651855 309.65576171875 937.5766105651855 376.787353515625 906.0472412109375 376.787353515625
902.5016479492188 309.15704345703125 934.3217830657959 309.15704345703125 934.3217830657959 376.8872833251953 902.5016479492188 376.8872833251953
902.1798706054688 308.91192626953125 933.5803527832031 308.91192626953125 933.5803527832031 376.1670227050781 902.1798706054688 376.1670227050781
900.95458984375 307.32794189453125 933.150333404541 307.32794189453125 933.150333404541 375.68597412109375 900.95458984375 375.68597412109375
901.6227416992188 311.3982849121094 934.2409057617188 311.3982849121094 934.2409057617188 379.4952926635742 901.6227416992188 379.4952926635742
899.2149658203125 308.782958984375 932.8125343322754 308.782958984375 932.8125343322754 378.98775482177734 899.2149658203125 378.98775482177734
898.4193115234375 310.21502685546875 933.397087097168 310.21502685546875 933.397087097168 379.9459991455078 898.4193115234375 379.9459991455078
898.3132934570312 312.10137939453125 932.2816009521484 312.10137939453125 932.2816009521484 382.62134552001953 898.3132934570312 382.62134552001953
897.9680786132812 310.5675964355469 931.8556289672852 310.5675964355469 931.8556289672852 382.3401565551758 897.9680786132812 382.3401565551758
895.8909301757812 308.90704345703125 930.3722038269043 308.90704345703125 930.3722038269043 381.6565399169922 895.8909301757812 381.6565399169922
896.0929565429688 307.16961669921875 930.4189987182617 307.16961669921875 930.4189987182617 380.1124267578125 896.0929565429688 380.1124267578125
895.4608154296875 308.99786376953125 929.6128692626953 308.99786376953125 929.6128692626953 381.99456787109375 895.4608154296875 381.99456787109375
894.9639892578125 308.6630859375 928.9436569213867 308.6630859375 928.9436569213867 380.86985778808594 894.9639892578125 380.86985778808594
895.916015625 310.34173583984375 929.480598449707 310.34173583984375 929.480598449707 381.9512176513672 895.916015625 381.9512176513672
896.7330322265625 310.43084716796875 929.8300666809082 310.43084716796875 929.8300666809082 382.06241607666016 896.7330322265625 382.06241607666016
896.9407348632812 310.5433044433594 930.1675300598145 310.5433044433594 930.1675300598145 380.4357604980469 896.9407348632812 380.4357604980469
895.8165283203125 310.829833984375 928.6009902954102 310.829833984375 928.6009902954102 379.32727813720703 895.8165283203125 379.32727813720703
896.1156005859375 311.9302673339844 928.0189552307129 311.9302673339844 928.0189552307129 378.9039764404297 896.1156005859375 378.9039764404297
896.1013793945312 312.1579284667969 927.6194801330566 312.1579284667969 927.6194801330566 378.53990936279297 896.1013793945312 378.53990936279297
895.6697998046875 311.6744689941406 927.4215908050537 311.6744689941406 927.4215908050537 379.57127380371094 895.6697998046875 379.57127380371094
894.5888671875 312.49139404296875 926.327169418335 312.49139404296875 926.327169418335 380.0399932861328 894.5888671875 380.0399932861328
892.9934692382812 311.384033203125 926.709545135498 311.384033203125 926.709545135498 380.9926528930664 892.9934692382812 380.9926528930664
892.2718505859375 311.2162170410156 925.7358474731445 311.2162170410156 925.7358474731445 381.3641357421875 892.2718505859375 381.3641357421875
892.0211181640625 310.6212463378906 925.6897964477539 310.6212463378906 925.6897964477539 381.5938262939453 892.0211181640625 381.5938262939453
892.1195068359375 311.81854248046875 925.483528137207 311.81854248046875 925.483528137207 381.413330078125 892.1195068359375 381.413330078125
890.2388916015625 311.3974914550781 924.4832382202148 311.3974914550781 924.4832382202148 382.92118072509766 890.2388916015625 382.92118072509766
890.6495361328125 312.99139404296875 923.9288864135742 312.99139404296875 923.9288864135742 382.2560272216797 890.6495361328125 382.2560272216797
890.1373291015625 309.81585693359375 923.9319305419922 309.81585693359375 923.9319305419922 381.6680679321289 890.1373291015625 381.6680679321289
890.0398559570312 308.0885314941406 924.2695426940918 308.0885314941406 924.2695426940918 380.8265609741211 890.0398559570312 380.8265609741211
890.5753784179688 309.1648254394531 925.1020278930664 309.1648254394531 925.1020278930664 382.53389739990234 890.5753784179688 382.53389739990234
891.64697265625 311.8269958496094 926.209602355957 311.8269958496094 926.209602355957 385.27252197265625 891.64697265625 385.27252197265625
891.6560668945312 312.9466857910156 926.1990547180176 312.9466857910156 926.1990547180176 386.09249114990234 891.6560668945312 386.09249114990234
892.1189575195312 314.4114685058594 926.2736434936523 314.4114685058594 926.2736434936523 386.8243637084961 892.1189575195312 386.8243637084961
892.6281127929688 314.54473876953125 926.3654556274414 314.54473876953125 926.3654556274414 386.2365417480469 892.6281127929688 386.2365417480469
891.3836669921875 315.4013366699219 925.2807426452637 315.4013366699219 925.2807426452637 387.4325714111328 891.3836669921875 387.4325714111328
892.1416015625 313.4393615722656 926.0342559814453 313.4393615722656 926.0342559814453 385.5475540161133 892.1416015625 385.5475540161133
890.5509643554688 315.1637268066406 924.9977416992188 315.1637268066406 924.9977416992188 387.5651092529297 890.5509643554688 387.5651092529297
890.9110107421875 315.13983154296875 925.2845687866211 315.13983154296875 925.2845687866211 389.22698974609375 890.9110107421875 389.22698974609375
890.2664794921875 314.2711181640625 925.5017471313477 314.2711181640625 925.5017471313477 390.5563735961914 890.2664794921875 390.5563735961914
889.0157470703125 312.81732177734375 924.5491561889648 312.81732177734375 924.5491561889648 390.9220428466797 889.0157470703125 390.9220428466797
890.2655029296875 315.0138244628906 925.2370796203613 315.0138244628906 925.2370796203613 391.3700714111328 890.2655029296875 391.3700714111328
889.2939453125 316.4666748046875 924.1462173461914 316.4666748046875 924.1462173461914 390.331787109375 889.2939453125 390.331787109375
889.4462890625 315.42486572265625 924.5143585205078 315.42486572265625 924.5143585205078 392.2054977416992 889.4462890625 392.2054977416992
889.5264892578125 316.51861572265625 923.8974952697754 316.51861572265625 923.8974952697754 391.4782485961914 889.5264892578125 391.4782485961914
889.623046875 317.2445373535156 923.4539909362793 317.2445373535156 923.4539909362793 390.61608123779297 889.623046875 390.61608123779297
889.3532104492188 317.4677734375 923.3563423156738 317.4677734375 923.3563423156738 390.91796112060547 889.3532104492188 390.91796112060547
888.0482177734375 317.06707763671875 922.9271774291992 317.06707763671875 922.9271774291992 390.9561996459961 888.0482177734375 390.9561996459961
888.8049926757812 317.55975341796875 922.7867660522461 317.55975341796875 922.7867660522461 388.5717010498047 888.8049926757812 388.5717010498047
887.0330200195312 317.4991149902344 922.0060806274414 317.4991149902344 922.0060806274414 389.2232360839844 887.0330200195312 389.2232360839844
887.28759765625 316.9929504394531 922.0510711669922 316.9929504394531 922.0510711669922 389.49330139160156 887.28759765625 389.49330139160156
886.0367431640625 316.29864501953125 921.3877372741699 316.29864501953125 921.3877372741699 390.1759567260742 886.0367431640625 390.1759567260742
886.3160400390625 314.72174072265625 921.3194160461426 314.72174072265625 921.3194160461426 390.3619842529297 886.3160400390625 390.3619842529297
885.4705200195312 314.4226989746094 920.354248046875 314.4226989746094 920.354248046875 390.4343566894531 885.4705200195312 390.4343566894531
884.30615234375 314.74700927734375 919.1138229370117 314.74700927734375 919.1138229370117 390.9112014770508 884.30615234375 390.9112014770508
883.2839965820312 314.9383544921875 919.2033767700195 314.9383544921875 919.2033767700195 391.1902084350586 883.2839965820312 391.1902084350586
883.4271240234375 316.0954284667969 919.2669448852539 316.0954284667969 919.2669448852539 393.7164306640625 883.4271240234375 393.7164306640625
885.4035034179688 314.70263671875 919.7114944458008 314.70263671875 919.7114944458008 392.10047912597656 885.4035034179688 392.10047912597656
885.3816528320312 314.6089172363281 920.2338333129883 314.6089172363281 920.2338333129883 391.97608947753906 885.3816528320312 391.97608947753906
885.8294067382812 313.8877258300781 920.0783424377441 313.8877258300781 920.0783424377441 391.7432403564453 885.8294067382812 391.7432403564453
885.5167846679688 315.4230041503906 919.1695976257324 315.4230041503906 919.1695976257324 391.45835876464844 885.5167846679688 391.45835876464844
887.2589721679688 315.10052490234375 920.8383407592773 315.10052490234375 920.8383407592773 389.3199920654297 887.2589721679688 389.3199920654297
886.40234375 314.17987060546875 920.6282501220703 314.17987060546875 920.6282501220703 390.30934143066406 886.40234375 390.30934143066406
880.2386474609375 317.14312744140625 915.3447227478027 317.14312744140625 915.3447227478027 396.01220703125 880.2386474609375 396.01220703125
879.0114135742188 317.47271728515625 914.1061630249023 317.47271728515625 914.1061630249023 397.8374557495117 879.0114135742188 397.8374557495117
880.8287353515625 316.0194091796875 915.7924194335938 316.0194091796875 915.7924194335938 394.6485290527344 880.8287353515625 394.6485290527344
879.7152099609375 317.7627258300781 914.7752571105957 317.7627258300781 914.7752571105957 396.54896545410156 879.7152099609375 396.54896545410156
880.2081909179688 317.58770751953125 913.8807067871094 317.58770751953125 913.8807067871094 395.7223129272461 880.2081909179688 395.7223129272461
880.4959106445312 316.7095642089844 915.1073989868164 316.7095642089844 915.1073989868164 395.1441116333008 880.4959106445312 395.1441116333008
879.9630737304688 318.00445556640625 913.9355239868164 318.00445556640625 913.9355239868164 395.8729705810547 879.9630737304688 395.8729705810547
879.7775268554688 318.09423828125 914.0016670227051 318.09423828125 914.0016670227051 394.82676696777344 879.7775268554688 394.82676696777344
878.0908203125 318.0887756347656 912.2066764831543 318.0887756347656 912.2066764831543 397.0100860595703 878.0908203125 397.0100860595703
877.8001708984375 317.47540283203125 911.8004417419434 317.47540283203125 911.8004417419434 397.0033416748047 877.8001708984375 397.0033416748047
878.18994140625 319.2799987792969 912.1887893676758 319.2799987792969 912.1887893676758 397.41028594970703 878.18994140625 397.41028594970703
876.8330078125 319.16839599609375 910.8842239379883 319.16839599609375 910.8842239379883 399.3682556152344 876.8330078125 399.3682556152344
876.8826904296875 318.8580017089844 911.0256118774414 318.8580017089844 911.0256118774414 400.7499771118164 876.8826904296875 400.7499771118164
876.72998046875 320.44464111328125 910.1231994628906 320.44464111328125 910.1231994628906 399.8426055908203 876.72998046875 399.8426055908203
877.5403442382812 320.70672607421875 910.76416015625 320.70672607421875 910.76416015625 398.1487274169922 877.5403442382812 398.1487274169922
876.2542114257812 320.93011474609375 910.0291137695312 320.93011474609375 910.0291137695312 399.14918518066406 876.2542114257812 399.14918518066406
875.8375244140625 320.7252197265625 910.4646415710449 320.7252197265625 910.4646415710449 399.93140411376953 875.8375244140625 399.93140411376953
877.57421875 319.35943603515625 911.7993774414062 319.35943603515625 911.7993774414062 397.39878845214844 877.57421875 397.39878845214844
877.55859375 322.3841857910156 910.5297737121582 322.3841857910156 910.5297737121582 398.52601623535156 877.55859375 398.52601623535156
877.7898559570312 321.43511962890625 911.4210777282715 321.43511962890625 911.4210777282715 397.42069244384766 877.7898559570312 397.42069244384766
876.9169921875 321.2232971191406 911.1203422546387 321.2232971191406 911.1203422546387 398.7633743286133 876.9169921875 398.7633743286133
876.7705078125 322.2201232910156 909.9479370117188 322.2201232910156 909.9479370117188 397.6093063354492 876.7705078125 397.6093063354492
876.4949340820312 323.6390686035156 909.4721298217773 323.6390686035156 909.4721298217773 397.97545623779297 876.4949340820312 397.97545623779297
878.1075439453125 322.2655334472656 911.096263885498 322.2655334472656 911.096263885498 397.7065124511719 878.1075439453125 397.7065124511719
878.27587890625 322.890380859375 910.9580268859863 322.890380859375 910.9580268859863 399.75555419921875 878.27587890625 399.75555419921875
881.2140502929688 321.23016357421875 914.0738639831543 321.23016357421875 914.0738639831543 396.72010803222656 881.2140502929688 396.72010803222656
880.1427001953125 321.1834716796875 913.283145904541 321.1834716796875 913.283145904541 396.41259765625 880.1427001953125 396.41259765625
877.908203125 321.7142639160156 911.6249160766602 321.7142639160156 911.6249160766602 397.17372131347656 877.908203125 397.17372131347656
876.7857666015625 322.62164306640625 910.8212051391602 322.62164306640625 910.8212051391602 397.0321807861328 876.7857666015625 397.0321807861328
873.9972534179688 321.5774841308594 908.8796081542969 321.5774841308594 908.8796081542969 401.26307678222656 873.9972534179688 401.26307678222656
875.69384765625 322.6694030761719 910.4097328186035 322.6694030761719 910.4097328186035 399.9886169433594 875.69384765625 399.9886169433594
873.6671752929688 322.6552734375 908.7292900085449 322.6552734375 908.7292900085449 401.37730407714844 873.6671752929688 401.37730407714844
874.9054565429688 324.78106689453125 909.9502639770508 324.78106689453125 909.9502639770508 402.8991394042969 874.9054565429688 402.8991394042969
873.9797973632812 325.42510986328125 908.5942268371582 325.42510986328125 908.5942268371582 403.2078628540039 873.9797973632812 403.2078628540039
880.7429809570312 320.9114685058594 915.3494834899902 320.9114685058594 915.3494834899902 399.18528747558594 880.7429809570312 399.18528747558594
891.5094604492188 313.5818786621094 925.0577011108398 313.5818786621094 925.0577011108398 392.1241760253906 891.5094604492188 392.1241760253906
876.60693359375 324.84783935546875 910.0072593688965 324.84783935546875 910.0072593688965 401.0090026855469 876.60693359375 401.0090026855469
884.763671875 320.25823974609375 916.9278945922852 320.25823974609375 916.9278945922852 395.47066497802734 884.763671875 395.47066497802734
883.6748046875 322.45733642578125 915.4937076568604 322.45733642578125 915.4937076568604 396.08866119384766 883.6748046875 396.08866119384766
887.7066650390625 320.17108154296875 919.3585872650146 320.17108154296875 919.3585872650146 394.0903778076172 887.7066650390625 394.0903778076172
882.1029052734375 322.96783447265625 914.0482292175293 322.96783447265625 914.0482292175293 395.95884704589844 882.1029052734375 395.95884704589844
873.5094604492188 326.7648010253906 906.1788673400879 326.7648010253906 906.1788673400879 399.04239654541016 873.5094604492188 399.04239654541016
877.3680419921875 325.404052734375 910.0127944946289 325.404052734375 910.0127944946289 397.68067932128906 877.3680419921875 397.68067932128906
884.7610473632812 321.07940673828125 917.9225082397461 321.07940673828125 917.9225082397461 393.63050842285156 884.7610473632812 393.63050842285156
874.3766479492188 326.7554626464844 906.6821060180664 326.7554626464844 906.6821060180664 396.64539337158203 874.3766479492188 396.64539337158203
890.8841552734375 318.5949401855469 924.4202613830566 318.5949401855469 924.4202613830566 392.1578674316406 890.8841552734375 392.1578674316406
889.8948974609375 319.892333984375 924.0960502624512 319.892333984375 924.0960502624512 394.5774459838867 889.8948974609375 394.5774459838867
890.6209716796875 320.2481689453125 925.1855125427246 320.2481689453125 925.1855125427246 394.6835174560547 890.6209716796875 394.6835174560547
890.0284423828125 318.5618591308594 925.6483535766602 318.5618591308594 925.6483535766602 394.71986389160156 890.0284423828125 394.71986389160156
890.98828125 318.40106201171875 926.9920768737793 318.40106201171875 926.9920768737793 395.09859466552734 890.98828125 395.09859466552734
892.0491943359375 318.3288879394531 928.5296325683594 318.3288879394531 928.5296325683594 395.08180236816406 892.0491943359375 395.08180236816406
893.1068115234375 319.49578857421875 928.9030990600586 319.49578857421875 928.9030990600586 394.80015563964844 893.1068115234375 394.80015563964844
893.39990234375 319.0350341796875 929.5209770202637 319.0350341796875 929.5209770202637 393.941162109375 893.39990234375 393.941162109375
892.7431640625 319.12933349609375 929.8396797180176 319.12933349609375 929.8396797180176 395.01747131347656 892.7431640625 395.01747131347656
891.5235595703125 317.60797119140625 929.3397521972656 317.60797119140625 929.3397521972656 395.9641647338867 891.5235595703125 395.9641647338867
894.05908203125 317.08209228515625 930.9321670532227 317.08209228515625 930.9321670532227 395.0198974609375 894.05908203125 395.0198974609375
892.2738037109375 317.86859130859375 929.555061340332 317.86859130859375 929.555061340332 396.402099609375 892.2738037109375 396.402099609375
892.6530151367188 317.2096252441406 929.7676315307617 317.2096252441406 929.7676315307617 395.54862213134766 892.6530151367188 395.54862213134766
894.4879150390625 317.4137878417969 930.2905120849609 317.4137878417969 930.2905120849609 396.09317779541016 894.4879150390625 396.09317779541016
895.4805908203125 318.75775146484375 930.5585784912109 318.75775146484375 930.5585784912109 396.0433578491211 895.4805908203125 396.0433578491211
894.7581176757812 319.22100830078125 929.7858009338379 319.22100830078125 929.7858009338379 396.5471496582031 894.7581176757812 396.5471496582031
895.5535888671875 318.32318115234375 930.1277542114258 318.32318115234375 930.1277542114258 397.69116973876953 895.5535888671875 397.69116973876953
895.2115478515625 319.7601013183594 930.4381294250488 319.7601013183594 930.4381294250488 398.2656021118164 895.2115478515625 398.2656021118164
895.2562255859375 320.20794677734375 929.9804267883301 320.20794677734375 929.9804267883301 399.30450439453125 895.2562255859375 399.30450439453125
895.7127685546875 320.900390625 929.4860153198242 320.900390625 929.4860153198242 399.1615447998047 895.7127685546875 399.1615447998047
896.1875 319.5195007324219 930.3411483764648 319.5195007324219 930.3411483764648 398.41920471191406 896.1875 398.41920471191406
893.5828857421875 314.84747314453125 929.7831802368164 314.84747314453125 929.7831802368164 397.3882522583008 893.5828857421875 397.3882522583008
893.4240112304688 316.09649658203125 929.1302757263184 316.09649658203125 929.1302757263184 397.54813385009766 893.4240112304688 397.54813385009766
893.4928588867188 315.73516845703125 929.5824661254883 315.73516845703125 929.5824661254883 395.02569580078125 893.4928588867188 395.02569580078125
893.2805786132812 318.202392578125 928.7245101928711 318.202392578125 928.7245101928711 394.9457550048828 893.2805786132812 394.9457550048828
892.98291015625 317.4999084472656 927.8284072875977 317.4999084472656 927.8284072875977 397.12024688720703 892.98291015625 397.12024688720703
892.5181884765625 319.776123046875 926.3545989990234 319.776123046875 926.3545989990234 399.45521545410156 892.5181884765625 399.45521545410156
893.4150390625 318.19183349609375 926.4967193603516 318.19183349609375 926.4967193603516 399.8574523925781 893.4150390625 399.8574523925781
892.34326171875 320.2734375 925.5387344360352 320.2734375 925.5387344360352 401.5599594116211 892.34326171875 401.5599594116211
891.9071044921875 320.46502685546875 927.0258979797363 320.46502685546875 927.0258979797363 401.6488723754883 891.9071044921875 401.6488723754883
891.6083984375 319.2698974609375 926.5163459777832 319.2698974609375 926.5163459777832 401.1166534423828 891.6083984375 401.1166534423828
892.8250122070312 320.1275329589844 927.0942687988281 320.1275329589844 927.0942687988281 400.2956008911133 892.8250122070312 400.2956008911133
892.2926635742188 318.3056945800781 927.1430740356445 318.3056945800781 927.1430740356445 399.04144287109375 892.2926635742188 399.04144287109375
892.2764892578125 320.42529296875 927.0060806274414 320.42529296875 927.0060806274414 402.5168762207031 892.2764892578125 402.5168762207031
892.9022216796875 320.02593994140625 929.3635673522949 320.02593994140625 929.3635673522949 400.5907897949219 892.9022216796875 400.5907897949219
891.896484375 321.4066467285156 929.2575416564941 321.4066467285156 929.2575416564941 402.02294158935547 891.896484375 402.02294158935547
891.5750122070312 319.9983825683594 928.8341369628906 319.9983825683594 928.8341369628906 402.53346252441406 891.5750122070312 402.53346252441406
892.1970825195312 320.1255798339844 928.7233734130859 320.1255798339844 928.7233734130859 403.1192321777344 892.1970825195312 403.1192321777344
891.16015625 322.49359130859375 927.234188079834 322.49359130859375 927.234188079834 404.76548767089844 891.16015625 404.76548767089844
892.1826171875 321.2486877441406 927.7359848022461 321.2486877441406 927.7359848022461 402.1923065185547 892.1826171875 402.1923065185547
891.0535278320312 323.5819396972656 926.464771270752 323.5819396972656 926.464771270752 403.68350982666016 891.0535278320312 403.68350982666016
893.2263793945312 323.56158447265625 927.3567123413086 323.56158447265625 927.3567123413086 402.98765563964844 893.2263793945312 402.98765563964844
894.1187744140625 322.36077880859375 927.2028617858887 322.36077880859375 927.2028617858887 401.4477310180664 894.1187744140625 401.4477310180664
897.408203125 318.92449951171875 931.0073623657227 318.92449951171875 931.0073623657227 395.85902404785156 897.408203125 395.85902404785156
895.5114135742188 318.05743408203125 929.5330352783203 318.05743408203125 929.5330352783203 396.41297149658203 895.5114135742188 396.41297149658203
892.0887451171875 318.56280517578125 926.9762687683105 318.56280517578125 926.9762687683105 396.6807403564453 892.0887451171875 396.6807403564453
887.1613159179688 320.7759094238281 924.5056838989258 320.7759094238281 924.5056838989258 398.9955596923828 887.1613159179688 398.9955596923828
885.09619140625 319.69000244140625 922.331901550293 319.69000244140625 922.331901550293 397.96571350097656 885.09619140625 397.96571350097656
885.6041259765625 319.7392578125 922.3730850219727 319.7392578125 922.3730850219727 398.68824768066406 885.6041259765625 398.68824768066406
886.1756591796875 319.7062072753906 922.0317459106445 319.7062072753906 922.0317459106445 399.0404815673828 886.1756591796875 399.0404815673828
884.9636840820312 321.43951416015625 921.7290725708008 321.43951416015625 921.7290725708008 401.0195541381836 884.9636840820312 401.0195541381836
885.19287109375 322.69866943359375 921.8190383911133 322.69866943359375 921.8190383911133 402.37646484375 885.19287109375 402.37646484375
885.4450073242188 324.89398193359375 921.201042175293 324.89398193359375 921.201042175293 407.2052230834961 885.4450073242188 407.2052230834961
886.1692504882812 325.82916259765625 921.5880851745605 325.82916259765625 921.5880851745605 408.74827575683594 886.1692504882812 408.74827575683594
887.0037231445312 324.79949951171875 922.7608985900879 324.79949951171875 922.7608985900879 408.3772277832031 887.0037231445312 408.3772277832031
888.2294921875 326.1900329589844 923.3258285522461 326.1900329589844 923.3258285522461 408.2972717285156 888.2294921875 408.2972717285156
888.4226684570312 324.2071228027344 923.8174057006836 324.2071228027344 923.8174057006836 407.2186508178711 888.4226684570312 407.2186508178711
889.3836669921875 325.5237731933594 925.3940963745117 325.5237731933594 925.3940963745117 407.5332717895508 889.3836669921875 407.5332717895508
889.7529296875 325.8006896972656 925.8486404418945 325.8006896972656 925.8486404418945 408.5439682006836 889.7529296875 408.5439682006836
890.439453125 325.360595703125 927.0569190979004 325.360595703125 927.0569190979004 406.8296127319336 890.439453125 406.8296127319336
889.62646484375 325.5597229003906 927.5640449523926 325.5597229003906 927.5640449523926 408.34510803222656 889.62646484375 408.34510803222656
889.8587646484375 326.4012451171875 928.2956924438477 326.4012451171875 928.2956924438477 410.1504669189453 889.8587646484375 410.1504669189453
891.4689331054688 326.4595947265625 929.89697265625 326.4595947265625 929.89697265625 410.07362365722656 891.4689331054688 410.07362365722656
892.47802734375 325.8329772949219 930.9036293029785 325.8329772949219 930.9036293029785 411.3542938232422 892.47802734375 411.3542938232422
893.1408081054688 326.8511047363281 932.1394462585449 326.8511047363281 932.1394462585449 410.35558319091797 893.1408081054688 410.35558319091797
893.0301513671875 327.6263732910156 932.2016830444336 327.6263732910156 932.2016830444336 410.8657989501953 893.0301513671875 410.8657989501953
893.7672729492188 325.44085693359375 932.064338684082 325.44085693359375 932.064338684082 408.14915466308594 893.7672729492188 408.14915466308594
893.4371948242188 326.7677001953125 931.5170249938965 326.7677001953125 931.5170249938965 408.90589141845703 893.4371948242188 408.90589141845703
894.2271728515625 326.9786071777344 931.7500534057617 326.9786071777344 931.7500534057617 409.68517303466797 894.2271728515625 409.68517303466797
894.0347900390625 327.48394775390625 930.9599952697754 327.48394775390625 930.9599952697754 409.33043670654297 894.0347900390625 409.33043670654297
894.2517700195312 326.2358093261719 932.1861686706543 326.2358093261719 932.1861686706543 409.30975341796875 894.2517700195312 409.30975341796875
894.4979248046875 329.6498107910156 930.7847137451172 329.6498107910156 930.7847137451172 410.2606201171875 894.4979248046875 410.2606201171875
896.2639770507812 327.7105712890625 932.1027526855469 327.7105712890625 932.1027526855469 409.04712677001953 896.2639770507812 409.04712677001953
896.2716674804688 328.1016845703125 931.9550933837891 328.1016845703125 931.9550933837891 409.84622955322266 896.2716674804688 409.84622955322266
897.2859497070312 328.76617431640625 933.5372543334961 328.76617431640625 933.5372543334961 411.0538330078125 897.2859497070312 411.0538330078125
896.9610595703125 328.41656494140625 933.0154037475586 328.41656494140625 933.0154037475586 411.29541778564453 896.9610595703125 411.29541778564453
898.0255737304688 327.1427917480469 933.8086624145508 327.1427917480469 933.8086624145508 411.1513137817383 898.0255737304688 411.1513137817383
895.0540771484375 327.4430847167969 932.000358581543 327.4430847167969 932.000358581543 414.5803680419922 895.0540771484375 414.5803680419922
898.9615478515625 326.7923278808594 934.6688270568848 326.7923278808594 934.6688270568848 410.9358596801758 898.9615478515625 410.9358596801758
896.8923950195312 328.62408447265625 932.3736000061035 328.62408447265625 932.3736000061035 413.7804718017578 896.8923950195312 413.7804718017578
896.2882080078125 328.51416015625 932.4429664611816 328.51416015625 932.4429664611816 415.39795684814453 896.2882080078125 415.39795684814453
899.2379150390625 328.1373596191406 934.9839096069336 328.1373596191406 934.9839096069336 413.9583435058594 899.2379150390625 413.9583435058594
898.5079956054688 329.98223876953125 934.0676383972168 329.98223876953125 934.0676383972168 416.5321807861328 898.5079956054688 416.5321807861328
898.7922973632812 330.1910400390625 933.9106140136719 330.1910400390625 933.9106140136719 415.73231506347656 898.7922973632812 415.73231506347656
899.8988037109375 331.62371826171875 934.9990463256836 331.62371826171875 934.9990463256836 414.53770446777344 899.8988037109375 414.53770446777344
899.8742065429688 332.6490173339844 934.9578590393066 332.6490173339844 934.9578590393066 414.1966018676758 899.8742065429688 414.1966018676758
900.3561401367188 330.90283203125 935.4023284912109 330.90283203125 935.4023284912109 414.12947845458984 900.3561401367188 414.12947845458984
900.7288208007812 331.39349365234375 936.468864440918 331.39349365234375 936.468864440918 413.3876266479492 900.7288208007812 413.3876266479492
902.1433715820312 331.0536193847656 937.4593696594238 331.0536193847656 937.4593696594238 412.8568344116211 902.1433715820312 412.8568344116211
901.5280151367188 332.809326171875 937.484748840332 332.809326171875 937.484748840332 414.67596435546875 901.5280151367188 414.67596435546875
901.9564208984375 334.66986083984375 937.8608322143555 334.66986083984375 937.8608322143555 414.1011734008789 901.9564208984375 414.1011734008789
902.4484252929688 333.7398986816406 938.4303855895996 333.7398986816406 938.4303855895996 415.39772033691406 902.4484252929688 415.39772033691406
904.3703002929688 332.128173828125 940.0516052246094 332.128173828125 940.0516052246094 413.8209457397461 904.3703002929688 413.8209457397461
902.4744262695312 332.5738525390625 939.0210494995117 332.5738525390625 939.0210494995117 414.63159942626953 902.4744262695312 414.63159942626953
904.8328857421875 330.87060546875 941.5816421508789 330.87060546875 941.5816421508789 414.6389389038086 904.8328857421875 414.6389389038086
902.91015625 332.23211669921875 940.6051254272461 332.23211669921875 940.6051254272461 416.13758850097656 902.91015625 416.13758850097656
905.0335693359375 331.6383972167969 941.7159881591797 331.6383972167969 941.7159881591797 416.19520568847656 905.0335693359375 416.19520568847656
906.3937377929688 331.0090637207031 942.2636489868164 331.0090637207031 942.2636489868164 415.3021926879883 906.3937377929688 415.3021926879883
906.7459106445312 330.6863708496094 942.6917495727539 330.6863708496094 942.6917495727539 416.7731170654297 906.7459106445312 416.7731170654297
907.203125 330.04376220703125 942.7114486694336 330.04376220703125 942.7114486694336 415.9143524169922 907.203125 415.9143524169922
906.3900146484375 328.9993896484375 942.7958145141602 328.9993896484375 942.7958145141602 416.11438751220703 906.3900146484375 416.11438751220703
906.2478637695312 330.0426330566406 941.7693862915039 330.0426330566406 941.7693862915039 416.44671630859375 906.2478637695312 416.44671630859375
906.9519653320312 330.96502685546875 941.4370536804199 330.96502685546875 941.4370536804199 416.84934997558594 906.9519653320312 416.84934997558594
906.3981323242188 330.1356506347656 943.0576820373535 330.1356506347656 943.0576820373535 415.6208038330078 906.3981323242188 415.6208038330078
907.32568359375 328.60235595703125 943.4891624450684 328.60235595703125 943.4891624450684 416.7452392578125 907.32568359375 416.7452392578125
907.7994384765625 330.1178894042969 943.2770195007324 330.1178894042969 943.2770195007324 417.2180862426758 907.7994384765625 417.2180862426758
905.8448486328125 332.3399353027344 942.2578811645508 332.3399353027344 942.2578811645508 419.0095748901367 905.8448486328125 419.0095748901367
904.9381103515625 330.63262939453125 941.3977355957031 330.63262939453125 941.3977355957031 417.96363830566406 904.9381103515625 417.96363830566406
906.62939453125 330.8341369628906 942.7320251464844 330.8341369628906 942.7320251464844 418.46154022216797 906.62939453125 418.46154022216797
905.1349487304688 332.5809631347656 941.6082344055176 332.5809631347656 941.6082344055176 419.1882095336914 905.1349487304688 419.1882095336914
902.1843872070312 334.0585632324219 940.5118751525879 334.0585632324219 940.5118751525879 419.4928436279297 902.1843872070312 419.4928436279297
905.0452880859375 334.22003173828125 941.1063690185547 334.22003173828125 941.1063690185547 420.8257598876953 905.0452880859375 420.8257598876953
903.4266357421875 336.83575439453125 940.3168334960938 336.83575439453125 940.3168334960938 422.9130401611328 903.4266357421875 422.9130401611328
905.00341796875 334.87628173828125 941.4614639282227 334.87628173828125 941.4614639282227 420.81400299072266 905.00341796875 420.81400299072266
904.7922973632812 334.7453918457031 941.5400276184082 334.7453918457031 941.5400276184082 418.90843963623047 904.7922973632812 418.90843963623047
905.0068359375 335.6650085449219 941.4122848510742 335.6650085449219 941.4122848510742 418.6382598876953 905.0068359375 418.6382598876953
906.0036010742188 336.9664001464844 941.8500556945801 336.9664001464844 941.8500556945801 419.16419982910156 906.0036010742188 419.16419982910156
908.7564697265625 335.40191650390625 944.761302947998 335.40191650390625 944.761302947998 419.0917510986328 908.7564697265625 419.0917510986328
909.5166015625 336.5721740722656 945.8410835266113 336.5721740722656 945.8410835266113 421.34669494628906 909.5166015625 421.34669494628906
909.2532958984375 337.42144775390625 945.7231521606445 337.42144775390625 945.7231521606445 421.72056579589844 909.2532958984375 421.72056579589844
910.5452270507812 339.0560302734375 946.736572265625 339.0560302734375 946.736572265625 424.0088653564453 910.5452270507812 424.0088653564453
908.388671875 335.344970703125 947.7700881958008 335.344970703125 947.7700881958008 421.73082733154297 908.388671875 421.73082733154297
908.5228271484375 335.53924560546875 948.2123489379883 335.53924560546875 948.2123489379883 423.30016326904297 908.5228271484375 423.30016326904297
909.9537353515625 336.0214538574219 950.6555824279785 336.0214538574219 950.6555824279785 423.54122161865234 909.9537353515625 423.54122161865234
908.451171875 337.0440368652344 948.8507766723633 337.0440368652344 948.8507766723633 422.15484619140625 908.451171875 422.15484619140625
913.06494140625 338.00738525390625 952.7271003723145 338.00738525390625 952.7271003723145 423.4637908935547 913.06494140625 423.4637908935547
912.9382934570312 337.886962890625 952.3683700561523 337.886962890625 952.3683700561523 424.15997314453125 912.9382934570312 424.15997314453125
912.7259521484375 338.823486328125 951.863655090332 338.823486328125 951.863655090332 424.747802734375 912.7259521484375 424.747802734375
911.9783935546875 339.4252624511719 951.801097869873 339.4252624511719 951.801097869873 425.71434783935547 911.9783935546875 425.71434783935547
911.7838745117188 338.8160095214844 952.0439834594727 338.8160095214844 952.0439834594727 425.6832809448242 911.7838745117188 425.6832809448242
911.8251953125 338.9326171875 952.1429061889648 338.9326171875 952.1429061889648 425.02913665771484 911.8251953125 425.02913665771484
911.6682739257812 338.6416015625 951.4531669616699 338.6416015625 951.4531669616699 426.6638412475586 911.6682739257812 426.6638412475586
911.1629028320312 339.6817321777344 951.4094886779785 339.6817321777344 951.4094886779785 429.7712936401367 911.1629028320312 429.7712936401367
911.1541137695312 339.1701354980469 952.3140258789062 339.1701354980469 952.3140258789062 430.42630767822266 911.1541137695312 430.42630767822266
912.85791015625 339.8937072753906 953.0670700073242 339.8937072753906 953.0670700073242 430.1497497558594 912.85791015625 430.1497497558594
914.5916748046875 339.53668212890625 954.4772567749023 339.53668212890625 954.4772567749023 431.05233001708984 914.5916748046875 431.05233001708984
912.2843017578125 340.47686767578125 952.946647644043 340.47686767578125 952.946647644043 433.0008087158203 912.2843017578125 433.0008087158203
912.9885864257812 341.87200927734375 953.176628112793 341.87200927734375 953.176628112793 433.0872802734375 912.9885864257812 433.0872802734375
912.1066284179688 342.44342041015625 953.0370101928711 342.44342041015625 953.0370101928711 433.6323699951172 912.1066284179688 433.6323699951172
910.9918212890625 342.3196105957031 952.4214057922363 342.3196105957031 952.4214057922363 435.2281188964844 910.9918212890625 435.2281188964844
917.1505737304688 340.46923828125 957.8920364379883 340.46923828125 957.8920364379883 438.01268005371094 917.1505737304688 438.01268005371094
915.625 339.50732421875 956.6465644836426 339.50732421875 956.6465644836426 439.0852279663086 915.625 439.0852279663086
915.6198120117188 337.44244384765625 958.4515075683594 337.44244384765625 958.4515075683594 439.0925521850586 915.6198120117188 439.0925521850586
914.7432861328125 337.774169921875 958.6680946350098 337.774169921875 958.6680946350098 437.37571716308594 914.7432861328125 437.37571716308594
915.6570434570312 338.85308837890625 958.2840232849121 338.85308837890625 958.2840232849121 438.82906341552734 915.6570434570312 438.82906341552734
915.5144653320312 338.50836181640625 957.5359573364258 338.50836181640625 957.5359573364258 440.1340789794922 915.5144653320312 440.1340789794922
913.1038208007812 337.35418701171875 956.513786315918 337.35418701171875 956.513786315918 437.5685577392578 913.1038208007812 437.5685577392578
912.4788208007812 338.42987060546875 956.6639938354492 338.42987060546875 956.6639938354492 438.3841323852539 912.4788208007812 438.3841323852539
912.4816284179688 339.32769775390625 957.904613494873 339.32769775390625 957.904613494873 438.4551086425781 912.4816284179688 438.4551086425781
913.1038208007812 344.9939880371094 959.0000686645508 344.9939880371094 959.0000686645508 442.52344512939453 913.1038208007812 442.52344512939453
913.0152587890625 344.974609375 959.0000343322754 344.974609375 959.0000343322754 442.6921844482422 913.0152587890625 442.6921844482422
914.1570434570312 345.2553405761719 959.0000648498535 345.2553405761719 959.0000648498535 440.5466842651367 914.1570434570312 440.5466842651367
913.9241333007812 347.5310974121094 958.9999504089355 347.5310974121094 958.9999504089355 443.31713104248047 913.9241333007812 443.31713104248047
914.5418701171875 347.5381774902344 958.9999008178711 347.5381774902344 958.9999008178711 442.0114212036133 914.5418701171875 442.0114212036133
914.3289184570312 347.4542541503906 959.000057220459 347.4542541503906 959.000057220459 442.38035583496094 914.3289184570312 442.38035583496094
914.5197143554688 348.0498046875 958.9999160766602 348.0498046875 958.9999160766602 442.5701599121094 914.5197143554688 442.5701599121094
913.7687377929688 346.0133972167969 958.9999885559082 346.0133972167969 958.9999885559082 442.1297302246094 913.7687377929688 442.1297302246094
913.8519287109375 345.9391174316406 958.9999961853027 345.9391174316406 958.9999961853027 441.8786926269531 913.8519287109375 441.8786926269531
913.5843505859375 345.74517822265625 958.9999656677246 345.74517822265625 958.9999656677246 442.25330352783203 913.5843505859375 442.25330352783203
913.935546875 342.0187072753906 958.9999694824219 342.0187072753906 958.9999694824219 437.7805480957031 913.935546875 437.7805480957031
914.2825317382812 338.03497314453125 958.9999504089355 338.03497314453125 958.9999504089355 433.05943298339844 914.2825317382812 433.05943298339844
916.896484375 345.44244384765625 958.086799621582 345.44244384765625 958.086799621582 444.59452056884766 916.896484375 444.59452056884766
916.1119995117188 339.28521728515625 958.2292404174805 339.28521728515625 958.2292404174805 436.55836486816406 916.1119995117188 436.55836486816406
914.3453979492188 331.257080078125 958.5644683837891 331.257080078125 958.5644683837891 427.8102264404297 914.3453979492188 427.8102264404297
915.0914306640625 330.79229736328125 958.9999618530273 330.79229736328125 958.9999618530273 424.0978546142578 915.0914306640625 424.0978546142578
914.3944091796875 327.6513366699219 958.9999771118164 327.6513366699219 958.9999771118164 422.43809509277344 914.3944091796875 422.43809509277344
914.0988159179688 333.365478515625 958.9999694824219 333.365478515625 958.9999694824219 428.7803497314453 914.0988159179688 428.7803497314453
914.5852661132812 333.1767578125 958.9999771118164 333.1767578125 958.9999771118164 427.55794525146484 914.5852661132812 427.55794525146484
914.56787109375 328.8406677246094 958.9999885559082 328.8406677246094 958.9999885559082 423.2588424682617 914.56787109375 423.2588424682617
915.0319213867188 331.38958740234375 958.9999618530273 331.38958740234375 958.9999618530273 424.82159423828125 915.0319213867188 424.82159423828125
915.18017578125 332.46820068359375 959.0000839233398 332.46820068359375 959.0000839233398 425.58543395996094 915.18017578125 425.58543395996094
915.8533325195312 330.5254821777344 959.1386528015137 330.5254821777344 959.1386528015137 423.89442443847656 915.8533325195312 423.89442443847656
917.98095703125 330.58038330078125 959.1990585327148 330.58038330078125 959.1990585327148 426.93814849853516 917.98095703125 426.93814849853516
916.2819213867188 331.6021423339844 959.1745300292969 331.6021423339844 959.1745300292969 427.25486755371094 916.2819213867188 427.25486755371094
914.3997192382812 371.65399169921875 958.9984436035156 371.65399169921875 958.9984436035156 466.4261932373047 914.3997192382812 466.4261932373047
914.6553955078125 373.63385009765625 959.0000534057617 373.63385009765625 959.0000534057617 467.8661651611328 914.6553955078125 467.8661651611328
914.1062622070312 373.9570007324219 959.0000381469727 373.9570007324219 959.0000381469727 469.35618591308594 914.1062622070312 469.35618591308594
914.5626831054688 376.84661865234375 958.9999732971191 376.84661865234375 958.9999732971191 471.27577209472656 914.5626831054688 471.27577209472656
913.7903442382812 374.04547119140625 958.9999923706055 374.04547119140625 958.9999923706055 470.1158905029297 913.7903442382812 470.1158905029297
914.0826416015625 376.93731689453125 959.0000152587891 376.93731689453125 959.0000152587891 472.38665771484375 914.0826416015625 472.38665771484375
914.1614990234375 373.6339416503906 958.9999771118164 373.6339416503906 958.9999771118164 468.91563415527344 914.1614990234375 468.91563415527344
914.9348754882812 378.20684814453125 959.0000534057617 378.20684814453125 959.0000534057617 471.8452835083008 914.9348754882812 471.8452835083008
915.3966674804688 379.46087646484375 959.0000495910645 379.46087646484375 959.0000495910645 472.11800384521484 915.3966674804688 472.11800384521484
914.8449096679688 384.1926574707031 959.0000495910645 384.1926574707031 959.0000495910645 478.0222702026367 914.8449096679688 478.0222702026367
915.2236328125 384.53826904296875 958.9999656677246 384.53826904296875 958.9999656677246 477.5629196166992 915.2236328125 477.5629196166992
914.5799560546875 381.44952392578125 958.9999656677246 381.44952392578125 958.9999656677246 475.8419952392578 914.5799560546875 475.8419952392578
914.8551025390625 382.74395751953125 959.0000228881836 382.74395751953125 959.0000228881836 476.55186462402344 914.8551025390625 476.55186462402344
915.1554565429688 381.13177490234375 959.0000534057617 381.13177490234375 959.0000534057617 474.3014907836914 915.1554565429688 474.3014907836914
914.8092651367188 379.75518798828125 958.9999160766602 379.75518798828125 958.9999160766602 473.66026306152344 914.8092651367188 473.66026306152344
914.7008666992188 384.71063232421875 958.9999771118164 384.71063232421875 958.9999771118164 478.84618377685547 914.7008666992188 478.84618377685547
913.6629028320312 382.562255859375 958.9999656677246 382.562255859375 958.9999656677246 478.90345764160156 913.6629028320312 478.90345764160156
913.8308715820312 384.7178039550781 959.0000038146973 384.7178039550781 959.0000038146973 480.70215606689453 913.8308715820312 480.70215606689453
914.4157104492188 385.836181640625 960.180046081543 385.836181640625 960.180046081543 484.2365493774414 914.4157104492188 484.2365493774414
915.3421020507812 387.51904296875 961.0955924987793 387.51904296875 961.0955924987793 482.81656646728516 915.3421020507812 482.81656646728516
915.9859619140625 387.22357177734375 960.683650970459 387.22357177734375 960.683650970459 480.84061431884766 915.9859619140625 480.84061431884766
916.0774536132812 384.511474609375 959.8956069946289 384.511474609375 959.8956069946289 477.2760238647461 916.0774536132812 477.2760238647461
915.1477661132812 383.0287170410156 958.9999923706055 383.0287170410156 958.9999923706055 476.2146453857422 915.1477661132812 476.2146453857422
915.0706176757812 382.05706787109375 958.9607276916504 382.05706787109375 958.9607276916504 475.32350158691406 915.0706176757812 475.32350158691406
915.4775390625 383.94427490234375 958.9999771118164 383.94427490234375 958.9999771118164 476.4294204711914 915.4775390625 476.4294204711914
916.4342651367188 385.28509521484375 958.9999771118164 385.28509521484375 958.9999771118164 475.73719024658203 916.4342651367188 475.73719024658203
917.1243896484375 386.91412353515625 958.999927520752 386.91412353515625 958.999927520752 475.89959716796875 917.1243896484375 475.89959716796875
917.9353637695312 386.897705078125 959.0000648498535 386.897705078125 959.0000648498535 474.16015625 917.9353637695312 474.16015625
918.1051025390625 388.6192932128906 958.9999580383301 388.6192932128906 958.9999580383301 475.5208282470703 918.1051025390625 475.5208282470703
918.6565551757812 392.7252502441406 959.0 392.7252502441406 959.0 478.4550323486328 918.6565551757812 478.4550323486328
919.5406494140625 394.420166015625 958.9999923706055 394.420166015625 958.9999923706055 478.271240234375 919.5406494140625 478.271240234375
920.2630615234375 395.3350524902344 959.0000534057617 395.3350524902344 959.0000534057617 477.65113067626953 920.2630615234375 477.65113067626953
921.4094848632812 398.05584716796875 959.0000076293945 398.05584716796875 959.0000076293945 477.93567657470703 921.4094848632812 477.93567657470703
921.5032958984375 399.76715087890625 958.9999389648438 399.76715087890625 958.9999389648438 479.4474868774414 921.5032958984375 479.4474868774414
921.2683715820312 398.9149475097656 959.0000495910645 398.9149475097656 959.0000495910645 479.0947265625 921.2683715820312 479.0947265625
921.7347412109375 402.4605407714844 958.9999961853027 402.4605407714844 958.9999961853027 481.64917755126953 921.7347412109375 481.64917755126953
922.0299072265625 401.910400390625 958.9999618530273 401.910400390625 958.9999618530273 480.47174072265625 922.0299072265625 480.47174072265625
922.9110107421875 399.8994140625 958.9999389648438 399.8994140625 958.9999389648438 476.58836364746094 922.9110107421875 476.58836364746094
922.9498901367188 401.1669006347656 958.9999809265137 401.1669006347656 958.9999809265137 477.77332305908203 922.9498901367188 477.77332305908203
922.7235107421875 393.1731872558594 958.9999694824219 393.1731872558594 958.9999694824219 470.26063537597656 922.7235107421875 470.26063537597656
924.0069580078125 399.418212890625 959.0000381469727 399.418212890625 959.0000381469727 473.7784881591797 924.0069580078125 473.7784881591797
924.7288818359375 405.4223327636719 959.0000228881836 405.4223327636719 959.0000228881836 478.2484893798828 924.7288818359375 478.2484893798828
924.8880615234375 406.0242614746094 958.9999122619629 406.0242614746094 958.9999122619629 478.5119171142578 924.8880615234375 478.5119171142578
925.0322265625 406.4831237792969 959.0000228881836 406.4831237792969 959.0000228881836 478.66466522216797 925.0322265625 478.66466522216797
924.8524169921875 410.1922912597656 958.9999580383301 410.1922912597656 958.9999580383301 482.7557907104492 924.8524169921875 482.7557907104492
924.3734130859375 404.4589538574219 959.0000114440918 404.4589538574219 959.0000114440918 478.0404510498047 924.3734130859375 478.0404510498047
925.1979370117188 404.7318420410156 959.0000343322754 404.7318420410156 959.0000343322754 476.56127166748047 925.1979370117188 476.56127166748047
923.9865112304688 408.29547119140625 959.0000762939453 408.29547119140625 959.0000762939453 482.6992645263672 923.9865112304688 482.6992645263672
923.7777099609375 408.18707275390625 958.9257278442383 408.18707275390625 958.9257278442383 482.87657928466797 923.7777099609375 482.87657928466797
923.4969482421875 410.05108642578125 958.999885559082 410.05108642578125 958.999885559082 485.4947967529297 923.4969482421875 485.4947967529297
923.7440185546875 410.00018310546875 958.9999580383301 410.00018310546875 958.9999580383301 484.91902923583984 923.7440185546875 484.91902923583984
924.2697143554688 409.8377380371094 959.0000076293945 409.8377380371094 959.0000076293945 483.63958740234375 924.2697143554688 483.63958740234375
925.25048828125 414.605712890625 958.9999771118164 414.605712890625 958.9999771118164 486.32335662841797 925.25048828125 486.32335662841797
924.83642578125 412.0052795410156 958.9974632263184 412.0052795410156 958.9974632263184 484.5974578857422 924.83642578125 484.5974578857422
925.82763671875 419.521484375 958.9999580383301 419.521484375 958.9999580383301 490.01263427734375 925.82763671875 490.01263427734375
926.4327392578125 424.59814453125 959.0000228881836 424.59814453125 959.0000228881836 493.8035888671875 926.4327392578125 493.8035888671875
927.01513671875 425.4034729003906 958.9999904632568 425.4034729003906 958.9999904632568 493.37125396728516 927.01513671875 493.37125396728516
927.5730590820312 425.58099365234375 958.9999694824219 425.58099365234375 958.9999694824219 492.36314392089844 927.5730590820312 492.36314392089844
927.9598388671875 428.4483337402344 958.9999504089355 428.4483337402344 958.9999504089355 494.4085388183594 927.9598388671875 494.4085388183594
928.400390625 429.861572265625 958.999979019165 429.861572265625 958.999979019165 494.8856658935547 928.400390625 494.8856658935547
928.4031372070312 430.97021484375 959.0000247955322 430.97021484375 959.0000247955322 495.98856353759766 928.4031372070312 495.98856353759766
927.88671875 428.04632568359375 959.0000419616699 428.04632568359375 959.0000419616699 494.16209411621094 927.88671875 494.16209411621094
928.1809692382812 428.92254638671875 958.9999961853027 428.92254638671875 958.9999961853027 494.4129333496094 928.1809692382812 494.4129333496094
928.2653198242188 431.74005126953125 959.0000038146973 431.74005126953125 959.0000038146973 497.05120849609375 928.2653198242188 497.05120849609375
928.4778442382812 433.6806640625 959.0000038146973 433.6806640625 959.0000038146973 498.5402069091797 928.4778442382812 498.5402069091797
928.6575927734375 432.91156005859375 959.0000057220459 432.91156005859375 959.0000057220459 497.3891372680664 928.6575927734375 497.3891372680664
928.4833984375 433.5211486816406 959.0000667572021 433.5211486816406 959.0000667572021 498.36901092529297 928.4833984375 498.36901092529297
928.5089721679688 433.65771484375 959.0000553131104 433.65771484375 959.0000553131104 498.45121002197266 928.5089721679688 498.45121002197266
928.5902099609375 432.9102478027344 959.0000343322754 432.9102478027344 959.0000343322754 497.5310745239258 928.5902099609375 497.5310745239258
928.5017700195312 433.0931701660156 959.0000114440918 433.0931701660156 959.0000114440918 497.9018859863281 928.5017700195312 497.9018859863281
928.6640625 430.88238525390625 959.000036239624 430.88238525390625 959.000036239624 495.3462829589844 928.6640625 495.3462829589844
928.6403198242188 429.5741271972656 958.9999961853027 429.5741271972656 958.9999961853027 494.08839416503906 928.6403198242188 494.08839416503906
928.3518676757812 431.39508056640625 959.000036239624 431.39508056640625 959.000036239624 496.5223922729492 928.3518676757812 496.5223922729492
927.4635620117188 429.3175354003906 958.9999809265137 429.3175354003906 958.9999809265137 496.33238220214844 927.4635620117188 496.33238220214844
926.7401123046875 427.84918212890625 959.0000114440918 427.84918212890625 959.0000114440918 496.4014205932617 926.7401123046875 496.4014205932617
925.8817138671875 422.7242126464844 958.9999923706055 422.7242126464844 958.9999923706055 493.10050201416016 925.8817138671875 493.10050201416016
926.1604614257812 408.7042236328125 958.7717208862305 408.7042236328125 958.7717208862305 478.0030975341797 926.1604614257812 478.0030975341797
926.9716796875 428.01361083984375 958.9999694824219 428.01361083984375 958.9999694824219 496.0736846923828 926.9716796875 496.0736846923828
926.6251831054688 413.29852294921875 959.0000038146973 413.29852294921875 959.0000038146973 482.09497833251953 926.6251831054688 482.09497833251953
926.5833740234375 404.02545166015625 959.0000114440918 404.02545166015625 959.0000114440918 472.9107666015625 926.5833740234375 472.9107666015625
920.9826049804688 430.27972412109375 953.6524467468262 430.27972412109375 953.6524467468262 499.7031021118164 920.9826049804688 499.7031021118164
913.66748046875 432.99688720703125 945.4783821105957 432.99688720703125 945.4783821105957 500.5950164794922 913.66748046875 500.5950164794922
911.486328125 432.68768310546875 943.0638275146484 432.68768310546875 943.0638275146484 499.78983306884766 911.486328125 499.78983306884766
917.6710815429688 436.1958923339844 949.0106620788574 436.1958923339844 949.0106620788574 502.79246520996094 917.6710815429688 502.79246520996094
927.9659423828125 438.709228515625 958.9999942779541 438.709228515625 958.9999942779541 504.6565399169922 927.9659423828125 504.6565399169922
928.0419921875 439.62689208984375 958.9999389648438 439.62689208984375 958.9999389648438 505.41248321533203 928.0419921875 505.41248321533203
928.4158935546875 431.64111328125 959.0000038146973 431.64111328125 959.0000038146973 496.6323013305664 928.4158935546875 496.6323013305664
928.2659912109375 438.2177734375 958.9999580383301 438.2177734375 958.9999580383301 503.52740478515625 928.2659912109375 503.52740478515625
928.5224609375 444.1878356933594 959.0000705718994 444.1878356933594 959.0000705718994 508.9527053833008 928.5224609375 508.9527053833008
928.0433349609375 443.1158142089844 958.9999961853027 443.1158142089844 958.9999961853027 508.89867401123047 928.0433349609375 508.89867401123047
927.0086059570312 446.134765625 958.9999752044678 446.134765625 958.9999752044678 514.1163787841797 927.0086059570312 514.1163787841797
927.0071411132812 445.8487854003906 958.9999656677246 445.8487854003906 958.9999656677246 513.8334808349609 927.0071411132812 513.8334808349609
926.6051025390625 445.2879333496094 959.0000381469727 445.2879333496094 959.0000381469727 514.1271133422852 926.6051025390625 514.1271133422852
926.9930419921875 445.5846252441406 959.0000114440918 445.5846252441406 959.0000114440918 513.5993804931641 926.9930419921875 513.5993804931641
927.0101318359375 445.6685485839844 958.9486236572266 445.6685485839844 958.9486236572266 513.5377960205078 927.0101318359375 513.5377960205078
928.0725708007812 445.314697265625 959.0000057220459 445.314697265625 959.0000057220459 511.0354461669922 928.0725708007812 511.0354461669922
928.2219848632812 445.40252685546875 959.0000400543213 445.40252685546875 959.0000400543213 510.8058319091797 928.2219848632812 510.8058319091797
928.2009887695312 447.24078369140625 958.9999237060547 447.24078369140625 958.9999237060547 512.6884536743164 928.2009887695312 512.6884536743164
927.8611450195312 441.4812927246094 959.0000457763672 441.4812927246094 959.0000457763672 507.65138244628906 927.8611450195312 507.65138244628906
928.6890869140625 442.87982177734375 958.9999694824219 442.87982177734375 958.9999694824219 507.29036712646484 928.6890869140625 507.29036712646484
928.7322387695312 443.78839111328125 958.9999580383301 443.78839111328125 958.9999580383301 508.10721588134766 928.7322387695312 508.10721588134766
928.4465942382812 442.9911193847656 959.0000972747803 442.9911193847656 959.0000972747803 507.91724395751953 928.4465942382812 507.91724395751953
928.6324462890625 444.389892578125 959.000036239624 444.389892578125 959.000036239624 508.92095947265625 928.6324462890625 508.92095947265625
928.7566528320312 447.06494140625 959.0000247955322 447.06494140625 959.0000247955322 511.33204650878906 928.7566528320312 511.33204650878906
928.4796142578125 446.099853515625 959.0000419616699 446.099853515625 959.0000419616699 510.95570373535156 928.4796142578125 510.95570373535156
928.6467895507812 446.00897216796875 959.0000190734863 446.00897216796875 959.0000190734863 510.50952911376953 928.6467895507812 510.50952911376953
928.6834716796875 448.26922607421875 959.0 448.26922607421875 959.0 512.6917953491211 928.6834716796875 512.6917953491211
928.5408325195312 446.87664794921875 958.999942779541 446.87664794921875 958.999942779541 511.6021957397461 928.5408325195312 511.6021957397461
928.5343017578125 445.7367248535156 959.0000305175781 445.7367248535156 959.0000305175781 510.47633361816406 928.5343017578125 510.47633361816406
928.7575073242188 448.2099609375 958.9999961853027 448.2099609375 958.9999961853027 512.4751815795898 928.7575073242188 512.4751815795898
928.5613403320312 447.848388671875 958.9999580383301 447.848388671875 958.9999580383301 512.5303802490234 928.5613403320312 512.5303802490234
928.8031005859375 446.0182189941406 958.9999084472656 446.0182189941406 958.9999084472656 510.1863708496094 928.8031005859375 510.1863708496094
928.53759765625 448.06231689453125 958.9999732971191 448.06231689453125 958.9999732971191 512.7947998046875 928.53759765625 512.7947998046875
928.4542846679688 457.0238342285156 959.0000305175781 457.0238342285156 959.0000305175781 521.9334716796875 928.4542846679688 521.9334716796875
928.8072509765625 448.5882873535156 958.9999942779541 448.5882873535156 958.9999942779541 512.7477951049805 928.8072509765625 512.7477951049805
928.7708740234375 453.18719482421875 958.9999542236328 453.18719482421875 958.9999542236328 517.4239120483398 928.7708740234375 517.4239120483398
928.5628662109375 453.0281677246094 958.9999179840088 453.0281677246094 958.9999179840088 517.7068252563477 928.5628662109375 517.7068252563477
928.828125 452.22039794921875 959.0000057220459 452.22039794921875 959.0000057220459 516.3355712890625 928.828125 516.3355712890625
929.2594604492188 457.3387756347656 958.9848785400391 457.3387756347656 958.9848785400391 520.5052108764648 929.2594604492188 520.5052108764648
930.2379760742188 457.0143127441406 958.9999752044678 457.0143127441406 958.9999752044678 518.1334915161133 930.2379760742188 518.1334915161133
931.154296875 456.74017333984375 958.9999198913574 456.74017333984375 958.9999198913574 515.9120559692383 931.154296875 515.9120559692383
931.8472900390625 462.8943786621094 958.9999942779541 462.8943786621094 958.9999942779541 520.5938110351562 931.8472900390625 520.5938110351562
932.6868286132812 458.38848876953125 959.0000095367432 458.38848876953125 959.0000095367432 514.3039360046387 932.6868286132812 514.3039360046387
933.173828125 464.49310302734375 959.0 464.49310302734375 959.0 519.3736572265625 933.173828125 519.3736572265625
934.1234130859375 468.2332458496094 958.9999141693115 468.2332458496094 958.9999141693115 521.0957527160645 934.1234130859375 521.0957527160645
934.9528198242188 470.2826232910156 958.9999961853027 470.2826232910156 958.9999961853027 521.3828201293945 934.9528198242188 521.3828201293945
935.8873291015625 472.01922607421875 958.9999485015869 472.01922607421875 958.9999485015869 521.1334915161133 935.8873291015625 521.1334915161133
935.4640502929688 470.79254150390625 958.9999942779541 470.79254150390625 958.9999942779541 520.8063659667969 935.4640502929688 520.8063659667969
935.3939208984375 473.7054748535156 958.9999351501465 473.7054748535156 958.9999351501465 523.8681945800781 935.3939208984375 523.8681945800781
935.7750854492188 472.58251953125 958.9999866485596 472.58251953125 958.9999866485596 521.9353713989258 935.7750854492188 521.9353713989258
936.3623046875 473.99853515625 959.0000343322754 473.99853515625 959.0000343322754 522.103645324707 936.3623046875 522.103645324707
936.7962646484375 472.2177734375 958.9999446868896 472.2177734375 958.9999446868896 519.4005317687988 936.7962646484375 519.4005317687988
937.1964721679688 474.25830078125 959.0000076293945 474.25830078125 959.0000076293945 520.5907516479492 937.1964721679688 520.5907516479492
937.8938598632812 475.1471252441406 959.0000381469727 475.1471252441406 959.0000381469727 519.9976921081543 937.8938598632812 519.9976921081543
937.6497802734375 474.5994567871094 958.9998741149902 474.5994567871094 958.9998741149902 519.9683456420898 937.6497802734375 519.9683456420898
938.0811767578125 475.9462890625 959.0000476837158 475.9462890625 959.0000476837158 520.3988265991211 938.0811767578125 520.3988265991211
938.0771484375 476.00274658203125 959.0000228881836 476.00274658203125 959.0000228881836 520.4637870788574 938.0771484375 520.4637870788574
938.2718505859375 478.5148010253906 959.0 478.5148010253906 959.0 522.5620498657227 938.2718505859375 522.5620498657227
931.8015747070312 474.829345703125 952.6778526306152 474.829345703125 952.6778526306152 519.1913681030273 931.8015747070312 519.1913681030273
915.1904296875 460.86065673828125 935.9509162902832 460.86065673828125 935.9509162902832 504.9766273498535 915.1904296875 504.9766273498535
906.5896606445312 462.7398986816406 927.1234607696533 462.7398986816406 927.1234607696533 506.3741569519043 906.5896606445312 506.3741569519043
910.3810424804688 463.0945739746094 930.8882846832275 463.0945739746094 930.8882846832275 506.6723976135254 910.3810424804688 506.6723976135254
904.3955078125 458.41046142578125 924.9163398742676 458.41046142578125 924.9163398742676 502.01716232299805 904.3955078125 502.01716232299805
883.7720947265625 453.73394775390625 903.8955898284912 453.73394775390625 903.8955898284912 496.49631118774414 883.7720947265625 496.49631118774414
868.3616333007812 447.40899658203125 888.2815914154053 447.40899658203125 888.2815914154053 489.7388458251953 868.3616333007812 489.7388458251953
843.2646484375 418.41326904296875 863.4257659912109 418.41326904296875 863.4257659912109 461.2555809020996 843.2646484375 461.2555809020996
850.0260009765625 424.24688720703125 869.9592475891113 424.24688720703125 869.9592475891113 466.60497665405273 850.0260009765625 466.60497665405273
845.6708984375 422.27691650390625 866.2994003295898 422.27691650390625 866.2994003295898 466.11241912841797 845.6708984375 466.11241912841797
851.0267333984375 421.0939025878906 871.7748603820801 421.0939025878906 871.7748603820801 465.18360900878906 851.0267333984375 465.18360900878906
851.1150512695312 423.99267578125 872.3622627258301 423.99267578125 872.3622627258301 469.1429328918457 851.1150512695312 469.1429328918457
851.3070068359375 422.50555419921875 872.5697917938232 422.50555419921875 872.5697917938232 467.68890380859375 851.3070068359375 467.68890380859375
851.4728393554688 422.24432373046875 873.1228713989258 422.24432373046875 873.1228713989258 468.25057220458984 851.4728393554688 468.25057220458984
854.2724609375 423.93731689453125 875.9475002288818 423.93731689453125 875.9475002288818 469.9967041015625 854.2724609375 469.9967041015625
852.7322387695312 423.7001953125 874.6430263519287 423.7001953125 874.6430263519287 470.26054763793945 852.7322387695312 470.26054763793945
850.3367919921875 429.60357666015625 872.5774879455566 429.60357666015625 872.5774879455566 476.86498260498047 850.3367919921875 476.86498260498047
853.3646240234375 426.3059997558594 875.3976402282715 426.3059997558594 875.3976402282715 473.1260871887207 853.3646240234375 473.1260871887207
855.3137817382812 428.350830078125 877.3860359191895 428.350830078125 877.3860359191895 475.2542953491211 855.3137817382812 475.2542953491211
853.8346557617188 429.29925537109375 875.8133945465088 429.29925537109375 875.8133945465088 476.0040054321289 853.8346557617188 476.0040054321289
853.2238159179688 431.1278381347656 874.9843521118164 431.1278381347656 874.9843521118164 477.36891174316406 853.2238159179688 477.36891174316406
852.7468872070312 433.70166015625 874.3472557067871 433.70166015625 874.3472557067871 479.60237884521484 852.7468872070312 479.60237884521484
853.3678588867188 434.80926513671875 875.071590423584 434.80926513671875 875.071590423584 480.9296340942383 853.3678588867188 480.9296340942383
852.8106689453125 433.70013427734375 874.6598663330078 433.70013427734375 874.6598663330078 480.1296195983887 852.8106689453125 480.1296195983887
852.8818359375 434.25433349609375 874.8539543151855 434.25433349609375 874.8539543151855 480.94503021240234 852.8818359375 480.94503021240234
851.9801635742188 434.824462890625 873.5666561126709 434.824462890625 873.5666561126709 480.6957092285156 851.9801635742188 480.6957092285156
852.1605224609375 434.1962890625 873.9114570617676 434.1962890625 873.9114570617676 480.4169692993164 852.1605224609375 480.4169692993164
851.9913330078125 436.1492614746094 873.3002681732178 436.1492614746094 873.3002681732178 481.4306945800781 851.9913330078125 481.4306945800781
854.3937377929688 435.343994140625 876.2536735534668 435.343994140625 876.2536735534668 481.79630279541016 854.3937377929688 481.79630279541016
855.1392822265625 435.2418518066406 877.2161293029785 435.2418518066406 877.2161293029785 482.1550979614258 855.1392822265625 482.1550979614258
856.6671142578125 435.840087890625 878.8922462463379 435.840087890625 878.8922462463379 483.0684356689453 856.6671142578125 483.0684356689453
857.5313720703125 437.06072998046875 880.0923728942871 437.06072998046875 880.0923728942871 485.00279998779297 857.5313720703125 485.00279998779297
860.5696411132812 436.87786865234375 883.6512413024902 436.87786865234375 883.6512413024902 485.9262161254883 860.5696411132812 485.9262161254883
862.4186401367188 436.84881591796875 885.7819938659668 436.84881591796875 885.7819938659668 486.49588775634766 862.4186401367188 486.49588775634766
868.2916870117188 437.0105895996094 892.0878009796143 437.0105895996094 892.0878009796143 487.5772705078125 868.2916870117188 487.5772705078125
868.8811645507812 439.93707275390625 893.1884651184082 439.93707275390625 893.1884651184082 491.59002685546875 868.8811645507812 491.59002685546875
871.72021484375 440.85406494140625 895.9462585449219 440.85406494140625 895.9462585449219 492.3343505859375 871.72021484375 492.3343505859375
874.6502075195312 441.9287109375 898.9277191162109 441.9287109375 898.9277191162109 493.51836013793945 874.6502075195312 493.51836013793945
876.9845581054688 440.84136962890625 901.3323459625244 440.84136962890625 901.3323459625244 492.5803527832031 876.9845581054688 492.5803527832031
880.0953369140625 440.40771484375 904.5960464477539 440.40771484375 904.5960464477539 492.4716567993164 880.0953369140625 492.4716567993164
883.728515625 440.8626403808594 908.3606414794922 440.8626403808594 908.3606414794922 493.2058334350586 883.728515625 493.2058334350586
884.59130859375 441.14202880859375 909.4864177703857 441.14202880859375 909.4864177703857 494.0440673828125 884.59130859375 494.0440673828125
886.0665893554688 442.21917724609375 910.7079448699951 442.21917724609375 910.7079448699951 494.5819892883301 886.0665893554688 494.5819892883301
887.92333984375 442.0101623535156 912.5526790618896 442.0101623535156 912.5526790618896 494.3474349975586 887.92333984375 494.3474349975586
889.2478637695312 441.63055419921875 913.5624885559082 441.63055419921875 913.5624885559082 493.2990608215332 889.2478637695312 493.2990608215332
890.8712768554688 443.4874572753906 915.7384643554688 443.4874572753906 915.7384643554688 496.3301582336426 890.8712768554688 496.3301582336426
891.6922607421875 443.44049072265625 916.4944763183594 443.44049072265625 916.4944763183594 496.1451301574707 891.6922607421875 496.1451301574707
893.7437744140625 444.5686950683594 918.5733890533447 444.5686950683594 918.5733890533447 497.3315544128418 893.7437744140625 497.3315544128418
894.2236328125 446.5374450683594 918.7363910675049 446.5374450683594 918.7363910675049 498.6269836425781 894.2236328125 498.6269836425781
893.9641723632812 446.4395446777344 918.9543857574463 446.4395446777344 918.9543857574463 499.5436782836914 893.9641723632812 499.5436782836914
894.7171630859375 449.3777770996094 919.2536563873291 449.3777770996094 919.2536563873291 501.5177536010742 894.7171630859375 501.5177536010742
895.07080078125 448.65716552734375 919.50901222229 448.65716552734375 919.50901222229 500.58829498291016 895.07080078125 500.58829498291016
893.359375 450.214599609375 917.9234161376953 450.214599609375 917.9234161376953 502.4131164550781 893.359375 502.4131164550781
893.4842529296875 451.4737854003906 918.2324810028076 451.4737854003906 918.2324810028076 504.0636978149414 893.4842529296875 504.0636978149414
895.4287109375 453.7003479003906 919.9492454528809 453.7003479003906 919.9492454528809 505.8064079284668 895.4287109375 505.8064079284668
895.0949096679688 454.39776611328125 919.5770015716553 454.39776611328125 919.5770015716553 506.4221382141113 895.0949096679688 506.4221382141113
893.0848388671875 454.78594970703125 918.0174961090088 454.78594970703125 918.0174961090088 507.76777267456055 893.0848388671875 507.76777267456055
893.9332885742188 455.8182067871094 919.5989933013916 455.8182067871094 919.5989933013916 510.35774993896484 893.9332885742188 510.35774993896484
894.6608276367188 455.2122497558594 920.1579742431641 455.2122497558594 920.1579742431641 509.3936080932617 894.6608276367188 509.3936080932617
892.5626220703125 455.45245361328125 917.9929237365723 455.45245361328125 917.9929237365723 509.4917678833008 892.5626220703125 509.4917678833008
893.2092895507812 457.431884765625 918.7517490386963 457.431884765625 918.7517490386963 511.70953369140625 893.2092895507812 511.70953369140625
894.1556396484375 462.58685302734375 919.6948318481445 462.58685302734375 919.6948318481445 516.8575553894043 894.1556396484375 516.8575553894043
895.841796875 462.17340087890625 921.1585597991943 462.17340087890625 921.1585597991943 515.9714431762695 895.841796875 515.9714431762695
897.1023559570312 465.4449157714844 922.9062461853027 465.4449157714844 922.9062461853027 520.2780990600586 897.1023559570312 520.2780990600586
897.3919067382812 462.149169921875 923.4086875915527 462.149169921875 923.4086875915527 517.4347457885742 897.3919067382812 517.4347457885742
900.9215698242188 465.55377197265625 927.4176082611084 465.55377197265625 927.4176082611084 521.8577690124512 900.9215698242188 521.8577690124512
903.3478393554688 462.94793701171875 930.1782836914062 462.94793701171875 930.1782836914062 519.9625473022461 903.3478393554688 519.9625473022461
904.2845458984375 461.3428649902344 931.5782222747803 461.3428649902344 931.5782222747803 519.3418464660645 904.2845458984375 519.3418464660645
908.9525146484375 462.28369140625 936.2866821289062 462.28369140625 936.2866821289062 520.3687133789062 908.9525146484375 520.3687133789062
909.2825317382812 461.90997314453125 937.1504058837891 461.90997314453125 937.1504058837891 521.1291198730469 909.2825317382812 521.1291198730469
908.7628784179688 464.4281311035156 936.9262237548828 464.4281311035156 936.9262237548828 524.2751541137695 908.7628784179688 524.2751541137695
911.3232421875 463.36444091796875 939.2504577636719 463.36444091796875 939.2504577636719 522.7096939086914 911.3232421875 522.7096939086914
911.1126098632812 465.70257568359375 939.3279056549072 465.70257568359375 939.3279056549072 525.6599960327148 911.1126098632812 525.6599960327148
910.5144653320312 466.04913330078125 939.2720947265625 466.04913330078125 939.2720947265625 527.1590156555176 910.5144653320312 527.1590156555176
909.7857666015625 467.4267578125 938.2363014221191 467.4267578125 938.2363014221191 527.8840560913086 909.7857666015625 527.8840560913086
908.2796020507812 470.14898681640625 936.9146842956543 470.14898681640625 936.9146842956543 530.9984512329102 908.2796020507812 530.9984512329102
905.8687744140625 470.16748046875 935.0927486419678 470.16748046875 935.0927486419678 532.2683334350586 905.8687744140625 532.2683334350586
901.3370971679688 472.48504638671875 931.0349273681641 472.48504638671875 931.0349273681641 535.5928421020508 901.3370971679688 535.5928421020508
898.5985107421875 475.06268310546875 928.3816318511963 475.06268310546875 928.3816318511963 538.3517227172852 898.5985107421875 538.3517227172852
899.21728515625 474.90423583984375 929.6274833679199 474.90423583984375 929.6274833679199 539.5258102416992 899.21728515625 539.5258102416992
897.0010986328125 472.0482482910156 927.7252655029297 472.0482482910156 927.7252655029297 537.3369979858398 897.0010986328125 537.3369979858398
894.2044067382812 473.90203857421875 924.9056739807129 473.90203857421875 924.9056739807129 539.1421203613281 894.2044067382812 539.1421203613281
891.083984375 473.874755859375 921.2294883728027 473.874755859375 921.2294883728027 537.933837890625 891.083984375 537.933837890625
886.5413208007812 479.47509765625 916.3347282409668 479.47509765625 916.3347282409668 542.7859725952148 886.5413208007812 542.7859725952148
888.0510864257812 475.1097106933594 917.8619041442871 475.1097106933594 917.8619041442871 538.4575881958008 888.0510864257812 538.4575881958008
881.8017578125 478.73004150390625 911.3323822021484 478.73004150390625 911.3323822021484 541.4825057983398 881.8017578125 541.4825057983398
883.2989501953125 475.0787658691406 912.6900177001953 475.0787658691406 912.6900177001953 537.5346755981445 883.2989501953125 537.5346755981445
883.6099853515625 477.3114318847656 913.1707248687744 477.3114318847656 913.1707248687744 540.1278915405273 883.6099853515625 540.1278915405273
883.2741088867188 475.6582946777344 912.9995822906494 475.6582946777344 912.9995822906494 538.8248100280762 883.2741088867188 538.8248100280762
882.2811279296875 475.76507568359375 912.2050876617432 475.76507568359375 912.2050876617432 539.3533744812012 882.2811279296875 539.3533744812012
882.1678466796875 477.9715881347656 911.9425201416016 477.9715881347656 911.9425201416016 541.2426528930664 882.1678466796875 541.2426528930664
878.41455078125 477.7320861816406 907.9839134216309 477.7320861816406 907.9839134216309 540.5668716430664 878.41455078125 540.5668716430664
877.3538818359375 478.8583068847656 906.7286720275879 478.8583068847656 906.7286720275879 541.2796249389648 877.3538818359375 541.2796249389648
876.8185424804688 479.61114501953125 905.6795387268066 479.61114501953125 905.6795387268066 540.9406509399414 876.8185424804688 540.9406509399414
879.1476440429688 481.0853576660156 907.7926368713379 481.0853576660156 907.7926368713379 541.9558525085449 879.1476440429688 541.9558525085449
880.5075073242188 482.94464111328125 908.8097534179688 482.94464111328125 908.8097534179688 543.086799621582 880.5075073242188 543.086799621582
883.5596923828125 485.47894287109375 911.9687557220459 485.47894287109375 911.9687557220459 545.8480911254883 883.5596923828125 545.8480911254883
884.36865234375 483.66973876953125 912.7009677886963 483.66973876953125 912.7009677886963 543.8758010864258 884.36865234375 543.8758010864258
885.5279541015625 487.50701904296875 913.8680820465088 487.50701904296875 913.8680820465088 547.7296829223633 885.5279541015625 547.7296829223633
886.662109375 484.644287109375 915.1914978027344 484.644287109375 915.1914978027344 545.2691268920898 886.662109375 545.2691268920898
888.9070434570312 486.35552978515625 917.6110534667969 486.35552978515625 917.6110534667969 547.3514404296875 888.9070434570312 547.3514404296875
890.9500122070312 487.20367431640625 919.7951107025146 487.20367431640625 919.7951107025146 548.4994010925293 890.9500122070312 548.4994010925293
895.4640502929688 489.5581970214844 923.8822479248047 489.5581970214844 923.8822479248047 549.9467582702637 895.4640502929688 549.9467582702637
898.4201049804688 488.1099548339844 926.9795742034912 488.1099548339844 926.9795742034912 548.798713684082 898.4201049804688 548.798713684082
900.6080932617188 487.7901916503906 929.2750644683838 487.7901916503906 929.2750644683838 548.707389831543 900.6080932617188 548.707389831543
907.3265380859375 485.67303466796875 936.6672306060791 485.67303466796875 936.6672306060791 548.0218811035156 907.3265380859375 548.0218811035156
909.1627807617188 487.64788818359375 938.3938045501709 487.64788818359375 938.3938045501709 549.7636909484863 909.1627807617188 549.7636909484863
914.5552978515625 487.63470458984375 944.072790145874 487.63470458984375 944.072790145874 550.3592529296875 914.5552978515625 550.3592529296875
915.6513671875 491.1499938964844 944.9454097747803 491.1499938964844 944.9454097747803 553.3997116088867 915.6513671875 553.3997116088867
918.3779296875 490.07342529296875 947.3745002746582 490.07342529296875 947.3745002746582 551.6910171508789 918.3779296875 551.6910171508789
918.8805541992188 490.9796447753906 947.4617824554443 490.9796447753906 947.4617824554443 551.7146377563477 918.8805541992188 551.7146377563477
918.3092041015625 490.46258544921875 947.4054069519043 490.46258544921875 947.4054069519043 552.2919006347656 918.3092041015625 552.2919006347656
918.4959716796875 490.55908203125 947.627477645874 490.55908203125 947.627477645874 552.4634170532227 918.4959716796875 552.4634170532227
918.3170776367188 492.603759765625 946.9369239807129 492.603759765625 946.9369239807129 553.4208183288574 918.3170776367188 553.4208183288574
917.9900512695312 492.9071350097656 946.1854915618896 492.9071350097656 946.1854915618896 552.8223342895508 917.9900512695312 552.8223342895508
916.6435546875 494.0116271972656 944.9378089904785 494.0116271972656 944.9378089904785 554.1368026733398 916.6435546875 554.1368026733398
913.72412109375 494.553466796875 942.2314395904541 494.553466796875 942.2314395904541 555.1314010620117 913.72412109375 555.1314010620117
911.4656982421875 494.6900329589844 940.3896598815918 494.6900329589844 940.3896598815918 556.1533393859863 911.4656982421875 556.1533393859863
908.9239501953125 495.4524841308594 937.8137874603271 495.4524841308594 937.8137874603271 556.8432807922363 908.9239501953125 556.8432807922363
905.61767578125 498.5332946777344 934.6475563049316 498.5332946777344 934.6475563049316 560.2216873168945 905.61767578125 560.2216873168945
897.1424560546875 488.5872497558594 926.0463619232178 488.5872497558594 926.0463619232178 550.0079460144043 897.1424560546875 550.0079460144043
888.4267578125 485.06512451171875 917.1255741119385 485.06512451171875 917.1255741119385 546.0499992370605 888.4267578125 546.0499992370605
892.4592895507812 496.8900451660156 921.2176704406738 496.8900451660156 921.2176704406738 558.0014953613281 892.4592895507812 558.0014953613281
890.7579956054688 501.2413024902344 919.1612434387207 501.2413024902344 919.1612434387207 561.5980949401855 890.7579956054688 561.5980949401855
886.1769409179688 501.77276611328125 914.4339790344238 501.77276611328125 914.4339790344238 561.8188667297363 886.1769409179688 561.8188667297363
884.8267822265625 501.69464111328125 913.4614658355713 501.69464111328125 913.4614658355713 562.5432434082031 884.8267822265625 562.5432434082031
883.9494018554688 503.33026123046875 912.3130187988281 503.33026123046875 912.3130187988281 563.6028518676758 883.9494018554688 563.6028518676758
880.8152465820312 502.9915466308594 908.8674278259277 502.9915466308594 908.8674278259277 562.6023368835449 880.8152465820312 562.6023368835449
880.7261962890625 504.22564697265625 908.4505367279053 504.22564697265625 908.4505367279053 563.139778137207 880.7261962890625 563.139778137207
879.564453125 504.90570068359375 906.9790992736816 504.90570068359375 906.9790992736816 563.1617317199707 879.564453125 563.1617317199707
878.2760620117188 504.14227294921875 905.7774047851562 504.14227294921875 905.7774047851562 562.5825309753418 878.2760620117188 562.5825309753418
877.9212036132812 505.76123046875 904.955394744873 505.76123046875 904.955394744873 563.2087898254395 877.9212036132812 563.2087898254395
877.7186279296875 503.6944885253906 904.6866874694824 503.6944885253906 904.6866874694824 561.0015182495117 877.7186279296875 561.0015182495117
877.55810546875 507.6007385253906 904.1295051574707 507.6007385253906 904.1295051574707 564.064868927002 877.55810546875 564.064868927002
877.9598388671875 508.63470458984375 904.4757118225098 508.63470458984375 904.4757118225098 564.9808349609375 877.9598388671875 564.9808349609375
877.6769409179688 510.38702392578125 904.1165218353271 510.38702392578125 904.1165218353271 566.5710372924805 877.6769409179688 566.5710372924805
877.5582275390625 508.55474853515625 904.3543300628662 508.55474853515625 904.3543300628662 565.4963684082031 877.5582275390625 565.4963684082031
879.9972534179688 512.8390502929688 906.6573848724365 512.8390502929688 906.6573848724365 569.4917297363281 879.9972534179688 569.4917297363281
881.0635986328125 513.8367919921875 907.5064697265625 513.8367919921875 907.5064697265625 570.0277938842773 881.0635986328125 570.0277938842773
883.3161010742188 515.9219970703125 910.0478706359863 515.9219970703125 910.0478706359863 572.7269058227539 883.3161010742188 572.7269058227539
886.4963989257812 515.4581909179688 913.2586002349854 515.4581909179688 913.2586002349854 572.327766418457 886.4963989257812 572.327766418457
889.7130126953125 515.5889892578125 916.7039432525635 515.5889892578125 916.7039432525635 572.9446105957031 889.7130126953125 572.9446105957031
892.7106323242188 515.9271850585938 919.9869632720947 515.9271850585938 919.9869632720947 573.8892822265625 892.7106323242188 573.8892822265625
895.5758666992188 513.6932373046875 923.3223571777344 513.6932373046875 923.3223571777344 572.6544189453125 895.5758666992188 572.6544189453125
898.2412109375 513.879150390625 926.3614082336426 513.879150390625 926.3614082336426 573.6344604492188 898.2412109375 573.6344604492188
900.8074340820312 516.4002075195312 928.2627906799316 516.4002075195312 928.2627906799316 574.7427291870117 900.8074340820312 574.7427291870117
902.5833740234375 515.9359130859375 930.0095367431641 515.9359130859375 930.0095367431641 574.2164001464844 902.5833740234375 574.2164001464844
904.9255981445312 517.3727416992188 932.0443534851074 517.3727416992188 932.0443534851074 574.9999885559082 904.9255981445312 574.9999885559082
906.9879150390625 517.488525390625 934.0522041320801 517.488525390625 934.0522041320801 575.0000228881836 906.9879150390625 575.0000228881836
907.9097900390625 516.5944213867188 935.1577491760254 516.5944213867188 935.1577491760254 574.4962158203125 907.9097900390625 574.4962158203125
911.6935424804688 517.15869140625 938.8462524414062 517.15869140625 938.8462524414062 574.858081817627 911.6935424804688 574.858081817627
913.3902587890625 517.9635620117188 940.2309722900391 517.9635620117188 940.2309722900391 574.9999618530273 913.3902587890625 574.9999618530273
916.03173828125 518.0179443359375 942.8468990325928 518.0179443359375 942.8468990325928 575.0000419616699 916.03173828125 575.0000419616699
918.0128173828125 519.0411376953125 944.3464546203613 519.0411376953125 944.3464546203613 575.0 918.0128173828125 575.0
919.7796630859375 520.4468383789062 945.4481658935547 520.4468383789062 945.4481658935547 574.9922981262207 919.7796630859375 574.9922981262207
922.2611083984375 521.8739013671875 947.2616844177246 521.8739013671875 947.2616844177246 575.0000228881836 922.2611083984375 575.0000228881836
923.4429931640625 522.9871215820312 947.9197044372559 522.9871215820312 947.9197044372559 575.0000305175781 923.4429931640625 575.0000305175781
923.1890869140625 523.39111328125 947.4756507873535 523.39111328125 947.4756507873535 574.9999618530273 923.1890869140625 574.9999618530273
923.7972412109375 523.7644653320312 947.9081535339355 523.7644653320312 947.9081535339355 575.0000534057617 923.7972412109375 575.0000534057617
923.4747314453125 525.6135864257812 946.7154712677002 525.6135864257812 946.7154712677002 575.0000610351562 923.4747314453125 575.0000610351562
922.5216064453125 527.5609130859375 944.8459033966064 527.5609130859375 944.8459033966064 574.9999465942383 922.5216064453125 574.9999465942383
918.4616088867188 527.14013671875 940.9392108917236 527.14013671875 940.9392108917236 574.9049415588379 918.4616088867188 574.9049415588379
915.0576171875 526.9930419921875 937.6491279602051 526.9930419921875 937.6491279602051 574.9999046325684 915.0576171875 574.9999046325684
912.9505615234375 527.8685302734375 935.1234378814697 527.8685302734375 935.1234378814697 574.9857940673828 912.9505615234375 574.9857940673828
911.4552612304688 528.0322875976562 933.5577735900879 528.0322875976562 933.5577735900879 575.0000305175781 911.4552612304688 575.0000305175781
908.9654541015625 528.0209350585938 931.0359172821045 528.0209350585938 931.0359172821045 574.9205703735352 908.9654541015625 574.9205703735352
897.3834838867188 526.9517822265625 919.9944458007812 526.9517822265625 919.9944458007812 574.9999771118164 897.3834838867188 574.9999771118164
899.0260620117188 526.5413818359375 921.8301811218262 526.5413818359375 921.8301811218262 575.0000381469727 899.0260620117188 575.0000381469727
896.6160888671875 526.9239501953125 919.2401351928711 526.9239501953125 919.2401351928711 574.9999504089355 896.6160888671875 574.9999504089355
890.9182739257812 526.9044799804688 913.5514984130859 526.9044799804688 913.5514984130859 574.9999809265137 890.9182739257812 574.9999809265137
887.3092041015625 527.8546752929688 909.495288848877 527.8546752929688 909.495288848877 575.0000076293945 887.3092041015625 575.0000076293945
884.0877075195312 528.0933227539062 906.1496315002441 528.0933227539062 906.1496315002441 574.9748115539551 884.0877075195312 574.9748115539551
880.9835815429688 528.5079345703125 902.8622283935547 528.5079345703125 902.8622283935547 574.9999618530273 880.9835815429688 574.9999618530273
879.5032958984375 529.1265258789062 901.0908508300781 529.1265258789062 901.0908508300781 574.9999885559082 879.5032958984375 574.9999885559082
877.3375854492188 528.9544677734375 898.9807472229004 528.9544677734375 898.9807472229004 574.9460945129395 877.3375854492188 574.9460945129395
872.5068359375 527.1559448242188 895.0217304229736 527.1559448242188 895.0217304229736 575.0 872.5068359375 575.0
871.2388916015625 527.0460815429688 893.8054752349854 527.0460815429688 893.8054752349854 574.9999771118164 871.2388916015625 574.9999771118164
870.8817138671875 527.9068603515625 893.0194568634033 527.9068603515625 893.0194568634033 574.9494705200195 870.8817138671875 574.9494705200195
871.5235595703125 528.3892211914062 893.4580707550049 528.3892211914062 893.4580707550049 574.9999694824219 871.5235595703125 574.9999694824219
870.5217895507812 528.1731567382812 892.5579986572266 528.1731567382812 892.5579986572266 575.0000076293945 870.5217895507812 575.0000076293945
865.7057495117188 528.1808471679688 887.7383365631104 528.1808471679688 887.7383365631104 574.9999961853027 865.7057495117188 574.9999961853027
865.1808471679688 528.1286010742188 887.2380180358887 528.1286010742188 887.2380180358887 574.9999885559082 865.1808471679688 574.9999885559082
