584.0 81.0 630.0 81.0 630.0 112.0 584.0 112.0
581.3143310546875 80.96684265136719 628.4192886352539 80.96684265136719 628.4192886352539 113.38773345947266 581.3143310546875 113.38773345947266
576.6160888671875 82.8124771118164 625.0576400756836 82.8124771118164 625.0576400756836 114.93876266479492 576.6160888671875 114.93876266479492
573.3455810546875 83.69722747802734 621.4387512207031 83.69722747802734 621.4387512207031 116.10783767700195 573.3455810546875 116.10783767700195
570.5589599609375 83.9593734741211 619.101692199707 83.9593734741211 619.101692199707 116.43137741088867 570.5589599609375 116.43137741088867
567.7236938476562 84.6427230834961 616.4593696594238 84.6427230834961 616.4593696594238 116.97314453125 567.7236938476562 116.97314453125
565.6271362304688 85.08106994628906 613.319694519043 85.08106994628906 613.319694519043 117.2217025756836 565.6271362304688 117.2217025756836
561.5494995117188 85.62151336669922 609.3940849304199 85.62151336669922 609.3940849304199 117.64388275146484 561.5494995117188 117.64388275146484
558.7651977539062 86.3117904663086 607.0712814331055 86.3117904663086 607.0712814331055 118.86588668823242 558.7651977539062 118.86588668823242
554.6018676757812 87.04322814941406 602.7730102539062 87.04322814941406 602.7730102539062 119.4157943725586 554.6018676757812 119.4157943725586
551.78515625 87.64295196533203 600.2765121459961 87.64295196533203 600.2765121459961 120.3219108581543 551.78515625 120.3219108581543
549.0953979492188 88.02976989746094 598.1406173706055 88.02976989746094 598.1406173706055 121.08198547363281 549.0953979492188 121.08198547363281
545.9984741210938 88.9291763305664 596.2312088012695 88.9291763305664 596.2312088012695 121.62435913085938 545.9984741210938 121.62435913085938
542.3831787109375 88.7838363647461 592.8836059570312 88.7838363647461 592.8836059570312 122.7710189819336 542.3831787109375 122.7710189819336
538.5944213867188 92.08768463134766 589.0629959106445 92.08768463134766 589.0629959106445 126.09911346435547 538.5944213867188 126.09911346435547
535.3936767578125 90.9738998413086 586.5027160644531 90.9738998413086 586.5027160644531 124.57541275024414 535.3936767578125 124.57541275024414
532.1156005859375 92.7215805053711 582.5188331604004 92.7215805053711 582.5188331604004 125.69683837890625 532.1156005859375 125.69683837890625
528.81103515625 92.708984375 580.0376281738281 92.708984375 580.0376281738281 126.37114715576172 528.81103515625 126.37114715576172
525.7385864257812 91.90564727783203 577.358715057373 91.90564727783203 577.358715057373 126.42475509643555 525.7385864257812 126.42475509643555
520.8260498046875 94.06333923339844 573.6444396972656 94.06333923339844 573.6444396972656 128.36156463623047 520.8260498046875 128.36156463623047
519.29345703125 93.92012786865234 572.7090339660645 93.92012786865234 572.7090339660645 129.8531837463379 519.29345703125 129.8531837463379
513.937744140625 95.57756042480469 567.5216293334961 95.57756042480469 567.5216293334961 131.65540313720703 513.937744140625 131.65540313720703
509.7825622558594 96.13909912109375 565.0423965454102 96.13909912109375 565.0423965454102 132.04616928100586 509.7825622558594 132.04616928100586
506.5582580566406 97.15348815917969 562.3521347045898 97.15348815917969 562.3521347045898 133.29327011108398 506.5582580566406 133.29327011108398
502.25726318359375 98.19683074951172 558.9800796508789 98.19683074951172 558.9800796508789 134.12413787841797 502.25726318359375 134.12413787841797
500.26104736328125 96.63309478759766 557.362548828125 96.63309478759766 557.362548828125 134.7833595275879 500.26104736328125 134.7833595275879
496.57745361328125 99.0950698852539 553.9116134643555 99.0950698852539 553.9116134643555 136.18649673461914 496.57745361328125 136.18649673461914
492.42352294921875 99.41328430175781 550.5808219909668 99.41328430175781 550.5808219909668 136.62667083740234 492.42352294921875 136.62667083740234
489.5126037597656 100.67241668701172 548.450267791748 100.67241668701172 548.450267791748 138.5533790588379 489.5126037597656 138.5533790588379
486.3939514160156 100.75883483886719 545.884651184082 100.75883483886719 545.884651184082 139.1651840209961 486.3939514160156 139.1651840209961
483.9341735839844 102.69281005859375 542.1377868652344 102.69281005859375 542.1377868652344 140.06463623046875 483.9341735839844 140.06463623046875
480.65057373046875 103.22425842285156 538.7652816772461 103.22425842285156 538.7652816772461 140.81725311279297 480.65057373046875 140.81725311279297
477.2177734375 103.36116027832031 535.0134658813477 103.36116027832031 535.0134658813477 141.58957290649414 477.2177734375 141.58957290649414
474.51165771484375 103.8140640258789 533.558967590332 103.8140640258789 533.558967590332 141.9661865234375 474.51165771484375 141.9661865234375
470.7543029785156 105.11936950683594 530.283203125 105.11936950683594 530.283203125 143.33954238891602 470.7543029785156 143.33954238891602
467.30133056640625 106.89997863769531 527.4099235534668 106.89997863769531 527.4099235534668 145.0992202758789 467.30133056640625 145.0992202758789
465.7767639160156 107.39146423339844 524.7824935913086 107.39146423339844 524.7824935913086 146.13797760009766 465.7767639160156 146.13797760009766
461.9960021972656 107.306884765625 521.280891418457 107.306884765625 521.280891418457 146.7945899963379 461.9960021972656 146.7945899963379
458.72552490234375 109.89498138427734 519.5642585754395 109.89498138427734 519.5642585754395 148.20098114013672 458.72552490234375 148.20098114013672
455.95697021484375 110.73188781738281 516.5973892211914 110.73188781738281 516.5973892211914 150.17819213867188 455.95697021484375 150.17819213867188
453.4021911621094 111.5246353149414 512.2310371398926 111.5246353149414 512.2310371398926 150.8082618713379 453.4021911621094 150.8082618713379
452.25555419921875 112.52813720703125 510.8788070678711 112.52813720703125 510.8788070678711 151.34835052490234 452.25555419921875 151.34835052490234
449.969482421875 112.48516845703125 509.0623359680176 112.48516845703125 509.0623359680176 151.7470932006836 449.969482421875 151.7470932006836
446.2735290527344 113.8125991821289 505.25727462768555 113.8125991821289 505.25727462768555 154.00037002563477 446.2735290527344 154.00037002563477
442.8992614746094 115.53477478027344 502.62713623046875 115.53477478027344 502.62713623046875 154.53723907470703 442.8992614746094 154.53723907470703
442.62628173828125 115.6507568359375 500.68201446533203 115.6507568359375 500.68201446533203 156.24176788330078 442.62628173828125 156.24176788330078
437.52960205078125 117.4649887084961 499.88390350341797 117.4649887084961 499.88390350341797 157.89183044433594 437.52960205078125 157.89183044433594
435.67034912109375 117.3417739868164 497.4835624694824 117.3417739868164 497.4835624694824 158.58550643920898 435.67034912109375 158.58550643920898
432.9352111816406 118.36308288574219 494.2143783569336 118.36308288574219 494.2143783569336 159.28164291381836 432.9352111816406 159.28164291381836
430.78228759765625 119.8588638305664 492.4524230957031 119.8588638305664 492.4524230957031 161.54479598999023 430.78228759765625 161.54479598999023
428.50897216796875 120.15232849121094 491.1065444946289 120.15232849121094 491.1065444946289 161.53607177734375 428.50897216796875 161.53607177734375
425.92572021484375 121.25284576416016 487.6329879760742 121.25284576416016 487.6329879760742 163.70692443847656 425.92572021484375 163.70692443847656
422.94976806640625 122.04231262207031 486.88847732543945 122.04231262207031 486.88847732543945 164.21114349365234 422.94976806640625 164.21114349365234
421.79949951171875 122.37469482421875 485.66283416748047 122.37469482421875 485.66283416748047 165.7386589050293 421.79949951171875 165.7386589050293
417.9208984375 123.743896484375 483.46228790283203 123.743896484375 483.46228790283203 166.3592872619629 417.9208984375 166.3592872619629
416.8330993652344 125.0926513671875 481.40814208984375 125.0926513671875 481.40814208984375 167.9488868713379 416.8330993652344 167.9488868713379
416.35516357421875 125.7131576538086 480.27752685546875 125.7131576538086 480.27752685546875 168.47355270385742 416.35516357421875 168.47355270385742
412.928955078125 127.44441223144531 475.30875396728516 127.44441223144531 475.30875396728516 170.06512069702148 412.928955078125 170.06512069702148
412.482666015625 129.4805145263672 474.48287200927734 129.4805145263672 474.48287200927734 171.23657989501953 412.482666015625 171.23657989501953
410.21844482421875 130.28201293945312 472.4819869995117 130.28201293945312 472.4819869995117 172.06700897216797 410.21844482421875 172.06700897216797
408.30303955078125 130.6409912109375 471.8589973449707 130.6409912109375 471.8589973449707 173.70846939086914 408.30303955078125 173.70846939086914
405.42864990234375 131.0067596435547 468.3991470336914 131.0067596435547 468.3991470336914 175.28916931152344 405.42864990234375 175.28916931152344
403.95819091796875 134.59219360351562 466.27855682373047 134.59219360351562 466.27855682373047 175.73209762573242 403.95819091796875 175.73209762573242
401.87567138671875 134.41404724121094 465.83271408081055 134.41404724121094 465.83271408081055 176.7185173034668 401.87567138671875 176.7185173034668
400.9969482421875 136.0299072265625 464.24341583251953 136.0299072265625 464.24341583251953 178.54730987548828 400.9969482421875 178.54730987548828
397.07379150390625 137.33071899414062 462.4836654663086 137.33071899414062 462.4836654663086 179.64940643310547 397.07379150390625 179.64940643310547
395.05303955078125 136.9882049560547 462.5812683105469 136.9882049560547 462.5812683105469 181.47473526000977 395.05303955078125 181.47473526000977
394.136962890625 137.6769561767578 461.0748291015625 137.6769561767578 461.0748291015625 182.09552383422852 394.136962890625 182.09552383422852
393.2418518066406 140.31846618652344 458.7237091064453 140.31846618652344 458.7237091064453 183.97466659545898 393.2418518066406 183.97466659545898
392.086669921875 140.04666137695312 457.75801849365234 140.04666137695312 457.75801849365234 185.80840682983398 392.086669921875 185.80840682983398
390.3030090332031 143.92642211914062 456.34706115722656 143.92642211914062 456.34706115722656 186.5953598022461 390.3030090332031 186.5953598022461
368.41546630859375 144.01602172851562 443.61454010009766 144.01602172851562 443.61454010009766 186.02736282348633 368.41546630859375 186.02736282348633
330.9923400878906 147.6732635498047 406.20995330810547 147.6732635498047 406.20995330810547 188.9601058959961 330.9923400878906 188.9601058959961
306.7406921386719 151.3685302734375 383.43457794189453 151.3685302734375 383.43457794189453 193.88458633422852 306.7406921386719 193.88458633422852
309.3864440917969 153.30140686035156 375.5812072753906 153.30140686035156 375.5812072753906 198.43450546264648 309.3864440917969 198.43450546264648
306.7770080566406 155.5519561767578 374.67303466796875 155.5519561767578 374.67303466796875 200.50765228271484 306.7770080566406 200.50765228271484
305.77447509765625 158.27969360351562 378.11214447021484 158.27969360351562 378.11214447021484 202.98193359375 305.77447509765625 202.98193359375
305.18145751953125 158.24722290039062 374.5902786254883 158.24722290039062 374.5902786254883 203.31142807006836 305.18145751953125 203.31142807006836
301.9652404785156 159.5668182373047 371.8239440917969 159.5668182373047 371.8239440917969 204.51114654541016 301.9652404785156 204.51114654541016
302.6103210449219 161.3099365234375 372.1959228515625 161.3099365234375 372.1959228515625 208.19023895263672 302.6103210449219 208.19023895263672
301.08905029296875 163.13658142089844 371.57572174072266 163.13658142089844 371.57572174072266 209.5731544494629 301.08905029296875 209.5731544494629
299.4436950683594 165.1661376953125 370.7638931274414 165.1661376953125 370.7638931274414 211.30364227294922 299.4436950683594 211.30364227294922
298.65631103515625 163.9225616455078 370.6888732910156 163.9225616455078 370.6888732910156 212.8022575378418 298.65631103515625 212.8022575378418
296.8518371582031 166.14694213867188 370.1191101074219 166.14694213867188 370.1191101074219 214.55796813964844 296.8518371582031 214.55796813964844
297.07232666015625 170.6959991455078 369.5188446044922 170.6959991455078 369.5188446044922 216.85779571533203 297.07232666015625 216.85779571533203
263.4502868652344 172.9839324951172 347.5991668701172 172.9839324951172 347.5991668701172 218.7229461669922 263.4502868652344 218.7229461669922
230.6601104736328 174.791015625 316.592529296875 174.791015625 316.592529296875 221.65619277954102 230.6601104736328 221.65619277954102
230.9811553955078 177.97491455078125 308.5961608886719 177.97491455078125 308.5961608886719 227.60723114013672 230.9811553955078 227.60723114013672
232.69287109375 181.09866333007812 307.2581558227539 181.09866333007812 307.2581558227539 228.869140625 232.69287109375 228.869140625
232.820068359375 182.161376953125 306.94126892089844 182.161376953125 306.94126892089844 229.70766067504883 232.820068359375 229.70766067504883
232.761962890625 184.65811157226562 307.0455551147461 184.65811157226562 307.0455551147461 232.09230422973633 232.761962890625 232.09230422973633
232.9781494140625 186.9538116455078 307.48436737060547 186.9538116455078 307.48436737060547 234.51587677001953 232.9781494140625 234.51587677001953
235.3504638671875 188.05548095703125 310.1576461791992 188.05548095703125 310.1576461791992 236.90780639648438 235.3504638671875 236.90780639648438
233.7709503173828 189.66055297851562 310.89308166503906 189.66055297851562 310.89308166503906 239.40202713012695 233.7709503173828 239.40202713012695
234.95849609375 191.60171508789062 310.52825927734375 191.60171508789062 310.52825927734375 241.36187362670898 234.95849609375 241.36187362670898
236.67996215820312 194.64427185058594 312.00292205810547 194.64427185058594 312.00292205810547 243.70304107666016 236.67996215820312 243.70304107666016
235.92703247070312 195.3242645263672 314.51548767089844 195.3242645263672 314.51548767089844 245.05148315429688 235.92703247070312 245.05148315429688
238.1613311767578 197.8002471923828 314.89874267578125 197.8002471923828 314.89874267578125 248.71617889404297 238.1613311767578 248.71617889404297
238.78665161132812 198.9246368408203 317.22605895996094 198.9246368408203 317.22605895996094 250.00059509277344 238.78665161132812 250.00059509277344
240.1402587890625 200.49839782714844 316.8077926635742 200.49839782714844 316.8077926635742 251.6540985107422 240.1402587890625 251.6540985107422
241.00479125976562 202.78128051757812 320.0147399902344 202.78128051757812 320.0147399902344 255.58623123168945 241.00479125976562 255.58623123168945
239.4429931640625 205.61715698242188 321.77552795410156 205.61715698242188 321.77552795410156 257.84993743896484 239.4429931640625 257.84993743896484
241.36294555664062 207.0664520263672 322.7092742919922 207.0664520263672 322.7092742919922 260.46825408935547 241.36294555664062 260.46825408935547
244.53463745117188 210.8075408935547 324.9611053466797 210.8075408935547 324.9611053466797 262.7479019165039 244.53463745117188 262.7479019165039
245.2898406982422 212.39749145507812 326.24121856689453 212.39749145507812 326.24121856689453 264.4200973510742 245.2898406982422 264.4200973510742
246.05923461914062 214.91513061523438 328.1671142578125 214.91513061523438 328.1671142578125 268.83939361572266 246.05923461914062 268.83939361572266
247.9309539794922 217.4545135498047 330.22225189208984 217.4545135498047 330.22225189208984 271.36828994750977 247.9309539794922 271.36828994750977
249.7183074951172 219.270263671875 332.4187927246094 219.270263671875 332.4187927246094 275.27518463134766 249.7183074951172 275.27518463134766
252.08731079101562 221.39657592773438 335.7584915161133 221.39657592773438 335.7584915161133 278.6933174133301 252.08731079101562 278.6933174133301
253.7661895751953 224.02285766601562 338.5201721191406 224.02285766601562 338.5201721191406 280.50016021728516 253.7661895751953 280.50016021728516
256.17913818359375 226.0067901611328 338.74171447753906 226.0067901611328 338.74171447753906 282.44630432128906 256.17913818359375 282.44630432128906
254.9493408203125 227.076171875 339.1671829223633 227.076171875 339.1671829223633 282.78324127197266 254.9493408203125 282.78324127197266
257.37628173828125 229.47702026367188 343.96791076660156 229.47702026367188 343.96791076660156 286.84075927734375 257.37628173828125 286.84075927734375
258.839599609375 231.95742797851562 344.53417205810547 231.95742797851562 344.53417205810547 290.17864990234375 258.839599609375 290.17864990234375
259.15802001953125 233.58169555664062 347.7821807861328 233.58169555664062 347.7821807861328 295.72528076171875 259.15802001953125 295.72528076171875
261.6631164550781 237.2610321044922 349.9690856933594 237.2610321044922 349.9690856933594 297.66798400878906 261.6631164550781 297.66798400878906
264.5909729003906 240.6705780029297 351.0683059692383 240.6705780029297 351.0683059692383 301.4060935974121 264.5909729003906 301.4060935974121
262.6217346191406 242.6583251953125 353.61209869384766 242.6583251953125 353.61209869384766 302.95319747924805 262.6217346191406 302.95319747924805
264.6265563964844 246.48745727539062 356.3377990722656 246.48745727539062 356.3377990722656 306.22994232177734 264.6265563964844 306.22994232177734
265.91094970703125 248.40902709960938 358.5597686767578 248.40902709960938 358.5597686767578 309.23685455322266 265.91094970703125 309.23685455322266
265.57708740234375 251.84817504882812 358.30406951904297 251.84817504882812 358.30406951904297 314.61597442626953 265.57708740234375 314.61597442626953
265.8761291503906 254.47183227539062 359.64735412597656 254.47183227539062 359.64735412597656 317.9104309082031 265.8761291503906 317.9104309082031
266.1788635253906 256.96624755859375 362.5503845214844 256.96624755859375 362.5503845214844 322.4796905517578 266.1788635253906 322.4796905517578
266.7038269042969 259.83642578125 363.1565475463867 259.83642578125 363.1565475463867 324.5107192993164 266.7038269042969 324.5107192993164
266.1169738769531 261.3059997558594 362.23487854003906 261.3059997558594 362.23487854003906 324.8068542480469 266.1169738769531 324.8068542480469
263.21270751953125 263.21624755859375 363.68507385253906 263.21624755859375 363.68507385253906 327.62657165527344 263.21270751953125 327.62657165527344
262.8884582519531 268.5444641113281 361.0411605834961 268.5444641113281 361.0411605834961 331.0751266479492 262.8884582519531 331.0751266479492
261.0624694824219 271.76171875 361.5085678100586 271.76171875 361.5085678100586 336.1678695678711 261.0624694824219 336.1678695678711
258.8589172363281 274.8133850097656 358.6328887939453 274.8133850097656 358.6328887939453 340.79114532470703 258.8589172363281 340.79114532470703
256.74078369140625 277.1396789550781 358.91310119628906 277.1396789550781 358.91310119628906 342.5654602050781 256.74078369140625 342.5654602050781
257.28887939453125 274.96026611328125 371.25096130371094 274.96026611328125 371.25096130371094 343.59234619140625 257.28887939453125 343.59234619140625
286.1036071777344 283.32342529296875 401.1650848388672 283.32342529296875 401.1650848388672 348.02301025390625 286.1036071777344 348.02301025390625
315.3433837890625 282.54180908203125 435.28590393066406 282.54180908203125 435.28590393066406 350.23384857177734 315.3433837890625 350.23384857177734
336.4809875488281 284.33056640625 445.81007385253906 284.33056640625 445.81007385253906 355.08023834228516 336.4809875488281 355.08023834228516
328.56610107421875 287.48565673828125 443.5375213623047 287.48565673828125 443.5375213623047 359.38770294189453 328.56610107421875 359.38770294189453
322.7498474121094 291.15570068359375 438.98436737060547 291.15570068359375 438.98436737060547 361.8706970214844 322.7498474121094 361.8706970214844
317.4655456542969 292.24676513671875 431.5018005371094 292.24676513671875 431.5018005371094 363.4708786010742 317.4655456542969 363.4708786010742
310.18707275390625 291.38018798828125 424.81441497802734 291.38018798828125 424.81441497802734 364.74092864990234 310.18707275390625 364.74092864990234
304.71405029296875 294.3328552246094 421.58589935302734 294.3328552246094 421.58589935302734 367.5271682739258 304.71405029296875 367.5271682739258
294.297607421875 296.40631103515625 416.32373046875 296.40631103515625 416.32373046875 370.95118713378906 294.297607421875 370.95118713378906
286.01373291015625 299.49664306640625 404.67469787597656 299.49664306640625 404.67469787597656 372.70899963378906 286.01373291015625 372.70899963378906
278.08203125 300.92620849609375 396.1325912475586 300.92620849609375 396.1325912475586 374.2521209716797 278.08203125 374.2521209716797
274.5223083496094 304.2401428222656 397.16758728027344 304.2401428222656 397.16758728027344 377.0752182006836 274.5223083496094 377.0752182006836
294.0482482910156 305.8650207519531 418.8125915527344 305.8650207519531 418.8125915527344 378.08809661865234 294.0482482910156 378.08809661865234
320.181640625 305.887451171875 446.76109313964844 305.887451171875 446.76109313964844 380.6942138671875 320.181640625 380.6942138671875
326.61224365234375 303.80780029296875 444.77518463134766 303.80780029296875 444.77518463134766 377.2543258666992 326.61224365234375 377.2543258666992
314.81414794921875 304.4293518066406 432.87684631347656 304.4293518066406 432.87684631347656 380.66333770751953 314.81414794921875 380.66333770751953
299.7742614746094 305.13946533203125 424.72154235839844 305.13946533203125 424.72154235839844 381.3052520751953 299.7742614746094 381.3052520751953
283.87823486328125 310.31475830078125 414.18023681640625 310.31475830078125 414.18023681640625 385.7631301879883 283.87823486328125 385.7631301879883
270.58038330078125 312.50994873046875 400.0492248535156 312.50994873046875 400.0492248535156 388.1164779663086 270.58038330078125 388.1164779663086
258.9490966796875 314.3916015625 389.1434631347656 314.3916015625 389.1434631347656 389.71299743652344 258.9490966796875 389.71299743652344
240.4728546142578 314.06689453125 369.4496765136719 314.06689453125 369.4496765136719 389.54354095458984 240.4728546142578 389.54354095458984
227.4493865966797 316.803955078125 357.0613555908203 316.803955078125 357.0613555908203 393.1071319580078 227.4493865966797 393.1071319580078
213.6908721923828 320.86700439453125 337.1603317260742 320.86700439453125 337.1603317260742 395.84586334228516 213.6908721923828 395.84586334228516
202.8575439453125 318.39349365234375 329.1329574584961 318.39349365234375 329.1329574584961 396.20094299316406 202.8575439453125 396.20094299316406
184.03305053710938 321.1242980957031 311.81813049316406 321.1242980957031 311.81813049316406 399.44820404052734 184.03305053710938 399.44820404052734
166.1686553955078 320.85870361328125 295.6964874267578 320.85870361328125 295.6964874267578 402.49141693115234 166.1686553955078 402.49141693115234
148.7940673828125 320.6447448730469 280.26771545410156 320.6447448730469 280.26771545410156 401.86095428466797 148.7940673828125 401.86095428466797
128.6773681640625 322.0826110839844 256.8799133300781 322.0826110839844 256.8799133300781 403.21947479248047 128.6773681640625 403.21947479248047
114.86539459228516 323.25469970703125 246.96820831298828 323.25469970703125 246.96820831298828 407.07945251464844 114.86539459228516 407.07945251464844
96.22803497314453 323.31353759765625 223.7570037841797 323.31353759765625 223.7570037841797 410.3730926513672 96.22803497314453 410.3730926513672
78.73473358154297 325.207763671875 210.12662506103516 325.207763671875 210.12662506103516 413.7729263305664 78.73473358154297 413.7729263305664
62.881004333496094 324.85296630859375 197.77880096435547 324.85296630859375 197.77880096435547 413.38382720947266 62.881004333496094 413.38382720947266
72.20256042480469 330.10601806640625 199.30062866210938 330.10601806640625 199.30062866210938 411.5248794555664 72.20256042480469 411.5248794555664
89.13799285888672 327.4994201660156 201.27284240722656 327.4994201660156 201.27284240722656 410.02559661865234 89.13799285888672 410.02559661865234
68.62506103515625 329.5291442871094 174.86246490478516 329.5291442871094 174.86246490478516 409.2734832763672 68.62506103515625 409.2734832763672
46.34675216674805 329.6971435546875 161.26630783081055 329.6971435546875 161.26630783081055 408.4244155883789 46.34675216674805 408.4244155883789
26.73862075805664 329.1147766113281 152.4181251525879 329.1147766113281 152.4181251525879 411.2550811767578 26.73862075805664 411.2550811767578
15.345458984375 330.6906433105469 141.8415298461914 330.6906433105469 141.8415298461914 411.40795135498047 15.345458984375 411.40795135498047
9.47050666809082 333.95123291015625 142.29144477844238 333.95123291015625 142.29144477844238 423.4609069824219 9.47050666809082 423.4609069824219
16.105405807495117 330.4006652832031 135.32034873962402 330.4006652832031 135.32034873962402 414.3462677001953 16.105405807495117 414.3462677001953
30.337032318115234 328.8101501464844 147.25890731811523 328.8101501464844 147.25890731811523 409.37742614746094 30.337032318115234 409.37742614746094
46.46605682373047 327.8876037597656 162.27135467529297 327.8876037597656 162.27135467529297 407.50315856933594 46.46605682373047 407.50315856933594
60.4932746887207 331.50946044921875 183.2552604675293 331.50946044921875 183.2552604675293 412.0100402832031 60.4932746887207 412.0100402832031
43.16963577270508 331.6396484375 164.69028854370117 331.6396484375 164.69028854370117 413.2086944580078 43.16963577270508 413.2086944580078
13.88917350769043 326.78875732421875 128.92137718200684 326.78875732421875 128.92137718200684 407.7076721191406 13.88917350769043 407.7076721191406
6.734031677246094 326.72698974609375 126.3548583984375 326.72698974609375 126.3548583984375 399.76312255859375 6.734031677246094 399.76312255859375
33.786094665527344 324.5762023925781 142.6488494873047 324.5762023925781 142.6488494873047 399.6832275390625 33.786094665527344 399.6832275390625
47.8969612121582 326.1883544921875 165.6237449645996 326.1883544921875 165.6237449645996 405.52589416503906 47.8969612121582 405.52589416503906
69.81233978271484 317.8577880859375 184.61260986328125 317.8577880859375 184.61260986328125 392.50225830078125 69.81233978271484 392.50225830078125
86.27525329589844 315.8876953125 201.658935546875 315.8876953125 201.658935546875 389.1895751953125 86.27525329589844 389.1895751953125
113.56883239746094 311.45428466796875 221.86302185058594 311.45428466796875 221.86302185058594 384.0143585205078 113.56883239746094 384.0143585205078
123.7707290649414 310.8840026855469 232.9697265625 310.8840026855469 232.9697265625 380.4995880126953 123.7707290649414 380.4995880126953
141.9000244140625 306.43353271484375 254.41526794433594 306.43353271484375 254.41526794433594 376.8753356933594 141.9000244140625 376.8753356933594
146.150634765625 302.97259521484375 259.20387268066406 302.97259521484375 259.20387268066406 375.9559555053711 146.150634765625 375.9559555053711
140.00173950195312 299.2400207519531 249.13066864013672 299.2400207519531 249.13066864013672 370.79236602783203 140.00173950195312 370.79236602783203
136.5686492919922 294.8927307128906 242.55828857421875 294.8927307128906 242.55828857421875 364.425048828125 136.5686492919922 364.425048828125
125.94012451171875 292.27423095703125 226.76315307617188 292.27423095703125 226.76315307617188 360.0173568725586 125.94012451171875 360.0173568725586
111.2344741821289 292.735595703125 217.16180419921875 292.735595703125 217.16180419921875 361.57911682128906 111.2344741821289 361.57911682128906
109.20030212402344 293.0750732421875 214.91464233398438 293.0750732421875 214.91464233398438 363.5838928222656 109.20030212402344 363.5838928222656
120.51048278808594 295.8877258300781 227.06800079345703 295.8877258300781 227.06800079345703 367.6981506347656 120.51048278808594 367.6981506347656
88.4840316772461 284.3927001953125 195.2899398803711 284.3927001953125 195.2899398803711 354.79156494140625 88.4840316772461 354.79156494140625
72.24073791503906 279.4443054199219 179.45614624023438 279.4443054199219 179.45614624023438 351.6980895996094 72.24073791503906 351.6980895996094
63.259429931640625 281.13653564453125 169.86396026611328 281.13653564453125 169.86396026611328 352.9786376953125 63.259429931640625 352.9786376953125
56.87577438354492 274.78753662109375 163.82403182983398 274.78753662109375 163.82403182983398 347.1051559448242 56.87577438354492 347.1051559448242
40.099876403808594 270.20367431640625 146.27415466308594 270.20367431640625 146.27415466308594 341.65065002441406 40.099876403808594 341.65065002441406
29.57101821899414 268.76080322265625 137.07793807983398 268.76080322265625 137.07793807983398 340.7863540649414 29.57101821899414 340.7863540649414
22.66556739807129 265.33270263671875 128.1256504058838 265.33270263671875 128.1256504058838 336.3965377807617 22.66556739807129 336.3965377807617
14.99303913116455 263.41424560546875 118.69404315948486 263.41424560546875 118.69404315948486 337.2094955444336 14.99303913116455 337.2094955444336
0.0 263.4411926269531 106.1546859741211 263.4411926269531 106.1546859741211 334.9801483154297 0.0 334.9801483154297
3.6800856590270996 263.1064758300781 107.95199728012085 263.1064758300781 107.95199728012085 331.43894958496094 3.6800856590270996 331.43894958496094
