266.0 161.0 403.0 161.0 403.0 413.0 266.0 413.0
264.9481506347656 166.13232421875 401.2167053222656 166.13232421875 401.2167053222656 413.0888977050781 264.9481506347656 413.0888977050781
265.9480285644531 170.60134887695312 399.67425537109375 170.60134887695312 399.67425537109375 411.23828125 265.9480285644531 411.23828125
265.2494201660156 174.22264099121094 399.51751708984375 174.22264099121094 399.51751708984375 409.3161926269531 265.2494201660156 409.3161926269531
264.38067626953125 176.37449645996094 399.7546691894531 176.37449645996094 399.7546691894531 410.2506866455078 264.38067626953125 410.2506866455078
265.71514892578125 178.3804168701172 398.005615234375 178.3804168701172 398.005615234375 417.75160217285156 265.71514892578125 417.75160217285156
267.3129577636719 182.006103515625 394.1621627807617 182.006103515625 394.1621627807617 415.2516784667969 267.3129577636719 415.2516784667969
268.1212158203125 183.45556640625 388.2629623413086 183.45556640625 388.2629623413086 423.0113525390625 268.1212158203125 423.0113525390625
267.0036315917969 180.18663024902344 383.0314178466797 180.18663024902344 383.0314178466797 428.2372589111328 267.0036315917969 428.2372589111328
266.75775146484375 181.8862762451172 380.7533416748047 181.8862762451172 380.7533416748047 423.16845703125 266.75775146484375 423.16845703125
265.49981689453125 181.90342712402344 378.45802307128906 181.90342712402344 378.45802307128906 424.66209411621094 265.49981689453125 424.66209411621094
264.54022216796875 180.74185180664062 378.31263732910156 180.74185180664062 378.31263732910156 420.9104766845703 264.54022216796875 420.9104766845703
263.9216003417969 181.08229064941406 378.9692916870117 181.08229064941406 378.9692916870117 416.83790588378906 263.9216003417969 416.83790588378906
263.06561279296875 183.33468627929688 378.8862533569336 183.33468627929688 378.8862533569336 421.5617370605469 263.06561279296875 421.5617370605469
263.847412109375 181.40847778320312 376.72320556640625 181.40847778320312 376.72320556640625 418.9339141845703 263.847412109375 418.9339141845703
262.60943603515625 181.75457763671875 379.0928192138672 181.75457763671875 379.0928192138672 418.24017333984375 262.60943603515625 418.24017333984375
263.8084411621094 181.4937286376953 379.88941955566406 181.4937286376953 379.88941955566406 417.35081481933594 263.8084411621094 417.35081481933594
264.927001953125 180.99468994140625 381.2186050415039 180.99468994140625 381.2186050415039 416.8843078613281 264.927001953125 416.8843078613281
266.05670166015625 179.49261474609375 379.01153564453125 179.49261474609375 379.01153564453125 416.4784240722656 266.05670166015625 416.4784240722656
265.55340576171875 180.28488159179688 379.43563079833984 180.28488159179688 379.43563079833984 418.36932373046875 265.55340576171875 418.36932373046875
265.49041748046875 179.1873016357422 379.7488784790039 179.1873016357422 379.7488784790039 415.187255859375 265.49041748046875 415.187255859375
266.8816833496094 179.94566345214844 378.4820098876953 179.94566345214844 378.4820098876953 416.95912170410156 266.8816833496094 416.95912170410156
266.6484375 175.488525390625 377.8729248046875 175.488525390625 377.8729248046875 416.0248565673828 266.6484375 416.0248565673828
264.6944885253906 178.072021484375 378.42662048339844 178.072021484375 378.42662048339844 417.2584686279297 264.6944885253906 417.2584686279297
264.286376953125 177.8946990966797 378.4272232055664 177.8946990966797 378.4272232055664 416.2171173095703 264.286376953125 416.2171173095703
264.37872314453125 178.359130859375 378.7420425415039 178.359130859375 378.7420425415039 415.7983093261719 264.37872314453125 415.7983093261719
262.94049072265625 181.70132446289062 380.06546783447266 181.70132446289062 380.06546783447266 421.9551086425781 262.94049072265625 421.9551086425781
263.88348388671875 178.92904663085938 379.24674224853516 178.92904663085938 379.24674224853516 419.68194580078125 263.88348388671875 419.68194580078125
263.77618408203125 179.55625915527344 380.4417266845703 179.55625915527344 380.4417266845703 421.44354248046875 263.77618408203125 421.44354248046875
263.68145751953125 177.6830291748047 381.11519622802734 177.6830291748047 381.11519622802734 419.6199188232422 263.68145751953125 419.6199188232422
262.61480712890625 178.9641571044922 381.6819610595703 178.9641571044922 381.6819610595703 420.1097869873047 262.61480712890625 420.1097869873047
264.0245056152344 178.2904815673828 380.34630584716797 178.2904815673828 380.34630584716797 421.4918518066406 264.0245056152344 421.4918518066406
264.0345458984375 176.412109375 380.66043853759766 176.412109375 380.66043853759766 422.2792663574219 264.0345458984375 422.2792663574219
264.375244140625 181.49386596679688 380.47918701171875 181.49386596679688 380.47918701171875 419.4906921386719 264.375244140625 419.4906921386719
264.13055419921875 181.6551513671875 380.34293365478516 181.6551513671875 380.34293365478516 420.3830261230469 264.13055419921875 420.3830261230469
264.6838684082031 182.25047302246094 381.3402786254883 182.25047302246094 381.3402786254883 418.40626525878906 264.6838684082031 418.40626525878906
265.18609619140625 182.4678955078125 381.34698486328125 182.4678955078125 381.34698486328125 418.7066345214844 265.18609619140625 418.7066345214844
266.08929443359375 184.93563842773438 380.26541900634766 184.93563842773438 380.26541900634766 420.5458679199219 266.08929443359375 420.5458679199219
266.0227966308594 186.35330200195312 380.08543395996094 186.35330200195312 380.08543395996094 421.54844665527344 266.0227966308594 421.54844665527344
267.8514709472656 187.92813110351562 380.25596618652344 187.92813110351562 380.25596618652344 421.91748046875 267.8514709472656 421.91748046875
267.17144775390625 190.96246337890625 379.93882751464844 190.96246337890625 379.93882751464844 423.70726013183594 267.17144775390625 423.70726013183594
266.4064025878906 187.20912170410156 379.90196990966797 187.20912170410156 379.90196990966797 423.18663024902344 266.4064025878906 423.18663024902344
265.45660400390625 182.70445251464844 378.3873519897461 182.70445251464844 378.3873519897461 425.2418518066406 265.45660400390625 425.2418518066406
266.4101257324219 184.20510864257812 380.7009963989258 184.20510864257812 380.7009963989258 421.61924743652344 266.4101257324219 421.61924743652344
265.0173034667969 182.07150268554688 383.02477264404297 182.07150268554688 383.02477264404297 423.94557189941406 265.0173034667969 423.94557189941406
267.7357482910156 189.1326141357422 382.33531188964844 189.1326141357422 382.33531188964844 427.7038116455078 267.7357482910156 427.7038116455078
270.57293701171875 190.0654296875 386.82611083984375 190.0654296875 386.82611083984375 426.2383728027344 270.57293701171875 426.2383728027344
272.95074462890625 187.7207794189453 389.2577133178711 187.7207794189453 389.2577133178711 423.8676300048828 272.95074462890625 423.8676300048828
272.94158935546875 181.75244140625 390.1354217529297 181.75244140625 390.1354217529297 421.7178039550781 272.94158935546875 421.7178039550781
271.90869140625 174.8929443359375 385.32672119140625 174.8929443359375 385.32672119140625 420.5594787597656 271.90869140625 420.5594787597656
268.86798095703125 172.81593322753906 376.33309173583984 172.81593322753906 376.33309173583984 415.5362243652344 268.86798095703125 415.5362243652344
264.92999267578125 165.5713653564453 372.9512710571289 165.5713653564453 372.9512710571289 411.7077941894531 264.92999267578125 411.7077941894531
260.5981140136719 160.78512573242188 370.6459655761719 160.78512573242188 370.6459655761719 408.38221740722656 260.5981140136719 408.38221740722656
256.2437744140625 154.2647705078125 365.0410919189453 154.2647705078125 365.0410919189453 401.0585632324219 256.2437744140625 401.0585632324219
252.8359832763672 151.2363739013672 364.19004821777344 151.2363739013672 364.19004821777344 398.6104431152344 252.8359832763672 398.6104431152344
250.89511108398438 144.66090393066406 363.84434509277344 144.66090393066406 363.84434509277344 390.74688720703125 250.89511108398438 390.74688720703125
250.4163360595703 138.36181640625 362.4407043457031 138.36181640625 362.4407043457031 393.6927185058594 250.4163360595703 393.6927185058594
246.29751586914062 132.7390899658203 362.6272430419922 132.7390899658203 362.6272430419922 380.5164794921875 246.29751586914062 380.5164794921875
243.7417755126953 121.06599426269531 360.8148193359375 121.06599426269531 360.8148193359375 374.9655303955078 243.7417755126953 374.9655303955078
243.31710815429688 113.42610168457031 357.71571350097656 113.42610168457031 357.71571350097656 373.2291717529297 243.31710815429688 373.2291717529297
243.52047729492188 112.42762756347656 352.6795349121094 112.42762756347656 352.6795349121094 377.5813446044922 243.52047729492188 377.5813446044922
240.6259307861328 110.6021957397461 348.8963317871094 110.6021957397461 348.8963317871094 369.0289840698242 240.6259307861328 369.0289840698242
238.9501953125 107.57647705078125 347.2392578125 107.57647705078125 347.2392578125 364.1908874511719 238.9501953125 364.1908874511719
235.89218139648438 100.12040710449219 343.5399932861328 100.12040710449219 343.5399932861328 354.3994598388672 235.89218139648438 354.3994598388672
233.4112548828125 100.74836730957031 340.1262664794922 100.74836730957031 340.1262664794922 349.49949645996094 233.4112548828125 349.49949645996094
229.7107391357422 102.41313171386719 336.7196044921875 102.41313171386719 336.7196044921875 348.1661071777344 229.7107391357422 348.1661071777344
224.898681640625 93.00371551513672 334.2352523803711 93.00371551513672 334.2352523803711 336.84944915771484 224.898681640625 336.84944915771484
220.197265625 84.53418731689453 327.7707290649414 84.53418731689453 327.7707290649414 329.1046676635742 220.197265625 329.1046676635742
216.53189086914062 80.82469177246094 322.48535919189453 80.82469177246094 322.48535919189453 334.1339874267578 216.53189086914062 334.1339874267578
214.7399444580078 84.50733184814453 321.07303619384766 84.50733184814453 321.07303619384766 333.4197311401367 214.7399444580078 333.4197311401367
209.80514526367188 74.21463775634766 316.1743469238281 74.21463775634766 316.1743469238281 329.40209197998047 209.80514526367188 329.40209197998047
206.1990966796875 70.83631134033203 311.5928726196289 70.83631134033203 311.5928726196289 325.4861373901367 206.1990966796875 325.4861373901367
204.1072235107422 68.32716369628906 308.9087142944336 68.32716369628906 308.9087142944336 321.05873107910156 204.1072235107422 321.05873107910156
200.38577270507812 67.15040588378906 307.21897888183594 67.15040588378906 307.21897888183594 313.58058166503906 200.38577270507812 313.58058166503906
195.52783203125 58.19463348388672 304.5220718383789 58.19463348388672 304.5220718383789 299.17456817626953 195.52783203125 299.17456817626953
189.37709045410156 52.811927795410156 297.8305969238281 52.811927795410156 297.8305969238281 299.51627349853516 189.37709045410156 299.51627349853516
183.43399047851562 47.79631805419922 290.9601287841797 47.79631805419922 290.9601287841797 290.7695846557617 183.43399047851562 290.7695846557617
178.06129455566406 47.662925720214844 283.89581298828125 47.662925720214844 283.89581298828125 299.31714630126953 178.06129455566406 299.31714630126953
171.7461700439453 47.131507873535156 280.9525146484375 47.131507873535156 280.9525146484375 295.73856353759766 171.7461700439453 295.73856353759766
165.97764587402344 44.237003326416016 273.2727279663086 44.237003326416016 273.2727279663086 283.7385444641113 165.97764587402344 283.7385444641113
159.36264038085938 36.021385192871094 269.4369583129883 36.021385192871094 269.4369583129883 272.4018020629883 159.36264038085938 272.4018020629883
152.93325805664062 34.872108459472656 264.7721405029297 34.872108459472656 264.7721405029297 262.9218215942383 152.93325805664062 262.9218215942383
148.2407684326172 32.00157165527344 263.5064926147461 32.00157165527344 263.5064926147461 260.66461181640625 148.2407684326172 260.66461181640625
141.6712188720703 26.193262100219727 258.3901672363281 26.193262100219727 258.3901672363281 258.3153324127197 141.6712188720703 258.3153324127197
136.7696075439453 22.93551254272461 251.0568389892578 22.93551254272461 251.0568389892578 247.1606559753418 136.7696075439453 247.1606559753418
133.2518310546875 23.136316299438477 245.35347747802734 23.136316299438477 245.35347747802734 255.2589054107666 133.2518310546875 255.2589054107666
127.05126953125 21.68647003173828 242.7656707763672 21.68647003173828 242.7656707763672 263.95902252197266 127.05126953125 263.95902252197266
122.76707458496094 17.230152130126953 238.75305938720703 17.230152130126953 238.75305938720703 257.05319595336914 122.76707458496094 257.05319595336914
118.43327331542969 13.44505786895752 235.6757049560547 13.44505786895752 235.6757049560547 251.82594776153564 118.43327331542969 251.82594776153564
118.6945571899414 17.25362205505371 233.79338836669922 17.25362205505371 233.79338836669922 247.9397029876709 118.6945571899414 247.9397029876709
118.99894714355469 18.80324363708496 236.3840560913086 18.80324363708496 236.3840560913086 248.14706993103027 118.99894714355469 248.14706993103027
116.30191802978516 9.771814346313477 231.2899169921875 9.771814346313477 231.2899169921875 257.9539432525635 116.30191802978516 257.9539432525635
114.46722412109375 48.188140869140625 232.3570327758789 48.188140869140625 232.3570327758789 325.0981140136719 114.46722412109375 325.0981140136719
115.79121398925781 87.1916275024414 233.3100357055664 87.1916275024414 233.3100357055664 346.10184478759766 115.79121398925781 346.10184478759766
114.2064208984375 136.2691650390625 231.9129409790039 136.2691650390625 231.9129409790039 386.2056121826172 114.2064208984375 386.2056121826172
109.43403625488281 153.05517578125 224.58668518066406 153.05517578125 224.58668518066406 385.9418640136719 109.43403625488281 385.9418640136719
104.1716537475586 151.11795043945312 218.96094512939453 151.11795043945312 218.96094512939453 381.00494384765625 104.1716537475586 381.00494384765625
95.34455871582031 147.97555541992188 213.87063598632812 147.97555541992188 213.87063598632812 378.88783264160156 95.34455871582031 378.88783264160156
85.18915557861328 130.14254760742188 207.31027221679688 130.14254760742188 207.31027221679688 355.33473205566406 85.18915557861328 355.33473205566406
77.19866180419922 128.24859619140625 203.7077407836914 128.24859619140625 203.7077407836914 344.50987243652344 77.19866180419922 344.50987243652344
72.09998321533203 130.66567993164062 200.6156997680664 130.66567993164062 200.6156997680664 347.43516540527344 72.09998321533203 347.43516540527344
67.16465759277344 127.36729431152344 197.55909729003906 127.36729431152344 197.55909729003906 339.9914855957031 67.16465759277344 339.9914855957031
59.79607009887695 123.5747299194336 192.64714431762695 123.5747299194336 192.64714431762695 331.93077850341797 59.79607009887695 331.93077850341797
56.79612350463867 125.65083312988281 181.51330947875977 125.65083312988281 181.51330947875977 335.0182342529297 56.79612350463867 335.0182342529297
49.36225128173828 117.00297546386719 174.30247497558594 117.00297546386719 174.30247497558594 329.4036560058594 49.36225128173828 329.4036560058594
39.45641326904297 119.6439437866211 165.71721649169922 119.6439437866211 165.71721649169922 326.1722640991211 39.45641326904297 326.1722640991211
28.92698097229004 111.76069641113281 159.13331031799316 111.76069641113281 159.13331031799316 316.3196716308594 28.92698097229004 316.3196716308594
21.490427017211914 113.57484436035156 150.24971961975098 113.57484436035156 150.24971961975098 309.8157196044922 21.490427017211914 309.8157196044922
14.242111206054688 117.90470123291016 140.85205841064453 117.90470123291016 140.85205841064453 312.38745880126953 14.242111206054688 312.38745880126953
3.6324920654296875 116.0814437866211 128.94928741455078 116.0814437866211 128.94928741455078 302.36067962646484 3.6324920654296875 302.36067962646484
0.0 115.84965515136719 123.60368347167969 115.84965515136719 123.60368347167969 298.4652099609375 0.0 298.4652099609375
0.0 117.53165435791016 115.66984558105469 117.53165435791016 115.66984558105469 292.00391387939453 0.0 292.00391387939453
3.9186453819274902 117.9180908203125 126.07190465927124 117.9180908203125 126.07190465927124 298.5577697753906 3.9186453819274902 298.5577697753906
26.344030380249023 103.37679290771484 147.17935752868652 103.37679290771484 147.17935752868652 292.1874771118164 26.344030380249023 292.1874771118164
47.197792053222656 93.24552154541016 173.17345428466797 93.24552154541016 173.17345428466797 280.04785919189453 47.197792053222656 280.04785919189453
72.68952941894531 95.77860260009766 195.8625030517578 95.77860260009766 195.8625030517578 281.25582122802734 72.68952941894531 281.25582122802734
96.47926330566406 92.32408142089844 225.5624237060547 92.32408142089844 225.5624237060547 275.8172912597656 96.47926330566406 275.8172912597656
120.35684967041016 94.05714416503906 249.06940460205078 94.05714416503906 249.06940460205078 278.4276580810547 120.35684967041016 278.4276580810547
143.0607147216797 84.65830993652344 270.0520935058594 84.65830993652344 270.0520935058594 278.07171630859375 143.0607147216797 278.07171630859375
174.37081909179688 76.51522827148438 298.0446014404297 76.51522827148438 298.0446014404297 266.29180908203125 174.37081909179688 266.29180908203125
200.18161010742188 72.71427917480469 323.1287155151367 72.71427917480469 323.1287155151367 268.7974548339844 200.18161010742188 268.7974548339844
227.53970336914062 66.72156524658203 347.0414505004883 66.72156524658203 347.0414505004883 286.5349655151367 227.53970336914062 286.5349655151367
259.2387390136719 57.79341506958008 378.94444274902344 57.79341506958008 378.94444274902344 277.9819679260254 259.2387390136719 277.9819679260254
270.5278015136719 54.75318145751953 388.0434265136719 54.75318145751953 388.0434265136719 270.9132614135742 270.5278015136719 270.9132614135742
262.79754638671875 58.022674560546875 379.10003662109375 58.022674560546875 379.10003662109375 270.4515380859375 262.79754638671875 270.4515380859375
255.3613739013672 55.64433670043945 370.6788024902344 55.64433670043945 370.6788024902344 267.9997749328613 255.3613739013672 267.9997749328613
253.6909942626953 56.86625289916992 368.3127136230469 56.86625289916992 368.3127136230469 267.7032127380371 253.6909942626953 267.7032127380371
248.6811065673828 59.62761688232422 360.93585205078125 59.62761688232422 360.93585205078125 266.11072540283203 248.6811065673828 266.11072540283203
236.25827026367188 60.685203552246094 348.52428436279297 60.685203552246094 348.52428436279297 267.1890182495117 236.25827026367188 267.1890182495117
225.6041259765625 56.87226104736328 337.4637451171875 56.87226104736328 337.4637451171875 256.2351608276367 225.6041259765625 256.2351608276367
213.40786743164062 50.75196075439453 325.1104202270508 50.75196075439453 325.1104202270508 244.8695297241211 213.40786743164062 244.8695297241211
205.4442596435547 57.82684326171875 312.2936019897461 57.82684326171875 312.2936019897461 254.36715698242188 205.4442596435547 254.36715698242188
193.75381469726562 53.398765563964844 300.4419479370117 53.398765563964844 300.4419479370117 249.6425552368164 193.75381469726562 249.6425552368164
182.7031707763672 54.0327262878418 287.1074905395508 54.0327262878418 287.1074905395508 246.0756492614746 182.7031707763672 246.0756492614746
174.5076141357422 55.89704132080078 279.9875946044922 55.89704132080078 279.9875946044922 242.4403305053711 174.5076141357422 242.4403305053711
156.25814819335938 59.356605529785156 264.37437438964844 59.356605529785156 264.37437438964844 239.78162384033203 156.25814819335938 239.78162384033203
145.0804901123047 54.009971618652344 249.50146484375 54.009971618652344 249.50146484375 236.86077117919922 145.0804901123047 236.86077117919922
132.2901153564453 55.4876708984375 240.45758056640625 55.4876708984375 240.45758056640625 227.7418975830078 132.2901153564453 227.7418975830078
141.7301788330078 54.26738357543945 240.95699310302734 54.26738357543945 240.95699310302734 236.7867317199707 141.7301788330078 236.7867317199707
164.8235626220703 48.43230056762695 263.11641693115234 48.43230056762695 263.11641693115234 229.23370742797852 164.8235626220703 229.23370742797852
198.510009765625 52.535926818847656 295.65647888183594 52.535926818847656 295.65647888183594 231.22864532470703 198.510009765625 231.22864532470703
217.63003540039062 41.661258697509766 314.1440124511719 41.661258697509766 314.1440124511719 219.19055557250977 217.63003540039062 219.19055557250977
233.2415771484375 43.95969009399414 330.47792053222656 43.95969009399414 330.47792053222656 222.81770706176758 233.2415771484375 222.81770706176758
265.6659240722656 39.32024002075195 363.9201202392578 39.32024002075195 363.9201202392578 220.05051040649414 265.6659240722656 220.05051040649414
290.01513671875 41.1302490234375 389.11917877197266 41.1302490234375 389.11917877197266 223.42373657226562 290.01513671875 223.42373657226562
319.8164367675781 39.35100173950195 419.9839630126953 39.35100173950195 419.9839630126953 223.60068130493164 319.8164367675781 223.60068130493164
348.09820556640625 34.186546325683594 449.04319763183594 34.186546325683594 449.04319763183594 217.24532318115234 348.09820556640625 217.24532318115234
329.2593994140625 35.31473159790039 428.9776153564453 35.31473159790039 428.9776153564453 218.73796463012695 329.2593994140625 218.73796463012695
369.44781494140625 25.00520896911621 468.733642578125 25.00520896911621 468.733642578125 197.95543479919434 369.44781494140625 197.95543479919434
356.54583740234375 29.79486656188965 456.44261932373047 29.79486656188965 456.44261932373047 206.76047325134277 356.54583740234375 206.76047325134277
348.1800842285156 29.587310791015625 446.6968307495117 29.587310791015625 446.6968307495117 199.48577880859375 348.1800842285156 199.48577880859375
340.05621337890625 28.499685287475586 436.3849563598633 28.499685287475586 436.3849563598633 199.1724452972412 340.05621337890625 199.1724452972412
327.06201171875 28.331401824951172 423.80306243896484 28.331401824951172 423.80306243896484 192.95029830932617 327.06201171875 192.95029830932617
312.6279602050781 29.457006454467773 414.04761505126953 29.457006454467773 414.04761505126953 182.95107078552246 312.6279602050781 182.95107078552246
306.67626953125 21.803707122802734 401.6175994873047 21.803707122802734 401.6175994873047 186.09699630737305 306.67626953125 186.09699630737305
296.28472900390625 25.486858367919922 390.76417541503906 25.486858367919922 390.76417541503906 188.72736740112305 296.28472900390625 188.72736740112305
284.8863525390625 27.73956871032715 378.45838928222656 27.73956871032715 378.45838928222656 192.1685390472412 284.8863525390625 192.1685390472412
274.4291076660156 29.82171630859375 368.58763885498047 29.82171630859375 368.58763885498047 187.39073181152344 274.4291076660156 187.39073181152344
266.87567138671875 29.536712646484375 359.71952056884766 29.536712646484375 359.71952056884766 185.66436767578125 266.87567138671875 185.66436767578125
258.5071716308594 28.398113250732422 350.55735778808594 28.398113250732422 350.55735778808594 187.80210494995117 258.5071716308594 187.80210494995117
248.34579467773438 25.02511978149414 340.6029357910156 25.02511978149414 340.6029357910156 185.42355728149414 248.34579467773438 185.42355728149414
237.95529174804688 24.858928680419922 332.77623748779297 24.858928680419922 332.77623748779297 178.40290451049805 237.95529174804688 178.40290451049805
233.46963500976562 21.597749710083008 325.1312255859375 21.597749710083008 325.1312255859375 171.38801765441895 233.46963500976562 171.38801765441895
226.57492065429688 19.830982208251953 319.2934112548828 19.830982208251953 319.2934112548828 172.8783302307129 226.57492065429688 172.8783302307129
219.37222290039062 19.943523406982422 311.1419982910156 19.943523406982422 311.1419982910156 177.11213302612305 219.37222290039062 177.11213302612305
212.5942840576172 13.925114631652832 303.3529968261719 13.925114631652832 303.3529968261719 165.12680530548096 212.5942840576172 165.12680530548096
207.0833740234375 18.213424682617188 296.5109634399414 18.213424682617188 296.5109634399414 165.8857421875 207.0833740234375 165.8857421875
199.7464599609375 17.755176544189453 287.48011016845703 17.755176544189453 287.48011016845703 165.14650344848633 199.7464599609375 165.14650344848633
192.32205200195312 16.81985855102539 279.92311096191406 16.81985855102539 279.92311096191406 163.0408058166504 192.32205200195312 163.0408058166504
185.86233520507812 15.635884284973145 272.57737731933594 15.635884284973145 272.57737731933594 156.99583911895752 185.86233520507812 156.99583911895752
179.57150268554688 11.70936393737793 266.1515197753906 11.70936393737793 266.1515197753906 157.83856010437012 179.57150268554688 157.83856010437012
174.8116455078125 11.661410331726074 259.3075714111328 11.661410331726074 259.3075714111328 155.2095823287964 174.8116455078125 155.2095823287964
167.66482543945312 12.52550983428955 251.98958587646484 12.52550983428955 251.98958587646484 150.77517414093018 167.66482543945312 150.77517414093018
156.80282592773438 8.574478149414062 246.0196075439453 8.574478149414062 246.0196075439453 149.16900634765625 156.80282592773438 149.16900634765625
153.9308624267578 8.438260078430176 238.22562408447266 8.438260078430176 238.22562408447266 144.1528902053833 153.9308624267578 144.1528902053833
148.82095336914062 10.347414016723633 230.6637954711914 10.347414016723633 230.6637954711914 149.59959602355957 148.82095336914062 149.59959602355957
139.4344024658203 8.577527046203613 223.03925323486328 8.577527046203613 223.03925323486328 148.95608234405518 139.4344024658203 148.95608234405518
132.28421020507812 7.202964782714844 215.0926971435547 7.202964782714844 215.0926971435547 146.55945587158203 132.28421020507812 146.55945587158203
127.36470031738281 1.344573974609375 208.62242126464844 1.344573974609375 208.62242126464844 144.93600463867188 127.36470031738281 144.93600463867188
123.08454895019531 0.0 203.17532348632812 0.0 203.17532348632812 147.32020568847656 123.08454895019531 147.32020568847656
117.13783264160156 3.1699249744415283 197.97509765625 3.1699249744415283 197.97509765625 142.54812932014465 117.13783264160156 142.54812932014465
110.075927734375 2.914865016937256 191.63519287109375 2.914865016937256 191.63519287109375 145.40151357650757 110.075927734375 145.40151357650757
103.93894958496094 0.0 184.739501953125 0.0 184.739501953125 148.62576293945312 103.93894958496094 148.62576293945312
97.7679214477539 3.2897400856018066 181.8355484008789 3.2897400856018066 181.8355484008789 139.87271738052368 97.7679214477539 139.87271738052368
95.34098815917969 5.591332912445068 176.07108306884766 5.591332912445068 176.07108306884766 140.46251821517944 95.34098815917969 140.46251821517944
94.02392578125 0.0 172.15992736816406 0.0 172.15992736816406 143.72451782226562 94.02392578125 143.72451782226562
85.3516845703125 0.0 163.82101440429688 0.0 163.82101440429688 144.337646484375 85.3516845703125 144.337646484375
83.87884521484375 0.0 160.47879791259766 0.0 160.47879791259766 140.89907836914062 83.87884521484375 140.89907836914062
78.39298248291016 0.0 155.6933364868164 0.0 155.6933364868164 142.18740844726562 78.39298248291016 142.18740844726562
70.8209457397461 0.17718811333179474 149.88851165771484 0.17718811333179474 149.88851165771484 145.61523742973804 70.8209457397461 145.61523742973804
68.94578552246094 0.0 146.30209350585938 0.0 146.30209350585938 142.2903289794922 68.94578552246094 142.2903289794922
67.50428009033203 2.892691135406494 144.03863525390625 2.892691135406494 144.03863525390625 140.83072519302368 67.50428009033203 140.83072519302368
