558.0 166.0 598.0 166.0 598.0 216.0 558.0 216.0
557.1129760742188 168.7405242919922 598.600715637207 168.7405242919922 598.600715637207 216.00572204589844 557.1129760742188 216.00572204589844
558.5231323242188 167.2246856689453 598.5168380737305 167.2246856689453 598.5168380737305 217.21681213378906 558.5231323242188 217.21681213378906
556.6814575195312 170.03219604492188 597.5033264160156 170.03219604492188 597.5033264160156 221.05953216552734 556.6814575195312 221.05953216552734
557.43798828125 172.1646270751953 597.995964050293 172.1646270751953 597.995964050293 222.86209869384766 557.43798828125 222.86209869384766
559.7216796875 170.48316955566406 600.2099113464355 170.48316955566406 600.2099113464355 221.09346389770508 559.7216796875 221.09346389770508
555.4302368164062 177.86343383789062 595.0096206665039 177.86343383789062 595.0096206665039 227.3376693725586 555.4302368164062 227.3376693725586
558.62255859375 173.95254516601562 598.1572265625 173.95254516601562 598.1572265625 223.37088775634766 558.62255859375 223.37088775634766
548.7978515625 199.96218872070312 588.7803192138672 199.96218872070312 588.7803192138672 249.9402847290039 548.7978515625 249.9402847290039
545.152099609375 200.52261352539062 585.625358581543 200.52261352539062 585.625358581543 251.11420440673828 545.152099609375 251.11420440673828
544.0780029296875 204.8082733154297 584.7212448120117 204.8082733154297 584.7212448120117 255.61234283447266 544.0780029296875 255.61234283447266
546.7740478515625 196.0631103515625 587.5288009643555 196.0631103515625 587.5288009643555 247.0065689086914 546.7740478515625 247.0065689086914
553.9285888671875 188.6680450439453 594.7058715820312 188.6680450439453 594.7058715820312 239.63966751098633 553.9285888671875 239.63966751098633
555.8084106445312 194.49856567382812 596.9019927978516 194.49856567382812 596.9019927978516 245.86556243896484 555.8084106445312 245.86556243896484
566.744873046875 181.67868041992188 607.006420135498 181.67868041992188 607.006420135498 232.00563049316406 566.744873046875 232.00563049316406
563.1204833984375 172.3574676513672 603.6203002929688 172.3574676513672 603.6203002929688 222.98226165771484 563.1204833984375 222.98226165771484
563.9644775390625 174.02365112304688 604.0320930480957 174.02365112304688 604.0320930480957 224.10819244384766 563.9644775390625 224.10819244384766
567.3820190429688 185.68710327148438 607.3477935791016 185.68710327148438 607.3477935791016 235.64434432983398 567.3820190429688 235.64434432983398
569.7158203125 182.0289306640625 609.3921699523926 182.0289306640625 609.3921699523926 231.62439727783203 569.7158203125 231.62439727783203
567.4771728515625 184.6102294921875 606.8254890441895 184.6102294921875 606.8254890441895 233.79564666748047 567.4771728515625 233.79564666748047
566.234130859375 178.012451171875 605.6961479187012 178.012451171875 605.6961479187012 227.33999633789062 566.234130859375 227.33999633789062
560.38623046875 172.4569854736328 599.5519599914551 172.4569854736328 599.5519599914551 221.41416549682617 560.38623046875 221.41416549682617
563.9515380859375 177.1400146484375 603.0449905395508 177.1400146484375 603.0449905395508 226.00685119628906 563.9515380859375 226.00685119628906
566.1358032226562 169.45155334472656 604.7169380187988 169.45155334472656 604.7169380187988 217.67799377441406 566.1358032226562 217.67799377441406
569.6390380859375 166.90370178222656 608.1528358459473 166.90370178222656 608.1528358459473 215.04597091674805 569.6390380859375 215.04597091674805
563.9277954101562 171.0403594970703 602.5792922973633 171.0403594970703 602.5792922973633 219.3547592163086 563.9277954101562 219.3547592163086
561.1590576171875 167.21432495117188 600.0534477233887 167.21432495117188 600.0534477233887 215.83234405517578 561.1590576171875 215.83234405517578
562.165283203125 162.86817932128906 601.0587043762207 162.86817932128906 601.0587043762207 211.4849853515625 562.165283203125 211.4849853515625
555.4362182617188 165.56552124023438 595.0645561218262 165.56552124023438 595.0645561218262 215.10096740722656 555.4362182617188 215.10096740722656
548.7931518554688 173.85586547851562 589.0808181762695 173.85586547851562 589.0808181762695 224.21547317504883 548.7931518554688 224.21547317504883
555.5508422851562 180.8583221435547 596.1857795715332 180.8583221435547 596.1857795715332 231.65201568603516 555.5508422851562 231.65201568603516
550.3081665039062 193.70443725585938 590.7667007446289 193.70443725585938 590.7667007446289 244.27762985229492 550.3081665039062 244.27762985229492
552.5967407226562 174.2093048095703 592.8910751342773 174.2093048095703 592.8910751342773 224.57724380493164 552.5967407226562 224.57724380493164
553.1380004882812 179.29110717773438 593.6446075439453 179.29110717773438 593.6446075439453 229.92438507080078 553.1380004882812 229.92438507080078
548.8403930664062 166.38282775878906 588.5385665893555 166.38282775878906 588.5385665893555 216.00556182861328 548.8403930664062 216.00556182861328
548.3181762695312 148.94232177734375 587.9807891845703 148.94232177734375 587.9807891845703 198.5206069946289 548.3181762695312 198.5206069946289
515.6556396484375 117.2644271850586 555.4254531860352 117.2644271850586 555.4254531860352 166.97671508789062 515.6556396484375 166.97671508789062
500.5459899902344 60.1451301574707 540.2442512512207 60.1451301574707 540.2442512512207 109.76797866821289 500.5459899902344 109.76797866821289
503.115966796875 54.65479278564453 542.7382507324219 54.65479278564453 542.7382507324219 104.18267440795898 503.115966796875 104.18267440795898
487.71844482421875 70.45494079589844 527.6143112182617 70.45494079589844 527.6143112182617 120.32479858398438 487.71844482421875 120.32479858398438
496.47064208984375 68.37141418457031 536.5493583679199 68.37141418457031 536.5493583679199 118.46984100341797 496.47064208984375 118.46984100341797
493.86883544921875 50.50266647338867 533.9045333862305 50.50266647338867 533.9045333862305 100.54732131958008 493.86883544921875 100.54732131958008
506.90850830078125 54.38201141357422 546.7433090209961 54.38201141357422 546.7433090209961 104.1755485534668 506.90850830078125 104.1755485534668
507.54736328125 57.6962890625 548.4706649780273 57.6962890625 548.4706649780273 108.8504524230957 507.54736328125 108.8504524230957
506.9625549316406 51.09526443481445 547.8821334838867 51.09526443481445 547.8821334838867 102.24477005004883 506.9625549316406 102.24477005004883
507.44183349609375 58.662628173828125 549.0897064208984 58.662628173828125 549.0897064208984 110.72250366210938 507.44183349609375 110.72250366210938
505.025390625 64.37321472167969 546.903263092041 64.37321472167969 546.903263092041 116.72058868408203 505.025390625 116.72058868408203
505.630615234375 52.1563720703125 547.925178527832 52.1563720703125 547.925178527832 105.02460861206055 505.630615234375 105.02460861206055
505.8131408691406 51.00741195678711 548.1325950622559 51.00741195678711 548.1325950622559 103.90676498413086 505.8131408691406 103.90676498413086
498.8050231933594 40.16814041137695 541.3938636779785 40.16814041137695 541.3938636779785 93.40422439575195 498.8050231933594 93.40422439575195
489.9549255371094 59.12221145629883 533.1058502197266 59.12221145629883 533.1058502197266 113.0609016418457 489.9549255371094 113.0609016418457
489.42498779296875 40.61457443237305 532.9829940795898 40.61457443237305 532.9829940795898 95.0621223449707 489.42498779296875 95.0621223449707
488.50750732421875 71.88578796386719 531.9404525756836 71.88578796386719 531.9404525756836 126.17700958251953 488.50750732421875 126.17700958251953
491.0736389160156 43.859615325927734 534.8023910522461 43.859615325927734 534.8023910522461 98.52059555053711 491.0736389160156 98.52059555053711
482.1210021972656 41.31629180908203 525.1069412231445 41.31629180908203 525.1069412231445 95.04875564575195 482.1210021972656 95.04875564575195
491.4586486816406 58.15069580078125 534.2982788085938 58.15069580078125 534.2982788085938 111.70027542114258 491.4586486816406 111.70027542114258
509.00665283203125 60.71104049682617 552.0432014465332 60.71104049682617 552.0432014465332 114.50676727294922 509.00665283203125 114.50676727294922
503.16436767578125 53.1939582824707 546.0423355102539 53.1939582824707 546.0423355102539 106.79145431518555 503.16436767578125 106.79145431518555
497.54547119140625 56.89789581298828 540.6584815979004 56.89789581298828 540.6584815979004 110.78919219970703 497.54547119140625 110.78919219970703
508.89593505859375 58.1816291809082 552.321949005127 58.1816291809082 552.321949005127 112.46417999267578 508.89593505859375 112.46417999267578
520.7345581054688 54.58637619018555 563.5060653686523 54.58637619018555 563.5060653686523 108.0507926940918 520.7345581054688 108.0507926940918
498.68963623046875 63.99811935424805 542.738224029541 63.99811935424805 542.738224029541 119.05888748168945 498.68963623046875 119.05888748168945
512.0026245117188 79.51094055175781 554.9290084838867 79.51094055175781 554.9290084838867 133.16896057128906 512.0026245117188 133.16896057128906
538.1487426757812 45.1109619140625 581.4077339172363 45.1109619140625 581.4077339172363 99.18474197387695 538.1487426757812 99.18474197387695
500.80322265625 50.32474899291992 543.8300590515137 50.32474899291992 543.8300590515137 104.10833740234375 500.80322265625 104.10833740234375
514.8815307617188 45.441139221191406 558.5468215942383 45.441139221191406 558.5468215942383 100.02279663085938 514.8815307617188 100.02279663085938
510.027587890625 53.78303146362305 553.7652282714844 53.78303146362305 553.7652282714844 108.45512008666992 510.027587890625 108.45512008666992
504.06597900390625 45.45421600341797 547.6808815002441 45.45421600341797 547.6808815002441 99.97288131713867 504.06597900390625 99.97288131713867
560.0032348632812 33.75775146484375 603.142879486084 33.75775146484375 603.142879486084 87.68234252929688 560.0032348632812 87.68234252929688
544.849853515625 41.39396286010742 588.2827491760254 41.39396286010742 588.2827491760254 95.68511199951172 544.849853515625 95.68511199951172
560.4606323242188 36.25780487060547 604.2231025695801 36.25780487060547 604.2231025695801 90.96092224121094 560.4606323242188 90.96092224121094
556.7781372070312 42.15532302856445 601.128547668457 42.15532302856445 601.128547668457 97.59336471557617 556.7781372070312 97.59336471557617
552.6744384765625 32.55213165283203 597.4585380554199 32.55213165283203 597.4585380554199 88.53228378295898 552.6744384765625 88.53228378295898
570.2659912109375 47.21455001831055 614.5745429992676 47.21455001831055 614.5745429992676 102.60026931762695 570.2659912109375 102.60026931762695
570.5623168945312 38.00324249267578 614.6265068054199 38.00324249267578 614.6265068054199 93.08351135253906 570.5623168945312 93.08351135253906
585.9429931640625 38.725894927978516 629.5343246459961 38.725894927978516 629.5343246459961 93.21509170532227 585.9429931640625 93.21509170532227
585.8903198242188 27.571706771850586 630.0000190734863 27.571706771850586 630.0000190734863 82.70886421203613 585.8903198242188 82.70886421203613
584.9821166992188 31.060718536376953 629.9999961853027 31.060718536376953 629.9999961853027 87.33309936523438 584.9821166992188 87.33309936523438
585.2540893554688 40.3978157043457 630.0000381469727 40.3978157043457 630.0000381469727 96.33028793334961 585.2540893554688 96.33028793334961
585.7316284179688 41.816734313964844 629.7311019897461 41.816734313964844 629.7311019897461 96.81611633300781 585.7316284179688 96.81611633300781
586.08642578125 42.19593048095703 629.9999771118164 42.19593048095703 629.9999771118164 97.08790969848633 586.08642578125 97.08790969848633
577.7052612304688 37.68750762939453 622.5367317199707 37.68750762939453 622.5367317199707 93.72688293457031 577.7052612304688 93.72688293457031
551.6866455078125 37.21122360229492 597.282299041748 37.21122360229492 597.282299041748 94.2058334350586 551.6866455078125 94.2058334350586
565.4461669921875 40.99302291870117 611.829288482666 40.99302291870117 611.829288482666 98.97197341918945 565.4461669921875 98.97197341918945
583.9059448242188 39.86873245239258 630.0000419616699 39.86873245239258 630.0000419616699 97.48640823364258 583.9059448242188 97.48640823364258
584.7879638671875 23.530200958251953 629.9999389648438 23.530200958251953 629.9999389648438 80.04522705078125 584.7879638671875 80.04522705078125
585.1682739257812 33.479148864746094 629.9999542236328 33.479148864746094 629.9999542236328 89.5188102722168 585.1682739257812 89.5188102722168
584.8458251953125 43.48002624511719 630.0000152587891 43.48002624511719 630.0000152587891 99.92281723022461 584.8458251953125 99.92281723022461
570.2521362304688 41.62157440185547 614.7336349487305 41.62157440185547 614.7336349487305 97.22349548339844 570.2521362304688 97.22349548339844
584.9952392578125 42.26231384277344 630.0000686645508 42.26231384277344 630.0000686645508 98.51839447021484 584.9952392578125 98.51839447021484
585.6075439453125 41.69397735595703 630.0000267028809 41.69397735595703 630.0000267028809 97.18462753295898 585.6075439453125 97.18462753295898
584.1590576171875 12.2090425491333 628.9265365600586 12.2090425491333 628.9265365600586 68.16844272613525 584.1590576171875 68.16844272613525
584.4279174804688 32.14811325073242 630.0 32.14811325073242 630.0 89.11327362060547 584.4279174804688 89.11327362060547
569.4732055664062 28.12726402282715 614.173225402832 28.12726402282715 614.173225402832 84.00234794616699 569.4732055664062 84.00234794616699
584.9186401367188 42.58726119995117 629.9776000976562 42.58726119995117 629.9776000976562 98.9110221862793 584.9186401367188 98.9110221862793
583.98828125 41.527618408203125 629.1447525024414 41.527618408203125 629.1447525024414 97.9732666015625 583.98828125 97.9732666015625
569.94873046875 44.28721618652344 614.5006141662598 44.28721618652344 614.5006141662598 99.97712707519531 569.94873046875 99.97712707519531
584.767578125 33.15553665161133 629.4070930480957 33.15553665161133 629.4070930480957 88.95498657226562 584.767578125 88.95498657226562
584.2774658203125 33.73607635498047 629.9999504089355 33.73607635498047 629.9999504089355 90.88923645019531 584.2774658203125 90.88923645019531
568.3309326171875 25.169912338256836 614.5304336547852 25.169912338256836 614.5304336547852 82.91934013366699 568.3309326171875 82.91934013366699
554.2626953125 41.535987854003906 599.6713333129883 41.535987854003906 599.6713333129883 98.29683303833008 554.2626953125 98.29683303833008
584.7637939453125 32.3569450378418 630.0000381469727 32.3569450378418 630.0000381469727 88.90229415893555 584.7637939453125 88.90229415893555
585.8004150390625 45.48194885253906 630.0000076293945 45.48194885253906 630.0000076293945 100.73148345947266 585.8004150390625 100.73148345947266
585.3466186523438 41.397064208984375 630.0000114440918 41.397064208984375 630.0000114440918 97.21384811401367 585.3466186523438 97.21384811401367
585.4476928710938 36.05430603027344 630.0 36.05430603027344 630.0 91.74473571777344 585.4476928710938 91.74473571777344
555.6334228515625 38.626556396484375 599.9216804504395 38.626556396484375 599.9216804504395 93.9869270324707 555.6334228515625 93.9869270324707
570.8414306640625 45.78670120239258 614.2334060668945 45.78670120239258 614.2334060668945 100.02671432495117 570.8414306640625 100.02671432495117
569.9015502929688 46.831642150878906 614.0846481323242 46.831642150878906 614.0846481323242 102.06055450439453 569.9015502929688 102.06055450439453
569.6190185546875 29.6679630279541 613.5471038818359 29.6679630279541 613.5471038818359 84.5781078338623 569.6190185546875 84.5781078338623
541.2874145507812 52.53919219970703 585.5493202209473 52.53919219970703 585.5493202209473 107.86661529541016 541.2874145507812 107.86661529541016
563.1117553710938 38.802940368652344 607.7903861999512 38.802940368652344 607.7903861999512 94.6512680053711 563.1117553710938 94.6512680053711
586.1552734375 40.01272201538086 629.8269729614258 40.01272201538086 629.8269729614258 94.60237503051758 586.1552734375 94.60237503051758
570.8697509765625 35.17081069946289 615.2575950622559 35.17081069946289 615.2575950622559 90.65563583374023 570.8697509765625 90.65563583374023
586.25 34.74198532104492 630.0000076293945 34.74198532104492 630.0000076293945 89.42950820922852 586.25 89.42950820922852
584.7835693359375 37.19842529296875 629.9999923706055 37.19842529296875 629.9999923706055 93.71896362304688 584.7835693359375 93.71896362304688
584.1741943359375 42.60729217529297 630.0 42.60729217529297 630.0 99.88955688476562 584.1741943359375 99.88955688476562
537.8743286132812 48.24576950073242 583.7843627929688 48.24576950073242 583.7843627929688 105.63331985473633 537.8743286132812 105.63331985473633
520.74853515625 49.49356460571289 567.4478759765625 49.49356460571289 567.4478759765625 107.86774826049805 520.74853515625 107.86774826049805
568.50732421875 39.002845764160156 614.7244338989258 39.002845764160156 614.7244338989258 96.77423858642578 568.50732421875 96.77423858642578
584.0167236328125 31.556705474853516 629.9999504089355 31.556705474853516 629.9999504089355 89.03574752807617 584.0167236328125 89.03574752807617
584.35009765625 31.55006980895996 630.0000419616699 31.55006980895996 630.0000419616699 88.61250877380371 584.35009765625 88.61250877380371
554.2639770507812 32.5118408203125 600.7909812927246 32.5118408203125 600.7909812927246 90.67060470581055 554.2639770507812 90.67060470581055
544.6876831054688 35.918861389160156 590.5281181335449 35.918861389160156 590.5281181335449 93.21941757202148 544.6876831054688 93.21941757202148
498.14141845703125 46.218177795410156 543.622989654541 46.218177795410156 543.622989654541 103.07015609741211 498.14141845703125 103.07015609741211
488.2582092285156 43.630271911621094 533.9435997009277 43.630271911621094 533.9435997009277 100.73702239990234 488.2582092285156 100.73702239990234
507.97528076171875 63.6849365234375 553.3519706726074 63.6849365234375 553.3519706726074 120.40581130981445 507.97528076171875 120.40581130981445
504.1753845214844 51.83014678955078 548.9926605224609 51.83014678955078 548.9926605224609 107.85175323486328 504.1753845214844 107.85175323486328
530.9192504882812 43.41257095336914 575.851390838623 43.41257095336914 575.851390838623 99.57776260375977 530.9192504882812 99.57776260375977
505.39208984375 51.3055419921875 550.6602172851562 51.3055419921875 550.6602172851562 107.8907241821289 505.39208984375 107.8907241821289
509.2051696777344 61.33388137817383 554.7677383422852 61.33388137817383 554.7677383422852 118.287109375 509.2051696777344 118.287109375
509.33038330078125 60.12116622924805 555.5725440979004 60.12116622924805 555.5725440979004 117.92388153076172 509.33038330078125 117.92388153076172
491.093017578125 47.50033950805664 537.9324798583984 47.50033950805664 537.9324798583984 106.04967880249023 491.093017578125 106.04967880249023
497.06146240234375 34.88111114501953 543.9781875610352 34.88111114501953 543.9781875610352 93.52702331542969 497.06146240234375 93.52702331542969
492.6322326660156 57.7209358215332 539.3202095031738 57.7209358215332 539.3202095031738 116.0809097290039 492.6322326660156 116.0809097290039
484.27410888671875 43.17780685424805 532.1199836730957 43.17780685424805 532.1199836730957 102.98515701293945 484.27410888671875 102.98515701293945
507.3343200683594 47.668968200683594 555.592399597168 47.668968200683594 555.592399597168 107.9915771484375 507.3343200683594 107.9915771484375
508.1146545410156 43.85613250732422 556.4500007629395 43.85613250732422 556.4500007629395 104.27532196044922 508.1146545410156 104.27532196044922
526.94921875 34.473060607910156 574.8346672058105 34.473060607910156 574.8346672058105 94.32987976074219 526.94921875 94.32987976074219
502.31512451171875 36.57100296020508 549.8967819213867 36.57100296020508 549.8967819213867 96.0480842590332 502.31512451171875 96.0480842590332
520.9515380859375 43.390296936035156 568.5133438110352 43.390296936035156 568.5133438110352 102.84255599975586 520.9515380859375 102.84255599975586
500.74285888671875 46.947242736816406 548.6573638916016 46.947242736816406 548.6573638916016 106.84037780761719 500.74285888671875 106.84037780761719
487.0013732910156 64.83586883544922 534.997501373291 64.83586883544922 534.997501373291 124.83103561401367 487.0013732910156 124.83103561401367
524.5494384765625 76.75430297851562 572.7845001220703 76.75430297851562 572.7845001220703 137.04813766479492 524.5494384765625 137.04813766479492
511.3797912597656 53.164466857910156 559.7308464050293 53.164466857910156 559.7308464050293 113.60328674316406 511.3797912597656 113.60328674316406
555.7889404296875 53.3349723815918 604.2259101867676 53.3349723815918 604.2259101867676 113.88119506835938 555.7889404296875 113.88119506835938
551.7769775390625 55.14339065551758 601.1295623779297 55.14339065551758 601.1295623779297 116.83413314819336 551.7769775390625 116.83413314819336
541.5296020507812 46.38764953613281 592.3294677734375 46.38764953613281 592.3294677734375 109.88748931884766 541.5296020507812 109.88748931884766
503.3994140625 33.46870803833008 553.8564224243164 33.46870803833008 553.8564224243164 96.53997421264648 503.3994140625 96.53997421264648
448.59466552734375 14.850410461425781 498.52133560180664 14.850410461425781 498.52133560180664 77.25875473022461 448.59466552734375 77.25875473022461
438.3431091308594 0.24559326469898224 487.80583572387695 0.24559326469898224 487.80583572387695 62.074011996388435 438.3431091308594 62.074011996388435
453.57611083984375 0.6251465082168579 502.3723373413086 0.6251465082168579 502.3723373413086 61.62043917179108 453.57611083984375 61.62043917179108
466.27557373046875 0.7207706570625305 515.7188491821289 0.7207706570625305 515.7188491821289 62.524878323078156 466.27557373046875 62.524878323078156
484.91778564453125 0.0 533.9597587585449 0.0 533.9597587585449 61.3024787902832 484.91778564453125 61.3024787902832
499.14654541015625 0.0 547.7627716064453 0.0 547.7627716064453 60.770294189453125 499.14654541015625 60.770294189453125
519.2325439453125 0.07263679802417755 567.0909690856934 0.07263679802417755 567.0909690856934 59.8956768065691 519.2325439453125 59.8956768065691
536.9114379882812 0.0 584.9310722351074 0.0 584.9310722351074 60.02455520629883 536.9114379882812 60.02455520629883
555.4346923828125 0.28964003920555115 603.3268089294434 0.28964003920555115 603.3268089294434 60.154801934957504 555.4346923828125 60.154801934957504
576.04150390625 0.6408485174179077 624.6166725158691 0.6408485174179077 624.6166725158691 61.359819769859314 576.04150390625 61.359819769859314
579.8562622070312 0.0 630.0000419616699 0.0 630.0000419616699 62.67974090576172 579.8562622070312 62.67974090576172
579.7083740234375 0.0 629.9999923706055 0.0 629.9999923706055 62.864540100097656 579.7083740234375 62.864540100097656
579.7147216796875 0.0 629.9999580383301 0.0 629.9999580383301 62.8565559387207 579.7147216796875 62.8565559387207
577.3472900390625 3.347736358642578 627.9476318359375 3.347736358642578 627.9476318359375 66.59817504882812 577.3472900390625 66.59817504882812
572.1891479492188 19.551607131958008 624.0741081237793 19.551607131958008 624.0741081237793 84.40782356262207 572.1891479492188 84.40782356262207
503.17730712890625 35.553871154785156 553.5715255737305 35.553871154785156 553.5715255737305 98.54665756225586 503.17730712890625 98.54665756225586
534.8711547851562 30.0190486907959 585.6389350891113 30.0190486907959 585.6389350891113 93.47878456115723 534.8711547851562 93.47878456115723
540.7012939453125 33.04103088378906 591.562183380127 33.04103088378906 591.562183380127 96.61715316772461 540.7012939453125 96.61715316772461
579.0628662109375 0.761583685874939 629.5077514648438 0.761583685874939 629.5077514648438 63.81769788265228 579.0628662109375 63.81769788265228
566.0916748046875 18.125064849853516 618.1146926879883 18.125064849853516 618.1146926879883 83.15383529663086 566.0916748046875 83.15383529663086
578.844970703125 1.5004135370254517 629.5115432739258 1.5004135370254517 629.5115432739258 64.83362352848053 578.844970703125 64.83362352848053
509.9757385253906 16.37958526611328 560.3787460327148 16.37958526611328 560.3787460327148 79.38334655761719 509.9757385253906 79.38334655761719
433.22430419921875 60.14170455932617 483.6851005554199 60.14170455932617 483.6851005554199 123.21770095825195 433.22430419921875 123.21770095825195
404.4942626953125 73.25193786621094 455.37940216064453 73.25193786621094 455.37940216064453 134.86820220947266 404.4942626953125 134.86820220947266
411.578125 66.81790924072266 462.5000686645508 66.81790924072266 462.5000686645508 128.32595825195312 411.578125 128.32595825195312
424.17791748046875 71.36598205566406 473.85539627075195 71.36598205566406 473.85539627075195 133.46283340454102 424.17791748046875 133.46283340454102
436.919921875 68.71891784667969 487.11190032958984 68.71891784667969 487.11190032958984 131.4588966369629 436.919921875 131.4588966369629
444.4454040527344 75.01625061035156 494.5822334289551 75.01625061035156 494.5822334289551 137.6872901916504 444.4454040527344 137.6872901916504
454.70086669921875 74.34918212890625 506.2382698059082 74.34918212890625 506.2382698059082 138.12884521484375 454.70086669921875 138.12884521484375
465.6336364746094 65.78966522216797 517.9238357543945 65.78966522216797 517.9238357543945 131.15241241455078 465.6336364746094 131.15241241455078
479.5489807128906 65.32804870605469 531.2275199890137 65.32804870605469 531.2275199890137 129.36498260498047 479.5489807128906 129.36498260498047
473.282470703125 60.322669982910156 524.8634757995605 60.322669982910156 524.8634757995605 124.7989273071289 473.282470703125 124.7989273071289
469.48480224609375 56.66130828857422 521.532585144043 56.66130828857422 521.532585144043 121.72103881835938 469.48480224609375 121.72103881835938
461.93017578125 54.82502365112305 515.1003952026367 54.82502365112305 515.1003952026367 121.28780746459961 461.93017578125 121.28780746459961
458.7177734375 51.5011100769043 511.86072540283203 51.5011100769043 511.86072540283203 120.20550155639648 458.7177734375 120.20550155639648
453.31939697265625 51.563720703125 507.2911376953125 51.563720703125 507.2911376953125 119.02839660644531 453.31939697265625 119.02839660644531
449.1297912597656 49.47214889526367 501.4906425476074 49.47214889526367 501.4906425476074 117.71126937866211 449.1297912597656 117.71126937866211
441.9345703125 52.0650520324707 496.25733184814453 52.0650520324707 496.25733184814453 119.9684944152832 441.9345703125 119.9684944152832
434.75958251953125 50.75463104248047 489.1600112915039 50.75463104248047 489.1600112915039 118.99336242675781 434.75958251953125 118.99336242675781
428.1410217285156 51.90351486206055 482.28516387939453 51.90351486206055 482.28516387939453 119.58367538452148 428.1410217285156 119.58367538452148
422.7774963378906 49.1406135559082 475.7965621948242 49.1406135559082 475.7965621948242 115.13541793823242 422.7774963378906 115.13541793823242
419.71600341796875 49.99016571044922 471.2012939453125 49.99016571044922 471.2012939453125 114.34676361083984 419.71600341796875 114.34676361083984
417.55987548828125 48.493675231933594 467.7830009460449 48.493675231933594 467.7830009460449 112.02997970581055 417.55987548828125 112.02997970581055
414.852783203125 49.08892059326172 465.9370307922363 49.08892059326172 465.9370307922363 112.94420623779297 414.852783203125 112.94420623779297
411.97088623046875 47.02288818359375 461.800968170166 47.02288818359375 461.800968170166 110.47832107543945 411.97088623046875 110.47832107543945
412.3319396972656 45.80226516723633 461.6759033203125 45.80226516723633 461.6759033203125 108.21521759033203 412.3319396972656 108.21521759033203
411.93450927734375 41.48489761352539 461.1688117980957 41.48489761352539 461.1688117980957 104.85441207885742 411.93450927734375 104.85441207885742
410.12628173828125 40.612815856933594 459.6388931274414 40.612815856933594 459.6388931274414 104.12424087524414 410.12628173828125 104.12424087524414
404.7260437011719 39.51239013671875 455.9055862426758 39.51239013671875 455.9055862426758 104.20063781738281 404.7260437011719 104.20063781738281
400.90411376953125 38.589271545410156 453.4983711242676 38.589271545410156 453.4983711242676 104.593017578125 400.90411376953125 104.593017578125
394.833251953125 37.453460693359375 447.5440788269043 37.453460693359375 447.5440788269043 103.61936950683594 394.833251953125 103.61936950683594
388.44317626953125 36.62237548828125 441.88550567626953 36.62237548828125 441.88550567626953 103.42525482177734 388.44317626953125 103.42525482177734
383.87469482421875 33.36580276489258 437.6556701660156 33.36580276489258 437.6556701660156 100.59199142456055 383.87469482421875 100.59199142456055
380.87542724609375 33.49827575683594 435.0864372253418 33.49827575683594 435.0864372253418 101.26200103759766 380.87542724609375 101.26200103759766
380.7873840332031 33.970237731933594 434.07548904418945 33.970237731933594 434.07548904418945 100.58032989501953 380.7873840332031 100.58032989501953
378.6240539550781 33.06878662109375 431.37886810302734 33.06878662109375 431.37886810302734 99.01226806640625 378.6240539550781 99.01226806640625
376.688232421875 28.879688262939453 430.6689224243164 28.879688262939453 430.6689224243164 96.35551071166992 376.688232421875 96.35551071166992
377.3984375 28.181507110595703 430.94132232666016 28.181507110595703 430.94132232666016 95.11008071899414 377.3984375 95.11008071899414
373.6080627441406 39.50980758666992 428.1366386413574 39.50980758666992 428.1366386413574 107.67049789428711 373.6080627441406 107.67049789428711
373.46484375 49.45267868041992 428.9055290222168 49.45267868041992 428.9055290222168 118.75350570678711 373.46484375 118.75350570678711
368.669677734375 62.81211471557617 424.99146270751953 62.81211471557617 424.99146270751953 133.21431350708008 368.669677734375 133.21431350708008
366.05914306640625 73.5274658203125 421.95820236206055 73.5274658203125 421.95820236206055 143.4012451171875 366.05914306640625 143.4012451171875
362.2720031738281 83.4480209350586 417.84252166748047 83.4480209350586 417.84252166748047 152.91112518310547 362.2720031738281 152.91112518310547
357.8388671875 93.57430267333984 413.4301071166992 93.57430267333984 413.4301071166992 163.0633087158203 357.8388671875 163.0633087158203
354.1991271972656 106.39558410644531 409.4575881958008 106.39558410644531 409.4575881958008 175.46861267089844 354.1991271972656 175.46861267089844
352.50347900390625 116.654052734375 407.9501037597656 116.654052734375 407.9501037597656 185.96228790283203 352.50347900390625 185.96228790283203
350.16351318359375 123.11479187011719 406.2042465209961 123.11479187011719 406.2042465209961 193.16566467285156 350.16351318359375 193.16566467285156
348.42584228515625 130.89366149902344 404.3906478881836 130.89366149902344 404.3906478881836 200.8496322631836 348.42584228515625 200.8496322631836
345.244384765625 143.05308532714844 401.8808708190918 143.05308532714844 401.8808708190918 213.84866333007812 345.244384765625 213.84866333007812
345.2742614746094 152.8145751953125 402.5044746398926 152.8145751953125 402.5044746398926 224.35231018066406 345.2742614746094 224.35231018066406
343.404541015625 161.53164672851562 400.3051338195801 161.53164672851562 400.3051338195801 232.65735626220703 343.404541015625 232.65735626220703
339.81707763671875 171.70913696289062 396.8375549316406 171.70913696289062 396.8375549316406 242.9846954345703 339.81707763671875 242.9846954345703
335.94427490234375 182.71990966796875 393.7976608276367 182.71990966796875 393.7976608276367 255.03660583496094 335.94427490234375 255.03660583496094
330.88299560546875 194.6180877685547 386.7727851867676 194.6180877685547 386.7727851867676 264.48028564453125 330.88299560546875 264.48028564453125
327.64398193359375 202.78475952148438 383.38322830200195 202.78475952148438 383.38322830200195 272.5332946777344 327.64398193359375 272.5332946777344
322.83221435546875 217.99740600585938 378.4444465637207 217.99740600585938 378.4444465637207 287.5126647949219 322.83221435546875 287.5126647949219
318.51171875 228.3494110107422 374.31148529052734 228.3494110107422 374.31148529052734 298.0990905761719 318.51171875 298.0990905761719
316.12091064453125 240.51834106445312 372.0408630371094 240.51834106445312 372.0408630371094 310.41825103759766 316.12091064453125 310.41825103759766
313.6380920410156 248.98721313476562 370.3101387023926 248.98721313476562 370.3101387023926 316.9340286254883 313.6380920410156 316.9340286254883
311.66766357421875 253.90097045898438 368.0678176879883 253.90097045898438 368.0678176879883 322.61119842529297 311.66766357421875 322.61119842529297
309.3255615234375 255.8426513671875 366.81620025634766 255.8426513671875 366.81620025634766 321.5001678466797 309.3255615234375 321.5001678466797
305.390869140625 253.0542449951172 362.31817626953125 253.0542449951172 362.31817626953125 318.89453887939453 305.390869140625 318.89453887939453
303.189208984375 255.42300415039062 358.7770690917969 255.42300415039062 358.7770690917969 324.9078140258789 303.189208984375 324.9078140258789
298.5372009277344 255.1776885986328 354.7805976867676 255.1776885986328 354.7805976867676 323.1943359375 298.5372009277344 323.1943359375
292.7073669433594 257.4630126953125 347.9315872192383 257.4630126953125 347.9315872192383 325.70729064941406 292.7073669433594 325.70729064941406
287.78826904296875 251.888916015625 343.2484245300293 251.888916015625 343.2484245300293 321.20726776123047 287.78826904296875 321.20726776123047
283.5052795410156 250.2564239501953 339.3783988952637 250.2564239501953 339.3783988952637 319.1824951171875 283.5052795410156 319.1824951171875
278.7164611816406 252.0185089111328 334.20048904418945 252.0185089111328 334.20048904418945 319.8143005371094 278.7164611816406 319.8143005371094
276.18646240234375 253.37600708007812 330.56254959106445 253.37600708007812 330.56254959106445 321.34608459472656 276.18646240234375 321.34608459472656
273.05023193359375 252.1570281982422 327.2098274230957 252.1570281982422 327.2098274230957 319.8564910888672 273.05023193359375 319.8564910888672
270.05145263671875 250.4705810546875 324.9115104675293 250.4705810546875 324.9115104675293 317.88814544677734 270.05145263671875 317.88814544677734
267.8275146484375 249.5105438232422 322.0591812133789 249.5105438232422 322.0591812133789 317.3000946044922 267.8275146484375 317.3000946044922
264.6825866699219 250.8237762451172 318.3345642089844 250.8237762451172 318.3345642089844 317.88871002197266 264.6825866699219 317.88871002197266
258.80877685546875 251.1934814453125 313.86132049560547 251.1934814453125 313.86132049560547 313.5394058227539 258.80877685546875 313.5394058227539
256.1217346191406 252.5277099609375 309.17235565185547 252.5277099609375 309.17235565185547 318.84095001220703 256.1217346191406 318.84095001220703
250.1331329345703 252.88394165039062 302.51280212402344 252.88394165039062 302.51280212402344 318.3584899902344 250.1331329345703 318.3584899902344
246.40365600585938 252.5945281982422 298.1598205566406 252.5945281982422 298.1598205566406 316.879150390625 246.40365600585938 316.879150390625
243.301025390625 252.4937744140625 294.81877517700195 252.4937744140625 294.81877517700195 315.1454048156738 243.301025390625 315.1454048156738
240.3720703125 252.37649536132812 290.0223731994629 252.37649536132812 290.0223731994629 313.5665054321289 240.3720703125 313.5665054321289
239.88400268554688 251.02853393554688 289.9438896179199 251.02853393554688 289.9438896179199 313.6033515930176 239.88400268554688 313.6033515930176
234.21859741210938 248.9801788330078 285.19053649902344 248.9801788330078 285.19053649902344 309.5704689025879 234.21859741210938 309.5704689025879
234.6841583251953 252.2461395263672 282.6645317077637 252.2461395263672 282.6645317077637 308.7702865600586 234.6841583251953 308.7702865600586
232.5712432861328 252.7499542236328 279.42614364624023 252.7499542236328 279.42614364624023 310.87588119506836 232.5712432861328 310.87588119506836
230.2086181640625 249.7898406982422 277.7076988220215 249.7898406982422 277.7076988220215 310.62523651123047 230.2086181640625 310.62523651123047
230.10940551757812 249.9394989013672 276.82430267333984 249.9394989013672 276.82430267333984 313.5168914794922 230.10940551757812 313.5168914794922
229.26821899414062 248.078857421875 274.8404197692871 248.078857421875 274.8404197692871 311.25556564331055 229.26821899414062 311.25556564331055
225.0815887451172 247.2843017578125 271.0001220703125 247.2843017578125 271.0001220703125 311.6995086669922 225.0815887451172 311.6995086669922
226.06710815429688 246.46157836914062 273.175106048584 246.46157836914062 273.175106048584 312.9897689819336 226.06710815429688 312.9897689819336
223.80355834960938 247.359619140625 271.4520072937012 247.359619140625 271.4520072937012 315.30261993408203 223.80355834960938 315.30261993408203
224.059814453125 248.59902954101562 271.2034721374512 248.59902954101562 271.2034721374512 314.9025115966797 224.059814453125 314.9025115966797
223.89828491210938 249.45663452148438 271.76575469970703 249.45663452148438 271.76575469970703 315.6937561035156 223.89828491210938 315.6937561035156
224.7265625 246.15646362304688 272.22509765625 246.15646362304688 272.22509765625 314.27147674560547 224.7265625 314.27147674560547
223.9311065673828 247.24038696289062 271.9706153869629 247.24038696289062 271.9706153869629 314.38169860839844 223.9311065673828 314.38169860839844
223.74002075195312 249.1450653076172 271.72441482543945 249.1450653076172 271.72441482543945 315.03990173339844 223.74002075195312 315.03990173339844
223.921875 246.8421630859375 272.4344825744629 246.8421630859375 272.4344825744629 315.5556945800781 223.921875 315.5556945800781
224.9141082763672 244.7131805419922 273.31684494018555 244.7131805419922 273.31684494018555 313.4987106323242 224.9141082763672 313.4987106323242
225.2397003173828 244.43994140625 273.69649505615234 244.43994140625 273.69649505615234 313.2252883911133 225.2397003173828 313.2252883911133
224.6244659423828 245.4363250732422 273.59661865234375 245.4363250732422 273.59661865234375 314.17696380615234 224.6244659423828 314.17696380615234
223.77639770507812 246.8737030029297 272.6224555969238 246.8737030029297 272.6224555969238 315.7516326904297 223.77639770507812 315.7516326904297
226.67495727539062 246.46853637695312 277.2713203430176 246.46853637695312 277.2713203430176 316.82261657714844 226.67495727539062 316.82261657714844
227.823974609375 246.3299102783203 278.2174758911133 246.3299102783203 278.2174758911133 315.7460403442383 227.823974609375 315.7460403442383
227.4824981689453 246.6753387451172 279.9595718383789 246.6753387451172 279.9595718383789 315.0418701171875 227.4824981689453 315.0418701171875
227.33193969726562 244.70449829101562 279.9071464538574 244.70449829101562 279.9071464538574 315.2554473876953 227.33193969726562 315.2554473876953
228.28237915039062 245.86398315429688 280.1660461425781 245.86398315429688 280.1660461425781 316.5717315673828 228.28237915039062 316.5717315673828
228.91055297851562 246.17257690429688 279.8835906982422 246.17257690429688 279.8835906982422 313.70861053466797 228.91055297851562 313.70861053466797
228.3656768798828 245.580810546875 281.96033477783203 245.580810546875 281.96033477783203 313.5425262451172 228.3656768798828 313.5425262451172
228.8589630126953 243.9657440185547 282.9296417236328 243.9657440185547 282.9296417236328 313.14652252197266 228.8589630126953 313.14652252197266
228.90298461914062 246.8449249267578 284.36209869384766 246.8449249267578 284.36209869384766 314.2169494628906 228.90298461914062 314.2169494628906
229.671875 246.6728973388672 283.8282241821289 246.6728973388672 283.8282241821289 314.650634765625 229.671875 314.650634765625
229.5722198486328 249.9379119873047 282.4171905517578 249.9379119873047 282.4171905517578 315.45125579833984 229.5722198486328 315.45125579833984
228.32180786132812 246.71841430664062 280.32844161987305 246.71841430664062 280.32844161987305 313.2134094238281 228.32180786132812 313.2134094238281
228.16372680664062 247.56588745117188 282.4684066772461 247.56588745117188 282.4684066772461 312.76365661621094 228.16372680664062 312.76365661621094
227.0646209716797 248.67190551757812 280.87137603759766 248.67190551757812 280.87137603759766 312.64762115478516 227.0646209716797 312.64762115478516
227.8831787109375 246.2947998046875 279.1566467285156 246.2947998046875 279.1566467285156 310.74278259277344 227.8831787109375 310.74278259277344
225.88314819335938 246.9612274169922 277.48877716064453 246.9612274169922 277.48877716064453 312.3906707763672 225.88314819335938 312.3906707763672
227.60806274414062 246.9116973876953 280.2097053527832 246.9116973876953 280.2097053527832 312.082763671875 227.60806274414062 312.082763671875
225.0408935546875 246.33413696289062 276.5909309387207 246.33413696289062 276.5909309387207 310.3810577392578 225.0408935546875 310.3810577392578
222.7401580810547 249.18753051757812 274.0492172241211 249.18753051757812 274.0492172241211 313.1085205078125 222.7401580810547 313.1085205078125
218.33193969726562 251.1483612060547 266.0708312988281 251.1483612060547 266.0708312988281 312.85145568847656 218.33193969726562 312.85145568847656
211.2168426513672 246.95303344726562 262.85886001586914 246.95303344726562 262.85886001586914 313.1110076904297 211.2168426513672 313.1110076904297
208.8785858154297 248.4552764892578 259.9384117126465 248.4552764892578 259.9384117126465 315.10831451416016 208.8785858154297 315.10831451416016
205.77206420898438 246.29556274414062 253.41906356811523 246.29556274414062 253.41906356811523 311.8873825073242 205.77206420898438 311.8873825073242
202.91493225097656 247.2230682373047 252.20446395874023 247.2230682373047 252.20446395874023 312.7555236816406 202.91493225097656 312.7555236816406
200.8863525390625 243.8642578125 248.19993209838867 243.8642578125 248.19993209838867 309.076416015625 200.8863525390625 309.076416015625
196.08285522460938 243.30075073242188 246.14206314086914 243.30075073242188 246.14206314086914 305.4627494812012 196.08285522460938 305.4627494812012
194.15615844726562 242.8366241455078 242.5688705444336 242.8366241455078 242.5688705444336 306.4975929260254 194.15615844726562 306.4975929260254
193.34756469726562 242.9943389892578 242.51000213623047 242.9943389892578 242.51000213623047 306.211124420166 193.34756469726562 306.211124420166
193.97360229492188 241.31283569335938 243.3591079711914 241.31283569335938 243.3591079711914 305.52305603027344 193.97360229492188 305.52305603027344
194.2686309814453 240.0012664794922 243.09586334228516 240.0012664794922 243.09586334228516 304.5199661254883 194.2686309814453 304.5199661254883
194.57952880859375 240.0306396484375 243.73719787597656 240.0306396484375 243.73719787597656 301.17303466796875 194.57952880859375 301.17303466796875
192.5020751953125 239.2563018798828 242.00902557373047 239.2563018798828 242.00902557373047 300.8169593811035 192.5020751953125 300.8169593811035
191.60824584960938 238.14584350585938 241.14771270751953 238.14584350585938 241.14771270751953 301.0595016479492 191.60824584960938 301.0595016479492
187.7319793701172 239.57846069335938 237.71455001831055 239.57846069335938 237.71455001831055 301.3524856567383 187.7319793701172 301.3524856567383
184.07113647460938 239.3711700439453 234.2107696533203 239.3711700439453 234.2107696533203 299.0352249145508 184.07113647460938 299.0352249145508
181.55722045898438 237.5063018798828 229.2171630859375 237.5063018798828 229.2171630859375 296.32312774658203 181.55722045898438 296.32312774658203
178.61827087402344 236.3044891357422 227.0350227355957 236.3044891357422 227.0350227355957 293.5271644592285 178.61827087402344 293.5271644592285
177.0411834716797 235.70132446289062 225.78267669677734 235.70132446289062 225.78267669677734 296.38277435302734 177.0411834716797 296.38277435302734
176.12994384765625 238.05838012695312 225.02272033691406 238.05838012695312 225.02272033691406 299.1742858886719 176.12994384765625 299.1742858886719
172.62063598632812 236.46621704101562 221.75862884521484 236.46621704101562 221.75862884521484 297.1339530944824 172.62063598632812 297.1339530944824
170.62185668945312 234.1772003173828 220.38840866088867 234.1772003173828 220.38840866088867 296.2338218688965 170.62185668945312 296.2338218688965
167.4607391357422 234.97207641601562 217.44537353515625 234.97207641601562 217.44537353515625 297.45279693603516 167.4607391357422 297.45279693603516
166.89559936523438 234.2412109375 216.74025344848633 234.2412109375 216.74025344848633 296.5469551086426 166.89559936523438 296.5469551086426
163.05184936523438 232.5791473388672 212.57993698120117 232.5791473388672 212.57993698120117 294.50099182128906 163.05184936523438 294.50099182128906
160.41458129882812 234.15029907226562 208.21616744995117 234.15029907226562 208.21616744995117 293.9022216796875 160.41458129882812 293.9022216796875
156.60601806640625 233.2469940185547 205.09907150268555 233.2469940185547 205.09907150268555 293.86325454711914 156.60601806640625 293.86325454711914
153.86154174804688 229.821533203125 201.9089584350586 229.821533203125 201.9089584350586 288.4535331726074 153.86154174804688 288.4535331726074
148.35635375976562 229.3988037109375 196.23134231567383 229.3988037109375 196.23134231567383 288.4708366394043 148.35635375976562 288.4708366394043
146.5621795654297 228.95468139648438 194.5483856201172 228.95468139648438 194.5483856201172 286.37938690185547 146.5621795654297 286.37938690185547
145.2283935546875 229.5358428955078 192.29314422607422 229.5358428955078 192.29314422607422 288.36673736572266 145.2283935546875 288.36673736572266
142.4715118408203 228.1540985107422 190.20503997802734 228.1540985107422 190.20503997802734 285.68298721313477 142.4715118408203 285.68298721313477
140.0880889892578 227.79812622070312 186.7193260192871 227.79812622070312 186.7193260192871 285.2652397155762 140.0880889892578 285.2652397155762
137.1171112060547 226.66940307617188 185.34265899658203 226.66940307617188 185.34265899658203 285.3100891113281 137.1171112060547 285.3100891113281
134.4561767578125 225.9092559814453 182.38463973999023 225.9092559814453 182.38463973999023 285.8197898864746 134.4561767578125 285.8197898864746
131.65232849121094 223.18753051757812 180.39781951904297 223.18753051757812 180.39781951904297 281.1031799316406 131.65232849121094 281.1031799316406
129.0941925048828 223.3774871826172 177.94222259521484 223.3774871826172 177.94222259521484 283.7180824279785 129.0941925048828 283.7180824279785
123.5668716430664 225.792724609375 172.3838653564453 225.792724609375 172.3838653564453 286.81392669677734 123.5668716430664 286.81392669677734
119.2797622680664 224.2979278564453 169.8992691040039 224.2979278564453 169.8992691040039 284.344181060791 119.2797622680664 284.344181060791
114.26722717285156 221.1142578125 164.13420867919922 221.1142578125 164.13420867919922 283.44793701171875 114.26722717285156 283.44793701171875
110.7885513305664 222.008056640625 159.60984802246094 222.008056640625 159.60984802246094 283.03462982177734 110.7885513305664 283.03462982177734
108.9188461303711 221.3439178466797 157.62387466430664 221.3439178466797 157.62387466430664 281.3269805908203 108.9188461303711 281.3269805908203
106.3010482788086 221.2822723388672 154.60968780517578 221.2822723388672 154.60968780517578 281.6680221557617 106.3010482788086 281.6680221557617
103.97871398925781 220.8579864501953 153.77447891235352 220.8579864501953 153.77447891235352 277.1803207397461 103.97871398925781 277.1803207397461
102.8513412475586 221.1124725341797 152.2993507385254 221.1124725341797 152.2993507385254 281.3778648376465 102.8513412475586 281.3778648376465
99.74391174316406 220.34762573242188 149.70841598510742 220.34762573242188 149.70841598510742 279.3010482788086 99.74391174316406 279.3010482788086
97.5525131225586 219.01345825195312 145.71844863891602 219.01345825195312 145.71844863891602 279.22081756591797 97.5525131225586 279.22081756591797
95.4275894165039 219.043701171875 143.6391487121582 219.043701171875 143.6391487121582 277.8594741821289 95.4275894165039 277.8594741821289
92.72306060791016 220.01016235351562 141.8360595703125 220.01016235351562 141.8360595703125 280.001953125 92.72306060791016 280.001953125
88.43222045898438 219.3446502685547 136.5042610168457 219.3446502685547 136.5042610168457 278.93482208251953 88.43222045898438 278.93482208251953
85.7818832397461 220.44320678710938 132.73290634155273 220.44320678710938 132.73290634155273 279.1319274902344 85.7818832397461 279.1319274902344
79.76338195800781 218.04788208007812 127.31133270263672 218.04788208007812 127.31133270263672 273.9322509765625 79.76338195800781 273.9322509765625
76.39308166503906 216.70419311523438 123.25061416625977 216.70419311523438 123.25061416625977 269.2083320617676 76.39308166503906 269.2083320617676
75.55583190917969 218.5507354736328 122.09627532958984 218.5507354736328 122.09627532958984 271.8163299560547 75.55583190917969 271.8163299560547
73.39742279052734 218.1297607421875 118.78947830200195 218.1297607421875 118.78947830200195 272.5294380187988 73.39742279052734 272.5294380187988
71.45903015136719 217.4455108642578 117.21659851074219 217.4455108642578 117.21659851074219 271.3228988647461 71.45903015136719 271.3228988647461
71.60551452636719 216.05953979492188 116.76548767089844 216.05953979492188 116.76548767089844 267.1790542602539 71.60551452636719 267.1790542602539
69.92424011230469 214.6224822998047 115.68634414672852 214.6224822998047 115.68634414672852 265.5445899963379 69.92424011230469 265.5445899963379
68.15870666503906 216.2524871826172 113.16066360473633 216.2524871826172 113.16066360473633 268.0659828186035 68.15870666503906 268.0659828186035
67.12654113769531 216.34707641601562 110.92981338500977 216.34707641601562 110.92981338500977 271.1011047363281 67.12654113769531 271.1011047363281
61.90656661987305 218.64035034179688 105.93395233154297 218.64035034179688 105.93395233154297 273.67452239990234 61.90656661987305 273.67452239990234
56.89330291748047 217.32046508789062 102.69445419311523 217.32046508789062 102.69445419311523 271.5818405151367 56.89330291748047 271.5818405151367
48.90201187133789 219.0731658935547 94.44157028198242 219.0731658935547 94.44157028198242 274.3602981567383 48.90201187133789 274.3602981567383
62.06928634643555 239.04995727539062 106.78711700439453 239.04995727539062 106.78711700439453 294.9471855163574 62.06928634643555 294.9471855163574
54.47202682495117 246.76296997070312 99.66745376586914 246.76296997070312 99.66745376586914 303.2571907043457 54.47202682495117 303.2571907043457
49.75989532470703 243.9846649169922 95.45367050170898 243.9846649169922 95.45367050170898 301.10182189941406 49.75989532470703 301.10182189941406
55.657997131347656 259.9440612792969 100.73626327514648 259.9440612792969 100.73626327514648 316.29183197021484 55.657997131347656 316.29183197021484
50.72638702392578 245.35897827148438 96.02302932739258 245.35897827148438 96.02302932739258 301.9797172546387 50.72638702392578 301.9797172546387
55.9406852722168 220.14279174804688 101.15834045410156 220.14279174804688 101.15834045410156 276.66478729248047 55.9406852722168 276.66478729248047
58.25311279296875 211.17886352539062 102.87603378295898 211.17886352539062 102.87603378295898 266.9574394226074 58.25311279296875 266.9574394226074
52.111244201660156 227.5525360107422 96.45943832397461 227.5525360107422 96.45943832397461 282.9877052307129 52.111244201660156 282.9877052307129
52.59122848510742 202.9259033203125 96.57941055297852 202.9259033203125 96.57941055297852 257.91106033325195 52.59122848510742 257.91106033325195
56.89488983154297 200.9161834716797 100.46894836425781 200.9161834716797 100.46894836425781 255.3836898803711 56.89488983154297 255.3836898803711
53.94065475463867 189.60177612304688 98.10554885864258 189.60177612304688 98.10554885864258 244.80782318115234 53.94065475463867 244.80782318115234
50.016815185546875 192.91622924804688 95.09564590454102 192.91622924804688 95.09564590454102 249.26469802856445 50.016815185546875 249.26469802856445
40.975730895996094 244.3739471435547 85.71145248413086 244.3739471435547 85.71145248413086 300.2935256958008 40.975730895996094 300.2935256958008
45.101173400878906 242.16055297851562 89.74133682250977 242.16055297851562 89.74133682250977 297.96068572998047 45.101173400878906 297.96068572998047
39.068843841552734 247.82901000976562 83.67543029785156 247.82901000976562 83.67543029785156 303.5871696472168 39.068843841552734 303.5871696472168
41.595298767089844 226.79092407226562 85.58285140991211 226.79092407226562 85.58285140991211 281.7752914428711 41.595298767089844 281.7752914428711
42.05705642700195 252.8821258544922 85.67863845825195 252.8821258544922 85.67863845825195 307.40903091430664 42.05705642700195 307.40903091430664
38.004669189453125 232.53890991210938 81.7750015258789 232.53890991210938 81.7750015258789 287.2517509460449 38.004669189453125 287.2517509460449
37.90046310424805 258.44873046875 81.52197265625 258.44873046875 81.52197265625 312.97553634643555 37.90046310424805 312.97553634643555
27.041370391845703 233.531494140625 71.25161361694336 233.531494140625 71.25161361694336 288.7942199707031 27.041370391845703 288.7942199707031
32.2328987121582 259.4944763183594 77.04362487792969 259.4944763183594 77.04362487792969 315.50780487060547 32.2328987121582 315.50780487060547
25.50412940979004 247.2541961669922 69.8106632232666 247.2541961669922 69.8106632232666 302.6372833251953 25.50412940979004 302.6372833251953
25.62491798400879 251.09939575195312 69.90860557556152 251.09939575195312 69.90860557556152 306.4539260864258 25.62491798400879 306.4539260864258
23.28842544555664 226.8392333984375 68.00069808959961 226.8392333984375 68.00069808959961 282.7294921875 23.28842544555664 282.7294921875
20.364822387695312 239.65188598632812 65.23055267333984 239.65188598632812 65.23055267333984 295.73395919799805 20.364822387695312 295.73395919799805
20.29103660583496 246.02047729492188 65.1581859588623 246.02047729492188 65.1581859588623 302.1043281555176 20.29103660583496 302.1043281555176
18.40628433227539 246.23855590820312 63.14658737182617 246.23855590820312 63.14658737182617 302.1638488769531 18.40628433227539 302.1638488769531
18.386295318603516 254.2612762451172 63.50359344482422 254.2612762451172 63.50359344482422 310.65781021118164 18.386295318603516 310.65781021118164
13.435795783996582 256.8203430175781 58.504761695861816 256.8203430175781 58.504761695861816 313.1564636230469 13.435795783996582 313.1564636230469
14.770858764648438 250.50204467773438 60.17905044555664 250.50204467773438 60.17905044555664 307.2621955871582 14.770858764648438 307.2621955871582
9.41545581817627 248.051513671875 54.42760944366455 248.051513671875 54.42760944366455 304.3166198730469 9.41545581817627 304.3166198730469
6.284458637237549 244.96591186523438 51.609753131866455 244.96591186523438 51.609753131866455 301.62244415283203 6.284458637237549 301.62244415283203
1.5638198852539062 232.1092529296875 46.138282775878906 232.1092529296875 46.138282775878906 287.8272476196289 1.5638198852539062 287.8272476196289
0.8182719945907593 240.9936981201172 45.026459097862244 240.9936981201172 45.026459097862244 296.253849029541 0.8182719945907593 296.253849029541
0.0 245.31008911132812 43.88462829589844 245.31008911132812 43.88462829589844 300.1657943725586 0.0 300.1657943725586
0.0 248.15255737304688 43.482242584228516 248.15255737304688 43.482242584228516 302.5052795410156 0.0 302.5052795410156
0.0 246.8554229736328 43.123207092285156 246.8554229736328 43.123207092285156 300.7593536376953 0.0 300.7593536376953
0.0 247.2873992919922 43.32089614868164 247.2873992919922 43.32089614868164 301.4384422302246 0.0 301.4384422302246
0.28069382905960083 247.76583862304688 43.53307801485062 247.76583862304688 43.53307801485062 301.8312454223633 0.28069382905960083 301.8312454223633
0.0 245.24130249023438 42.835044860839844 245.24130249023438 42.835044860839844 298.7850341796875 0.0 298.7850341796875
0.0 244.7093963623047 42.20532989501953 244.7093963623047 42.20532989501953 297.4659881591797 0.0 297.4659881591797
0.025516510009765625 245.7920379638672 40.65414047241211 245.7920379638672 40.65414047241211 296.5777473449707 0.025516510009765625 296.5777473449707
0.0 246.767822265625 40.02864074707031 246.767822265625 40.02864074707031 296.80355072021484 0.0 296.80355072021484
0.0 244.32327270507812 39.4777946472168 244.32327270507812 39.4777946472168 293.67044830322266 0.0 293.67044830322266
0.0 251.939453125 39.95817565917969 251.939453125 39.95817565917969 301.8871078491211 0.0 301.8871078491211
0.0 246.1261444091797 39.087799072265625 246.1261444091797 39.087799072265625 294.9858283996582 0.0 294.9858283996582
13.415002822875977 191.8284454345703 52.92552375793457 191.8284454345703 52.92552375793457 241.2165298461914 13.415002822875977 241.2165298461914
8.01875114440918 154.69058227539062 47.71866416931152 154.69058227539062 47.71866416931152 204.31540298461914 8.01875114440918 204.31540298461914
8.786646842956543 148.91360473632812 47.884581565856934 148.91360473632812 47.884581565856934 197.78595352172852 8.786646842956543 197.78595352172852
11.080314636230469 147.5715789794922 50.391929626464844 147.5715789794922 50.391929626464844 196.7110252380371 11.080314636230469 196.7110252380371
11.063692092895508 150.73922729492188 50.09298515319824 150.73922729492188 50.09298515319824 199.52577590942383 11.063692092895508 199.52577590942383
8.242303848266602 150.10015869140625 47.300180435180664 150.10015869140625 47.300180435180664 198.92243194580078 8.242303848266602 198.92243194580078
9.591609001159668 150.1870880126953 47.994261741638184 150.1870880126953 47.994261741638184 198.1903305053711 9.591609001159668 198.1903305053711
7.533503532409668 182.04647827148438 45.156161308288574 182.04647827148438 45.156161308288574 229.07472610473633 7.533503532409668 229.07472610473633
12.030936241149902 207.548583984375 49.958930015563965 207.548583984375 49.958930015563965 254.95850372314453 12.030936241149902 254.95850372314453
16.72952651977539 210.8150634765625 54.9309196472168 210.8150634765625 54.9309196472168 258.5667304992676 16.72952651977539 258.5667304992676
39.1638069152832 201.63961791992188 76.77070236206055 201.63961791992188 76.77070236206055 248.64816284179688 39.1638069152832 248.64816284179688
63.466896057128906 199.58863830566406 100.67818832397461 199.58863830566406 100.67818832397461 246.1026840209961 63.466896057128906 246.1026840209961
75.06539154052734 199.7594451904297 112.37325286865234 199.7594451904297 112.37325286865234 246.39420318603516 75.06539154052734 246.39420318603516
80.92403411865234 200.8745880126953 119.15953826904297 200.8745880126953 119.15953826904297 240.41503143310547 80.92403411865234 240.41503143310547
82.78751373291016 200.27005004882812 121.12657165527344 200.27005004882812 121.12657165527344 240.77079391479492 82.78751373291016 240.77079391479492
85.31297302246094 199.8391571044922 124.87329864501953 199.8391571044922 124.87329864501953 240.36718368530273 85.31297302246094 240.36718368530273
87.55467224121094 195.3526611328125 126.15541076660156 195.3526611328125 126.15541076660156 236.4402198791504 87.55467224121094 236.4402198791504
90.50218200683594 190.4024200439453 128.69561004638672 190.4024200439453 128.69561004638672 235.17168807983398 90.50218200683594 235.17168807983398
95.41429138183594 186.6688232421875 134.19722366333008 186.6688232421875 134.19722366333008 230.59954452514648 95.41429138183594 230.59954452514648
97.51179504394531 180.74014282226562 135.75907516479492 180.74014282226562 135.75907516479492 226.37141799926758 97.51179504394531 226.37141799926758
101.1859130859375 178.10353088378906 137.40790939331055 178.10353088378906 137.40790939331055 224.35973358154297 101.1859130859375 224.35973358154297
101.75946044921875 178.60287475585938 138.6141128540039 178.60287475585938 138.6141128540039 224.67111587524414 101.75946044921875 224.67111587524414
104.9291763305664 177.2342987060547 142.24193572998047 177.2342987060547 142.24193572998047 223.87517547607422 104.9291763305664 223.87517547607422
106.30362701416016 174.2141876220703 143.09100341796875 174.2141876220703 143.09100341796875 220.1983413696289 106.30362701416016 220.1983413696289
109.0811996459961 173.1588134765625 146.1160888671875 173.1588134765625 146.1160888671875 219.45235443115234 109.0811996459961 219.45235443115234
110.70463562011719 173.8341522216797 147.53744506835938 173.8341522216797 147.53744506835938 219.8750877380371 110.70463562011719 219.8750877380371
114.5103759765625 173.68113708496094 151.98310089111328 173.68113708496094 151.98310089111328 220.52196884155273 114.5103759765625 220.52196884155273
120.96600341796875 173.18287658691406 157.29987335205078 173.18287658691406 157.29987335205078 218.18134689331055 120.96600341796875 218.18134689331055
126.35957336425781 173.45883178710938 162.98312377929688 173.45883178710938 162.98312377929688 219.23819732666016 126.35957336425781 219.23819732666016
129.7117462158203 174.2987060546875 165.87500762939453 174.2987060546875 165.87500762939453 219.5027084350586 129.7117462158203 219.5027084350586
133.19943237304688 172.8480682373047 169.22106552124023 172.8480682373047 169.22106552124023 217.87503814697266 133.19943237304688 217.87503814697266
137.791259765625 173.5897674560547 172.87171173095703 173.5897674560547 172.87171173095703 217.44026947021484 137.791259765625 217.44026947021484
142.49819946289062 172.64454650878906 178.1639175415039 172.64454650878906 178.1639175415039 217.22662734985352 142.49819946289062 217.22662734985352
146.20767211914062 173.11972045898438 181.6989860534668 173.11972045898438 181.6989860534668 217.48379516601562 146.20767211914062 217.48379516601562
149.6358184814453 181.3369598388672 185.3179588317871 181.3369598388672 185.3179588317871 225.93957138061523 149.6358184814453 225.93957138061523
150.52508544921875 230.65969848632812 185.8063735961914 230.65969848632812 185.8063735961914 274.7612495422363 150.52508544921875 274.7612495422363
156.87472534179688 233.4427490234375 192.63107299804688 233.4427490234375 192.63107299804688 278.13812255859375 156.87472534179688 278.13812255859375
158.39234924316406 213.0139617919922 194.80886459350586 213.0139617919922 194.80886459350586 258.53454971313477 158.39234924316406 258.53454971313477
163.9625701904297 170.28684997558594 200.26364135742188 170.28684997558594 200.26364135742188 215.6631317138672 163.9625701904297 215.6631317138672
166.80433654785156 166.4174346923828 203.06140899658203 166.4174346923828 203.06140899658203 211.73871612548828 166.80433654785156 211.73871612548828
170.23428344726562 169.12582397460938 206.3399429321289 169.12582397460938 206.3399429321289 214.2578353881836 170.23428344726562 214.2578353881836
173.27841186523438 168.6187286376953 209.3810043334961 168.6187286376953 209.3810043334961 213.74691009521484 173.27841186523438 213.74691009521484
175.3829803466797 167.98927307128906 211.28530502319336 167.98927307128906 211.28530502319336 212.86711883544922 175.3829803466797 212.86711883544922
178.25833129882812 167.56314086914062 213.6300811767578 167.56314086914062 213.6300811767578 211.77776336669922 178.25833129882812 211.77776336669922
180.39590454101562 168.75865173339844 215.91390228271484 168.75865173339844 215.91390228271484 213.1560821533203 180.39590454101562 213.1560821533203
181.81509399414062 168.7593994140625 217.25678253173828 168.7593994140625 217.25678253173828 213.06143951416016 181.81509399414062 213.06143951416016
185.11166381835938 173.36648559570312 220.6114387512207 173.36648559570312 220.6114387512207 217.74113082885742 185.11166381835938 217.74113082885742
187.7314910888672 179.03387451171875 222.47721099853516 179.03387451171875 222.47721099853516 222.46595001220703 187.7314910888672 222.46595001220703
189.19442749023438 185.64328002929688 223.70526123046875 185.64328002929688 223.70526123046875 228.7817497253418 189.19442749023438 228.7817497253418
189.34078979492188 191.05477905273438 224.2745361328125 191.05477905273438 224.2745361328125 234.72188568115234 189.34078979492188 234.72188568115234
190.06619262695312 195.19906616210938 225.3644790649414 195.19906616210938 225.3644790649414 239.32184600830078 190.06619262695312 239.32184600830078
191.90475463867188 197.66842651367188 227.34023666381836 197.66842651367188 227.34023666381836 241.96269989013672 191.90475463867188 241.96269989013672
194.25531005859375 199.3793182373047 229.48059463500977 199.3793182373047 229.48059463500977 243.41084671020508 194.25531005859375 243.41084671020508
195.41738891601562 202.13720703125 230.39664840698242 202.13720703125 230.39664840698242 245.8612060546875 195.41738891601562 245.8612060546875
198.1603240966797 208.7366943359375 232.87025451660156 208.7366943359375 232.87025451660156 252.1240348815918 198.1603240966797 252.1240348815918
200.22640991210938 204.8689727783203 234.6660041809082 204.8689727783203 234.6660041809082 247.91838836669922 200.22640991210938 247.91838836669922
199.24305725097656 201.09878540039062 233.91251754760742 201.09878540039062 233.91251754760742 244.4355354309082 199.24305725097656 244.4355354309082
198.88070678710938 196.79879760742188 234.24807739257812 196.79879760742188 234.24807739257812 241.0079345703125 198.88070678710938 241.0079345703125
196.0233612060547 190.02420043945312 231.38840866088867 190.02420043945312 231.38840866088867 234.23043060302734 196.0233612060547 234.23043060302734
197.27548217773438 181.7876434326172 232.6583595275879 181.7876434326172 232.6583595275879 226.0161590576172 197.27548217773438 226.0161590576172
195.01992797851562 178.71875 230.4410629272461 178.71875 230.4410629272461 222.99508666992188 195.01992797851562 222.99508666992188
196.15626525878906 171.48541259765625 231.0589256286621 171.48541259765625 231.0589256286621 215.1136589050293 196.15626525878906 215.1136589050293
195.29464721679688 171.51686096191406 229.7821273803711 171.51686096191406 229.7821273803711 214.62613677978516 195.29464721679688 214.62613677978516
195.00711059570312 170.81100463867188 229.26465606689453 170.81100463867188 229.26465606689453 213.6328582763672 195.00711059570312 213.6328582763672
196.65415954589844 170.87307739257812 231.15906143188477 170.87307739257812 231.15906143188477 214.00411987304688 196.65415954589844 214.00411987304688
197.54342651367188 169.59945678710938 233.03679656982422 169.59945678710938 233.03679656982422 213.96608352661133 197.54342651367188 213.96608352661133
198.92617797851562 170.53392028808594 234.5754165649414 170.53392028808594 234.5754165649414 215.09537887573242 198.92617797851562 215.09537887573242
202.29820251464844 170.91563415527344 237.4953384399414 170.91563415527344 237.4953384399414 214.9119644165039 202.29820251464844 214.9119644165039
205.7877655029297 171.67002868652344 241.3027114868164 171.67002868652344 241.3027114868164 216.0636215209961 205.7877655029297 216.0636215209961
209.16574096679688 171.833251953125 244.93059921264648 171.833251953125 244.93059921264648 216.53923797607422 209.16574096679688 216.53923797607422
214.0955047607422 170.81521606445312 249.33726501464844 170.81521606445312 249.33726501464844 214.8673324584961 214.0955047607422 214.8673324584961
216.91470336914062 169.76087951660156 251.69623565673828 169.76087951660156 251.69623565673828 213.23771286010742 216.91470336914062 213.23771286010742
219.32119750976562 170.34622192382812 254.0156135559082 170.34622192382812 254.0156135559082 213.71416091918945 219.32119750976562 213.71416091918945
223.5503692626953 169.8534393310547 259.32492446899414 169.8534393310547 259.32492446899414 214.57154846191406 223.5503692626953 214.57154846191406
228.09469604492188 170.55435180664062 263.92903900146484 170.55435180664062 263.92903900146484 215.34719848632812 228.09469604492188 215.34719848632812
231.5247039794922 168.69073486328125 267.20141983032227 168.69073486328125 267.20141983032227 213.2865447998047 231.5247039794922 213.2865447998047
234.7673797607422 169.40768432617188 271.6903953552246 169.40768432617188 271.6903953552246 215.56136322021484 234.7673797607422 215.56136322021484
238.66213989257812 167.9367218017578 275.6015815734863 167.9367218017578 275.6015815734863 214.11093521118164 238.66213989257812 214.11093521118164
241.8701171875 167.3639373779297 278.46341705322266 167.3639373779297 278.46341705322266 213.10547637939453 241.8701171875 213.10547637939453
245.61801147460938 167.50244140625 282.4636116027832 167.50244140625 282.4636116027832 213.55935287475586 245.61801147460938 213.55935287475586
