55.0 234.0 126.0 234.0 126.0 308.0 55.0 308.0
56.259605407714844 234.8892364501953 127.2333984375 234.8892364501953 127.2333984375 307.38563537597656 56.259605407714844 307.38563537597656
57.4009895324707 234.95639038085938 127.65044784545898 234.95639038085938 127.65044784545898 307.7342071533203 57.4009895324707 307.7342071533203
59.012054443359375 234.33657836914062 129.22462463378906 234.33657836914062 129.22462463378906 306.8931198120117 59.012054443359375 306.8931198120117
60.13569259643555 233.85888671875 130.00657272338867 233.85888671875 130.00657272338867 306.6430435180664 60.13569259643555 306.6430435180664
60.75577926635742 233.52096557617188 131.47927474975586 233.52096557617188 131.47927474975586 307.4689407348633 60.75577926635742 307.4689407348633
62.2364616394043 233.72439575195312 132.42861557006836 233.72439575195312 132.42861557006836 307.2027359008789 62.2364616394043 307.2027359008789
63.86845016479492 232.8349151611328 133.6796989440918 232.8349151611328 133.6796989440918 306.07972717285156 63.86845016479492 306.07972717285156
65.34619903564453 232.6070556640625 133.96468353271484 232.6070556640625 133.96468353271484 305.7044219970703 65.34619903564453 305.7044219970703
65.43902587890625 232.20492553710938 135.63957977294922 232.20492553710938 135.63957977294922 306.6872787475586 65.43902587890625 306.6872787475586
67.65845489501953 233.5368194580078 138.97541046142578 233.5368194580078 138.97541046142578 307.6801452636719 67.65845489501953 307.6801452636719
69.15863037109375 232.48995971679688 140.16029357910156 232.48995971679688 140.16029357910156 307.45018005371094 69.15863037109375 307.45018005371094
70.11530303955078 232.43212890625 141.83206176757812 232.43212890625 141.83206176757812 309.27845001220703 70.11530303955078 309.27845001220703
73.16407775878906 232.9591827392578 144.92684173583984 232.9591827392578 144.92684173583984 308.2979736328125 73.16407775878906 308.2979736328125
74.00349426269531 233.45944213867188 146.89675903320312 233.45944213867188 146.89675903320312 308.3917999267578 74.00349426269531 308.3917999267578
76.22819519042969 234.8467254638672 148.85443115234375 234.8467254638672 148.85443115234375 309.4003601074219 76.22819519042969 309.4003601074219
79.19934844970703 233.448486328125 152.01251983642578 233.448486328125 152.01251983642578 307.8675994873047 79.19934844970703 307.8675994873047
79.94129180908203 233.49356079101562 153.92140197753906 233.49356079101562 153.92140197753906 309.9018859863281 79.94129180908203 309.9018859863281
81.55747985839844 233.32565307617188 155.29461669921875 233.32565307617188 155.29461669921875 308.59568786621094 81.55747985839844 308.59568786621094
82.8109130859375 233.29953002929688 156.51097869873047 233.29953002929688 156.51097869873047 308.81465911865234 82.8109130859375 308.81465911865234
84.2082290649414 234.11074829101562 157.62325286865234 234.11074829101562 157.62325286865234 308.30694580078125 84.2082290649414 308.30694580078125
85.75303649902344 233.07333374023438 158.11511993408203 233.07333374023438 158.11511993408203 306.66663360595703 85.75303649902344 306.66663360595703
87.1451187133789 234.8445587158203 159.17515563964844 234.8445587158203 159.17515563964844 307.7873840332031 87.1451187133789 307.7873840332031
88.08766174316406 234.14413452148438 159.93604278564453 234.14413452148438 159.93604278564453 307.7175598144531 88.08766174316406 307.7175598144531
89.20947265625 233.0688934326172 161.10548400878906 233.0688934326172 161.10548400878906 308.0279312133789 89.20947265625 308.0279312133789
90.73854064941406 234.1094207763672 162.155029296875 234.1094207763672 162.155029296875 307.9336853027344 90.73854064941406 307.9336853027344
91.96978759765625 234.27938842773438 161.8384552001953 234.27938842773438 161.8384552001953 308.09678649902344 91.96978759765625 308.09678649902344
92.9966049194336 234.1173095703125 162.23826599121094 234.1173095703125 162.23826599121094 308.0768280029297 92.9966049194336 308.0768280029297
92.43263244628906 232.28903198242188 162.43951416015625 232.28903198242188 162.43951416015625 307.45274353027344 92.43263244628906 307.45274353027344
92.2528305053711 233.66299438476562 163.4727020263672 233.66299438476562 163.4727020263672 307.84422302246094 92.2528305053711 307.84422302246094
93.19793701171875 233.4783477783203 163.3037338256836 233.4783477783203 163.3037338256836 308.07545471191406 93.19793701171875 308.07545471191406
93.73860931396484 232.3286590576172 164.81822967529297 232.3286590576172 164.81822967529297 308.67366790771484 93.73860931396484 308.67366790771484
92.61541748046875 232.2397918701172 165.87513732910156 232.2397918701172 165.87513732910156 307.19749450683594 92.61541748046875 307.19749450683594
93.03140258789062 231.46127319335938 166.1817169189453 231.46127319335938 166.1817169189453 306.5138397216797 93.03140258789062 306.5138397216797
93.11567687988281 231.6653289794922 166.52450561523438 231.6653289794922 166.52450561523438 307.2693634033203 93.11567687988281 307.2693634033203
93.66676330566406 231.3404998779297 168.1092758178711 231.3404998779297 168.1092758178711 306.541259765625 93.66676330566406 306.541259765625
94.83348083496094 230.5050506591797 168.44152069091797 230.5050506591797 168.44152069091797 305.364501953125 94.83348083496094 305.364501953125
96.70890808105469 231.79721069335938 170.03170013427734 231.79721069335938 170.03170013427734 305.72132873535156 96.70890808105469 305.72132873535156
97.76103973388672 231.2666473388672 170.29938507080078 231.2666473388672 170.29938507080078 305.23538970947266 97.76103973388672 305.23538970947266
98.58381652832031 231.1729278564453 171.21359252929688 231.1729278564453 171.21359252929688 307.3965530395508 98.58381652832031 307.3965530395508
100.48899841308594 231.3633270263672 173.80438995361328 231.3633270263672 173.80438995361328 306.5665740966797 100.48899841308594 306.5665740966797
101.87022399902344 230.94180297851562 174.94078826904297 230.94180297851562 174.94078826904297 304.9122009277344 101.87022399902344 304.9122009277344
103.2126693725586 229.5159454345703 175.5873794555664 229.5159454345703 175.5873794555664 304.36238861083984 103.2126693725586 304.36238861083984
103.4049072265625 229.7101287841797 177.04782104492188 229.7101287841797 177.04782104492188 304.51212310791016 103.4049072265625 304.51212310791016
104.96663665771484 229.6046142578125 179.2655029296875 229.6046142578125 179.2655029296875 304.2377395629883 104.96663665771484 304.2377395629883
104.717529296875 228.2781982421875 178.90635681152344 228.2781982421875 178.90635681152344 302.8510513305664 104.717529296875 302.8510513305664
105.58204650878906 228.9037628173828 179.31167602539062 228.9037628173828 179.31167602539062 305.8751525878906 105.58204650878906 305.8751525878906
105.6996841430664 228.73873901367188 179.669677734375 228.73873901367188 179.669677734375 305.6553955078125 105.6996841430664 305.6553955078125
106.10150146484375 228.3330535888672 180.21793365478516 228.3330535888672 180.21793365478516 305.25025177001953 106.10150146484375 305.25025177001953
106.0560302734375 228.61221313476562 180.5929718017578 228.61221313476562 180.5929718017578 305.5013427734375 106.0560302734375 305.5013427734375
106.50138854980469 228.6621551513672 179.4458465576172 228.6621551513672 179.4458465576172 304.6178741455078 106.50138854980469 304.6178741455078
106.02049255371094 229.2396697998047 179.39759063720703 229.2396697998047 179.39759063720703 304.2210922241211 106.02049255371094 304.2210922241211
106.1365966796875 228.47787475585938 179.05752563476562 228.47787475585938 179.05752563476562 301.9951934814453 106.1365966796875 301.9951934814453
104.68733215332031 228.95913696289062 177.95643615722656 228.95913696289062 177.95643615722656 303.26414489746094 104.68733215332031 303.26414489746094
103.70042419433594 228.64498901367188 178.17335510253906 228.64498901367188 178.17335510253906 304.4128952026367 103.70042419433594 304.4128952026367
102.59260559082031 228.4879150390625 177.0579833984375 228.4879150390625 177.0579833984375 304.9509506225586 102.59260559082031 304.9509506225586
101.17243957519531 228.30038452148438 176.60784149169922 228.30038452148438 176.60784149169922 304.4850311279297 101.17243957519531 304.4850311279297
100.66883087158203 227.92630004882812 176.91091918945312 227.92630004882812 176.91091918945312 304.21663665771484 100.66883087158203 304.21663665771484
101.0325698852539 228.75729370117188 176.08287811279297 228.75729370117188 176.08287811279297 306.65232849121094 101.0325698852539 306.65232849121094
100.4820785522461 228.24331665039062 175.10055541992188 228.24331665039062 175.10055541992188 304.3360290527344 100.4820785522461 304.3360290527344
99.34782409667969 227.21157836914062 175.8251953125 227.21157836914062 175.8251953125 304.1521682739258 99.34782409667969 304.1521682739258
99.82778930664062 226.9729461669922 174.8136749267578 226.9729461669922 174.8136749267578 304.7672424316406 99.82778930664062 304.7672424316406
100.2441635131836 228.2683868408203 174.5218734741211 228.2683868408203 174.5218734741211 303.92247009277344 100.2441635131836 303.92247009277344
99.3932876586914 228.4751739501953 174.09115600585938 228.4751739501953 174.09115600585938 305.74737548828125 99.3932876586914 305.74737548828125
99.91413116455078 227.4785919189453 174.54051971435547 227.4785919189453 174.54051971435547 304.23778533935547 99.91413116455078 304.23778533935547
98.65641784667969 227.54629516601562 175.29930114746094 227.54629516601562 175.29930114746094 303.63878631591797 98.65641784667969 303.63878631591797
100.17713165283203 226.74417114257812 174.6881561279297 226.74417114257812 174.6881561279297 303.03065490722656 100.17713165283203 303.03065490722656
99.81986999511719 225.92904663085938 174.43792724609375 225.92904663085938 174.43792724609375 303.1110382080078 99.81986999511719 303.1110382080078
98.913818359375 226.56631469726562 175.89111328125 226.56631469726562 175.89111328125 302.53173065185547 98.913818359375 302.53173065185547
98.92350006103516 226.13314819335938 175.16436004638672 226.13314819335938 175.16436004638672 301.5155563354492 98.92350006103516 301.5155563354492
98.6015625 223.97128295898438 172.88324737548828 223.97128295898438 172.88324737548828 299.9186706542969 98.6015625 299.9186706542969
101.1139907836914 223.31942749023438 174.67449188232422 223.31942749023438 174.67449188232422 300.05660247802734 101.1139907836914 300.05660247802734
100.3670883178711 225.53317260742188 172.9927215576172 225.53317260742188 172.9927215576172 300.47151947021484 100.3670883178711 300.47151947021484
101.1604995727539 224.0567169189453 174.60629272460938 224.0567169189453 174.60629272460938 298.90350341796875 101.1604995727539 298.90350341796875
101.02713012695312 224.4512939453125 174.79798889160156 224.4512939453125 174.79798889160156 301.2583236694336 101.02713012695312 301.2583236694336
99.12667083740234 225.8117218017578 173.28116607666016 225.8117218017578 173.28116607666016 303.0400085449219 99.12667083740234 303.0400085449219
97.1745834350586 225.43222045898438 171.39273071289062 225.43222045898438 171.39273071289062 303.6087188720703 97.1745834350586 303.6087188720703
94.77528381347656 224.5852508544922 169.90189361572266 224.5852508544922 169.90189361572266 303.2650451660156 94.77528381347656 303.2650451660156
93.89826965332031 225.47787475585938 168.52061462402344 225.47787475585938 168.52061462402344 304.59606170654297 93.89826965332031 304.59606170654297
91.21745300292969 227.6234588623047 167.66180419921875 227.6234588623047 167.66180419921875 305.92543029785156 91.21745300292969 305.92543029785156
87.11019134521484 226.1217041015625 162.23973846435547 226.1217041015625 162.23973846435547 307.5503921508789 87.11019134521484 307.5503921508789
85.14497375488281 224.14730834960938 161.5797119140625 224.14730834960938 161.5797119140625 307.48193359375 85.14497375488281 307.48193359375
82.64088439941406 223.158203125 161.01185607910156 223.158203125 161.01185607910156 307.09974670410156 82.64088439941406 307.09974670410156
81.0704345703125 221.2224578857422 159.35240173339844 221.2224578857422 159.35240173339844 306.4103775024414 81.0704345703125 306.4103775024414
79.18962860107422 219.7447967529297 157.01303100585938 219.7447967529297 157.01303100585938 304.8804626464844 79.18962860107422 304.8804626464844
77.73404693603516 221.4979248046875 156.9594955444336 221.4979248046875 156.9594955444336 307.6180114746094 77.73404693603516 307.6180114746094
75.62181091308594 223.16378784179688 155.31928253173828 223.16378784179688 155.31928253173828 310.75167083740234 75.62181091308594 310.75167083740234
74.17250061035156 222.2669219970703 151.61135864257812 222.2669219970703 151.61135864257812 309.5382614135742 74.17250061035156 309.5382614135742
72.0403060913086 222.89633178710938 151.1438217163086 222.89633178710938 151.1438217163086 310.96886444091797 72.0403060913086 310.96886444091797
70.4358139038086 221.8170623779297 149.71112823486328 221.8170623779297 149.71112823486328 309.7040252685547 70.4358139038086 309.7040252685547
69.11430358886719 223.75216674804688 153.1595916748047 223.75216674804688 153.1595916748047 311.6979217529297 69.11430358886719 311.6979217529297
67.66375732421875 222.80813598632812 150.0903091430664 222.80813598632812 150.0903091430664 313.0541229248047 67.66375732421875 313.0541229248047
65.10617065429688 220.7410888671875 147.0791473388672 220.7410888671875 147.0791473388672 311.8227005004883 65.10617065429688 311.8227005004883
63.10393142700195 219.1233367919922 145.19399642944336 219.1233367919922 145.19399642944336 308.96202087402344 63.10393142700195 308.96202087402344
61.195465087890625 219.675048828125 144.10810089111328 219.675048828125 144.10810089111328 307.5422897338867 61.195465087890625 307.5422897338867
58.421302795410156 221.4593048095703 141.88626861572266 221.4593048095703 141.88626861572266 308.4009017944336 58.421302795410156 308.4009017944336
56.52220916748047 220.62295532226562 138.92860412597656 220.62295532226562 138.92860412597656 306.55726623535156 56.52220916748047 306.55726623535156
56.22248077392578 221.08657836914062 139.14989471435547 221.08657836914062 139.14989471435547 305.6184616088867 56.22248077392578 305.6184616088867
53.63379669189453 223.94149780273438 136.6961669921875 223.94149780273438 136.6961669921875 305.92405700683594 53.63379669189453 305.92405700683594
52.030372619628906 225.83865356445312 135.79933166503906 225.83865356445312 135.79933166503906 307.33841705322266 52.030372619628906 307.33841705322266
48.687713623046875 226.5092010498047 131.10488891601562 226.5092010498047 131.10488891601562 304.99078369140625 48.687713623046875 304.99078369140625
46.343849182128906 227.1160430908203 127.83253479003906 227.1160430908203 127.83253479003906 305.62232208251953 46.343849182128906 305.62232208251953
45.19786071777344 227.08798217773438 123.3450927734375 227.08798217773438 123.3450927734375 306.98634338378906 45.19786071777344 306.98634338378906
44.46527862548828 228.7446746826172 123.94869232177734 228.7446746826172 123.94869232177734 310.1560287475586 44.46527862548828 310.1560287475586
43.063087463378906 227.04263305664062 122.27052307128906 227.04263305664062 122.27052307128906 310.9321975708008 43.063087463378906 310.9321975708008
34.885337829589844 228.0769500732422 114.40250396728516 228.0769500732422 114.40250396728516 311.49063873291016 34.885337829589844 311.49063873291016
32.59369659423828 227.3281707763672 110.76101684570312 227.3281707763672 110.76101684570312 308.79832458496094 32.59369659423828 308.79832458496094
16.334362030029297 227.7738037109375 95.99374771118164 227.7738037109375 95.99374771118164 310.79906463623047 16.334362030029297 310.79906463623047
15.844085693359375 223.253173828125 95.27406311035156 223.253173828125 95.27406311035156 306.03934478759766 15.844085693359375 306.03934478759766
12.956390380859375 227.318115234375 93.0182876586914 227.318115234375 93.0182876586914 310.7629089355469 12.956390380859375 310.7629089355469
0.6289733648300171 232.768798828125 83.07353818416595 232.768798828125 83.07353818416595 311.5211486816406 0.6289733648300171 311.5211486816406
0.07264633476734161 233.16305541992188 83.23548050224781 233.16305541992188 83.23548050224781 310.11547088623047 0.07264633476734161 310.11547088623047
0.0 234.0852508544922 82.22530364990234 234.0852508544922 82.22530364990234 311.0005569458008 0.0 311.0005569458008
0.0 230.6201934814453 76.97355651855469 230.6201934814453 76.97355651855469 310.84615325927734 0.0 310.84615325927734
22.163198471069336 238.08981323242188 99.35977745056152 238.08981323242188 99.35977745056152 318.54821014404297 22.163198471069336 318.54821014404297
20.023717880249023 238.116455078125 97.28090476989746 238.116455078125 97.28090476989746 318.6380310058594 20.023717880249023 318.6380310058594
22.75006103515625 238.52197265625 100.47552490234375 238.52197265625 100.47552490234375 319.5316162109375 22.75006103515625 319.5316162109375
22.66471290588379 239.67367553710938 99.84534645080566 239.67367553710938 99.84534645080566 321.5270309448242 22.66471290588379 321.5270309448242
21.331056594848633 237.9714813232422 98.96415901184082 237.9714813232422 98.96415901184082 319.5303421020508 21.331056594848633 319.5303421020508
22.637596130371094 239.4024658203125 100.26949310302734 239.4024658203125 100.26949310302734 321.47533416748047 22.637596130371094 321.47533416748047
23.194438934326172 240.8365936279297 100.95644760131836 240.8365936279297 100.95644760131836 321.3730773925781 23.194438934326172 321.3730773925781
24.130393981933594 242.4461669921875 100.47579193115234 242.4461669921875 100.47579193115234 320.3485336303711 24.130393981933594 320.3485336303711
23.910146713256836 241.93075561523438 100.53706932067871 241.93075561523438 100.53706932067871 320.76475524902344 23.910146713256836 320.76475524902344
25.44192123413086 241.74044799804688 101.19181442260742 241.74044799804688 101.19181442260742 320.79271697998047 25.44192123413086 320.79271697998047
24.94191551208496 240.66232299804688 98.80595970153809 240.66232299804688 98.80595970153809 319.84244537353516 24.94191551208496 319.84244537353516
23.408767700195312 241.9057159423828 97.12850189208984 241.9057159423828 97.12850189208984 321.4257583618164 23.408767700195312 321.4257583618164
24.625391006469727 241.4312286376953 97.13432502746582 241.4312286376953 97.13432502746582 320.3463592529297 24.625391006469727 320.3463592529297
23.800674438476562 239.7040252685547 95.77269744873047 239.7040252685547 95.77269744873047 319.7962188720703 23.800674438476562 319.7962188720703
24.512380599975586 240.0127716064453 97.54030418395996 240.0127716064453 97.54030418395996 322.0284423828125 24.512380599975586 322.0284423828125
25.319753646850586 239.29885864257812 99.40611839294434 239.29885864257812 99.40611839294434 321.8005828857422 25.319753646850586 321.8005828857422
22.08892250061035 238.3208465576172 99.06080055236816 238.3208465576172 99.06080055236816 321.0283889770508 22.08892250061035 321.0283889770508
19.625408172607422 237.78958129882812 97.81306076049805 237.78958129882812 97.81306076049805 320.66735076904297 19.625408172607422 320.66735076904297
20.90481948852539 239.05258178710938 100.64816665649414 239.05258178710938 100.64816665649414 322.1653366088867 20.90481948852539 322.1653366088867
19.817354202270508 236.76113891601562 100.24043464660645 236.76113891601562 100.24043464660645 320.5823516845703 19.817354202270508 320.5823516845703
22.253849029541016 237.3339385986328 102.11965560913086 237.3339385986328 102.11965560913086 321.7008056640625 22.253849029541016 321.7008056640625
20.503036499023438 237.45486450195312 100.51593780517578 237.45486450195312 100.51593780517578 320.8485565185547 20.503036499023438 320.8485565185547
5.709677219390869 229.0644989013672 88.54048776626587 229.0644989013672 88.54048776626587 310.21356201171875 5.709677219390869 310.21356201171875
3.7280755043029785 228.3336639404297 86.15125513076782 228.3336639404297 86.15125513076782 309.97351837158203 3.7280755043029785 309.97351837158203
6.448714256286621 228.60116577148438 90.11322689056396 228.60116577148438 90.11322689056396 313.6598129272461 6.448714256286621 313.6598129272461
7.503523349761963 226.86526489257812 90.29066324234009 226.86526489257812 90.29066324234009 311.01104736328125 7.503523349761963 311.01104736328125
8.437500953674316 225.20327758789062 91.40809726715088 225.20327758789062 91.40809726715088 310.79187774658203 8.437500953674316 310.79187774658203
11.1954927444458 224.3402099609375 91.53134632110596 224.3402099609375 91.53134632110596 308.52235412597656 11.1954927444458 308.52235412597656
14.227351188659668 223.6598663330078 95.2511396408081 223.6598663330078 95.2511396408081 308.96007537841797 14.227351188659668 308.96007537841797
15.481274604797363 223.6205291748047 96.82915210723877 223.6205291748047 96.82915210723877 310.30948638916016 15.481274604797363 310.30948638916016
17.156036376953125 223.337158203125 99.72112274169922 223.337158203125 99.72112274169922 308.8167495727539 17.156036376953125 308.8167495727539
19.07217025756836 222.5696258544922 99.22700119018555 222.5696258544922 99.22700119018555 306.6693115234375 19.07217025756836 306.6693115234375
21.654865264892578 224.5039825439453 103.01784896850586 224.5039825439453 103.01784896850586 308.5076217651367 21.654865264892578 308.5076217651367
22.49509620666504 222.8789825439453 103.35325050354004 222.8789825439453 103.35325050354004 307.02239990234375 22.49509620666504 307.02239990234375
22.166112899780273 222.58609008789062 105.69411277770996 222.58609008789062 105.69411277770996 308.22733306884766 22.166112899780273 308.22733306884766
21.44199562072754 223.660888671875 104.61252021789551 223.660888671875 104.61252021789551 308.2705535888672 21.44199562072754 308.2705535888672
22.71087074279785 223.31210327148438 105.46924781799316 223.31210327148438 105.46924781799316 307.0669479370117 22.71087074279785 307.0669479370117
22.77383804321289 224.2699737548828 104.76367568969727 224.2699737548828 104.76367568969727 309.6668243408203 22.77383804321289 309.6668243408203
22.324405670166016 224.1451416015625 104.81467056274414 224.1451416015625 104.81467056274414 308.37149810791016 22.324405670166016 308.37149810791016
21.15268898010254 223.1357421875 104.15912818908691 223.1357421875 104.15912818908691 309.19151306152344 21.15268898010254 309.19151306152344
19.362924575805664 223.5284423828125 102.59785652160645 223.5284423828125 102.59785652160645 309.0445098876953 19.362924575805664 309.0445098876953
18.191280364990234 223.31246948242188 102.3250846862793 223.31246948242188 102.3250846862793 309.35406494140625 18.191280364990234 309.35406494140625
14.824419975280762 225.29833984375 100.06030559539795 225.29833984375 100.06030559539795 313.10388946533203 14.824419975280762 313.10388946533203
12.708375930786133 223.07089233398438 97.61017799377441 223.07089233398438 97.61017799377441 310.43761444091797 12.708375930786133 310.43761444091797
13.32092571258545 224.19644165039062 97.4119291305542 224.19644165039062 97.4119291305542 311.840576171875 13.32092571258545 311.840576171875
9.346095085144043 223.4967041015625 92.16452312469482 223.4967041015625 92.16452312469482 309.8144989013672 9.346095085144043 309.8144989013672
7.267276763916016 225.1027069091797 90.94462966918945 225.1027069091797 90.94462966918945 312.31571197509766 7.267276763916016 312.31571197509766
3.2852935791015625 223.9176025390625 88.22782135009766 223.9176025390625 88.22782135009766 312.4492416381836 3.2852935791015625 312.4492416381836
1.068402886390686 221.42745971679688 88.3816887140274 221.42745971679688 88.3816887140274 312.4300231933594 1.068402886390686 312.4300231933594
1.1466147899627686 221.66946411132812 91.10137248039246 221.66946411132812 91.10137248039246 315.03309631347656 1.1466147899627686 315.03309631347656
1.4678016901016235 220.9094696044922 93.73570024967194 220.9094696044922 93.73570024967194 314.8066177368164 1.4678016901016235 314.8066177368164
1.5215568542480469 220.09371948242188 92.40490341186523 220.09371948242188 92.40490341186523 313.77073669433594 1.5215568542480469 313.77073669433594
0.5596000552177429 219.355224609375 90.3878852725029 219.355224609375 90.3878852725029 312.99757385253906 0.5596000552177429 312.99757385253906
0.3844291567802429 221.2283935546875 88.50574415922165 221.2283935546875 88.50574415922165 312.75528717041016 0.3844291567802429 312.75528717041016
3.2565536499023438 221.1439971923828 92.06201171875 221.1439971923828 92.06201171875 314.20281982421875 3.2565536499023438 314.20281982421875
2.7054672241210938 221.97537231445312 92.79864501953125 221.97537231445312 92.79864501953125 315.05027770996094 2.7054672241210938 315.05027770996094
3.1320998668670654 220.87680053710938 92.55576777458191 220.87680053710938 92.55576777458191 315.6699752807617 3.1320998668670654 315.6699752807617
3.568612575531006 219.6574249267578 94.8206114768982 219.6574249267578 94.8206114768982 316.56292724609375 3.568612575531006 316.56292724609375
3.5963730812072754 219.5104217529297 95.789297580719 219.5104217529297 95.789297580719 316.74932861328125 3.5963730812072754 316.74932861328125
3.8634033203125 219.2056121826172 96.0620346069336 219.2056121826172 96.0620346069336 316.3248519897461 3.8634033203125 316.3248519897461
4.3994574546813965 219.3854522705078 95.92865514755249 219.3854522705078 95.92865514755249 316.4747772216797 4.3994574546813965 316.4747772216797
5.020802974700928 219.43569946289062 96.03596258163452 219.43569946289062 96.03596258163452 317.0608367919922 5.020802974700928 317.0608367919922
5.183966159820557 218.4724884033203 96.57527017593384 218.4724884033203 96.57527017593384 316.17142486572266 5.183966159820557 316.17142486572266
4.9604949951171875 219.1329803466797 96.60987854003906 219.1329803466797 96.60987854003906 315.31900787353516 4.9604949951171875 315.31900787353516
5.693421363830566 219.3044891357422 95.34045505523682 219.3044891357422 95.34045505523682 315.9348907470703 5.693421363830566 315.9348907470703
6.112695217132568 219.16317749023438 95.15163564682007 219.16317749023438 95.15163564682007 315.79603576660156 6.112695217132568 315.79603576660156
6.266977787017822 219.3466796875 93.8424859046936 219.3466796875 93.8424859046936 315.1676788330078 6.266977787017822 315.1676788330078
5.823716640472412 222.3006134033203 90.91989278793335 222.3006134033203 90.91989278793335 313.8011779785156 5.823716640472412 313.8011779785156
5.63138484954834 223.5219268798828 88.32155513763428 223.5219268798828 88.32155513763428 314.3977584838867 5.63138484954834 314.3977584838867
5.944819450378418 223.0206298828125 87.05565929412842 223.0206298828125 87.05565929412842 313.8208923339844 5.944819450378418 313.8208923339844
5.312548637390137 225.5091552734375 84.66065502166748 225.5091552734375 84.66065502166748 314.6812744140625 5.312548637390137 314.6812744140625
5.645709991455078 224.5930938720703 82.57571029663086 224.5930938720703 82.57571029663086 312.44091796875 5.645709991455078 312.44091796875
5.250901699066162 227.0531768798828 80.06134939193726 227.0531768798828 80.06134939193726 314.24806213378906 5.250901699066162 314.24806213378906
4.99929141998291 227.04251098632812 78.477707862854 227.04251098632812 78.477707862854 313.51473236083984 4.99929141998291 313.51473236083984
3.595261335372925 225.12973022460938 77.58700633049011 225.12973022460938 77.58700633049011 313.1652297973633 3.595261335372925 313.1652297973633
3.561936140060425 225.08987426757812 78.0935447216034 225.08987426757812 78.0935447216034 310.81824493408203 3.561936140060425 310.81824493408203
2.431746006011963 224.98974609375 77.7762360572815 224.98974609375 77.7762360572815 311.3314208984375 2.431746006011963 311.3314208984375
2.024317979812622 225.785400390625 77.89432835578918 225.785400390625 77.89432835578918 314.09107971191406 2.024317979812622 314.09107971191406
0.9272254705429077 226.6708984375 76.49849927425385 226.6708984375 76.49849927425385 314.87195587158203 0.9272254705429077 314.87195587158203
2.763101100921631 226.6651611328125 75.7636046409607 226.6651611328125 75.7636046409607 313.64037322998047 2.763101100921631 313.64037322998047
3.149775743484497 227.6529083251953 75.82993626594543 227.6529083251953 75.82993626594543 313.84217834472656 3.149775743484497 313.84217834472656
1.7509269714355469 228.0849609375 75.56991195678711 228.0849609375 75.56991195678711 315.02793884277344 1.7509269714355469 315.02793884277344
0.4195510745048523 229.8673858642578 75.08910673856735 229.8673858642578 75.08910673856735 315.2320785522461 0.4195510745048523 315.2320785522461
1.1106529235839844 229.4453582763672 75.44077682495117 229.4453582763672 75.44077682495117 312.37386322021484 1.1106529235839844 312.37386322021484
1.0901702642440796 230.7384033203125 76.30221402645111 230.7384033203125 76.30221402645111 313.4223403930664 1.0901702642440796 313.4223403930664
0.21828079223632812 230.43307495117188 75.7268180847168 230.43307495117188 75.7268180847168 312.55604553222656 0.21828079223632812 312.55604553222656
0.3629051148891449 229.9452362060547 75.88986739516258 229.9452362060547 75.88986739516258 311.6349639892578 0.3629051148891449 311.6349639892578
0.0 229.83383178710938 76.82937622070312 229.83383178710938 76.82937622070312 312.9731903076172 0.0 312.9731903076172
0.08796310424804688 229.86166381835938 76.70132827758789 229.86166381835938 76.70132827758789 312.86244201660156 0.08796310424804688 312.86244201660156
0.3880767822265625 229.7476043701172 75.64635467529297 229.7476043701172 75.64635467529297 314.43870544433594 0.3880767822265625 314.43870544433594
0.0 229.03323364257812 75.8867416381836 229.03323364257812 75.8867416381836 313.73033142089844 0.0 313.73033142089844
0.3234062194824219 229.71212768554688 76.04900741577148 229.71212768554688 76.04900741577148 312.96275329589844 0.3234062194824219 312.96275329589844
0.9344741702079773 228.73159790039062 76.69660490751266 228.73159790039062 76.69660490751266 313.10413360595703 0.9344741702079773 313.10413360595703
1.1966530084609985 228.4089813232422 75.79067003726959 228.4089813232422 75.79067003726959 313.5669479370117 1.1966530084609985 313.5669479370117
0.7097076177597046 227.72879028320312 74.56467282772064 227.72879028320312 74.56467282772064 312.7776794433594 0.7097076177597046 312.7776794433594
0.5520904660224915 227.52536010742188 76.8881042599678 227.52536010742188 76.8881042599678 312.2056427001953 0.5520904660224915 312.2056427001953
0.22136154770851135 227.74417114257812 77.49617996811867 227.74417114257812 77.49617996811867 312.2966995239258 0.22136154770851135 312.2966995239258
0.6758201718330383 227.78134155273438 77.07454758882523 227.78134155273438 77.07454758882523 312.2188949584961 0.6758201718330383 312.2188949584961
0.10855941474437714 227.44546508789062 79.08632735908031 227.44546508789062 79.08632735908031 312.240234375 0.10855941474437714 312.240234375
0.8445450067520142 227.6119842529297 79.73976290225983 227.6119842529297 79.73976290225983 312.141357421875 0.8445450067520142 312.141357421875
0.9460426568984985 228.122314453125 80.67686235904694 228.122314453125 80.67686235904694 310.1053695678711 0.9460426568984985 310.1053695678711
3.932849168777466 228.9923553466797 84.31228947639465 228.9923553466797 84.31228947639465 306.50093841552734 3.932849168777466 306.50093841552734
2.8680176734924316 228.9968719482422 85.36389780044556 228.9968719482422 85.36389780044556 311.0559539794922 2.8680176734924316 311.0559539794922
5.282469749450684 229.6028289794922 86.48752498626709 229.6028289794922 86.48752498626709 308.8028259277344 5.282469749450684 308.8028259277344
7.508254051208496 229.72933959960938 88.27368068695068 229.72933959960938 88.27368068695068 308.49352264404297 7.508254051208496 308.49352264404297
9.760536193847656 231.14523315429688 91.8656997680664 231.14523315429688 91.8656997680664 308.4314498901367 9.760536193847656 308.4314498901367
9.52062702178955 230.65444946289062 92.33105182647705 230.65444946289062 92.33105182647705 306.54266357421875 9.52062702178955 306.54266357421875
12.069253921508789 230.09542846679688 93.31576728820801 230.09542846679688 93.31576728820801 306.17808532714844 12.069253921508789 306.17808532714844
11.03622817993164 228.6617889404297 91.67870712280273 228.6617889404297 91.67870712280273 307.4296646118164 11.03622817993164 307.4296646118164
1.4875770807266235 227.46054077148438 80.48640215396881 227.46054077148438 80.48640215396881 313.0244445800781 1.4875770807266235 313.0244445800781
1.852765679359436 226.09750366210938 80.87354815006256 226.09750366210938 80.87354815006256 311.41265869140625 1.852765679359436 311.41265869140625
1.912867784500122 225.4219207763672 80.66681981086731 225.4219207763672 80.66681981086731 310.7366943359375 1.912867784500122 310.7366943359375
2.2486190795898438 225.65097045898438 80.27482604980469 225.65097045898438 80.27482604980469 313.2870635986328 2.2486190795898438 313.2870635986328
0.7686996459960938 227.6243133544922 79.67902374267578 227.6243133544922 79.67902374267578 312.9991760253906 0.7686996459960938 312.9991760253906
0.0 226.9517059326172 79.5274887084961 226.9517059326172 79.5274887084961 309.8394775390625 0.0 309.8394775390625
0.8587257266044617 228.2218017578125 79.42957228422165 228.2218017578125 79.42957228422165 310.1125183105469 0.8587257266044617 310.1125183105469
1.894567847251892 226.64633178710938 79.89958035945892 226.64633178710938 79.89958035945892 307.94730377197266 1.894567847251892 307.94730377197266
2.141547441482544 226.6943359375 81.09587788581848 226.6943359375 81.09587788581848 308.98473358154297 2.141547441482544 308.98473358154297
1.3176193237304688 226.35806274414062 81.01667022705078 226.35806274414062 81.01667022705078 309.4246520996094 1.3176193237304688 309.4246520996094
0.0 228.665283203125 81.67976379394531 228.665283203125 81.67976379394531 313.79627990722656 0.0 313.79627990722656
0.0 229.3584747314453 81.06681060791016 229.3584747314453 81.06681060791016 313.8506164550781 0.0 313.8506164550781
0.0 227.0533447265625 82.34217834472656 227.0533447265625 82.34217834472656 312.87474822998047 0.0 312.87474822998047
0.13754120469093323 225.61550903320312 82.83529511094093 225.61550903320312 82.83529511094093 311.80751037597656 0.13754120469093323 311.80751037597656
0.0 225.2093048095703 83.18963623046875 225.2093048095703 83.18963623046875 311.9139709472656 0.0 311.9139709472656
0.0 222.9638671875 83.59700012207031 222.9638671875 83.59700012207031 310.09310150146484 0.0 310.09310150146484
0.0 225.1477508544922 85.34185791015625 225.1477508544922 85.34185791015625 314.09557342529297 0.0 314.09557342529297
0.9867767095565796 218.8735809326172 85.70357358455658 218.8735809326172 85.70357358455658 307.16992950439453 0.9867767095565796 307.16992950439453
0.0 222.93728637695312 83.43617248535156 222.93728637695312 83.43617248535156 309.89888763427734 0.0 309.89888763427734
0.700787365436554 223.99655151367188 86.12395936250687 223.99655151367188 86.12395936250687 313.02911376953125 0.700787365436554 313.02911376953125
0.579119086265564 222.737548828125 86.2919944524765 222.737548828125 86.2919944524765 312.0720672607422 0.579119086265564 312.0720672607422
0.7848968505859375 219.6724395751953 87.43942260742188 219.6724395751953 87.43942260742188 309.98838806152344 0.7848968505859375 309.98838806152344
3.0352141857147217 219.4897918701172 88.95181727409363 219.4897918701172 88.95181727409363 309.03662872314453 3.0352141857147217 309.03662872314453
10.923157691955566 217.13107299804688 96.50596714019775 217.13107299804688 96.50596714019775 306.3300094604492 10.923157691955566 306.3300094604492
16.990644454956055 219.6802520751953 100.58489799499512 219.6802520751953 100.58489799499512 306.8066177368164 16.990644454956055 306.8066177368164
19.670299530029297 220.1043701171875 101.45283889770508 220.1043701171875 101.45283889770508 305.34246826171875 19.670299530029297 305.34246826171875
23.911094665527344 219.6903533935547 104.44102478027344 219.6903533935547 104.44102478027344 303.6229248046875 23.911094665527344 303.6229248046875
24.2026309967041 221.0440673828125 103.03742408752441 221.0440673828125 103.03742408752441 303.20987701416016 24.2026309967041 303.20987701416016
26.72150230407715 220.7525177001953 106.00575828552246 220.7525177001953 106.00575828552246 303.3867721557617 26.72150230407715 303.3867721557617
26.67120933532715 223.4545135498047 106.80073356628418 223.4545135498047 106.80073356628418 306.9697494506836 26.67120933532715 306.9697494506836
28.689855575561523 221.81216430664062 109.14552879333496 221.81216430664062 109.14552879333496 305.6673278808594 28.689855575561523 305.6673278808594
31.116729736328125 221.70211791992188 112.13545227050781 221.70211791992188 112.13545227050781 306.1441192626953 31.116729736328125 306.1441192626953
35.40830612182617 220.65927124023438 117.09199142456055 220.65927124023438 117.09199142456055 305.7943344116211 35.40830612182617 305.7943344116211
40.48703384399414 222.40536499023438 122.35385513305664 222.40536499023438 122.35385513305664 307.73130798339844 40.48703384399414 307.73130798339844
41.13232421875 219.9523468017578 124.82064056396484 219.9523468017578 124.82064056396484 307.17675018310547 41.13232421875 307.17675018310547
43.8038215637207 221.576171875 126.96331405639648 221.576171875 126.96331405639648 308.56654357910156 43.8038215637207 308.56654357910156
46.58671188354492 220.9970245361328 130.3584327697754 220.9970245361328 130.3584327697754 306.6554260253906 46.58671188354492 306.6554260253906
47.883323669433594 221.98202514648438 131.61285400390625 221.98202514648438 131.61285400390625 309.6416778564453 47.883323669433594 309.6416778564453
53.239105224609375 222.2353515625 134.52728271484375 222.2353515625 134.52728271484375 307.8126525878906 53.239105224609375 307.8126525878906
55.60608673095703 221.2563018798828 135.13782501220703 221.2563018798828 135.13782501220703 306.76912689208984 55.60608673095703 306.76912689208984
56.77518844604492 221.39718627929688 135.9071388244629 221.39718627929688 135.9071388244629 306.03881072998047 56.77518844604492 306.03881072998047
59.191688537597656 221.40487670898438 137.95507049560547 221.40487670898438 137.95507049560547 305.4615707397461 59.191688537597656 305.4615707397461
60.84041213989258 222.449462890625 139.54089736938477 222.449462890625 139.54089736938477 305.9917449951172 60.84041213989258 305.9917449951172
63.27667236328125 220.50997924804688 143.37674713134766 220.50997924804688 143.37674713134766 306.0378952026367 63.27667236328125 306.0378952026367
65.17691802978516 221.22915649414062 144.21800994873047 221.22915649414062 144.21800994873047 306.79974365234375 65.17691802978516 306.79974365234375
68.72569274902344 220.119873046875 149.86092376708984 220.119873046875 149.86092376708984 304.0375213623047 68.72569274902344 304.0375213623047
72.02849578857422 222.49862670898438 151.94031524658203 222.49862670898438 151.94031524658203 307.65404510498047 72.02849578857422 307.65404510498047
75.21170043945312 222.83236694335938 154.15304565429688 222.83236694335938 154.15304565429688 310.07432556152344 75.21170043945312 310.07432556152344
76.41230773925781 222.44479370117188 156.11279296875 222.44479370117188 156.11279296875 309.94822692871094 76.41230773925781 309.94822692871094
79.99845123291016 221.4739990234375 163.06138610839844 221.4739990234375 163.06138610839844 307.26780700683594 79.99845123291016 307.26780700683594
84.24049377441406 221.96817016601562 165.76797485351562 221.96817016601562 165.76797485351562 308.2007293701172 84.24049377441406 308.2007293701172
87.20016479492188 222.4462127685547 168.73668670654297 222.4462127685547 168.73668670654297 310.13492584228516 87.20016479492188 310.13492584228516
89.1519546508789 223.2564697265625 172.22518157958984 223.2564697265625 172.22518157958984 309.56080627441406 89.1519546508789 309.56080627441406
91.78755950927734 221.4117431640625 172.5344009399414 221.4117431640625 172.5344009399414 307.8124771118164 91.78755950927734 307.8124771118164
96.61121368408203 223.15982055664062 178.40738677978516 223.15982055664062 178.40738677978516 307.9453887939453 96.61121368408203 307.9453887939453
99.66209411621094 222.4151153564453 182.12301635742188 222.4151153564453 182.12301635742188 306.47911071777344 99.66209411621094 306.47911071777344
101.88494110107422 219.84390258789062 183.44137573242188 219.84390258789062 183.44137573242188 305.0625305175781 101.88494110107422 305.0625305175781
103.2404556274414 218.78787231445312 185.58748626708984 218.78787231445312 185.58748626708984 305.09521484375 103.2404556274414 305.09521484375
106.9438705444336 217.52041625976562 188.3910903930664 217.52041625976562 188.3910903930664 302.4456329345703 106.9438705444336 302.4456329345703
108.08650207519531 218.1588897705078 190.57878875732422 218.1588897705078 190.57878875732422 303.9635314941406 108.08650207519531 303.9635314941406
108.70640563964844 218.7129669189453 190.70856475830078 218.7129669189453 190.70856475830078 304.56018829345703 108.70640563964844 304.56018829345703
110.9768295288086 217.5045928955078 195.1035919189453 217.5045928955078 195.1035919189453 301.7346420288086 110.9768295288086 301.7346420288086
112.22711181640625 217.6248321533203 196.5790252685547 217.6248321533203 196.5790252685547 300.8572082519531 112.22711181640625 300.8572082519531
115.03718566894531 216.1031494140625 198.66381072998047 216.1031494140625 198.66381072998047 300.469482421875 115.03718566894531 300.469482421875
116.7081298828125 215.82080078125 201.38502502441406 215.82080078125 201.38502502441406 299.92686462402344 116.7081298828125 299.92686462402344
118.55641174316406 215.76400756835938 204.6824493408203 215.76400756835938 204.6824493408203 299.70912170410156 118.55641174316406 299.70912170410156
119.98493957519531 215.0814971923828 206.36190032958984 215.0814971923828 206.36190032958984 299.9022445678711 119.98493957519531 299.9022445678711
119.45870208740234 216.13027954101562 207.0369415283203 216.13027954101562 207.0369415283203 301.65421295166016 119.45870208740234 301.65421295166016
121.4909439086914 216.2532958984375 208.85348510742188 216.2532958984375 208.85348510742188 302.06175231933594 121.4909439086914 302.06175231933594
122.14620208740234 214.98068237304688 211.46097564697266 214.98068237304688 211.46097564697266 301.22947692871094 122.14620208740234 301.22947692871094
122.86039733886719 214.2370147705078 213.17105102539062 214.2370147705078 213.17105102539062 299.53834533691406 122.86039733886719 299.53834533691406
123.74851989746094 214.10000610351562 214.06600952148438 214.10000610351562 214.06600952148438 300.71080017089844 123.74851989746094 300.71080017089844
124.7240982055664 214.1162872314453 215.29485321044922 214.1162872314453 215.29485321044922 300.3372802734375 124.7240982055664 300.3372802734375
126.3858413696289 214.78952026367188 217.02388763427734 214.78952026367188 217.02388763427734 300.90257263183594 126.3858413696289 300.90257263183594
127.509521484375 214.54788208007812 218.8915557861328 214.54788208007812 218.8915557861328 300.94407653808594 127.509521484375 300.94407653808594
127.61250305175781 216.0104217529297 221.11582946777344 216.0104217529297 221.11582946777344 301.2735061645508 127.61250305175781 301.2735061645508
129.4447784423828 215.76193237304688 222.23577880859375 215.76193237304688 222.23577880859375 301.5048065185547 129.4447784423828 301.5048065185547
131.89340209960938 215.66329956054688 224.5547866821289 215.66329956054688 224.5547866821289 301.25086975097656 131.89340209960938 301.25086975097656
133.84523010253906 216.4465789794922 225.76007080078125 216.4465789794922 225.76007080078125 301.6771240234375 133.84523010253906 301.6771240234375
135.20352172851562 216.1421661376953 227.06938934326172 216.1421661376953 227.06938934326172 302.3912811279297 135.20352172851562 302.3912811279297
134.41738891601562 215.8722381591797 226.70252990722656 215.8722381591797 226.70252990722656 301.81773376464844 134.41738891601562 301.81773376464844
135.92955017089844 215.3446502685547 229.1787872314453 215.3446502685547 229.1787872314453 302.5341796875 135.92955017089844 302.5341796875
137.27230834960938 214.8844757080078 229.48107147216797 214.8844757080078 229.48107147216797 302.26110076904297 137.27230834960938 302.26110076904297
137.3085174560547 215.92568969726562 228.5719757080078 215.92568969726562 228.5719757080078 302.17603302001953 137.3085174560547 302.17603302001953
138.48280334472656 215.72128295898438 230.11425018310547 215.72128295898438 230.11425018310547 301.83084869384766 138.48280334472656 301.83084869384766
138.7523193359375 216.1802520751953 227.8946304321289 216.1802520751953 227.8946304321289 300.7757110595703 138.7523193359375 300.7757110595703
139.62144470214844 215.71524047851562 227.33587646484375 215.71524047851562 227.33587646484375 300.7069549560547 139.62144470214844 300.7069549560547
138.6351318359375 216.33804321289062 226.80490112304688 216.33804321289062 226.80490112304688 300.84534454345703 138.6351318359375 300.84534454345703
136.0492706298828 216.066162109375 227.17031860351562 216.066162109375 227.17031860351562 300.33616638183594 136.0492706298828 300.33616638183594
135.01596069335938 216.8172607421875 225.0412368774414 216.8172607421875 225.0412368774414 299.99610137939453 135.01596069335938 299.99610137939453
133.6064910888672 215.50082397460938 224.91741943359375 215.50082397460938 224.91741943359375 300.15990447998047 133.6064910888672 300.15990447998047
132.17636108398438 215.50341796875 224.67831420898438 215.50341796875 224.67831420898438 301.7313232421875 132.17636108398438 301.7313232421875
130.94134521484375 215.95565795898438 224.3355484008789 215.95565795898438 224.3355484008789 301.9629592895508 130.94134521484375 301.9629592895508
130.4186553955078 215.8868408203125 222.8241958618164 215.8868408203125 222.8241958618164 304.37540435791016 130.4186553955078 304.37540435791016
128.77099609375 217.5118408203125 219.17630004882812 217.5118408203125 219.17630004882812 300.8346405029297 128.77099609375 300.8346405029297
127.95379638671875 217.76223754882812 218.43329620361328 217.76223754882812 218.43329620361328 301.50342559814453 127.95379638671875 301.50342559814453
127.88509368896484 217.69400024414062 219.57819366455078 217.69400024414062 219.57819366455078 302.5408935546875 127.88509368896484 302.5408935546875
128.0851593017578 217.77975463867188 220.78337860107422 217.77975463867188 220.78337860107422 303.02110290527344 128.0851593017578 303.02110290527344
126.3854751586914 218.57992553710938 217.30441284179688 218.57992553710938 217.30441284179688 303.59632873535156 126.3854751586914 303.59632873535156
126.1346435546875 217.7402801513672 219.51670837402344 217.7402801513672 219.51670837402344 301.12205505371094 126.1346435546875 301.12205505371094
126.05479431152344 219.2437286376953 217.91287231445312 219.2437286376953 217.91287231445312 302.3305206298828 126.05479431152344 302.3305206298828
125.95689392089844 219.132568359375 219.55437469482422 219.132568359375 219.55437469482422 303.2866973876953 125.95689392089844 303.2866973876953
126.10169982910156 218.43820190429688 219.6986083984375 218.43820190429688 219.6986083984375 303.66893768310547 126.10169982910156 303.66893768310547
127.47806549072266 217.840087890625 220.5374298095703 217.840087890625 220.5374298095703 303.3597412109375 127.47806549072266 303.3597412109375
126.99581146240234 217.8851318359375 221.01598358154297 217.8851318359375 221.01598358154297 304.5719299316406 126.99581146240234 304.5719299316406
126.04957580566406 218.63174438476562 220.47611236572266 218.63174438476562 220.47611236572266 305.68580627441406 126.04957580566406 305.68580627441406
126.78499603271484 218.1073455810547 222.25301361083984 218.1073455810547 222.25301361083984 306.36942291259766 126.78499603271484 306.36942291259766
127.58674621582031 218.5556182861328 221.61068725585938 218.5556182861328 221.61068725585938 306.4688186645508 127.58674621582031 306.4688186645508
127.3409652709961 217.4641571044922 223.17431640625 217.4641571044922 223.17431640625 306.3219299316406 127.3409652709961 306.3219299316406
126.58038330078125 216.3606719970703 223.66810607910156 216.3606719970703 223.66810607910156 307.39754486083984 126.58038330078125 307.39754486083984
127.31620788574219 216.13497924804688 222.9244842529297 216.13497924804688 222.9244842529297 307.54833984375 127.31620788574219 307.54833984375
130.4639129638672 214.7763671875 224.21658325195312 214.7763671875 224.21658325195312 307.9568634033203 130.4639129638672 307.9568634033203
132.4112548828125 215.00845336914062 225.29493713378906 215.00845336914062 225.29493713378906 308.08665466308594 132.4112548828125 308.08665466308594
132.65682983398438 213.30282592773438 223.75936889648438 213.30282592773438 223.75936889648438 306.65274810791016 132.65682983398438 306.65274810791016
133.55557250976562 214.9120635986328 225.15615844726562 214.9120635986328 225.15615844726562 307.5544128417969 133.55557250976562 307.5544128417969
133.9945831298828 212.45480346679688 224.75385284423828 212.45480346679688 224.75385284423828 303.60829162597656 133.9945831298828 303.60829162597656
136.6066131591797 211.0604705810547 224.97747039794922 211.0604705810547 224.97747039794922 301.3078308105469 136.6066131591797 301.3078308105469
137.18392944335938 214.8283233642578 226.7176971435547 214.8283233642578 226.7176971435547 303.11778259277344 137.18392944335938 303.11778259277344
136.0240478515625 215.76205444335938 225.91696166992188 215.76205444335938 225.91696166992188 300.6715393066406 136.0240478515625 300.6715393066406
134.72738647460938 213.3275146484375 222.72396850585938 213.3275146484375 222.72396850585938 301.5552520751953 134.72738647460938 301.5552520751953
136.13931274414062 215.4275665283203 225.71499633789062 215.4275665283203 225.71499633789062 300.43021392822266 136.13931274414062 300.43021392822266
135.64805603027344 216.1184539794922 225.37176513671875 216.1184539794922 225.37176513671875 300.98260498046875 135.64805603027344 300.98260498046875
137.93832397460938 215.5098876953125 226.92515563964844 215.5098876953125 226.92515563964844 300.91343688964844 137.93832397460938 300.91343688964844
137.18753051757812 216.8007354736328 226.55630493164062 216.8007354736328 226.55630493164062 301.6317443847656 137.18753051757812 301.6317443847656
138.72596740722656 214.789306640625 229.05111694335938 214.789306640625 229.05111694335938 300.50170135498047 138.72596740722656 300.50170135498047
135.69296264648438 214.51669311523438 224.2737274169922 214.51669311523438 224.2737274169922 302.42676544189453 135.69296264648438 302.42676544189453
140.68508911132812 213.33544921875 228.96942138671875 213.33544921875 228.96942138671875 300.0785827636719 140.68508911132812 300.0785827636719
141.20974731445312 208.31832885742188 226.3025665283203 208.31832885742188 226.3025665283203 297.00657653808594 141.20974731445312 297.00657653808594
145.1878662109375 209.4617919921875 228.97274780273438 209.4617919921875 228.97274780273438 296.7868347167969 145.1878662109375 296.7868347167969
145.6239776611328 209.6903076171875 228.83457946777344 209.6903076171875 228.83457946777344 296.4167938232422 145.6239776611328 296.4167938232422
144.494873046875 209.39022827148438 227.51193237304688 209.39022827148438 227.51193237304688 295.9149932861328 144.494873046875 295.9149932861328
144.29653930664062 211.9006805419922 227.1839141845703 211.9006805419922 227.1839141845703 298.290283203125 144.29653930664062 298.290283203125
143.363525390625 209.4326934814453 226.39883422851562 209.4326934814453 226.39883422851562 295.97647857666016 143.363525390625 295.97647857666016
137.10218811035156 220.27835083007812 219.2105712890625 220.27835083007812 219.2105712890625 305.8560485839844 137.10218811035156 305.8560485839844
143.0508575439453 213.5216827392578 224.6245880126953 213.5216827392578 224.6245880126953 298.5421371459961 143.0508575439453 298.5421371459961
138.15512084960938 216.4944305419922 220.22345733642578 216.4944305419922 220.22345733642578 301.6594467163086 138.15512084960938 301.6594467163086
138.27630615234375 216.7797088623047 219.1620101928711 216.7797088623047 219.1620101928711 301.08306884765625 138.27630615234375 301.08306884765625
138.0081787109375 219.28048706054688 219.51832580566406 219.28048706054688 219.51832580566406 304.23468017578125 138.0081787109375 304.23468017578125
141.06503295898438 217.17410278320312 222.47409057617188 217.17410278320312 222.47409057617188 302.02293395996094 141.06503295898438 302.02293395996094
138.55007934570312 218.2452392578125 220.36481475830078 218.2452392578125 220.36481475830078 303.51688385009766 138.55007934570312 303.51688385009766
137.77857971191406 219.5181427001953 219.5110321044922 219.5181427001953 219.5110321044922 304.70401763916016 137.77857971191406 304.70401763916016
136.72622680664062 219.37646484375 219.80844116210938 219.37646484375 219.80844116210938 305.96913146972656 136.72622680664062 305.96913146972656
135.783935546875 219.8837890625 217.0371856689453 219.8837890625 217.0371856689453 304.4693145751953 135.783935546875 304.4693145751953
136.31381225585938 222.0238800048828 217.40126037597656 222.0238800048828 217.40126037597656 306.24925994873047 136.31381225585938 306.24925994873047
135.6551971435547 220.0135040283203 217.70172119140625 220.0135040283203 217.70172119140625 305.5267333984375 135.6551971435547 305.5267333984375
136.39083862304688 220.5038604736328 218.6342544555664 220.5038604736328 218.6342544555664 306.2223129272461 136.39083862304688 306.2223129272461
138.45407104492188 218.656494140625 219.39698791503906 218.656494140625 219.39698791503906 303.0195007324219 138.45407104492188 303.0195007324219
138.5422821044922 222.22463989257812 218.9048080444336 222.22463989257812 218.9048080444336 305.9827194213867 138.5422821044922 305.9827194213867
134.32537841796875 215.41494750976562 214.03138732910156 215.41494750976562 214.03138732910156 298.48876190185547 134.32537841796875 298.48876190185547
140.76394653320312 216.4862518310547 219.7457733154297 216.4862518310547 219.7457733154297 298.80528259277344 140.76394653320312 298.80528259277344
139.64425659179688 214.18130493164062 218.45885467529297 214.18130493164062 218.45885467529297 296.32604217529297 139.64425659179688 296.32604217529297
142.82264709472656 213.50308227539062 223.09867095947266 213.50308227539062 223.09867095947266 296.3467559814453 142.82264709472656 296.3467559814453
152.35667419433594 216.9398956298828 234.3059310913086 216.9398956298828 234.3059310913086 302.35174560546875 152.35667419433594 302.35174560546875
151.81753540039062 215.2206268310547 235.06668090820312 215.2206268310547 235.06668090820312 301.9872817993164 151.81753540039062 301.9872817993164
155.16122436523438 212.4378204345703 240.26531219482422 212.4378204345703 240.26531219482422 301.1377868652344 155.16122436523438 301.1377868652344
157.59103393554688 211.6160125732422 242.34894561767578 211.6160125732422 242.34894561767578 299.95518493652344 157.59103393554688 299.95518493652344
159.48109436035156 214.6588897705078 244.72584533691406 214.6588897705078 244.72584533691406 303.5054626464844 159.48109436035156 303.5054626464844
165.11972045898438 211.95596313476562 250.4353256225586 211.95596313476562 250.4353256225586 300.8763961791992 165.11972045898438 300.8763961791992
165.505126953125 218.4066162109375 251.30184173583984 218.4066162109375 251.30184173583984 307.82848358154297 165.505126953125 307.82848358154297
171.8583526611328 217.77334594726562 257.5891418457031 217.77334594726562 257.5891418457031 307.12650299072266 171.8583526611328 307.12650299072266
174.30360412597656 218.6744842529297 260.3929901123047 218.6744842529297 260.3929901123047 308.4013900756836 174.30360412597656 308.4013900756836
180.5413360595703 213.17153930664062 266.3418960571289 213.17153930664062 266.3418960571289 302.59741973876953 180.5413360595703 302.59741973876953
182.87965393066406 213.2830047607422 269.1882019042969 213.2830047607422 269.1882019042969 303.2383270263672 182.87965393066406 303.2383270263672
177.218017578125 216.0008544921875 264.20533752441406 216.0008544921875 264.20533752441406 306.6636199951172 177.218017578125 306.6636199951172
189.01991271972656 214.6062774658203 275.96844482421875 214.6062774658203 275.96844482421875 305.2286071777344 189.01991271972656 305.2286071777344
188.62123107910156 216.29544067382812 276.06266021728516 216.29544067382812 276.06266021728516 307.43148040771484 188.62123107910156 307.43148040771484
192.462158203125 213.89718627929688 279.0961151123047 213.89718627929688 279.0961151123047 304.19163513183594 192.462158203125 304.19163513183594
194.05963134765625 216.3307647705078 281.1189193725586 216.3307647705078 281.1189193725586 307.06851959228516 194.05963134765625 307.06851959228516
187.3123321533203 218.284912109375 275.6465377807617 218.284912109375 275.6465377807617 310.35144805908203 187.3123321533203 310.35144805908203
195.79574584960938 217.64956665039062 281.3842544555664 217.64956665039062 281.3842544555664 306.8543930053711 195.79574584960938 306.8543930053711
205.24722290039062 219.8218994140625 289.4786682128906 219.8218994140625 289.4786682128906 307.61231994628906 205.24722290039062 307.61231994628906
209.2146759033203 217.06069946289062 293.34041595458984 217.06069946289062 293.34041595458984 304.7409439086914 209.2146759033203 304.7409439086914
211.749755859375 215.0511016845703 296.19942474365234 215.0511016845703 296.19942474365234 303.06896209716797 211.749755859375 303.06896209716797
213.5687255859375 218.36483764648438 297.3270721435547 218.36483764648438 297.3270721435547 305.6621627807617 213.5687255859375 305.6621627807617
219.8722686767578 219.29452514648438 302.0721130371094 219.29452514648438 302.0721130371094 304.9674987792969 219.8722686767578 304.9674987792969
222.01315307617188 216.92996215820312 301.37660217285156 216.92996215820312 301.37660217285156 299.6466979980469 222.01315307617188 299.6466979980469
229.22982788085938 215.6262969970703 307.24456787109375 215.6262969970703 307.24456787109375 296.9373474121094 229.22982788085938 296.9373474121094
230.2841033935547 216.69595336914062 308.4254150390625 216.69595336914062 308.4254150390625 298.13892364501953 230.2841033935547 298.13892364501953
235.1367645263672 215.29177856445312 312.7039031982422 215.29177856445312 312.7039031982422 296.13631439208984 235.1367645263672 296.13631439208984
237.00473022460938 213.4084014892578 315.09217834472656 213.4084014892578 315.09217834472656 294.7952423095703 237.00473022460938 294.7952423095703
244.04501342773438 212.93472290039062 322.76306915283203 212.93472290039062 322.76306915283203 294.9788131713867 244.04501342773438 294.9788131713867
244.5546417236328 214.3127899169922 324.0606689453125 214.3127899169922 324.0606689453125 297.17813873291016 244.5546417236328 297.17813873291016
248.09042358398438 213.31478881835938 329.1783676147461 213.31478881835938 329.1783676147461 297.8289031982422 248.09042358398438 297.8289031982422
251.5966796875 212.35946655273438 334.753173828125 212.35946655273438 334.753173828125 299.02953338623047 251.5966796875 299.02953338623047
258.90216064453125 212.57437133789062 340.87853240966797 212.57437133789062 340.87853240966797 298.0144500732422 258.90216064453125 298.0144500732422
256.34381103515625 211.7866973876953 338.7530059814453 211.7866973876953 338.7530059814453 297.6778869628906 256.34381103515625 297.6778869628906
266.463134765625 213.83963012695312 355.6652526855469 213.83963012695312 355.6652526855469 293.0021438598633 266.463134765625 293.0021438598633
266.3777770996094 211.2214813232422 352.5738296508789 211.2214813232422 352.5738296508789 292.11861419677734 266.3777770996094 292.11861419677734
273.09686279296875 209.6149139404297 352.61212158203125 209.6149139404297 352.61212158203125 292.4898986816406 273.09686279296875 292.4898986816406
279.41461181640625 205.792724609375 359.33538818359375 205.792724609375 359.33538818359375 289.0903549194336 279.41461181640625 289.0903549194336
283.5416564941406 206.56204223632812 362.16404724121094 206.56204223632812 362.16404724121094 288.5064239501953 283.5416564941406 288.5064239501953
287.9231872558594 207.1958465576172 365.7803421020508 207.1958465576172 365.7803421020508 288.34265899658203 287.9231872558594 288.34265899658203
291.191650390625 206.60360717773438 368.7669906616211 206.60360717773438 368.7669906616211 287.45670318603516 291.191650390625 287.45670318603516
291.5406799316406 206.4499053955078 367.8758239746094 206.4499053955078 367.8758239746094 286.0104064941406 291.5406799316406 286.0104064941406
299.24688720703125 210.66860961914062 374.8020477294922 210.66860961914062 374.8020477294922 289.41617584228516 299.24688720703125 289.41617584228516
304.22186279296875 214.8999481201172 379.70616149902344 214.8999481201172 379.70616149902344 293.57366943359375 304.22186279296875 293.57366943359375
305.17083740234375 219.31088256835938 380.34532165527344 219.31088256835938 380.34532165527344 297.6616973876953 305.17083740234375 297.6616973876953
308.2828674316406 217.5487823486328 383.2584228515625 217.5487823486328 383.2584228515625 295.6922607421875 308.2828674316406 295.6922607421875
307.69525146484375 215.73953247070312 383.9692611694336 215.73953247070312 383.9692611694336 295.236328125 307.69525146484375 295.236328125
315.08294677734375 215.44424438476562 390.92542266845703 215.44424438476562 390.92542266845703 294.49127197265625 315.08294677734375 294.49127197265625
316.0962829589844 214.22836303710938 392.46964263916016 214.22836303710938 392.46964263916016 293.8287048339844 316.0962829589844 293.8287048339844
317.8500671386719 213.7728271484375 394.50634002685547 213.7728271484375 394.50634002685547 293.6680450439453 317.8500671386719 293.6680450439453
325.3905029296875 212.9102783203125 403.1353988647461 212.9102783203125 403.1353988647461 292.63006591796875 325.3905029296875 292.63006591796875
327.60430908203125 214.5276336669922 404.91414642333984 214.5276336669922 404.91414642333984 292.1552963256836 327.60430908203125 292.1552963256836
334.93780517578125 216.4329833984375 414.1158676147461 216.4329833984375 414.1158676147461 291.1144561767578 334.93780517578125 291.1144561767578
337.98809814453125 212.71224975585938 413.8624496459961 212.71224975585938 413.8624496459961 289.34598541259766 337.98809814453125 289.34598541259766
341.5955505371094 211.5102081298828 415.3380126953125 211.5102081298828 415.3380126953125 288.36849212646484 341.5955505371094 288.36849212646484
342.04705810546875 213.1419677734375 417.26341247558594 213.1419677734375 417.26341247558594 290.59149169921875 342.04705810546875 290.59149169921875
344.1226501464844 212.2152099609375 419.26790618896484 212.2152099609375 419.26790618896484 289.27762603759766 344.1226501464844 289.27762603759766
346.29986572265625 212.2897186279297 421.3050994873047 212.2897186279297 421.3050994873047 290.46411895751953 346.29986572265625 290.46411895751953
350.30096435546875 211.9106903076172 425.06969451904297 211.9106903076172 425.06969451904297 289.8385925292969 350.30096435546875 289.8385925292969
351.8419494628906 211.6144561767578 427.29505157470703 211.6144561767578 427.29505157470703 290.2556457519531 351.8419494628906 290.2556457519531
354.3073425292969 210.28073120117188 429.2717971801758 210.28073120117188 429.2717971801758 288.4126281738281 354.3073425292969 288.4126281738281
355.70733642578125 212.16897583007812 430.1219253540039 212.16897583007812 430.1219253540039 289.72776794433594 355.70733642578125 289.72776794433594
358.85693359375 215.88916015625 433.45591735839844 215.88916015625 433.45591735839844 293.64014434814453 358.85693359375 293.64014434814453
363.780029296875 210.5330352783203 438.678466796875 210.5330352783203 438.678466796875 288.59613037109375 363.780029296875 288.59613037109375
364.4251708984375 210.7133331298828 441.117919921875 210.7133331298828 441.117919921875 290.64654541015625 364.4251708984375 290.64654541015625
366.21490478515625 210.8141632080078 443.16710662841797 210.8141632080078 443.16710662841797 291.0177917480469 366.21490478515625 291.0177917480469
369.325439453125 212.1453094482422 446.5155792236328 212.1453094482422 446.5155792236328 292.596923828125 369.325439453125 292.596923828125
372.3621520996094 213.5605926513672 450.8271026611328 213.5605926513672 450.8271026611328 295.34088134765625 372.3621520996094 295.34088134765625
373.8177795410156 210.5516357421875 453.5047149658203 210.5516357421875 453.5047149658203 293.6055450439453 373.8177795410156 293.6055450439453
377.2799377441406 211.8337860107422 455.4425964355469 211.8337860107422 455.4425964355469 293.29901123046875 377.2799377441406 293.29901123046875
380.1361999511719 207.35159301757812 458.9397430419922 207.35159301757812 458.9397430419922 289.4847869873047 380.1361999511719 289.4847869873047
381.62738037109375 210.7081756591797 460.7298355102539 210.7081756591797 460.7298355102539 293.1529083251953 381.62738037109375 293.1529083251953
384.348876953125 207.1201934814453 463.9727020263672 207.1201934814453 463.9727020263672 290.1083297729492 384.348876953125 290.1083297729492
383.59112548828125 206.3635711669922 464.3371124267578 206.3635711669922 464.3371124267578 290.5212860107422 383.59112548828125 290.5212860107422
386.11065673828125 207.4947967529297 468.07566833496094 207.4947967529297 468.07566833496094 292.9230422973633 386.11065673828125 292.9230422973633
388.1540832519531 213.56747436523438 469.9396209716797 213.56747436523438 469.9396209716797 298.8086471557617 388.1540832519531 298.8086471557617
391.3414001464844 214.97866821289062 473.46665954589844 214.97866821289062 473.46665954589844 299.1352844238281 391.3414001464844 299.1352844238281
394.01806640625 212.0380096435547 475.43985748291016 212.0380096435547 475.43985748291016 296.3033142089844 394.01806640625 296.3033142089844
395.3304748535156 211.2361297607422 477.6052703857422 211.2361297607422 477.6052703857422 296.80162048339844 395.3304748535156 296.80162048339844
395.0774841308594 209.643798828125 479.2518615722656 209.643798828125 479.2518615722656 296.68955993652344 395.0774841308594 296.68955993652344
396.9583435058594 213.2579803466797 481.36183166503906 213.2579803466797 481.36183166503906 300.1775131225586 396.9583435058594 300.1775131225586
400.48956298828125 214.87893676757812 486.5409393310547 214.87893676757812 486.5409393310547 300.42647552490234 400.48956298828125 300.42647552490234
400.74853515625 213.4485321044922 487.0634002685547 213.4485321044922 487.0634002685547 299.890625 400.74853515625 299.890625
403.392578125 213.2979278564453 488.5151062011719 213.2979278564453 488.5151062011719 299.7664794921875 403.392578125 299.7664794921875
404.0871887207031 212.49765014648438 490.12481689453125 212.49765014648438 490.12481689453125 299.18138885498047 404.0871887207031 299.18138885498047
404.8351135253906 213.51547241210938 491.2161331176758 213.51547241210938 491.2161331176758 301.32044219970703 404.8351135253906 301.32044219970703
405.0602111816406 212.311279296875 491.46337127685547 212.311279296875 491.46337127685547 300.78263092041016 405.0602111816406 300.78263092041016
406.1245422363281 211.2516632080078 492.30186462402344 211.2516632080078 492.30186462402344 300.8743896484375 406.1245422363281 300.8743896484375
408.89508056640625 212.1584930419922 496.95381927490234 212.1584930419922 496.95381927490234 302.2113037109375 408.89508056640625 302.2113037109375
409.9140625 211.867431640625 497.2468719482422 211.867431640625 497.2468719482422 302.52708435058594 409.9140625 302.52708435058594
409.63360595703125 211.340576171875 497.2357940673828 211.340576171875 497.2357940673828 302.2242889404297 409.63360595703125 302.2242889404297
410.9944763183594 210.60446166992188 500.4907913208008 210.60446166992188 500.4907913208008 300.77327728271484 410.9944763183594 300.77327728271484
412.82159423828125 210.2091522216797 504.4160385131836 210.2091522216797 504.4160385131836 300.44808197021484 412.82159423828125 300.44808197021484
417.9744567871094 203.44171142578125 505.83837127685547 203.44171142578125 505.83837127685547 295.01812744140625 417.9744567871094 295.01812744140625
420.74810791015625 203.68923950195312 508.0701141357422 203.68923950195312 508.0701141357422 294.7008514404297 420.74810791015625 294.7008514404297
422.8482360839844 203.69664001464844 509.37989807128906 203.69664001464844 509.37989807128906 293.884521484375 422.8482360839844 293.884521484375
425.69927978515625 205.34652709960938 513.0962448120117 205.34652709960938 513.0962448120117 296.43626403808594 425.69927978515625 296.43626403808594
427.7630920410156 204.44583129882812 515.8804626464844 204.44583129882812 515.8804626464844 296.28641510009766 427.7630920410156 296.28641510009766
432.32012939453125 204.89181518554688 518.932502746582 204.89181518554688 518.932502746582 295.16380310058594 432.32012939453125 295.16380310058594
437.1883239746094 203.7970733642578 524.1474456787109 203.7970733642578 524.1474456787109 294.43045806884766 437.1883239746094 294.43045806884766
439.506103515625 204.55184936523438 526.8645553588867 204.55184936523438 526.8645553588867 295.6014404296875 439.506103515625 295.6014404296875
441.1861267089844 204.14328002929688 528.418571472168 204.14328002929688 528.418571472168 295.06153869628906 441.1861267089844 295.06153869628906
445.6656188964844 204.65310668945312 533.0832595825195 204.65310668945312 533.0832595825195 295.76438903808594 445.6656188964844 295.76438903808594
445.79913330078125 201.91201782226562 534.3570098876953 201.91201782226562 534.3570098876953 294.2117156982422 445.79913330078125 294.2117156982422
445.373046875 202.7714080810547 535.1346054077148 202.7714080810547 535.1346054077148 296.32564544677734 445.373046875 296.32564544677734
448.60052490234375 204.9780731201172 539.4419937133789 204.9780731201172 539.4419937133789 299.6578598022461 448.60052490234375 299.6578598022461
448.86053466796875 200.2855682373047 540.0827789306641 200.2855682373047 540.0827789306641 295.36222076416016 448.86053466796875 295.36222076416016
449.9269104003906 203.5929412841797 542.4364624023438 203.5929412841797 542.4364624023438 300.01129150390625 449.9269104003906 300.01129150390625
451.8643493652344 203.2954559326172 543.7971115112305 203.2954559326172 543.7971115112305 299.1126403808594 451.8643493652344 299.1126403808594
452.5619201660156 203.1209716796875 544.4619445800781 203.1209716796875 544.4619445800781 298.90403747558594 452.5619201660156 298.90403747558594
454.0541076660156 204.66197204589844 550.7352447509766 204.66197204589844 550.7352447509766 297.9060363769531 454.0541076660156 297.9060363769531
451.744140625 203.36590576171875 544.6384353637695 203.36590576171875 544.6384353637695 300.1852340698242 451.744140625 300.1852340698242
453.55419921875 205.4479217529297 551.6666717529297 205.4479217529297 551.6666717529297 298.9283447265625 453.55419921875 298.9283447265625
454.9295349121094 203.2043914794922 549.3485565185547 203.2043914794922 549.3485565185547 301.61287689208984 454.9295349121094 301.61287689208984
456.0957946777344 204.31898498535156 553.3038024902344 204.31898498535156 553.3038024902344 298.0254821777344 456.0957946777344 298.0254821777344
458.681884765625 203.06832885742188 554.1059722900391 203.06832885742188 554.1059722900391 298.7646789550781 458.681884765625 298.7646789550781
458.1983947753906 203.1500701904297 553.7699356079102 203.1500701904297 553.7699356079102 299.04566955566406 458.1983947753906 299.04566955566406
462.3133239746094 204.6898956298828 558.4289321899414 204.6898956298828 558.4289321899414 299.99730682373047 462.3133239746094 299.99730682373047
463.60693359375 203.82945251464844 563.9590835571289 203.82945251464844 563.9590835571289 294.78685760498047 463.60693359375 294.78685760498047
464.9359436035156 205.9777374267578 559.9804229736328 205.9777374267578 559.9804229736328 300.36531829833984 464.9359436035156 300.36531829833984
466.9169006347656 204.29910278320312 560.6293792724609 204.29910278320312 560.6293792724609 301.97118377685547 466.9169006347656 301.97118377685547
469.61981201171875 203.42410278320312 568.1661071777344 203.42410278320312 568.1661071777344 296.63621520996094 469.61981201171875 296.63621520996094
473.6968688964844 203.59628295898438 571.2645645141602 203.59628295898438 571.2645645141602 300.21639251708984 473.6968688964844 300.21639251708984
480.88885498046875 203.06227111816406 580.7652206420898 203.06227111816406 580.7652206420898 303.04749298095703 480.88885498046875 303.04749298095703
483.6827087402344 200.3216094970703 582.8472213745117 200.3216094970703 582.8472213745117 303.6761016845703 483.6827087402344 303.6761016845703
483.3128967285156 200.07699584960938 585.6776580810547 200.07699584960938 585.6776580810547 302.1016159057617 483.3128967285156 302.1016159057617
481.67578125 200.0766143798828 585.9026870727539 200.0766143798828 585.9026870727539 299.7442321777344 481.67578125 299.7442321777344
486.53564453125 196.1927947998047 588.8853530883789 196.1927947998047 588.8853530883789 302.8670654296875 486.53564453125 302.8670654296875
480.953369140625 198.10812377929688 585.1873016357422 198.10812377929688 585.1873016357422 306.74623107910156 480.953369140625 306.74623107910156
484.6962890625 199.67904663085938 591.6156997680664 199.67904663085938 591.6156997680664 306.5420837402344 484.6962890625 306.5420837402344
485.7967224121094 199.63894653320312 594.8151779174805 199.63894653320312 594.8151779174805 304.8450622558594 485.7967224121094 304.8450622558594
489.673828125 196.47740173339844 595.9554061889648 196.47740173339844 595.9554061889648 303.5357666015625 489.673828125 303.5357666015625
488.66766357421875 199.8382568359375 599.7303924560547 199.8382568359375 599.7303924560547 304.80857849121094 488.66766357421875 304.80857849121094
490.6253967285156 200.2158203125 604.0193786621094 200.2158203125 604.0193786621094 306.4616928100586 490.6253967285156 306.4616928100586
488.0849609375 203.4789581298828 603.9694366455078 203.4789581298828 603.9694366455078 307.3209762573242 488.0849609375 307.3209762573242
486.7408142089844 202.2476348876953 602.7765045166016 202.2476348876953 602.7765045166016 305.92396545410156 486.7408142089844 305.92396545410156
487.8545837402344 204.04052734375 604.6577224731445 204.04052734375 604.6577224731445 307.5913848876953 487.8545837402344 307.5913848876953
491.36346435546875 201.55003356933594 606.2353897094727 201.55003356933594 606.2353897094727 306.8073959350586 491.36346435546875 306.8073959350586
487.7518615722656 202.8704833984375 602.4486846923828 202.8704833984375 602.4486846923828 306.9971923828125 487.7518615722656 306.9971923828125
487.57965087890625 202.5255889892578 603.1568603515625 202.5255889892578 603.1568603515625 306.8534240722656 487.57965087890625 306.8534240722656
485.9200134277344 206.80307006835938 605.2075042724609 206.80307006835938 605.2075042724609 309.74171447753906 485.9200134277344 309.74171447753906
480.5126037597656 204.28518676757812 599.5195388793945 204.28518676757812 599.5195388793945 305.5919876098633 480.5126037597656 305.5919876098633
486.76263427734375 201.65359497070312 602.6475219726562 201.65359497070312 602.6475219726562 306.08960723876953 486.76263427734375 306.08960723876953
486.333984375 204.79440307617188 603.9482803344727 204.79440307617188 603.9482803344727 306.87367248535156 486.333984375 306.87367248535156
488.1410217285156 204.63694763183594 604.576042175293 204.63694763183594 604.576042175293 306.5081787109375 488.1410217285156 306.5081787109375
487.6173400878906 203.73666381835938 604.9438018798828 203.73666381835938 604.9438018798828 307.11280822753906 487.6173400878906 307.11280822753906
491.3899841308594 202.03102111816406 604.9452667236328 202.03102111816406 604.9452667236328 306.23992919921875 491.3899841308594 306.23992919921875
489.91455078125 206.6476287841797 604.4570770263672 206.6476287841797 604.4570770263672 309.9024658203125 489.91455078125 309.9024658203125
494.29351806640625 203.9459991455078 607.0861968994141 203.9459991455078 607.0861968994141 307.4289093017578 494.29351806640625 307.4289093017578
494.80450439453125 202.22991943359375 606.2679443359375 202.22991943359375 606.2679443359375 305.0825958251953 494.80450439453125 305.0825958251953
498.6026916503906 202.8799591064453 609.7597198486328 202.8799591064453 609.7597198486328 305.8190002441406 498.6026916503906 305.8190002441406
503.7879333496094 204.50015258789062 611.9970779418945 204.50015258789062 611.9970779418945 306.44441986083984 503.7879333496094 306.44441986083984
505.1295471191406 200.52359008789062 610.6143035888672 200.52359008789062 610.6143035888672 302.59839630126953 505.1295471191406 302.59839630126953
510.1136169433594 194.5735321044922 611.1794281005859 194.5735321044922 611.1794281005859 299.90965270996094 510.1136169433594 299.90965270996094
513.5753784179688 193.79559326171875 614.4582672119141 193.79559326171875 614.4582672119141 298.9410629272461 513.5753784179688 298.9410629272461
512.7083740234375 194.2683563232422 613.413215637207 194.2683563232422 613.413215637207 299.22825622558594 512.7083740234375 299.22825622558594
513.73291015625 199.6746368408203 616.8090057373047 199.6746368408203 616.8090057373047 303.4445495605469 513.73291015625 303.4445495605469
515.0264892578125 201.37635803222656 620.0308380126953 201.37635803222656 620.0308380126953 302.90645599365234 515.0264892578125 302.90645599365234
516.1887817382812 196.0704803466797 620.2005996704102 196.0704803466797 620.2005996704102 301.9417190551758 516.1887817382812 301.9417190551758
516.7445678710938 197.46824645996094 620.4658355712891 197.46824645996094 620.4658355712891 302.8705291748047 516.7445678710938 302.8705291748047
517.6436767578125 197.63583374023438 619.6426849365234 197.63583374023438 619.6426849365234 303.44261169433594 517.6436767578125 303.44261169433594
514.6339111328125 198.54116821289062 618.8760223388672 198.54116821289062 618.8760223388672 304.08287048339844 514.6339111328125 304.08287048339844
513.2372436523438 193.8206329345703 616.1953277587891 193.8206329345703 616.1953277587891 300.7100524902344 513.2372436523438 300.7100524902344
511.84423828125 195.44395446777344 613.4201812744141 195.44395446777344 613.4201812744141 301.311767578125 511.84423828125 301.311767578125
510.75421142578125 196.95870971679688 611.1794204711914 196.95870971679688 611.1794204711914 301.6271667480469 510.75421142578125 301.6271667480469
508.3643493652344 195.3050537109375 610.2147369384766 195.3050537109375 610.2147369384766 301.4589080810547 508.3643493652344 301.4589080810547
505.40966796875 197.0983428955078 609.216064453125 197.0983428955078 609.216064453125 302.516357421875 505.40966796875 302.516357421875
503.02374267578125 200.17306518554688 608.3499755859375 200.17306518554688 608.3499755859375 304.1366882324219 503.02374267578125 304.1366882324219
502.2635803222656 198.94943237304688 608.5248336791992 198.94943237304688 608.5248336791992 304.42689514160156 502.2635803222656 304.42689514160156
502.67401123046875 199.77197265625 607.2223358154297 199.77197265625 607.2223358154297 303.81605529785156 502.67401123046875 303.81605529785156
501.9132385253906 197.0167236328125 605.1219024658203 197.0167236328125 605.1219024658203 301.3052215576172 501.9132385253906 301.3052215576172
501.93731689453125 198.09078979492188 605.6200103759766 198.09078979492188 605.6200103759766 302.31385040283203 501.93731689453125 302.31385040283203
500.2361755371094 196.5500030517578 605.7522430419922 196.5500030517578 605.7522430419922 302.1576690673828 500.2361755371094 302.1576690673828
502.29833984375 196.334228515625 607.19140625 196.334228515625 607.19140625 304.05257415771484 502.29833984375 304.05257415771484
498.3497009277344 196.65699768066406 601.8642501831055 196.65699768066406 601.8642501831055 304.5452880859375 498.3497009277344 304.5452880859375
497.02337646484375 193.9350128173828 601.9899291992188 193.9350128173828 601.9899291992188 303.33666229248047 497.02337646484375 303.33666229248047
498.45623779296875 197.78213500976562 601.8217163085938 197.78213500976562 601.8217163085938 305.5150680541992 498.45623779296875 305.5150680541992
500.2625427246094 196.27474975585938 604.5479278564453 196.27474975585938 604.5479278564453 304.9664611816406 500.2625427246094 304.9664611816406
496.18463134765625 193.97119140625 601.8098754882812 193.97119140625 601.8098754882812 304.0593719482422 496.18463134765625 304.0593719482422
492.943115234375 194.61849975585938 599.3999404907227 194.61849975585938 599.3999404907227 305.5733947753906 492.943115234375 305.5733947753906
494.2744140625 190.2408905029297 600.9992218017578 190.2408905029297 600.9992218017578 301.47509765625 494.2744140625 301.47509765625
494.382568359375 195.295654296875 600.9648284912109 195.295654296875 600.9648284912109 306.38128662109375 494.382568359375 306.38128662109375
492.22454833984375 192.36367797851562 601.0109024047852 192.36367797851562 601.0109024047852 305.7465362548828 492.22454833984375 305.7465362548828
487.32220458984375 190.8249053955078 596.3830718994141 190.8249053955078 596.3830718994141 304.4938735961914 487.32220458984375 304.4938735961914
486.38311767578125 186.2594757080078 596.2994003295898 186.2594757080078 596.2994003295898 300.8199996948242 486.38311767578125 300.8199996948242
483.9970703125 192.00949096679688 596.5899276733398 192.00949096679688 596.5899276733398 304.8318328857422 483.9970703125 304.8318328857422
482.01190185546875 190.347900390625 595.2177352905273 190.347900390625 595.2177352905273 302.80020904541016 482.01190185546875 302.80020904541016
479.8036193847656 195.6669158935547 595.221565246582 195.6669158935547 595.221565246582 307.1465301513672 479.8036193847656 307.1465301513672
474.8904724121094 197.7793426513672 593.7753372192383 197.7793426513672 593.7753372192383 303.7571258544922 474.8904724121094 303.7571258544922
471.611328125 199.8801727294922 590.9146347045898 199.8801727294922 590.9146347045898 302.8850326538086 471.611328125 302.8850326538086
473.06298828125 199.3882598876953 592.0762176513672 199.3882598876953 592.0762176513672 301.16859436035156 473.06298828125 301.16859436035156
471.51995849609375 199.8939971923828 590.1664581298828 199.8939971923828 590.1664581298828 300.55113220214844 471.51995849609375 300.55113220214844
471.86260986328125 198.73019409179688 590.2902679443359 198.73019409179688 590.2902679443359 297.5881042480469 471.86260986328125 297.5881042480469
464.23760986328125 202.9322509765625 585.8290023803711 202.9322509765625 585.8290023803711 301.65662384033203 464.23760986328125 301.65662384033203
454.09173583984375 200.18710327148438 576.5234985351562 200.18710327148438 576.5234985351562 299.3021926879883 454.09173583984375 299.3021926879883
450.4307556152344 201.2982635498047 574.8509826660156 201.2982635498047 574.8509826660156 299.1192398071289 450.4307556152344 299.1192398071289
449.10205078125 200.52276611328125 573.7413177490234 200.52276611328125 573.7413177490234 300.60924530029297 449.10205078125 300.60924530029297
442.16973876953125 200.7593231201172 568.1863250732422 200.7593231201172 568.1863250732422 302.58016204833984 442.16973876953125 302.58016204833984
432.07940673828125 201.7567901611328 559.1134185791016 201.7567901611328 559.1134185791016 307.24352264404297 432.07940673828125 307.24352264404297
426.60162353515625 199.4539794921875 551.2517547607422 199.4539794921875 551.2517547607422 306.8581085205078 426.60162353515625 306.8581085205078
422.43310546875 200.52774047851562 547.2875366210938 200.52774047851562 547.2875366210938 308.23937225341797 422.43310546875 308.23937225341797
424.81463623046875 192.02342224121094 536.5674896240234 192.02342224121094 536.5674896240234 308.4981384277344 424.81463623046875 308.4981384277344
420.03497314453125 200.74667358398438 538.6027221679688 200.74667358398438 538.6027221679688 310.6180114746094 420.03497314453125 310.6180114746094
420.50115966796875 200.3419952392578 534.5334625244141 200.3419952392578 534.5334625244141 309.08182525634766 420.50115966796875 309.08182525634766
419.9707946777344 201.91844177246094 533.2267532348633 201.91844177246094 533.2267532348633 310.38934326171875 419.9707946777344 310.38934326171875
418.0966796875 205.9007568359375 533.0314331054688 205.9007568359375 533.0314331054688 309.8787841796875 418.0966796875 309.8787841796875
414.92132568359375 207.92709350585938 526.7627716064453 207.92709350585938 526.7627716064453 308.97230529785156 414.92132568359375 308.97230529785156
414.23248291015625 209.3642578125 524.4010391235352 209.3642578125 524.4010391235352 310.1841812133789 414.23248291015625 310.1841812133789
416.97198486328125 211.3068389892578 526.7319793701172 211.3068389892578 526.7319793701172 310.4493942260742 416.97198486328125 310.4493942260742
416.6680603027344 214.3806915283203 525.7875671386719 214.3806915283203 525.7875671386719 311.06687927246094 416.6680603027344 311.06687927246094
418.14337158203125 212.3417510986328 525.8040618896484 212.3417510986328 525.8040618896484 310.58411407470703 418.14337158203125 310.58411407470703
415.04608154296875 215.25570678710938 524.1692657470703 215.25570678710938 524.1692657470703 311.4525909423828 415.04608154296875 311.4525909423828
413.5892028808594 215.48910522460938 522.382438659668 215.48910522460938 522.382438659668 310.86226654052734 413.5892028808594 310.86226654052734
409.59906005859375 214.28060913085938 517.9966278076172 214.28060913085938 517.9966278076172 310.1338195800781 409.59906005859375 310.1338195800781
408.5586853027344 214.599365234375 514.3210601806641 214.599365234375 514.3210601806641 310.0490493774414 408.5586853027344 310.0490493774414
413.39361572265625 215.76351928710938 520.6771011352539 215.76351928710938 520.6771011352539 314.75108337402344 413.39361572265625 314.75108337402344
409.93353271484375 215.8595733642578 516.7238922119141 215.8595733642578 516.7238922119141 312.2568588256836 409.93353271484375 312.2568588256836
412.11175537109375 213.8646697998047 518.7303314208984 213.8646697998047 518.7303314208984 310.1395568847656 412.11175537109375 310.1395568847656
416.1246032714844 215.0246124267578 523.3698043823242 215.0246124267578 523.3698043823242 313.6865539550781 416.1246032714844 313.6865539550781
414.81341552734375 214.47421264648438 522.4048919677734 214.47421264648438 522.4048919677734 313.1702346801758 414.81341552734375 313.1702346801758
410.64886474609375 214.24282836914062 518.8564834594727 214.24282836914062 518.8564834594727 310.51832580566406 410.64886474609375 310.51832580566406
413.7237854003906 213.63418579101562 520.7939910888672 213.63418579101562 520.7939910888672 308.5948715209961 413.7237854003906 308.5948715209961
411.51202392578125 214.1625518798828 516.8774795532227 214.1625518798828 516.8774795532227 309.2174072265625 411.51202392578125 309.2174072265625
415.2212829589844 210.9875946044922 520.808967590332 210.9875946044922 520.808967590332 308.41650390625 415.2212829589844 308.41650390625
410.87054443359375 212.8433074951172 516.8531723022461 212.8433074951172 516.8531723022461 306.2919616699219 410.87054443359375 306.2919616699219
414.02996826171875 211.85476684570312 516.6731948852539 211.85476684570312 516.6731948852539 306.99090576171875 414.02996826171875 306.99090576171875
410.46954345703125 210.70571899414062 513.0171737670898 210.70571899414062 513.0171737670898 306.16699981689453 410.46954345703125 306.16699981689453
412.3306579589844 210.6846160888672 513.4165878295898 210.6846160888672 513.4165878295898 304.53546142578125 412.3306579589844 304.53546142578125
413.044189453125 210.7901611328125 514.7592620849609 210.7901611328125 514.7592620849609 305.4268493652344 413.044189453125 305.4268493652344
415.3565979003906 212.0774688720703 513.9475555419922 212.0774688720703 513.9475555419922 303.94437408447266 415.3565979003906 303.94437408447266
419.5135803222656 211.57052612304688 515.4210968017578 211.57052612304688 515.4210968017578 304.5044174194336 419.5135803222656 304.5044174194336
419.0997619628906 206.9376678466797 514.4182205200195 206.9376678466797 514.4182205200195 299.79869079589844 419.0997619628906 299.79869079589844
417.03436279296875 207.67684936523438 512.6673965454102 207.67684936523438 512.6673965454102 298.5519561767578 417.03436279296875 298.5519561767578
419.22125244140625 207.13638305664062 513.1446838378906 207.13638305664062 513.1446838378906 298.5511474609375 419.22125244140625 298.5511474609375
420.36181640625 206.68563842773438 513.1319885253906 206.68563842773438 513.1319885253906 299.6549530029297 420.36181640625 299.6549530029297
418.7813415527344 207.5250701904297 513.3762054443359 207.5250701904297 513.3762054443359 299.40132904052734 418.7813415527344 299.40132904052734
419.5433044433594 207.2386016845703 513.8334732055664 207.2386016845703 513.8334732055664 297.86080169677734 419.5433044433594 297.86080169677734
421.4481506347656 205.96994018554688 517.4632797241211 205.96994018554688 517.4632797241211 299.35935974121094 421.4481506347656 299.35935974121094
421.39794921875 206.0750274658203 517.6498031616211 206.0750274658203 517.6498031616211 297.7421569824219 421.39794921875 297.7421569824219
419.5099182128906 204.8677520751953 517.6166305541992 204.8677520751953 517.6166305541992 297.1610107421875 419.5099182128906 297.1610107421875
419.1095275878906 203.5296173095703 518.6022720336914 203.5296173095703 518.6022720336914 297.07630920410156 419.1095275878906 297.07630920410156
418.99017333984375 204.56533813476562 519.6862335205078 204.56533813476562 519.6862335205078 298.44334411621094 418.99017333984375 298.44334411621094
421.720947265625 200.45632934570312 517.3297119140625 200.45632934570312 517.3297119140625 298.3593444824219 421.720947265625 298.3593444824219
422.53167724609375 196.5203399658203 518.0720672607422 196.5203399658203 518.0720672607422 296.09759521484375 422.53167724609375 296.09759521484375
420.4332580566406 196.3677215576172 520.1890487670898 196.3677215576172 520.1890487670898 294.2881088256836 420.4332580566406 294.2881088256836
424.97235107421875 193.87481689453125 523.4465103149414 193.87481689453125 523.4465103149414 296.50980377197266 424.97235107421875 296.50980377197266
421.05767822265625 192.8751678466797 520.9116516113281 192.8751678466797 520.9116516113281 293.6712646484375 421.05767822265625 293.6712646484375
423.29559326171875 194.3929443359375 521.6320953369141 194.3929443359375 521.6320953369141 296.88446044921875 423.29559326171875 296.88446044921875
423.65936279296875 189.38247680664062 521.7853698730469 189.38247680664062 521.7853698730469 291.6546096801758 423.65936279296875 291.6546096801758
423.2229919433594 189.38858032226562 519.8984451293945 189.38858032226562 519.8984451293945 290.1488723754883 423.2229919433594 290.1488723754883
420.89532470703125 191.200927734375 521.8769226074219 191.200927734375 521.8769226074219 289.9020462036133 420.89532470703125 289.9020462036133
421.2721252441406 189.5642852783203 523.6847229003906 189.5642852783203 523.6847229003906 292.76771545410156 421.2721252441406 292.76771545410156
417.0414123535156 194.46133422851562 520.6089019775391 194.46133422851562 520.6089019775391 296.73695373535156 417.0414123535156 296.73695373535156
415.1504821777344 192.4254913330078 520.4861907958984 192.4254913330078 520.4861907958984 294.46053314208984 415.1504821777344 294.46053314208984
414.418212890625 193.50758361816406 519.6630630493164 193.50758361816406 519.6630630493164 296.8662109375 414.418212890625 296.8662109375
410.5852966308594 191.4069366455078 513.9956741333008 191.4069366455078 513.9956741333008 299.1867218017578 410.5852966308594 299.1867218017578
407.4585876464844 190.8873748779297 510.0757598876953 190.8873748779297 510.0757598876953 297.84043884277344 407.4585876464844 297.84043884277344
402.5706481933594 192.7294464111328 508.1715774536133 192.7294464111328 508.1715774536133 300.1130676269531 402.5706481933594 300.1130676269531
395.9330139160156 196.279052734375 504.8948059082031 196.279052734375 504.8948059082031 300.4424057006836 395.9330139160156 300.4424057006836
390.42169189453125 196.6699676513672 497.37644958496094 196.6699676513672 497.37644958496094 302.2889633178711 390.42169189453125 302.2889633178711
389.1951599121094 192.571533203125 494.2879180908203 192.571533203125 494.2879180908203 302.10477447509766 389.1951599121094 302.10477447509766
385.3008728027344 192.28114318847656 490.7504577636719 192.28114318847656 490.7504577636719 302.186279296875 385.3008728027344 302.186279296875
380.6358947753906 190.9751434326172 486.4748077392578 190.9751434326172 486.4748077392578 301.28607177734375 380.6358947753906 301.28607177734375
376.4963073730469 191.8809814453125 481.8801956176758 191.8809814453125 481.8801956176758 301.7176513671875 376.4963073730469 301.7176513671875
372.3355712890625 190.02523803710938 479.43536376953125 190.02523803710938 479.43536376953125 300.22364807128906 372.3355712890625 300.22364807128906
368.70458984375 194.03152465820312 476.19217681884766 194.03152465820312 476.19217681884766 300.7069854736328 368.70458984375 300.7069854736328
367.9087829589844 195.1599578857422 472.9976501464844 195.1599578857422 472.9976501464844 301.8407211303711 367.9087829589844 301.8407211303711
366.08294677734375 192.3271942138672 468.8157196044922 192.3271942138672 468.8157196044922 298.14363861083984 366.08294677734375 298.14363861083984
362.49847412109375 193.48867797851562 462.4384307861328 193.48867797851562 462.4384307861328 302.97876739501953 362.49847412109375 302.97876739501953
359.3966369628906 189.24172973632812 462.89122009277344 189.24172973632812 462.89122009277344 300.8075485229492 359.3966369628906 300.8075485229492
354.9237365722656 193.63650512695312 460.11839294433594 193.63650512695312 460.11839294433594 305.9812316894531 354.9237365722656 305.9812316894531
350.5803527832031 192.8135986328125 456.6118698120117 192.8135986328125 456.6118698120117 305.72821044921875 350.5803527832031 305.72821044921875
349.3612365722656 187.87330627441406 458.72120666503906 187.87330627441406 458.72120666503906 302.63549041748047 349.3612365722656 302.63549041748047
345.4715270996094 185.8898162841797 454.49510955810547 185.8898162841797 454.49510955810547 301.4883270263672 345.4715270996094 301.4883270263672
341.78741455078125 186.89523315429688 449.83036041259766 186.89523315429688 449.83036041259766 303.8188781738281 341.78741455078125 303.8188781738281
336.3013610839844 183.48046875 445.4727020263672 183.48046875 445.4727020263672 299.7945556640625 336.3013610839844 299.7945556640625
334.2132568359375 183.47976684570312 445.43453216552734 183.47976684570312 445.43453216552734 302.21936798095703 334.2132568359375 302.21936798095703
331.9962463378906 187.37147521972656 441.50242614746094 187.37147521972656 441.50242614746094 303.26818084716797 331.9962463378906 303.26818084716797
328.97076416015625 185.7419891357422 437.50640869140625 185.7419891357422 437.50640869140625 301.854736328125 328.97076416015625 301.854736328125
326.1457214355469 186.67025756835938 435.68054962158203 186.67025756835938 435.68054962158203 302.3050231933594 326.1457214355469 302.3050231933594
321.03179931640625 189.44186401367188 431.5491180419922 189.44186401367188 431.5491180419922 304.98451232910156 321.03179931640625 304.98451232910156
315.95001220703125 188.111572265625 428.0227813720703 188.111572265625 428.0227813720703 303.9701156616211 315.95001220703125 303.9701156616211
311.1418151855469 183.80911254882812 425.67578887939453 183.80911254882812 425.67578887939453 302.1358108520508 311.1418151855469 302.1358108520508
304.739013671875 187.8773193359375 419.39180755615234 187.8773193359375 419.39180755615234 303.67240142822266 304.739013671875 303.67240142822266
298.5932312011719 190.3531036376953 413.2709274291992 190.3531036376953 413.2709274291992 305.55413818359375 298.5932312011719 305.55413818359375
293.9874572753906 195.93003845214844 408.9270553588867 195.93003845214844 408.9270553588867 305.95552825927734 293.9874572753906 305.95552825927734
286.51983642578125 193.7916259765625 404.06126403808594 193.7916259765625 404.06126403808594 306.551513671875 286.51983642578125 306.551513671875
280.8563232421875 189.18704223632812 399.36241149902344 189.18704223632812 399.36241149902344 303.0043258666992 280.8563232421875 303.0043258666992
273.0908508300781 185.05038452148438 390.39772033691406 185.05038452148438 390.39772033691406 302.55287170410156 273.0908508300781 302.55287170410156
268.6171875 180.48387145996094 385.91151428222656 180.48387145996094 385.91151428222656 302.73426055908203 268.6171875 302.73426055908203
266.3549499511719 180.04360961914062 381.7423553466797 180.04360961914062 381.7423553466797 300.30650329589844 266.3549499511719 300.30650329589844
262.3138732910156 179.3633575439453 378.29530334472656 179.3633575439453 378.29530334472656 300.24537658691406 262.3138732910156 300.24537658691406
257.1908264160156 181.4058074951172 372.6871032714844 181.4058074951172 372.6871032714844 301.7821731567383 257.1908264160156 301.7821731567383
252.76748657226562 178.27200317382812 369.54774475097656 178.27200317382812 369.54774475097656 299.9866180419922 252.76748657226562 299.9866180419922
246.61453247070312 181.4515838623047 362.0502243041992 181.4515838623047 362.0502243041992 301.7648162841797 246.61453247070312 301.7648162841797
239.55078125 184.04269409179688 358.97674560546875 184.04269409179688 358.97674560546875 301.26367950439453 239.55078125 301.26367950439453
241.1255340576172 181.92034912109375 356.22137451171875 181.92034912109375 356.22137451171875 301.8793716430664 241.1255340576172 301.8793716430664
235.22689819335938 184.4547576904297 354.0747985839844 184.4547576904297 354.0747985839844 302.1491165161133 235.22689819335938 302.1491165161133
232.55551147460938 184.87408447265625 348.23950958251953 184.87408447265625 348.23950958251953 303.08758544921875 232.55551147460938 303.08758544921875
228.4398956298828 184.03079223632812 342.781494140625 184.03079223632812 342.781494140625 303.2037048339844 228.4398956298828 303.2037048339844
226.452880859375 182.8003692626953 338.0770263671875 182.8003692626953 338.0770263671875 299.14100646972656 226.452880859375 299.14100646972656
225.5795440673828 181.71080017089844 337.6983642578125 181.71080017089844 337.6983642578125 298.56702423095703 225.5795440673828 298.56702423095703
221.376220703125 184.04190063476562 333.40328216552734 184.04190063476562 333.40328216552734 300.80248260498047 221.376220703125 300.80248260498047
218.32070922851562 182.81735229492188 330.10789489746094 182.81735229492188 330.10789489746094 299.3279113769531 218.32070922851562 299.3279113769531
211.17037963867188 182.55923461914062 325.46986389160156 182.55923461914062 325.46986389160156 300.14830017089844 211.17037963867188 300.14830017089844
