247.0 512.0 285.0 512.0 285.0 570.0 247.0 570.0
247.0417022705078 509.6236267089844 285.233341217041 509.6236267089844 285.233341217041 567.916130065918 247.0417022705078 567.916130065918
248.6334991455078 508.04083251953125 286.4273452758789 508.04083251953125 286.4273452758789 566.2575263977051 248.6334991455078 566.2575263977051
248.84130859375 506.49102783203125 286.11617279052734 506.49102783203125 286.11617279052734 564.4027824401855 248.84130859375 564.4027824401855
248.1939697265625 503.5126953125 285.5148620605469 503.5126953125 285.5148620605469 560.4761657714844 248.1939697265625 560.4761657714844
246.7974090576172 502.55914306640625 284.47013092041016 502.55914306640625 284.47013092041016 559.7370185852051 246.7974090576172 559.7370185852051
243.2893524169922 500.70843505859375 281.6332893371582 500.70843505859375 281.6332893371582 559.2333869934082 243.2893524169922 559.2333869934082
239.79336547851562 499.5611877441406 279.38529205322266 499.5611877441406 279.38529205322266 558.9548034667969 239.79336547851562 558.9548034667969
237.93838500976562 496.65313720703125 277.856502532959 496.65313720703125 277.856502532959 557.5807876586914 237.93838500976562 557.5807876586914
236.035400390625 497.56536865234375 275.582763671875 497.56536865234375 275.582763671875 557.9271240234375 236.035400390625 557.9271240234375
234.3590850830078 496.3157653808594 274.0105285644531 496.3157653808594 274.0105285644531 556.8363838195801 234.3590850830078 556.8363838195801
232.56057739257812 495.18292236328125 271.99255752563477 495.18292236328125 271.99255752563477 555.3685722351074 232.56057739257812 555.3685722351074
229.0546417236328 495.033447265625 268.3877487182617 495.033447265625 268.3877487182617 555.0681838989258 229.0546417236328 555.0681838989258
227.56607055664062 494.6476135253906 266.61555099487305 494.6476135253906 266.61555099487305 554.2494506835938 227.56607055664062 554.2494506835938
222.5310516357422 493.3492126464844 261.9271697998047 493.3492126464844 261.9271697998047 553.4801254272461 222.5310516357422 553.4801254272461
220.6123046875 492.0442810058594 259.89095306396484 492.0442810058594 259.89095306396484 551.9958992004395 220.6123046875 551.9958992004395
217.9737548828125 491.3124084472656 257.04001235961914 491.3124084472656 257.04001235961914 550.9398422241211 217.9737548828125 550.9398422241211
215.9490966796875 489.8553161621094 254.95501327514648 489.8553161621094 254.95501327514648 549.3906555175781 215.9490966796875 549.3906555175781
213.7672119140625 489.74072265625 252.85383987426758 489.74072265625 252.85383987426758 549.3992538452148 213.7672119140625 549.3992538452148
209.8421173095703 487.7822265625 248.72542190551758 487.7822265625 248.72542190551758 547.1304206848145 209.8421173095703 547.1304206848145
209.7766571044922 487.072265625 248.64577865600586 487.072265625 248.64577865600586 546.398811340332 209.7766571044922 546.398811340332
207.5535888671875 484.4530334472656 245.58535385131836 484.4530334472656 245.58535385131836 542.5015068054199 207.5535888671875 542.5015068054199
206.65859985351562 482.6233825683594 244.7248306274414 482.6233825683594 244.7248306274414 540.7244567871094 206.65859985351562 540.7244567871094
201.99853515625 481.34002685546875 240.11489486694336 481.34002685546875 240.11489486694336 539.5176200866699 201.99853515625 539.5176200866699
200.82313537597656 478.24359130859375 238.89856719970703 478.24359130859375 238.89856719970703 536.358715057373 200.82313537597656 536.358715057373
198.63514709472656 476.610107421875 236.28729629516602 476.610107421875 236.28729629516602 534.0791625976562 198.63514709472656 534.0791625976562
197.17434692382812 476.28643798828125 234.92758560180664 476.28643798828125 234.92758560180664 533.909782409668 197.17434692382812 533.909782409668
194.32070922851562 474.1441345214844 232.9378890991211 474.1441345214844 232.9378890991211 533.0861320495605 194.32070922851562 533.0861320495605
191.73806762695312 474.01885986328125 229.7324562072754 474.01885986328125 229.7324562072754 532.0102767944336 191.73806762695312 532.0102767944336
190.3206329345703 474.37225341796875 228.22612762451172 474.37225341796875 228.22612762451172 532.2279891967773 190.3206329345703 532.2279891967773
188.47940063476562 473.9583435058594 225.95854949951172 473.9583435058594 225.95854949951172 531.1633377075195 188.47940063476562 531.1633377075195
186.0162811279297 473.86053466796875 223.53560638427734 473.86053466796875 223.53560638427734 531.1268501281738 186.0162811279297 531.1268501281738
183.97482299804688 472.19085693359375 221.3035888671875 472.19085693359375 221.3035888671875 529.1663208007812 183.97482299804688 529.1663208007812
181.21749877929688 470.01129150390625 219.11748886108398 470.01129150390625 219.11748886108398 527.8586235046387 181.21749877929688 527.8586235046387
178.38983154296875 468.34478759765625 216.36505126953125 468.34478759765625 216.36505126953125 526.3069458007812 178.38983154296875 526.3069458007812
176.9729766845703 465.85186767578125 215.07845306396484 465.85186767578125 215.07845306396484 524.0128364562988 176.9729766845703 524.0128364562988
175.2356719970703 464.88067626953125 213.38827896118164 464.88067626953125 213.38827896118164 523.1135787963867 175.2356719970703 523.1135787963867
173.7696990966797 464.77044677734375 211.97945404052734 464.77044677734375 211.97945404052734 523.090576171875 173.7696990966797 523.090576171875
171.91839599609375 464.14154052734375 209.91351318359375 464.14154052734375 209.91351318359375 522.1340637207031 171.91839599609375 522.1340637207031
168.79251098632812 464.2732849121094 206.4160041809082 464.2732849121094 206.4160041809082 521.6985893249512 168.79251098632812 521.6985893249512
166.42227172851562 463.3247985839844 204.38564682006836 463.3247985839844 204.38564682006836 521.2688674926758 166.42227172851562 521.2688674926758
164.60887145996094 463.4951171875 202.42108917236328 463.4951171875 202.42108917236328 521.2084770202637 164.60887145996094 521.2084770202637
162.48538208007812 464.07421875 201.1185760498047 464.07421875 201.1185760498047 521.4632186889648 162.48538208007812 521.4632186889648
159.3194580078125 463.87200927734375 197.47103118896484 463.87200927734375 197.47103118896484 522.1033325195312 159.3194580078125 522.1033325195312
158.3276824951172 464.71533203125 196.43896484375 464.71533203125 196.43896484375 522.8851547241211 158.3276824951172 522.8851547241211
155.7421875 465.58233642578125 193.78174591064453 465.58233642578125 193.78174591064453 523.6426887512207 155.7421875 523.6426887512207
154.20111083984375 468.37884521484375 191.4610137939453 468.37884521484375 191.4610137939453 525.249195098877 154.20111083984375 525.249195098877
152.6100311279297 471.16717529296875 188.9616813659668 471.16717529296875 188.9616813659668 526.6512451171875 152.6100311279297 526.6512451171875
149.45660400390625 471.3128967285156 185.85714721679688 471.3128967285156 185.85714721679688 526.8715934753418 149.45660400390625 526.8715934753418
147.9083251953125 470.952880859375 184.32061004638672 470.952880859375 184.32061004638672 526.5294990539551 147.9083251953125 526.5294990539551
145.5196075439453 471.6891174316406 182.05166244506836 471.6891174316406 182.05166244506836 527.4485397338867 145.5196075439453 527.4485397338867
143.6968536376953 470.04803466796875 180.54085540771484 470.04803466796875 180.54085540771484 526.2717971801758 143.6968536376953 526.2717971801758
142.3953094482422 467.42706298828125 179.82169723510742 467.42706298828125 179.82169723510742 524.2629585266113 142.3953094482422 524.2629585266113
140.6581268310547 466.6517639160156 177.46766662597656 466.6517639160156 177.46766662597656 522.6508255004883 140.6581268310547 522.6508255004883
139.22157287597656 463.4576721191406 175.59532165527344 463.4576721191406 175.59532165527344 519.2543334960938 139.22157287597656 519.2543334960938
137.55792236328125 463.79669189453125 173.5127716064453 463.79669189453125 173.5127716064453 518.6751174926758 137.55792236328125 518.6751174926758
135.73544311523438 464.95050048828125 171.1320915222168 464.95050048828125 171.1320915222168 518.976936340332 135.73544311523438 518.976936340332
134.3606414794922 461.203369140625 169.40644073486328 461.203369140625 169.40644073486328 514.6942977905273 134.3606414794922 514.6942977905273
132.3981170654297 462.62628173828125 167.12067413330078 462.62628173828125 167.12067413330078 515.6238327026367 132.3981170654297 515.6238327026367
131.60714721679688 460.86517333984375 166.26068878173828 460.86517333984375 166.26068878173828 513.7573852539062 131.60714721679688 513.7573852539062
129.15756225585938 459.2939453125 163.85316848754883 459.2939453125 163.85316848754883 512.2503662109375 129.15756225585938 512.2503662109375
127.19242858886719 456.5648498535156 161.6790542602539 456.5648498535156 161.6790542602539 509.2023010253906 127.19242858886719 509.2023010253906
127.4080581665039 455.0328674316406 161.90138244628906 455.0328674316406 161.90138244628906 507.6805419921875 127.4080581665039 507.6805419921875
125.19510650634766 453.88604736328125 159.0672149658203 453.88604736328125 159.0672149658203 505.5855522155762 125.19510650634766 505.5855522155762
123.13612365722656 449.8099670410156 157.25238800048828 449.8099670410156 157.25238800048828 501.8821220397949 123.13612365722656 501.8821220397949
122.49949645996094 448.8221130371094 156.32714080810547 448.8221130371094 156.32714080810547 500.45374298095703 122.49949645996094 500.45374298095703
121.25849914550781 448.4217224121094 155.02590942382812 448.4217224121094 155.02590942382812 499.96141815185547 121.25849914550781 499.96141815185547
119.6606674194336 448.6546936035156 152.76494216918945 448.6546936035156 152.76494216918945 499.1822395324707 119.6606674194336 499.1822395324707
118.64801025390625 445.8531188964844 151.78632354736328 445.8531188964844 151.78632354736328 496.4326171875 118.64801025390625 496.4326171875
117.06292724609375 443.737548828125 149.73709869384766 443.737548828125 149.73709869384766 493.6086196899414 117.06292724609375 493.6086196899414
116.0552978515625 444.1209411621094 148.16532135009766 444.1209411621094 148.16532135009766 493.13094329833984 116.0552978515625 493.13094329833984
114.93379974365234 442.11114501953125 147.18562698364258 442.11114501953125 147.18562698364258 491.3375816345215 114.93379974365234 491.3375816345215
113.84446716308594 439.715576171875 146.74442672729492 439.715576171875 146.74442672729492 489.93126678466797 113.84446716308594 489.93126678466797
112.97602844238281 438.46380615234375 145.13340759277344 438.46380615234375 145.13340759277344 490.0039176940918 112.97602844238281 490.0039176940918
111.2488021850586 437.29278564453125 144.1390724182129 437.29278564453125 144.1390724182129 488.07958984375 111.2488021850586 488.07958984375
109.20185852050781 437.1549377441406 142.23028182983398 437.1549377441406 142.23028182983398 487.5666961669922 109.20185852050781 487.5666961669922
108.84944152832031 437.8509216308594 141.78933334350586 437.8509216308594 141.78933334350586 488.12755584716797 108.84944152832031 488.12755584716797
108.5979995727539 439.45831298828125 141.07617950439453 439.45831298828125 141.07617950439453 489.0302314758301 108.5979995727539 489.0302314758301
106.7094955444336 439.9779357910156 139.3183708190918 439.9779357910156 139.3183708190918 489.74934005737305 106.7094955444336 489.74934005737305
105.7689208984375 439.9486389160156 138.3767318725586 439.9486389160156 138.3767318725586 490.2541847229004 105.7689208984375 490.2541847229004
105.7291259765625 439.3753967285156 138.4562110900879 439.3753967285156 138.4562110900879 490.0170211791992 105.7291259765625 490.0170211791992
105.97354888916016 437.78570556640625 138.54669952392578 437.78570556640625 138.54669952392578 489.7345962524414 105.97354888916016 489.7345962524414
105.33248138427734 435.9300842285156 138.59833908081055 435.9300842285156 138.59833908081055 488.4436264038086 105.33248138427734 488.4436264038086
105.03987884521484 434.42822265625 138.4090576171875 434.42822265625 138.4090576171875 485.3600883483887 105.03987884521484 485.3600883483887
104.56581115722656 432.8041076660156 136.9277572631836 432.8041076660156 136.9277572631836 485.55806732177734 104.56581115722656 485.55806732177734
103.45953369140625 432.47442626953125 136.53973770141602 432.47442626953125 136.53973770141602 482.96522521972656 103.45953369140625 482.96522521972656
101.56047058105469 430.40167236328125 134.21599578857422 430.40167236328125 134.21599578857422 481.6125183105469 101.56047058105469 481.6125183105469
100.47657775878906 430.20458984375 134.09702682495117 430.20458984375 134.09702682495117 481.5199661254883 100.47657775878906 481.5199661254883
101.8787612915039 428.43914794921875 133.522310256958 428.43914794921875 133.522310256958 483.51583099365234 101.8787612915039 483.51583099365234
101.8517837524414 427.77972412109375 135.5941047668457 427.77972412109375 135.5941047668457 480.6516227722168 101.8517837524414 480.6516227722168
109.4218521118164 427.492919921875 143.5995635986328 427.492919921875 143.5995635986328 479.65885162353516 109.4218521118164 479.65885162353516
120.548583984375 428.56500244140625 154.92523193359375 428.56500244140625 154.92523193359375 481.0345687866211 120.548583984375 481.0345687866211
134.83029174804688 431.4049377441406 169.30932998657227 431.4049377441406 169.30932998657227 484.0307807922363 134.83029174804688 484.0307807922363
134.42684936523438 437.19873046875 169.13220977783203 437.19873046875 169.13220977783203 490.1700134277344 134.42684936523438 490.1700134277344
148.63290405273438 431.64642333984375 184.11892318725586 431.64642333984375 184.11892318725586 485.80924224853516 148.63290405273438 485.80924224853516
150.81365966796875 424.01824951171875 186.24364852905273 424.01824951171875 186.24364852905273 478.0955581665039 150.81365966796875 478.0955581665039
146.72555541992188 419.23199462890625 182.2493782043457 419.23199462890625 182.2493782043457 473.45252227783203 146.72555541992188 473.45252227783203
143.9089813232422 413.7173767089844 179.2220573425293 413.7173767089844 179.2220573425293 467.6162414550781 143.9089813232422 467.6162414550781
144.0349884033203 411.1426696777344 176.78989791870117 411.1426696777344 176.78989791870117 466.0740432739258 144.0349884033203 466.0740432739258
143.0977325439453 410.78302001953125 175.3918685913086 410.78302001953125 175.3918685913086 466.4125175476074 143.0977325439453 466.4125175476074
140.0001678466797 412.57952880859375 173.57219696044922 412.57952880859375 173.57219696044922 467.11491775512695 140.0001678466797 467.11491775512695
137.7864990234375 416.32537841796875 171.0888900756836 416.32537841796875 171.0888900756836 471.1990051269531 137.7864990234375 471.1990051269531
138.66867065429688 419.3990173339844 170.22348594665527 419.3990173339844 170.22348594665527 475.27771759033203 138.66867065429688 475.27771759033203
135.45309448242188 423.11993408203125 168.3976058959961 423.11993408203125 168.3976058959961 477.0510368347168 135.45309448242188 477.0510368347168
135.0855255126953 426.00030517578125 168.2713394165039 426.00030517578125 168.2713394165039 477.88616943359375 135.0855255126953 477.88616943359375
135.89549255371094 427.34344482421875 166.87311172485352 427.34344482421875 166.87311172485352 481.14847564697266 135.89549255371094 481.14847564697266
134.16445922851562 427.5597229003906 165.1883659362793 427.5597229003906 165.1883659362793 481.12903594970703 134.16445922851562 481.12903594970703
132.8953399658203 427.8929748535156 163.79111099243164 427.8929748535156 163.79111099243164 480.9047164916992 132.8953399658203 480.9047164916992
131.24697875976562 427.3033142089844 163.3831329345703 427.3033142089844 163.3831329345703 482.03479766845703 131.24697875976562 482.03479766845703
130.78350830078125 425.32354736328125 160.87838745117188 425.32354736328125 160.87838745117188 481.9305648803711 130.78350830078125 481.9305648803711
129.23928833007812 421.85626220703125 160.35878562927246 421.85626220703125 160.35878562927246 476.7965621948242 129.23928833007812 476.7965621948242
128.77590942382812 419.3955078125 158.54854774475098 419.3955078125 158.54854774475098 476.8849182128906 128.77590942382812 476.8849182128906
128.39202880859375 417.5633850097656 159.53960037231445 417.5633850097656 159.53960037231445 472.6198539733887 128.39202880859375 472.6198539733887
127.90470886230469 413.998291015625 157.5008029937744 413.998291015625 157.5008029937744 471.22830963134766 127.90470886230469 471.22830963134766
126.9026870727539 413.315185546875 155.89130401611328 413.315185546875 155.89130401611328 468.1838684082031 126.9026870727539 468.1838684082031
126.5956039428711 412.6614685058594 155.56583404541016 412.6614685058594 155.56583404541016 467.6615295410156 126.5956039428711 467.6615295410156
124.892578125 411.86279296875 155.49586868286133 411.86279296875 155.49586868286133 465.6733589172363 124.892578125 465.6733589172363
125.2047348022461 412.97991943359375 155.0493450164795 412.97991943359375 155.0493450164795 466.5616760253906 125.2047348022461 466.5616760253906
123.76487731933594 412.1341857910156 153.88575172424316 412.1341857910156 153.88575172424316 466.0159492492676 123.76487731933594 466.0159492492676
122.8308334350586 412.62103271484375 152.4562873840332 412.62103271484375 152.4562873840332 465.0062370300293 122.8308334350586 465.0062370300293
121.55989837646484 411.5608825683594 151.78029251098633 411.5608825683594 151.78029251098633 464.7151069641113 121.55989837646484 464.7151069641113
120.73779296875 411.89178466796875 149.84732055664062 411.89178466796875 149.84732055664062 464.3021240234375 120.73779296875 464.3021240234375
119.7000503540039 412.3597717285156 149.77163314819336 412.3597717285156 149.77163314819336 465.8096237182617 119.7000503540039 465.8096237182617
118.11827087402344 412.08514404296875 147.6509552001953 412.08514404296875 147.6509552001953 464.6116409301758 118.11827087402344 464.6116409301758
117.33451080322266 412.5498962402344 146.6833324432373 412.5498962402344 146.6833324432373 464.7160110473633 117.33451080322266 464.7160110473633
116.55753326416016 410.89105224609375 146.19686126708984 410.89105224609375 146.19686126708984 464.0009536743164 116.55753326416016 464.0009536743164
116.33846282958984 410.8282775878906 144.80114364624023 410.8282775878906 144.80114364624023 463.4309272766113 116.33846282958984 463.4309272766113
115.11605072021484 410.48968505859375 145.29670524597168 410.48968505859375 145.29670524597168 462.7640380859375 115.11605072021484 462.7640380859375
114.95062255859375 410.89813232421875 143.9071102142334 410.89813232421875 143.9071102142334 463.08187103271484 114.95062255859375 463.08187103271484
114.4884262084961 411.10601806640625 143.86603546142578 411.10601806640625 143.86603546142578 462.5327262878418 114.4884262084961 462.5327262878418
114.2209701538086 411.460205078125 144.389986038208 411.460205078125 144.389986038208 464.06876373291016 114.2209701538086 464.06876373291016
114.03129577636719 412.7527770996094 143.3698024749756 412.7527770996094 143.3698024749756 464.6827812194824 114.03129577636719 464.6827812194824
114.0367202758789 412.5501403808594 143.37395095825195 412.5501403808594 143.37395095825195 465.08704376220703 114.0367202758789 465.08704376220703
112.92913818359375 412.6629333496094 142.41528701782227 412.6629333496094 142.41528701782227 463.9810791015625 112.92913818359375 463.9810791015625
113.0367202758789 412.60888671875 141.44329071044922 412.60888671875 141.44329071044922 463.68658447265625 113.0367202758789 463.68658447265625
112.86933898925781 412.05999755859375 141.86266708374023 412.05999755859375 141.86266708374023 463.3248291015625 112.86933898925781 463.3248291015625
112.5311508178711 412.02020263671875 142.7141990661621 412.02020263671875 142.7141990661621 462.152286529541 112.5311508178711 462.152286529541
136.25247192382812 413.7578125 168.5648422241211 413.7578125 168.5648422241211 463.07665252685547 136.25247192382812 463.07665252685547
141.3498077392578 411.7093200683594 174.21814346313477 411.7093200683594 174.21814346313477 461.8767318725586 141.3498077392578 461.8767318725586
143.994140625 408.841796875 177.37911224365234 408.841796875 177.37911224365234 459.7977523803711 143.994140625 459.7977523803711
146.31997680664062 409.513671875 179.04710006713867 409.513671875 179.04710006713867 459.4655456542969 146.31997680664062 459.4655456542969
141.37332153320312 411.4666442871094 173.98545837402344 411.4666442871094 173.98545837402344 459.5805435180664 141.37332153320312 459.5805435180664
141.6630859375 409.3511047363281 173.8363914489746 409.3511047363281 173.8363914489746 458.4576759338379 141.6630859375 458.4576759338379
137.993896484375 407.05145263671875 169.6311435699463 407.05145263671875 169.6311435699463 455.3398323059082 137.993896484375 455.3398323059082
133.76651000976562 405.60699462890625 164.49474143981934 405.60699462890625 164.49474143981934 452.5079345703125 133.76651000976562 452.5079345703125
131.49545288085938 400.05694580078125 162.0820198059082 400.05694580078125 162.0820198059082 446.7416534423828 131.49545288085938 446.7416534423828
132.4388885498047 395.02587890625 163.5885410308838 395.02587890625 163.5885410308838 442.57003021240234 132.4388885498047 442.57003021240234
130.9285430908203 390.17242431640625 162.3006076812744 390.17242431640625 162.3006076812744 438.0560417175293 130.9285430908203 438.0560417175293
129.64285278320312 384.1351318359375 160.7970485687256 384.1351318359375 160.7970485687256 431.6862144470215 129.64285278320312 431.6862144470215
130.1382293701172 380.51190185546875 161.0524387359619 380.51190185546875 161.0524387359619 427.6966857910156 130.1382293701172 427.6966857910156
129.23626708984375 378.8739013671875 159.56364059448242 378.8739013671875 159.56364059448242 425.70116424560547 129.23626708984375 425.70116424560547
128.96304321289062 378.1559753417969 157.35622787475586 378.1559753417969 157.35622787475586 424.50560760498047 128.96304321289062 424.50560760498047
126.51823425292969 375.7687072753906 156.58333778381348 375.7687072753906 156.58333778381348 422.3946762084961 126.51823425292969 422.3946762084961
125.27424621582031 374.87445068359375 155.89181900024414 374.87445068359375 155.89181900024414 421.22132873535156 125.27424621582031 421.22132873535156
123.84527587890625 374.5146789550781 154.7599639892578 374.5146789550781 154.7599639892578 421.43560791015625 123.84527587890625 421.43560791015625
122.43284606933594 373.19976806640625 152.9540615081787 373.19976806640625 152.9540615081787 420.2130546569824 122.43284606933594 420.2130546569824
122.2793197631836 371.70733642578125 152.91169357299805 371.70733642578125 152.91169357299805 418.8595161437988 122.2793197631836 418.8595161437988
120.6910171508789 369.9894714355469 151.28570175170898 369.9894714355469 151.28570175170898 418.0723190307617 120.6910171508789 418.0723190307617
119.9456787109375 368.43743896484375 151.47434616088867 368.43743896484375 151.47434616088867 416.7453079223633 119.9456787109375 416.7453079223633
118.7452392578125 367.88323974609375 149.53152084350586 367.88323974609375 149.53152084350586 415.6978950500488 118.7452392578125 415.6978950500488
117.2132339477539 365.336181640625 148.4709243774414 365.336181640625 148.4709243774414 412.41568756103516 117.2132339477539 412.41568756103516
116.44419860839844 365.3313903808594 146.90627098083496 365.3313903808594 146.90627098083496 411.8260688781738 116.44419860839844 411.8260688781738
115.26705169677734 366.01898193359375 146.49567031860352 366.01898193359375 146.49567031860352 413.2890853881836 115.26705169677734 413.2890853881836
113.6148681640625 366.5054016113281 145.62140655517578 366.5054016113281 145.62140655517578 415.1933937072754 113.6148681640625 415.1933937072754
113.33290100097656 367.9073181152344 145.07633590698242 367.9073181152344 145.07633590698242 416.3577575683594 113.33290100097656 416.3577575683594
112.1717300415039 369.85943603515625 143.29542922973633 369.85943603515625 143.29542922973633 416.87935638427734 112.1717300415039 416.87935638427734
111.19837951660156 369.6186218261719 142.79805946350098 369.6186218261719 142.79805946350098 417.3034896850586 111.19837951660156 417.3034896850586
110.85518646240234 369.1243591308594 142.07624435424805 369.1243591308594 142.07624435424805 416.2889633178711 110.85518646240234 416.2889633178711
109.3714370727539 368.9516906738281 140.39406967163086 368.9516906738281 140.39406967163086 415.6888236999512 109.3714370727539 415.6888236999512
109.34123229980469 366.6217346191406 140.13200759887695 366.6217346191406 140.13200759887695 413.83616638183594 109.34123229980469 413.83616638183594
108.1312255859375 366.30401611328125 139.25671005249023 366.30401611328125 139.25671005249023 412.33438873291016 108.1312255859375 412.33438873291016
107.0899658203125 364.57208251953125 137.66197204589844 364.57208251953125 137.66197204589844 410.1226577758789 107.0899658203125 410.1226577758789
106.79742431640625 364.4208068847656 136.92929649353027 364.4208068847656 136.92929649353027 409.33943939208984 106.79742431640625 409.33943939208984
105.7257308959961 365.44342041015625 135.33777236938477 365.44342041015625 135.33777236938477 410.64068603515625 105.7257308959961 410.64068603515625
104.6286392211914 364.2718200683594 134.8856430053711 364.2718200683594 134.8856430053711 409.3182258605957 104.6286392211914 409.3182258605957
104.28135681152344 361.55963134765625 133.70937156677246 361.55963134765625 133.70937156677246 406.476016998291 104.28135681152344 406.476016998291
103.25202941894531 359.9993591308594 131.98455810546875 359.9993591308594 131.98455810546875 403.8542175292969 103.25202941894531 403.8542175292969
102.8868408203125 359.32464599609375 131.48050498962402 359.32464599609375 131.48050498962402 402.9675521850586 102.8868408203125 402.9675521850586
102.39860534667969 359.4192199707031 130.91554260253906 359.4192199707031 130.91554260253906 401.95494079589844 102.39860534667969 401.95494079589844
102.83058166503906 357.85650634765625 131.2273464202881 357.85650634765625 131.2273464202881 401.19887924194336 102.83058166503906 401.19887924194336
103.93836975097656 357.27435302734375 132.24745178222656 357.27435302734375 132.24745178222656 400.4828910827637 103.93836975097656 400.4828910827637
103.5647201538086 358.4467468261719 131.50759506225586 358.4467468261719 131.50759506225586 401.0963363647461 103.5647201538086 401.0963363647461
102.7635269165039 357.9057312011719 130.26997184753418 357.9057312011719 130.26997184753418 399.8891906738281 102.7635269165039 399.8891906738281
102.0836410522461 356.9078674316406 129.87020111083984 356.9078674316406 129.87020111083984 399.3188705444336 102.0836410522461 399.3188705444336
100.68904113769531 355.947509765625 128.5785427093506 355.947509765625 128.5785427093506 398.51563262939453 100.68904113769531 398.51563262939453
99.0867691040039 354.54254150390625 127.16654586791992 354.54254150390625 127.16654586791992 397.4010810852051 99.0867691040039 397.4010810852051
97.91570281982422 353.71478271484375 126.27900886535645 353.71478271484375 126.27900886535645 397.0060729980469 97.91570281982422 397.0060729980469
96.69929504394531 355.607177734375 125.44437026977539 355.607177734375 125.44437026977539 399.4811668395996 96.69929504394531 399.4811668395996
96.71887969970703 356.76080322265625 125.38814926147461 356.76080322265625 125.38814926147461 400.51909255981445 96.71887969970703 400.51909255981445
94.7956771850586 361.3214416503906 123.18350028991699 361.3214416503906 123.18350028991699 404.6501579284668 94.7956771850586 404.6501579284668
93.68272399902344 364.5863952636719 121.96979141235352 364.5863952636719 121.96979141235352 407.76132583618164 93.68272399902344 407.76132583618164
93.74446105957031 366.81854248046875 121.19986534118652 366.81854248046875 121.19986534118652 408.7240982055664 93.74446105957031 408.7240982055664
93.59394836425781 366.49652099609375 120.6859130859375 366.49652099609375 120.6859130859375 407.84735107421875 93.59394836425781 407.84735107421875
92.20259857177734 366.863037109375 118.97595977783203 366.863037109375 118.97595977783203 407.72757720947266 92.20259857177734 407.72757720947266
90.54289245605469 362.9094543457031 116.89686965942383 362.9094543457031 116.89686965942383 403.1338806152344 90.54289245605469 403.1338806152344
90.02983093261719 360.5716247558594 115.98353004455566 360.5716247558594 115.98353004455566 400.1851043701172 90.02983093261719 400.1851043701172
89.37263488769531 358.4388732910156 115.19084548950195 358.4388732910156 115.19084548950195 397.8455581665039 89.37263488769531 397.8455581665039
88.5856704711914 358.7802734375 114.37961006164551 358.7802734375 114.37961006164551 398.1499137878418 88.5856704711914 398.1499137878418
88.73588562011719 357.7034606933594 114.31662559509277 357.7034606933594 114.31662559509277 396.7476921081543 88.73588562011719 396.7476921081543
86.89573669433594 358.08294677734375 112.51265907287598 358.08294677734375 112.51265907287598 397.1824073791504 86.89573669433594 397.1824073791504
86.7652816772461 357.2230224609375 112.1535758972168 357.2230224609375 112.1535758972168 395.97352600097656 86.7652816772461 395.97352600097656
85.68003845214844 356.0702819824219 111.62995338439941 356.0702819824219 111.62995338439941 395.67799377441406 85.68003845214844 395.67799377441406
84.79936218261719 358.16168212890625 110.24846839904785 358.16168212890625 110.24846839904785 397.00500106811523 84.79936218261719 397.00500106811523
84.00224304199219 360.798828125 109.28472328186035 360.798828125 109.28472328186035 399.38782501220703 84.00224304199219 399.38782501220703
82.30767059326172 363.044921875 107.40979194641113 363.044921875 107.40979194641113 401.35863494873047 82.30767059326172 401.35863494873047
82.29119873046875 365.12115478515625 106.87015533447266 365.12115478515625 106.87015533447266 402.6363525390625 82.29119873046875 402.6363525390625
82.12921142578125 365.40191650390625 106.65103340148926 365.40191650390625 106.65103340148926 402.82990646362305 82.12921142578125 402.82990646362305
82.38951110839844 365.9925842285156 106.46626663208008 365.9925842285156 106.46626663208008 402.7412643432617 82.38951110839844 402.7412643432617
82.60587310791016 362.7800598144531 106.78906631469727 362.7800598144531 106.78906631469727 399.69120025634766 82.60587310791016 399.69120025634766
83.0855712890625 360.7052307128906 107.23357582092285 360.7052307128906 107.23357582092285 397.5626640319824 83.0855712890625 397.5626640319824
82.15438079833984 358.98394775390625 106.45565032958984 358.98394775390625 106.45565032958984 396.07530975341797 82.15438079833984 396.07530975341797
80.66432189941406 359.6053161621094 104.40913963317871 359.6053161621094 104.40913963317871 395.84736251831055 80.66432189941406 395.84736251831055
80.7264404296875 359.73828125 104.59675979614258 359.73828125 104.59675979614258 396.17188262939453 80.7264404296875 396.17188262939453
80.36334228515625 361.4994201660156 104.1657829284668 361.4994201660156 104.1657829284668 397.82941818237305 80.36334228515625 397.82941818237305
78.30484008789062 365.75384521484375 102.07965469360352 365.75384521484375 102.07965469360352 402.04167556762695 78.30484008789062 402.04167556762695
78.55508422851562 367.46014404296875 101.94857788085938 367.46014404296875 101.94857788085938 403.165958404541 78.55508422851562 403.165958404541
77.0589370727539 368.74957275390625 100.90387153625488 368.74957275390625 100.90387153625488 405.14442443847656 77.0589370727539 405.14442443847656
75.77600860595703 369.4510192871094 99.5798225402832 369.4510192871094 99.5798225402832 405.78310775756836 75.77600860595703 405.78310775756836
75.29559326171875 368.775634765625 99.02566719055176 368.775634765625 99.02566719055176 404.9951705932617 75.29559326171875 404.9951705932617
73.70814514160156 366.3044128417969 97.42645072937012 366.3044128417969 97.42645072937012 402.50598907470703 73.70814514160156 402.50598907470703
74.33766174316406 364.21148681640625 98.05207443237305 364.21148681640625 98.05207443237305 400.4071235656738 74.33766174316406 400.4071235656738
73.10771179199219 361.4916076660156 96.66349220275879 361.4916076660156 96.66349220275879 397.4451217651367 73.10771179199219 397.4451217651367
72.5259780883789 360.5421447753906 95.83012771606445 360.5421447753906 95.83012771606445 396.1115951538086 72.5259780883789 396.1115951538086
71.79151916503906 360.0743103027344 95.06220817565918 360.0743103027344 95.06220817565918 395.59268951416016 71.79151916503906 395.59268951416016
70.8726806640625 362.78045654296875 93.77054977416992 362.78045654296875 93.77054977416992 397.729793548584 70.8726806640625 397.729793548584
70.1261215209961 366.3639221191406 92.92408752441406 366.3639221191406 92.92408752441406 401.16077423095703 70.1261215209961 401.16077423095703
69.06643676757812 372.26739501953125 91.65628433227539 372.26739501953125 91.65628433227539 406.74658966064453 69.06643676757812 406.74658966064453
68.95503997802734 375.64935302734375 91.26211166381836 375.64935302734375 91.26211166381836 409.6969413757324 68.95503997802734 409.6969413757324
68.22587585449219 378.52398681640625 90.66802978515625 378.52398681640625 90.66802978515625 412.7777557373047 68.22587585449219 412.7777557373047
68.31356048583984 379.9793395996094 90.47135734558105 379.9793395996094 90.47135734558105 413.7990951538086 68.31356048583984 413.7990951538086
67.6738510131836 381.609375 89.59725952148438 381.609375 89.59725952148438 415.0713768005371 67.6738510131836 415.0713768005371
67.38462829589844 382.3750305175781 88.99869346618652 382.3750305175781 88.99869346618652 415.36487579345703 67.38462829589844 415.36487579345703
66.19915771484375 382.2374267578125 87.84294700622559 382.2374267578125 87.84294700622559 415.2726402282715 66.19915771484375 415.2726402282715
66.4202651977539 380.21783447265625 87.86668014526367 380.21783447265625 87.86668014526367 412.95178985595703 66.4202651977539 412.95178985595703
66.3280258178711 379.79339599609375 88.10312080383301 379.79339599609375 88.10312080383301 413.0290184020996 66.3280258178711 413.0290184020996
65.93232727050781 379.0919494628906 87.52861595153809 379.0919494628906 87.52861595153809 412.0546569824219 65.93232727050781 412.0546569824219
65.21089172363281 379.2947082519531 86.88906478881836 379.2947082519531 86.88906478881836 412.3824005126953 65.21089172363281 412.3824005126953
64.94856262207031 378.32037353515625 86.66689491271973 378.32037353515625 86.66689491271973 411.4693603515625 64.94856262207031 411.4693603515625
62.771934509277344 378.52667236328125 84.62720108032227 378.52667236328125 84.62720108032227 411.8846626281738 62.771934509277344 411.8846626281738
63.431358337402344 377.25689697265625 85.11519813537598 377.25689697265625 85.11519813537598 410.35323333740234 63.431358337402344 410.35323333740234
62.885520935058594 374.94110107421875 84.95487594604492 374.94110107421875 84.95487594604492 408.6258544921875 62.885520935058594 408.6258544921875
62.347503662109375 373.0408935546875 84.34832191467285 373.0408935546875 84.34832191467285 406.621036529541 62.347503662109375 406.621036529541
62.14152908325195 373.76141357421875 83.93740272521973 373.76141357421875 83.93740272521973 407.02874755859375 62.14152908325195 407.02874755859375
61.797454833984375 373.6339111328125 83.70739364624023 373.6339111328125 83.70739364624023 407.0753479003906 61.797454833984375 407.0753479003906
61.199790954589844 372.2240295410156 83.11082649230957 372.2240295410156 83.11082649230957 405.6671371459961 61.199790954589844 405.6671371459961
61.48639678955078 374.2738342285156 82.84409523010254 374.2738342285156 82.84409523010254 406.87237548828125 61.48639678955078 406.87237548828125
60.19758987426758 373.9220275878906 81.82823944091797 373.9220275878906 81.82823944091797 406.9371757507324 60.19758987426758 406.9371757507324
59.14105224609375 375.5701599121094 80.49604034423828 375.5701599121094 80.49604034423828 408.16455841064453 59.14105224609375 408.16455841064453
58.758583068847656 374.9681091308594 80.37516975402832 374.9681091308594 80.37516975402832 407.96178817749023 58.758583068847656 407.96178817749023
58.55989456176758 375.40142822265625 79.98776626586914 375.40142822265625 79.98776626586914 408.1070671081543 58.55989456176758 408.1070671081543
57.84442138671875 375.0971374511719 78.78885269165039 375.0971374511719 78.78885269165039 407.06489181518555 57.84442138671875 407.06489181518555
57.24524688720703 372.84637451171875 78.16893196105957 372.84637451171875 78.16893196105957 404.7824649810791 57.24524688720703 404.7824649810791
55.761131286621094 371.2724914550781 76.73526763916016 371.2724914550781 76.73526763916016 403.28558349609375 55.761131286621094 403.28558349609375
55.92083740234375 370.61810302734375 76.67831802368164 370.61810302734375 76.67831802368164 402.3005123138428 55.92083740234375 402.3005123138428
55.26642608642578 368.558349609375 76.27682876586914 368.558349609375 76.27682876586914 400.6267967224121 55.26642608642578 400.6267967224121
54.512847900390625 366.6038513183594 76.14753150939941 366.6038513183594 76.14753150939941 399.6251449584961 54.512847900390625 399.6251449584961
54.80596923828125 366.11328125 76.62938117980957 366.11328125 76.62938117980957 399.42263412475586 54.80596923828125 399.42263412475586
54.2999267578125 366.102783203125 75.93170547485352 366.102783203125 75.93170547485352 399.1196403503418 54.2999267578125 399.1196403503418
53.45994186401367 366.32867431640625 75.21100616455078 366.32867431640625 75.21100616455078 399.5275993347168 53.45994186401367 399.5275993347168
54.28462600708008 365.8507995605469 76.03892517089844 365.8507995605469 76.03892517089844 399.0546646118164 54.28462600708008 399.0546646118164
53.23212814331055 366.29571533203125 75.11209297180176 366.29571533203125 75.11209297180176 399.6913871765137 53.23212814331055 399.6913871765137
52.0976676940918 365.9873046875 74.55244636535645 365.9873046875 74.55244636535645 400.2603225708008 52.0976676940918 400.2603225708008
52.640625 363.316162109375 75.2800464630127 363.316162109375 75.2800464630127 397.8710021972656 52.640625 397.8710021972656
54.30998611450195 359.38836669921875 76.64780235290527 359.38836669921875 76.64780235290527 393.48286056518555 54.30998611450195 393.48286056518555
57.756797790527344 355.53472900390625 80.01521110534668 355.53472900390625 80.01521110534668 389.5080261230469 57.756797790527344 389.5080261230469
62.56062698364258 350.74481201171875 85.17588996887207 350.74481201171875 85.17588996887207 385.2627754211426 62.56062698364258 385.2627754211426
65.9319076538086 349.97161865234375 88.53024673461914 349.97161865234375 88.53024673461914 384.46375274658203 65.9319076538086 384.46375274658203
65.16624450683594 350.044921875 88.07907295227051 350.044921875 88.07907295227051 385.01706314086914 65.16624450683594 385.01706314086914
65.43452453613281 350.5113830566406 88.42966651916504 350.5113830566406 88.42966651916504 385.6091537475586 65.43452453613281 385.6091537475586
65.52037048339844 353.3446350097656 88.3233642578125 353.3446350097656 88.3233642578125 388.14913177490234 65.52037048339844 388.14913177490234
65.06217193603516 354.08587646484375 87.95751762390137 354.08587646484375 87.95751762390137 389.0313301086426 65.06217193603516 389.0313301086426
65.4052505493164 355.9390563964844 88.53767013549805 355.9390563964844 88.53767013549805 391.2463569641113 65.4052505493164 391.2463569641113
65.02644348144531 357.59161376953125 87.99320220947266 357.59161376953125 87.99320220947266 392.6460647583008 65.02644348144531 392.6460647583008
65.99137878417969 358.49896240234375 88.35114479064941 358.49896240234375 88.35114479064941 392.62694549560547 65.99137878417969 392.62694549560547
67.73860168457031 357.978271484375 90.31022071838379 357.978271484375 90.31022071838379 392.4296073913574 67.73860168457031 392.4296073913574
73.10369873046875 356.82452392578125 95.70488357543945 356.82452392578125 95.70488357543945 391.32098388671875 73.10369873046875 391.32098388671875
76.14058685302734 356.35968017578125 98.65408706665039 356.35968017578125 98.65408706665039 390.7223129272461 76.14058685302734 390.7223129272461
78.51307678222656 356.93603515625 101.31143760681152 356.93603515625 101.31143760681152 391.7334518432617 78.51307678222656 391.7334518432617
82.51618194580078 358.40863037109375 105.20407485961914 358.40863037109375 105.20407485961914 393.03743743896484 82.51618194580078 393.03743743896484
83.18803405761719 360.41790771484375 106.03034210205078 360.41790771484375 106.03034210205078 395.28239822387695 83.18803405761719 395.28239822387695
84.43109130859375 362.32623291015625 107.76776695251465 362.32623291015625 107.76776695251465 397.9452819824219 84.43109130859375 397.9452819824219
82.9193344116211 364.1224060058594 106.2221908569336 364.1224060058594 106.2221908569336 399.6898384094238 82.9193344116211 399.6898384094238
84.01480102539062 364.87762451171875 108.08310127258301 364.87762451171875 108.08310127258301 401.6133613586426 84.01480102539062 401.6133613586426
81.48405456542969 362.5135498046875 105.87534713745117 362.5135498046875 105.87534713745117 399.74227142333984 81.48405456542969 399.74227142333984
80.5624008178711 360.12945556640625 104.74918746948242 360.12945556640625 104.74918746948242 397.0460395812988 80.5624008178711 397.0460395812988
80.3829574584961 358.2000427246094 104.74064445495605 358.2000427246094 104.74064445495605 395.37747955322266 80.3829574584961 395.37747955322266
79.07576751708984 357.66192626953125 104.13224792480469 357.66192626953125 104.13224792480469 395.9059371948242 79.07576751708984 395.9059371948242
77.34927368164062 358.2167053222656 102.65105056762695 358.2167053222656 102.65105056762695 396.8351135253906 77.34927368164062 396.8351135253906
76.52405548095703 357.962890625 101.90233993530273 357.962890625 101.90233993530273 396.69807052612305 76.52405548095703 396.69807052612305
74.46992492675781 360.7596130371094 99.53467178344727 360.7596130371094 99.53467178344727 399.0162353515625 74.46992492675781 399.0162353515625
75.49006652832031 361.20703125 100.7484073638916 361.20703125 100.7484073638916 399.7591361999512 75.49006652832031 399.7591361999512
72.89392852783203 362.63043212890625 97.94512367248535 362.63043212890625 97.94512367248535 400.86637115478516 72.89392852783203 400.86637115478516
73.56452941894531 363.7926330566406 98.4083366394043 363.7926330566406 98.4083366394043 401.7120361328125 73.56452941894531 401.7120361328125
73.38777160644531 363.4747009277344 98.32120895385742 363.4747009277344 98.32120895385742 401.5309066772461 73.38777160644531 401.5309066772461
73.38508605957031 363.52288818359375 98.25893783569336 363.52288818359375 98.25893783569336 401.4881477355957 73.38508605957031 401.4881477355957
73.27662658691406 360.23040771484375 98.15081787109375 360.23040771484375 98.15081787109375 398.1961860656738 73.27662658691406 398.1961860656738
72.15541076660156 357.392578125 97.14987564086914 357.392578125 97.14987564086914 395.541934967041 72.15541076660156 395.541934967041
72.5041275024414 354.69879150390625 97.44834518432617 354.69879150390625 97.44834518432617 392.7714500427246 72.5041275024414 392.7714500427246
71.6229019165039 352.0709228515625 96.86828231811523 352.0709228515625 96.86828231811523 390.6032485961914 71.6229019165039 390.6032485961914
71.81089782714844 348.6640319824219 97.19417953491211 348.6640319824219 97.19417953491211 387.4068374633789 71.81089782714844 387.4068374633789
71.91716003417969 347.3602294921875 97.39894485473633 347.3602294921875 97.39894485473633 386.25337982177734 71.91716003417969 386.25337982177734
72.09698486328125 346.7520446777344 97.39393043518066 346.7520446777344 97.39393043518066 385.3630676269531 72.09698486328125 385.3630676269531
72.52312469482422 344.70257568359375 97.58686447143555 344.70257568359375 97.58686447143555 382.9576530456543 72.52312469482422 382.9576530456543
71.17103576660156 344.0111083984375 96.09248733520508 344.0111083984375 96.09248733520508 382.04901123046875 71.17103576660156 382.04901123046875
70.35332489013672 342.94403076171875 95.17382431030273 342.94403076171875 95.17382431030273 380.82784271240234 70.35332489013672 380.82784271240234
70.68345642089844 341.8313903808594 95.64339828491211 341.8313903808594 95.64339828491211 379.9280319213867 70.68345642089844 379.9280319213867
70.037841796875 342.12982177734375 94.45743370056152 342.12982177734375 94.45743370056152 379.4017219543457 70.037841796875 379.4017219543457
69.96351623535156 341.0850524902344 94.44089698791504 341.0850524902344 94.44089698791504 378.44515228271484 69.96351623535156 378.44515228271484
70.94039154052734 339.67254638671875 95.76124954223633 339.67254638671875 95.76124954223633 377.5569038391113 70.94039154052734 377.5569038391113
75.20555114746094 337.78363037109375 99.89958190917969 337.78363037109375 99.89958190917969 375.4744110107422 75.20555114746094 375.4744110107422
78.37457275390625 337.186279296875 103.53881454467773 337.186279296875 103.53881454467773 375.5947494506836 78.37457275390625 375.5947494506836
86.28636169433594 337.8363037109375 111.75821113586426 337.8363037109375 111.75821113586426 376.7142791748047 86.28636169433594 376.7142791748047
90.32808685302734 335.47845458984375 115.71403503417969 335.47845458984375 115.71403503417969 374.2253189086914 90.32808685302734 374.2253189086914
90.75856018066406 334.864013671875 115.64511680603027 334.864013671875 115.64511680603027 372.84864807128906 90.75856018066406 372.84864807128906
92.55167388916016 331.9137268066406 117.37079811096191 331.9137268066406 117.37079811096191 369.79543685913086 92.55167388916016 369.79543685913086
91.82708740234375 329.9878845214844 116.5224494934082 329.9878845214844 116.5224494934082 367.6806945800781 91.82708740234375 367.6806945800781
91.9715576171875 327.38323974609375 116.66476058959961 327.38323974609375 116.66476058959961 365.07275009155273 91.9715576171875 365.07275009155273
91.29209899902344 326.32415771484375 115.50201034545898 326.32415771484375 115.50201034545898 363.2760200500488 91.29209899902344 363.2760200500488
91.37767028808594 323.2265930175781 115.57741737365723 323.2265930175781 115.57741737365723 360.1629409790039 91.37767028808594 360.1629409790039
91.32710266113281 322.41766357421875 115.4490966796875 322.41766357421875 115.4490966796875 359.2353324890137 91.32710266113281 359.2353324890137
90.02323913574219 319.8996887207031 113.85333824157715 319.8996887207031 113.85333824157715 356.2718315124512 90.02323913574219 356.2718315124512
90.11849975585938 317.8122253417969 114.33598709106445 317.8122253417969 114.33598709106445 354.77564239501953 90.11849975585938 354.77564239501953
88.78450775146484 317.1248474121094 113.11005973815918 317.1248474121094 113.11005973815918 354.2532043457031 88.78450775146484 354.2532043457031
89.0794906616211 315.6862487792969 113.49079513549805 315.6862487792969 113.49079513549805 352.9454879760742 89.0794906616211 352.9454879760742
88.81729888916016 314.10357666015625 113.49142456054688 314.10357666015625 113.49142456054688 351.7639617919922 88.81729888916016 351.7639617919922
88.58708190917969 311.58441162109375 112.92750358581543 311.58441162109375 112.92750358581543 348.7354621887207 88.58708190917969 348.7354621887207
88.03968811035156 309.67767333984375 112.79127883911133 309.67767333984375 112.79127883911133 347.456298828125 88.03968811035156 347.456298828125
87.0904769897461 306.38665771484375 112.3099136352539 306.38665771484375 112.3099136352539 344.8793640136719 87.0904769897461 344.8793640136719
85.53456115722656 303.63427734375 111.17672729492188 303.63427734375 111.17672729492188 342.7721977233887 85.53456115722656 342.7721977233887
84.47346496582031 299.7576904296875 110.57121276855469 299.7576904296875 110.57121276855469 339.59096908569336 84.47346496582031 339.59096908569336
84.78675842285156 297.99676513671875 111.19148254394531 297.99676513671875 111.19148254394531 338.298583984375 84.78675842285156 338.298583984375
84.83052825927734 299.7612609863281 111.03141021728516 299.7612609863281 111.03141021728516 339.75196075439453 84.83052825927734 339.75196075439453
84.50672149658203 297.8968200683594 110.71016693115234 297.8968200683594 110.71016693115234 338.4814910888672 84.50672149658203 338.4814910888672
84.05652618408203 297.37115478515625 110.08256721496582 297.37115478515625 110.08256721496582 337.0949897766113 84.05652618408203 337.0949897766113
83.87936401367188 296.9598693847656 109.68697547912598 296.9598693847656 109.68697547912598 336.3503112792969 83.87936401367188 336.3503112792969
83.86944580078125 295.9376525878906 109.64252662658691 295.9376525878906 109.64252662658691 335.27538299560547 83.86944580078125 335.27538299560547
83.98486328125 294.9384765625 109.95572280883789 294.9384765625 109.95572280883789 334.57807540893555 83.98486328125 334.57807540893555
82.7204360961914 290.32220458984375 108.76640510559082 290.32220458984375 108.76640510559082 330.0764389038086 82.7204360961914 330.0764389038086
82.51641082763672 288.7959899902344 108.46063423156738 288.7959899902344 108.46063423156738 328.3949279785156 82.51641082763672 328.3949279785156
81.3221664428711 285.12200927734375 107.53952407836914 285.12200927734375 107.53952407836914 325.1378364562988 81.3221664428711 325.1378364562988
80.22005462646484 283.3585510253906 106.42806816101074 283.3585510253906 106.42806816101074 323.36012268066406 80.22005462646484 323.36012268066406
81.3292007446289 281.8182678222656 107.7664566040039 281.8182678222656 107.7664566040039 322.4161148071289 81.3292007446289 322.4161148071289
81.3884506225586 280.8024597167969 108.14523124694824 280.8024597167969 108.14523124694824 321.6144142150879 81.3884506225586 321.6144142150879
81.00700378417969 279.8177185058594 107.12207412719727 279.8177185058594 107.12207412719727 320.4087219238281 81.00700378417969 320.4087219238281
81.10087585449219 279.04766845703125 106.44155693054199 279.04766845703125 106.44155693054199 318.2649383544922 81.10087585449219 318.2649383544922
80.80921936035156 279.09674072265625 106.1235408782959 279.09674072265625 106.1235408782959 319.8933219909668 80.80921936035156 319.8933219909668
81.06922912597656 276.7821350097656 106.52451515197754 276.7821350097656 106.52451515197754 317.12986755371094 81.06922912597656 317.12986755371094
80.88019561767578 275.1708984375 106.83480644226074 275.1708984375 106.83480644226074 315.5752639770508 80.88019561767578 315.5752639770508
80.48417663574219 276.71466064453125 106.43285179138184 276.71466064453125 106.43285179138184 317.09815216064453 80.48417663574219 317.09815216064453
79.97251892089844 272.18865966796875 106.28805923461914 272.18865966796875 106.28805923461914 312.5066604614258 79.97251892089844 312.5066604614258
79.4799575805664 273.4718322753906 105.4589672088623 273.4718322753906 105.4589672088623 314.0425720214844 79.4799575805664 314.0425720214844
79.46958923339844 271.47491455078125 105.95503616333008 271.47491455078125 105.95503616333008 312.9913139343262 79.46958923339844 312.9913139343262
78.96302795410156 271.1274719238281 106.20253372192383 271.1274719238281 106.20253372192383 313.7051887512207 78.96302795410156 313.7051887512207
78.54435729980469 271.7516174316406 105.55792808532715 271.7516174316406 105.55792808532715 314.7930603027344 78.54435729980469 314.7930603027344
78.70357513427734 269.8492126464844 106.65910148620605 269.8492126464844 106.65910148620605 314.67137908935547 78.70357513427734 314.67137908935547
78.95416259765625 270.4038391113281 105.12638473510742 270.4038391113281 105.12638473510742 314.41833877563477 78.95416259765625 314.41833877563477
79.903076171875 268.048583984375 106.3214168548584 268.048583984375 106.3214168548584 311.6593360900879 79.903076171875 311.6593360900879
78.98941040039062 269.3279113769531 104.10988807678223 269.3279113769531 104.10988807678223 312.34892654418945 78.98941040039062 312.34892654418945
78.54777526855469 268.2774353027344 104.22554397583008 268.2774353027344 104.22554397583008 310.74486541748047 78.54777526855469 310.74486541748047
78.32920837402344 267.734375 104.0856990814209 267.734375 104.0856990814209 310.35535430908203 78.32920837402344 310.35535430908203
78.12176513671875 267.16619873046875 104.30464744567871 267.16619873046875 104.30464744567871 309.52787017822266 78.12176513671875 309.52787017822266
78.20466613769531 267.08172607421875 104.77223587036133 267.08172607421875 104.77223587036133 310.8188896179199 78.20466613769531 310.8188896179199
77.91722106933594 264.69482421875 104.69422912597656 264.69482421875 104.69422912597656 309.2280807495117 77.91722106933594 309.2280807495117
76.83015441894531 262.5374755859375 103.89687156677246 262.5374755859375 103.89687156677246 306.8052062988281 76.83015441894531 306.8052062988281
77.03944396972656 262.3980407714844 104.30099105834961 262.3980407714844 104.30099105834961 306.60677337646484 77.03944396972656 306.60677337646484
75.82845306396484 262.96600341796875 103.43253326416016 262.96600341796875 103.43253326416016 307.5195655822754 75.82845306396484 307.5195655822754
76.64018249511719 262.802490234375 103.71971702575684 262.802490234375 103.71971702575684 307.3198471069336 76.64018249511719 307.3198471069336
77.31195831298828 262.9771423339844 104.61819267272949 262.9771423339844 104.61819267272949 308.2288360595703 77.31195831298828 308.2288360595703
75.97122955322266 263.4009094238281 103.3119888305664 263.4009094238281 103.3119888305664 308.4958724975586 75.97122955322266 308.4958724975586
76.11641693115234 262.658203125 103.78341293334961 262.658203125 103.78341293334961 306.9923629760742 76.11641693115234 306.9923629760742
75.6971206665039 262.1609802246094 103.04194450378418 262.1609802246094 103.04194450378418 305.6701431274414 75.6971206665039 305.6701431274414
76.67725372314453 261.5465087890625 104.11288833618164 261.5465087890625 104.11288833618164 306.34492111206055 76.67725372314453 306.34492111206055
76.24806213378906 260.8633728027344 104.78485107421875 260.8633728027344 104.78485107421875 305.6392021179199 76.24806213378906 305.6392021179199
76.35250091552734 259.50018310546875 106.13553237915039 259.50018310546875 106.13553237915039 305.4719467163086 76.35250091552734 305.4719467163086
76.04042053222656 257.9049377441406 105.74647903442383 257.9049377441406 105.74647903442383 304.8939895629883 76.04042053222656 304.8939895629883
75.28623962402344 258.28662109375 105.0150203704834 258.28662109375 105.0150203704834 304.98734283447266 75.28623962402344 304.98734283447266
75.05833435058594 258.53558349609375 105.60477256774902 258.53558349609375 105.60477256774902 305.98719024658203 75.05833435058594 305.98719024658203
75.18134307861328 259.35162353515625 105.62794303894043 259.35162353515625 105.62794303894043 307.2454528808594 75.18134307861328 307.2454528808594
74.695556640625 260.21368408203125 105.59294509887695 260.21368408203125 105.59294509887695 308.2862434387207 74.695556640625 308.2862434387207
74.47954559326172 261.64129638671875 105.66495132446289 261.64129638671875 105.66495132446289 310.24213790893555 74.47954559326172 310.24213790893555
74.43049621582031 262.30157470703125 105.29033279418945 262.30157470703125 105.29033279418945 311.67984771728516 74.43049621582031 311.67984771728516
74.88245391845703 262.5500793457031 104.55060005187988 262.5500793457031 104.55060005187988 312.6939468383789 74.88245391845703 312.6939468383789
75.36507415771484 261.9118347167969 103.70577621459961 261.9118347167969 103.70577621459961 312.2672309875488 75.36507415771484 312.2672309875488
74.23092651367188 260.15765380859375 104.76358032226562 260.15765380859375 104.76358032226562 309.0755424499512 74.23092651367188 309.0755424499512
73.21810150146484 259.23541259765625 103.78495407104492 259.23541259765625 103.78495407104492 307.4588317871094 73.21810150146484 307.4588317871094
73.15511322021484 259.3730773925781 103.23401069641113 259.3730773925781 103.23401069641113 307.46464920043945 73.15511322021484 307.46464920043945
73.3332290649414 259.00994873046875 103.55651664733887 259.00994873046875 103.55651664733887 307.0089416503906 73.3332290649414 307.0089416503906
72.87589263916016 260.1023864746094 102.59288215637207 260.1023864746094 102.59288215637207 307.80310821533203 72.87589263916016 307.80310821533203
73.41275787353516 260.8551940917969 103.36550712585449 260.8551940917969 103.36550712585449 308.50477600097656 73.41275787353516 308.50477600097656
72.57316589355469 261.0481262207031 103.5403995513916 261.0481262207031 103.5403995513916 310.26512908935547 72.57316589355469 310.26512908935547
72.83192443847656 261.1975402832031 103.37892150878906 261.1975402832031 103.37892150878906 310.19139862060547 72.83192443847656 310.19139862060547
72.96127319335938 259.9757385253906 104.24767112731934 259.9757385253906 104.24767112731934 308.0515937805176 72.96127319335938 308.0515937805176
74.07572937011719 260.65924072265625 103.59935569763184 260.65924072265625 103.59935569763184 308.8437919616699 74.07572937011719 308.8437919616699
74.1630630493164 260.7847595214844 103.73943710327148 260.7847595214844 103.73943710327148 309.2644348144531 74.1630630493164 309.2644348144531
74.39297485351562 260.09503173828125 103.89529418945312 260.09503173828125 103.89529418945312 308.81046295166016 74.39297485351562 308.81046295166016
73.70773315429688 259.61279296875 104.52544784545898 259.61279296875 104.52544784545898 307.40176010131836 73.70773315429688 307.40176010131836
73.32151794433594 260.7833251953125 103.63861465454102 260.7833251953125 103.63861465454102 308.4128532409668 73.32151794433594 308.4128532409668
73.69815826416016 262.9837951660156 104.27356719970703 262.9837951660156 104.27356719970703 310.34691619873047 73.69815826416016 310.34691619873047
76.9629898071289 263.3353576660156 107.79041290283203 263.3353576660156 107.79041290283203 310.4575424194336 76.9629898071289 310.4575424194336
79.47953033447266 264.28851318359375 110.24500846862793 264.28851318359375 110.24500846862793 311.02470779418945 79.47953033447266 311.02470779418945
84.85224151611328 263.2536315917969 116.15916633605957 263.2536315917969 116.15916633605957 311.0377006530762 84.85224151611328 311.0377006530762
89.03396606445312 262.313232421875 120.59769821166992 262.313232421875 120.59769821166992 310.4892692565918 89.03396606445312 310.4892692565918
89.97909545898438 261.55126953125 122.02130126953125 261.55126953125 122.02130126953125 310.45760345458984 89.97909545898438 310.45760345458984
90.41678619384766 254.1595916748047 122.12100982666016 254.1595916748047 122.12100982666016 303.43477630615234 90.41678619384766 303.43477630615234
92.0970230102539 253.11996459960938 122.32005500793457 253.11996459960938 122.32005500793457 301.00017166137695 92.0970230102539 301.00017166137695
91.05638122558594 252.56985473632812 121.4238395690918 252.56985473632812 121.4238395690918 300.510799407959 91.05638122558594 300.510799407959
91.05555725097656 251.49478149414062 122.05255699157715 251.49478149414062 122.05255699157715 298.80579376220703 91.05555725097656 298.80579376220703
97.28910064697266 253.514892578125 128.23234367370605 253.514892578125 128.23234367370605 300.74385833740234 97.28910064697266 300.74385833740234
98.48139953613281 256.26409912109375 129.28388023376465 256.26409912109375 129.28388023376465 303.2782211303711 98.48139953613281 303.2782211303711
109.31285095214844 260.28021240234375 139.71711349487305 260.28021240234375 139.71711349487305 306.68653106689453 109.31285095214844 306.68653106689453
119.12107849121094 264.82733154296875 149.40314865112305 264.82733154296875 149.40314865112305 311.04714584350586 119.12107849121094 311.04714584350586
125.97518157958984 268.5726623535156 156.49468231201172 268.5726623535156 156.49468231201172 315.15486907958984 125.97518157958984 315.15486907958984
126.2012939453125 268.4420166015625 156.48482131958008 268.4420166015625 156.48482131958008 314.66405487060547 126.2012939453125 314.66405487060547
126.2247085571289 268.0030517578125 156.66410446166992 268.0030517578125 156.66410446166992 314.4629936218262 126.2247085571289 314.4629936218262
125.55824279785156 264.9449462890625 156.40537071228027 264.9449462890625 156.40537071228027 312.02721405029297 125.55824279785156 312.02721405029297
124.91690826416016 258.5670471191406 155.80933952331543 258.5670471191406 155.80933952331543 307.1155891418457 124.91690826416016 307.1155891418457
124.86761474609375 255.7515869140625 156.19176292419434 255.7515869140625 156.19176292419434 303.56193923950195 124.86761474609375 303.56193923950195
125.73587799072266 253.6660614013672 156.2064037322998 253.6660614013672 156.2064037322998 302.89538192749023 125.73587799072266 302.89538192749023
125.71293640136719 252.70559692382812 156.80176162719727 252.70559692382812 156.80176162719727 301.35052490234375 125.71293640136719 301.35052490234375
125.6787338256836 253.34774780273438 157.28550910949707 253.34774780273438 157.28550910949707 302.0567207336426 125.6787338256836 302.0567207336426
125.7754135131836 251.5165252685547 157.3781452178955 251.5165252685547 157.3781452178955 299.75209045410156 125.7754135131836 299.75209045410156
126.55912017822266 253.4562225341797 157.94799613952637 253.4562225341797 157.94799613952637 301.87793731689453 126.55912017822266 301.87793731689453
128.45077514648438 254.77029418945312 160.60041046142578 254.77029418945312 160.60041046142578 303.8406066894531 128.45077514648438 303.8406066894531
130.49240112304688 255.0426483154297 162.96568298339844 255.0426483154297 162.96568298339844 304.6069450378418 130.49240112304688 304.6069450378418
130.96694946289062 254.4528045654297 163.5013084411621 254.4528045654297 163.5013084411621 304.20365142822266 130.96694946289062 304.20365142822266
131.4473876953125 254.26333618164062 163.25505447387695 254.26333618164062 163.25505447387695 304.29670333862305 131.4473876953125 304.29670333862305
131.56903076171875 250.63217163085938 164.02788543701172 250.63217163085938 164.02788543701172 301.7464485168457 131.56903076171875 301.7464485168457
131.5310516357422 249.7173309326172 163.73041915893555 249.7173309326172 163.73041915893555 300.2558822631836 131.5310516357422 300.2558822631836
132.01319885253906 249.888916015625 164.02601623535156 249.888916015625 164.02601623535156 300.0097236633301 132.01319885253906 300.0097236633301
132.2685546875 250.7585906982422 163.22735595703125 250.7585906982422 163.22735595703125 300.37813568115234 132.2685546875 300.37813568115234
132.12828063964844 250.4081268310547 163.39796829223633 250.4081268310547 163.39796829223633 301.0202445983887 132.12828063964844 301.0202445983887
131.7996063232422 254.0484619140625 162.67416954040527 254.0484619140625 162.67416954040527 304.1865043640137 131.7996063232422 304.1865043640137
132.59066772460938 255.24685668945312 163.6529598236084 255.24685668945312 163.6529598236084 304.1506156921387 132.59066772460938 304.1506156921387
132.30850219726562 257.5755310058594 163.9102725982666 257.5755310058594 163.9102725982666 307.24343490600586 132.30850219726562 307.24343490600586
131.60812377929688 257.768798828125 163.63351821899414 257.768798828125 163.63351821899414 306.6494903564453 131.60812377929688 306.6494903564453
132.2246856689453 256.58984375 163.84380722045898 256.58984375 163.84380722045898 305.81245040893555 132.2246856689453 305.81245040893555
130.84170532226562 257.12750244140625 162.64803504943848 257.12750244140625 162.64803504943848 305.67382431030273 130.84170532226562 305.67382431030273
130.78256225585938 253.8764190673828 162.69845581054688 253.8764190673828 162.69845581054688 302.58996963500977 130.78256225585938 302.58996963500977
130.91348266601562 253.99569702148438 162.46031761169434 253.99569702148438 162.46031761169434 302.1459503173828 130.91348266601562 302.1459503173828
131.03628540039062 254.12747192382812 162.8347110748291 254.12747192382812 162.8347110748291 302.6617240905762 131.03628540039062 302.6617240905762
130.54562377929688 253.8961944580078 162.6532211303711 253.8961944580078 162.6532211303711 302.90234375 130.54562377929688 302.90234375
130.64315795898438 255.57754516601562 162.71612930297852 255.57754516601562 162.71612930297852 304.5308418273926 130.64315795898438 304.5308418273926
130.37039184570312 256.5415954589844 162.6281967163086 256.5415954589844 162.6281967163086 305.7770004272461 130.37039184570312 305.7770004272461
129.3809051513672 257.2006530761719 162.16163635253906 257.2006530761719 162.16163635253906 307.2342109680176 129.3809051513672 307.2342109680176
129.75546264648438 258.800048828125 162.68488311767578 258.800048828125 162.68488311767578 308.8386039733887 129.75546264648438 308.8386039733887
129.9304656982422 255.72128295898438 162.9191665649414 255.72128295898438 162.9191665649414 306.42635345458984 129.9304656982422 306.42635345458984
128.43069458007812 253.7630615234375 161.95613479614258 253.7630615234375 161.95613479614258 304.93327713012695 128.43069458007812 304.93327713012695
129.379150390625 250.9688262939453 162.7030372619629 250.9688262939453 162.7030372619629 301.8314094543457 129.379150390625 301.8314094543457
128.67124938964844 251.0546112060547 161.12586212158203 251.0546112060547 161.12586212158203 302.8992233276367 128.67124938964844 302.8992233276367
128.64501953125 250.66433715820312 161.57264709472656 250.66433715820312 161.57264709472656 300.77184677124023 128.64501953125 300.77184677124023
128.1649627685547 251.1904754638672 161.1425437927246 251.1904754638672 161.1425437927246 300.14100646972656 128.1649627685547 300.14100646972656
128.1466064453125 250.72802734375 161.48630142211914 250.72802734375 161.48630142211914 299.65267181396484 128.1466064453125 299.65267181396484
128.1157684326172 252.2796173095703 160.82862854003906 252.2796173095703 160.82862854003906 300.59117889404297 128.1157684326172 300.59117889404297
127.56803894042969 250.83010864257812 161.57347869873047 250.83010864257812 161.57347869873047 300.25175857543945 127.56803894042969 300.25175857543945
126.9988784790039 250.3211212158203 161.5153579711914 250.3211212158203 161.5153579711914 299.7725372314453 126.9988784790039 299.7725372314453
126.6775131225586 247.7083282470703 161.82755661010742 247.7083282470703 161.82755661010742 299.06263732910156 126.6775131225586 299.06263732910156
127.04364013671875 249.6233673095703 162.06644439697266 249.6233673095703 162.06644439697266 301.9335403442383 127.04364013671875 301.9335403442383
126.9478759765625 247.75125122070312 162.08583450317383 247.75125122070312 162.08583450317383 300.40450286865234 126.9478759765625 300.40450286865234
126.23420715332031 246.72372436523438 163.10122299194336 246.72372436523438 163.10122299194336 299.2210693359375 126.23420715332031 299.2210693359375
126.15141296386719 248.4918212890625 162.09532928466797 248.4918212890625 162.09532928466797 300.2791442871094 126.15141296386719 300.2791442871094
126.06816101074219 247.3649139404297 162.51656341552734 247.3649139404297 162.51656341552734 299.4034767150879 126.06816101074219 299.4034767150879
125.06036376953125 247.8786163330078 161.46849060058594 247.8786163330078 161.46849060058594 299.0121955871582 125.06036376953125 299.0121955871582
125.82221984863281 247.47335815429688 162.54437637329102 247.47335815429688 162.54437637329102 299.3898735046387 125.82221984863281 299.3898735046387
125.19063568115234 247.2485809326172 162.131103515625 247.2485809326172 162.131103515625 298.71519470214844 125.19063568115234 298.71519470214844
124.5086898803711 248.36865234375 161.18019104003906 248.36865234375 161.18019104003906 299.65364837646484 124.5086898803711 299.65364837646484
125.12899017333984 246.87417602539062 161.96075439453125 246.87417602539062 161.96075439453125 299.3125419616699 125.12899017333984 299.3125419616699
125.6368408203125 245.5813751220703 161.74602508544922 245.5813751220703 161.74602508544922 299.9829635620117 125.6368408203125 299.9829635620117
125.00830078125 244.56478881835938 162.16316604614258 244.56478881835938 162.16316604614258 298.3631362915039 125.00830078125 298.3631362915039
124.85481262207031 243.9724578857422 162.14184951782227 243.9724578857422 162.14184951782227 298.1098861694336 124.85481262207031 298.1098861694336
124.05915832519531 244.3475341796875 160.67323303222656 244.3475341796875 160.67323303222656 296.88175201416016 124.05915832519531 296.88175201416016
124.54035949707031 245.694091796875 160.5260887145996 245.694091796875 160.5260887145996 297.33199310302734 124.54035949707031 297.33199310302734
124.78819274902344 245.3671875 161.73237228393555 245.3671875 161.73237228393555 297.5377616882324 124.78819274902344 297.5377616882324
124.42889404296875 244.51431274414062 160.78616333007812 244.51431274414062 160.78616333007812 296.4115219116211 124.42889404296875 296.4115219116211
125.14520263671875 244.15762329101562 161.4717559814453 244.15762329101562 161.4717559814453 295.8322944641113 125.14520263671875 295.8322944641113
123.81257629394531 242.80416870117188 160.0476837158203 242.80416870117188 160.0476837158203 296.32811737060547 123.81257629394531 296.32811737060547
124.83670806884766 242.3834228515625 161.069580078125 242.3834228515625 161.069580078125 295.7086601257324 124.83670806884766 295.7086601257324
125.4271469116211 239.3383026123047 161.94234466552734 239.3383026123047 161.94234466552734 293.66431045532227 125.4271469116211 293.66431045532227
124.70369720458984 240.50430297851562 160.7336311340332 240.50430297851562 160.7336311340332 292.51566314697266 124.70369720458984 292.51566314697266
124.25068664550781 238.9192352294922 161.3077049255371 238.9192352294922 161.3077049255371 291.5636329650879 124.25068664550781 291.5636329650879
124.57582092285156 239.34561157226562 161.48331832885742 239.34561157226562 161.48331832885742 292.1968460083008 124.57582092285156 292.1968460083008
124.74519348144531 239.7870635986328 162.1108169555664 239.7870635986328 162.1108169555664 292.39187240600586 124.74519348144531 292.39187240600586
125.5186767578125 240.857666015625 161.73651123046875 240.857666015625 161.73651123046875 291.6270446777344 125.5186767578125 291.6270446777344
126.0153579711914 239.2296905517578 162.8051643371582 239.2296905517578 162.8051643371582 290.1427879333496 126.0153579711914 290.1427879333496
124.90364074707031 239.82717895507812 160.9135284423828 239.82717895507812 160.9135284423828 290.23657989501953 124.90364074707031 290.23657989501953
125.68220520019531 238.9647674560547 161.7239532470703 238.9647674560547 161.7239532470703 289.5809898376465 125.68220520019531 289.5809898376465
126.21553039550781 239.05514526367188 162.03787994384766 239.05514526367188 162.03787994384766 289.63886642456055 126.21553039550781 289.63886642456055
125.54923248291016 239.44802856445312 161.49988174438477 239.44802856445312 161.49988174438477 289.21753692626953 125.54923248291016 289.21753692626953
126.30412292480469 239.3004608154297 161.94894409179688 239.3004608154297 161.94894409179688 288.085636138916 126.30412292480469 288.085636138916
126.6751480102539 238.5828857421875 161.8178825378418 238.5828857421875 161.8178825378418 286.9041519165039 126.6751480102539 286.9041519165039
127.41856384277344 239.25537109375 162.78038024902344 239.25537109375 162.78038024902344 287.6488342285156 127.41856384277344 287.6488342285156
130.54489135742188 238.95333862304688 166.89384078979492 238.95333862304688 166.89384078979492 286.9583969116211 130.54489135742188 286.9583969116211
134.12229919433594 238.52978515625 169.56549453735352 238.52978515625 169.56549453735352 290.85099029541016 134.12229919433594 290.85099029541016
134.20643615722656 241.248046875 171.1722640991211 241.248046875 171.1722640991211 290.6106376647949 134.20643615722656 290.6106376647949
136.6337127685547 240.82186889648438 172.29849243164062 240.82186889648438 172.29849243164062 289.5111999511719 136.6337127685547 289.5111999511719
137.64842224121094 241.17605590820312 173.4863395690918 241.17605590820312 173.4863395690918 287.6703872680664 137.64842224121094 287.6703872680664
138.4422149658203 239.1682586669922 173.82611465454102 239.1682586669922 173.82611465454102 288.44983673095703 138.4422149658203 288.44983673095703
138.7154083251953 238.4559326171875 174.27508926391602 238.4559326171875 174.27508926391602 286.55690002441406 138.7154083251953 286.55690002441406
139.574951171875 237.69656372070312 175.12572479248047 237.69656372070312 175.12572479248047 286.30725860595703 139.574951171875 286.30725860595703
137.39405822753906 237.78878784179688 172.18028259277344 237.78878784179688 172.18028259277344 285.30700302124023 137.39405822753906 285.30700302124023
140.14944458007812 238.05953979492188 174.12786102294922 238.05953979492188 174.12786102294922 284.34204864501953 140.14944458007812 284.34204864501953
140.31509399414062 236.5314483642578 175.3906478881836 236.5314483642578 175.3906478881836 284.08935928344727 140.31509399414062 284.08935928344727
140.65968322753906 237.59262084960938 174.8680076599121 237.59262084960938 174.8680076599121 285.2651596069336 140.65968322753906 285.2651596069336
139.97280883789062 237.55734252929688 174.96622467041016 237.55734252929688 174.96622467041016 284.6831398010254 139.97280883789062 284.6831398010254
141.5039520263672 236.79928588867188 175.30968475341797 236.79928588867188 175.30968475341797 285.55671310424805 141.5039520263672 285.55671310424805
140.89639282226562 241.1884307861328 176.67562866210938 241.1884307861328 176.67562866210938 287.51624298095703 140.89639282226562 287.51624298095703
141.6434783935547 240.60546875 177.51818466186523 240.60546875 177.51818466186523 287.08185958862305 141.6434783935547 287.08185958862305
141.9258270263672 240.35763549804688 177.73863220214844 240.35763549804688 177.73863220214844 286.65921783447266 141.9258270263672 286.65921783447266
142.4229278564453 241.12051391601562 177.71384048461914 241.12051391601562 177.71384048461914 287.0112762451172 142.4229278564453 287.0112762451172
142.98416137695312 240.76123046875 178.53513717651367 240.76123046875 178.53513717651367 286.81624603271484 142.98416137695312 286.81624603271484
143.2024383544922 241.06704711914062 177.71083068847656 241.06704711914062 177.71083068847656 286.6307182312012 143.2024383544922 286.6307182312012
143.77340698242188 241.0451202392578 179.12347030639648 241.0451202392578 179.12347030639648 286.80945587158203 143.77340698242188 286.80945587158203
145.29153442382812 239.44845581054688 180.85112762451172 239.44845581054688 180.85112762451172 287.3108825683594 145.29153442382812 287.3108825683594
149.09109497070312 237.93212890625 182.926513671875 237.93212890625 182.926513671875 289.5754585266113 149.09109497070312 289.5754585266113
152.7429656982422 236.5549774169922 186.52434539794922 236.5549774169922 186.52434539794922 288.11582946777344 152.7429656982422 288.11582946777344
154.23434448242188 236.40478515625 188.20722198486328 236.40478515625 188.20722198486328 288.2579154968262 154.23434448242188 288.2579154968262
155.2545623779297 236.49624633789062 189.10245513916016 236.49624633789062 189.10245513916016 288.1586112976074 155.2545623779297 288.1586112976074
152.9420928955078 236.04293823242188 189.18637084960938 236.04293823242188 189.18637084960938 282.6840515136719 152.9420928955078 282.6840515136719
153.45338439941406 236.6886749267578 189.3982162475586 236.6886749267578 189.3982162475586 283.2930679321289 153.45338439941406 283.2930679321289
153.7276153564453 237.15847778320312 189.13411712646484 237.15847778320312 189.13411712646484 284.5537300109863 153.7276153564453 284.5537300109863
154.92202758789062 237.2510223388672 190.10224151611328 237.2510223388672 190.10224151611328 284.1699752807617 154.92202758789062 284.1699752807617
159.24546813964844 233.94229125976562 192.77356719970703 233.94229125976562 192.77356719970703 285.1165580749512 159.24546813964844 285.1165580749512
161.84756469726562 237.4278106689453 195.1429901123047 237.4278106689453 195.1429901123047 288.24694442749023 161.84756469726562 288.24694442749023
166.06321716308594 237.59423828125 199.1852798461914 237.59423828125 199.1852798461914 288.1487617492676 166.06321716308594 288.1487617492676
181.17135620117188 236.1558380126953 214.30451202392578 236.1558380126953 214.30451202392578 286.727294921875 181.17135620117188 286.727294921875
182.11129760742188 237.3317108154297 214.0382595062256 237.3317108154297 214.0382595062256 286.06214141845703 182.11129760742188 286.06214141845703
193.29104614257812 232.0974884033203 224.87327575683594 232.0974884033203 224.87327575683594 280.30175399780273 193.29104614257812 280.30175399780273
194.8673553466797 231.53671264648438 226.37073707580566 231.53671264648438 226.37073707580566 279.6206283569336 194.8673553466797 279.6206283569336
195.31307983398438 226.9305419921875 226.54931640625 226.9305419921875 226.54931640625 274.6067123413086 195.31307983398438 274.6067123413086
195.3868865966797 225.0208282470703 226.2399196624756 225.0208282470703 226.2399196624756 272.11211013793945 195.3868865966797 272.11211013793945
194.4751739501953 223.4833984375 225.4854850769043 223.4833984375 225.4854850769043 270.81473541259766 194.4751739501953 270.81473541259766
194.97837829589844 223.1666717529297 226.27747535705566 223.1666717529297 226.27747535705566 270.9387855529785 194.97837829589844 270.9387855529785
199.35971069335938 225.03860473632812 230.5278434753418 225.03860473632812 230.5278434753418 272.6108207702637 199.35971069335938 272.6108207702637
199.89231872558594 228.6996612548828 231.66418075561523 228.6996612548828 231.66418075561523 277.19335556030273 199.89231872558594 277.19335556030273
204.1300506591797 233.8199920654297 236.26103973388672 233.8199920654297 236.26103973388672 282.86182022094727 204.1300506591797 282.86182022094727
214.0155487060547 235.3954620361328 246.33039093017578 235.3954620361328 246.33039093017578 284.71791076660156 214.0155487060547 284.71791076660156
228.39736938476562 237.70028686523438 260.5884132385254 237.70028686523438 260.5884132385254 286.83377838134766 228.39736938476562 286.83377838134766
243.9705352783203 239.9637908935547 275.8423557281494 239.9637908935547 275.8423557281494 288.61004638671875 243.9705352783203 288.61004638671875
249.28506469726562 241.0805206298828 281.7560806274414 241.0805206298828 281.7560806274414 290.6413383483887 249.28506469726562 290.6413383483887
248.59420776367188 240.96395874023438 280.9323921203613 240.96395874023438 280.9323921203613 290.32202911376953 248.59420776367188 290.32202911376953
247.70547485351562 236.68994140625 280.9029350280762 236.68994140625 280.9029350280762 287.35953521728516 247.70547485351562 287.35953521728516
244.709716796875 234.1024169921875 277.850341796875 234.1024169921875 277.850341796875 284.6852607727051 244.709716796875 284.6852607727051
241.055419921875 226.7244873046875 274.5082817077637 226.7244873046875 274.5082817077637 277.78389739990234 241.055419921875 277.78389739990234
239.1976318359375 224.1039581298828 273.4734344482422 224.1039581298828 273.4734344482422 276.41942977905273 239.1976318359375 276.41942977905273
238.78775024414062 220.45669555664062 273.79897689819336 220.45669555664062 273.79897689819336 273.8946533203125 238.78775024414062 273.8946533203125
239.62533569335938 221.41357421875 274.9180107116699 221.41357421875 274.9180107116699 272.39262771606445 239.62533569335938 272.39262771606445
238.04324340820312 223.0049591064453 273.5622024536133 223.0049591064453 273.5622024536133 272.66875076293945 238.04324340820312 272.66875076293945
240.30343627929688 221.1479034423828 274.3994026184082 221.1479034423828 274.3994026184082 273.18888092041016 240.30343627929688 273.18888092041016
240.27304077148438 223.84310913085938 274.4187431335449 223.84310913085938 274.4187431335449 275.95999908447266 240.27304077148438 275.95999908447266
240.0341339111328 225.1199951171875 274.2702445983887 225.1199951171875 274.2702445983887 277.3748779296875 240.0341339111328 277.3748779296875
240.28988647460938 224.99832153320312 275.01054763793945 224.99832153320312 275.01054763793945 277.9927749633789 240.28988647460938 277.9927749633789
240.4049072265625 227.4087371826172 275.2174873352051 227.4087371826172 275.2174873352051 280.54348373413086 240.4049072265625 280.54348373413086
241.9716339111328 226.2987060546875 276.72327423095703 226.2987060546875 276.72327423095703 279.3404426574707 241.9716339111328 279.3404426574707
242.06198120117188 229.0294189453125 277.3178405761719 229.0294189453125 277.3178405761719 281.930419921875 242.06198120117188 281.930419921875
241.5943603515625 226.9102020263672 276.25265884399414 226.9102020263672 276.25265884399414 279.2703323364258 241.5943603515625 279.2703323364258
241.78097534179688 225.3091278076172 276.57722091674805 225.3091278076172 276.57722091674805 278.050594329834 241.78097534179688 278.050594329834
241.9551544189453 223.5049591064453 277.06531143188477 223.5049591064453 277.06531143188477 276.48157119750977 241.9551544189453 276.48157119750977
243.344970703125 214.9346160888672 278.99825286865234 214.9346160888672 278.99825286865234 269.35254287719727 243.344970703125 269.35254287719727
243.0093231201172 214.00881958007812 278.1798210144043 214.00881958007812 278.1798210144043 267.6898727416992 243.0093231201172 267.6898727416992
243.6157989501953 212.3279266357422 279.25122833251953 212.3279266357422 279.25122833251953 266.37096786499023 243.6157989501953 266.37096786499023
244.66519165039062 212.09756469726562 280.22827911376953 212.09756469726562 280.22827911376953 266.3778381347656 244.66519165039062 266.3778381347656
243.14779663085938 211.6943817138672 278.70740509033203 211.6943817138672 278.70740509033203 265.96934509277344 243.14779663085938 265.96934509277344
243.22689819335938 213.6720428466797 278.8722801208496 213.6720428466797 278.8722801208496 268.0779266357422 243.22689819335938 268.0779266357422
241.45413208007812 214.1224822998047 277.2819709777832 214.1224822998047 277.2819709777832 268.80685806274414 241.45413208007812 268.80685806274414
241.23617553710938 215.45193481445312 276.81716537475586 215.45193481445312 276.81716537475586 269.7595443725586 241.23617553710938 269.7595443725586
243.703125 216.1057586669922 278.64692306518555 216.1057586669922 278.64692306518555 269.4408187866211 243.703125 269.4408187866211
243.66690063476562 215.89981079101562 278.1334915161133 215.89981079101562 278.1334915161133 268.50650787353516 243.66690063476562 268.50650787353516
