730.0 299.0 950.0 299.0 950.0 376.0 730.0 376.0
729.0426025390625 300.97662353515625 947.190185546875 300.97662353515625 947.190185546875 377.35904693603516 729.0426025390625 377.35904693603516
730.5574951171875 303.3238220214844 945.2110137939453 303.3238220214844 945.2110137939453 380.0553436279297 730.5574951171875 380.0553436279297
729.8555908203125 306.3733825683594 945.2884826660156 306.3733825683594 945.2884826660156 382.9660415649414 729.8555908203125 382.9660415649414
729.5150146484375 307.85675048828125 945.0221862792969 307.85675048828125 945.0221862792969 383.85235595703125 729.5150146484375 383.85235595703125
729.1712036132812 309.2886657714844 944.5777435302734 309.2886657714844 944.5777435302734 386.2615203857422 729.1712036132812 386.2615203857422
729.8167724609375 309.78253173828125 943.4995422363281 309.78253173828125 943.4995422363281 384.78153228759766 729.8167724609375 384.78153228759766
729.0139770507812 309.6440734863281 943.1922302246094 309.6440734863281 943.1922302246094 384.88404083251953 729.0139770507812 384.88404083251953
729.5145263671875 308.48193359375 942.6261444091797 308.48193359375 942.6261444091797 384.3639450073242 729.5145263671875 384.3639450073242
727.9334106445312 307.0937805175781 942.0509643554688 307.0937805175781 942.0509643554688 383.9471969604492 727.9334106445312 383.9471969604492
728.4244384765625 307.1250915527344 942.3081359863281 307.1250915527344 942.3081359863281 382.7198944091797 728.4244384765625 382.7198944091797
729.8670654296875 308.42108154296875 942.1811981201172 308.42108154296875 942.1811981201172 382.79016876220703 729.8670654296875 382.79016876220703
728.3419189453125 309.4593811035156 942.5429229736328 309.4593811035156 942.5429229736328 385.32299041748047 728.3419189453125 385.32299041748047
729.2349243164062 311.4400329589844 943.4483032226562 311.4400329589844 943.4483032226562 387.8071594238281 729.2349243164062 387.8071594238281
728.3443603515625 313.6784362792969 942.7296905517578 313.6784362792969 942.7296905517578 390.6853942871094 728.3443603515625 390.6853942871094
729.95458984375 316.5455627441406 943.267822265625 316.5455627441406 943.267822265625 393.1823043823242 729.95458984375 393.1823043823242
730.2578735351562 317.9633483886719 942.7808532714844 317.9633483886719 942.7808532714844 392.78790283203125 730.2578735351562 392.78790283203125
730.5973510742188 317.51995849609375 942.6822357177734 317.51995849609375 942.6822357177734 392.26576232910156 730.5973510742188 392.26576232910156
728.9384765625 315.7077331542969 944.0591735839844 315.7077331542969 944.0591735839844 391.78932189941406 728.9384765625 391.78932189941406
728.65185546875 313.5908203125 944.3280334472656 313.5908203125 944.3280334472656 389.8325653076172 728.65185546875 389.8325653076172
726.4431762695312 312.08087158203125 943.5269622802734 312.08087158203125 943.5269622802734 389.38478088378906 726.4431762695312 389.38478088378906
728.484375 312.128173828125 942.2186584472656 312.128173828125 942.2186584472656 387.4102020263672 728.484375 387.4102020263672
727.2236938476562 312.447265625 942.0349273681641 312.447265625 942.0349273681641 387.5083465576172 727.2236938476562 387.5083465576172
728.0805053710938 313.4427185058594 940.7546539306641 313.4427185058594 940.7546539306641 388.69964599609375 728.0805053710938 388.69964599609375
726.6001586914062 314.43804931640625 942.8985290527344 314.43804931640625 942.8985290527344 389.8883056640625 726.6001586914062 389.8883056640625
726.9392700195312 315.4053039550781 941.7906646728516 315.4053039550781 941.7906646728516 391.2040557861328 726.9392700195312 391.2040557861328
726.6370849609375 316.44061279296875 942.1335906982422 316.44061279296875 942.1335906982422 391.19190979003906 726.6370849609375 391.19190979003906
725.1821899414062 316.34051513671875 942.0235443115234 316.34051513671875 942.0235443115234 391.4288101196289 725.1821899414062 391.4288101196289
725.6432495117188 316.9580383300781 941.0672302246094 316.9580383300781 941.0672302246094 391.16275787353516 725.6432495117188 391.16275787353516
725.4273681640625 317.24652099609375 941.41357421875 317.24652099609375 941.41357421875 391.73020935058594 725.4273681640625 391.73020935058594
726.3397216796875 317.81671142578125 941.9445037841797 317.81671142578125 941.9445037841797 392.92137908935547 726.3397216796875 392.92137908935547
726.7369384765625 317.6377258300781 943.6607208251953 317.6377258300781 943.6607208251953 393.8018035888672 726.7369384765625 393.8018035888672
730.5953369140625 318.4530944824219 948.0127410888672 318.4530944824219 948.0127410888672 395.32076263427734 730.5953369140625 395.32076263427734
735.3673706054688 318.6087951660156 955.4788513183594 318.6087951660156 955.4788513183594 395.4422912597656 735.3673706054688 395.4422912597656
739.2808837890625 318.08062744140625 962.0183410644531 318.08062744140625 962.0183410644531 395.14720916748047 739.2808837890625 395.14720916748047
742.2133178710938 319.0737609863281 962.7248687744141 319.0737609863281 962.7248687744141 395.11304473876953 742.2133178710938 395.11304473876953
744.084228515625 321.56939697265625 959.0 321.56939697265625 959.0 396.78990173339844 744.084228515625 396.78990173339844
750.5206298828125 322.3706970214844 960.2508087158203 322.3706970214844 960.2508087158203 395.97894287109375 750.5206298828125 395.97894287109375
751.7449951171875 324.3343505859375 959.0 324.3343505859375 959.0 396.8735885620117 751.7449951171875 396.8735885620117
754.2796020507812 322.7919921875 958.9999694824219 322.7919921875 958.9999694824219 394.44410705566406 754.2796020507812 394.44410705566406
752.7991943359375 322.90869140625 958.9999694824219 322.90869140625 958.9999694824219 395.0789489746094 752.7991943359375 395.0789489746094
747.7255859375 327.09088134765625 958.0753479003906 327.09088134765625 958.0753479003906 400.7132797241211 747.7255859375 400.7132797241211
740.6856689453125 324.4212646484375 957.1828155517578 324.4212646484375 957.1828155517578 399.99485778808594 740.6856689453125 399.99485778808594
734.4083251953125 321.66961669921875 953.8437805175781 321.66961669921875 953.8437805175781 398.3728713989258 734.4083251953125 398.3728713989258
727.8849487304688 319.96240234375 952.3733825683594 319.96240234375 952.3733825683594 397.85262298583984 727.8849487304688 397.85262298583984
728.1080932617188 320.27984619140625 950.5880279541016 320.27984619140625 950.5880279541016 396.7964630126953 728.1080932617188 396.7964630126953
725.9036254882812 317.21630859375 950.4352874755859 317.21630859375 950.4352874755859 396.85968017578125 725.9036254882812 396.85968017578125
725.5206298828125 317.54974365234375 948.5388641357422 317.54974365234375 948.5388641357422 395.6001434326172 725.5206298828125 395.6001434326172
723.6065673828125 316.22515869140625 948.6355743408203 316.22515869140625 948.6355743408203 395.41331481933594 723.6065673828125 395.41331481933594
724.1002197265625 316.8309020996094 946.2474060058594 316.8309020996094 946.2474060058594 395.2397994995117 724.1002197265625 395.2397994995117
722.3609008789062 317.9515075683594 946.5827484130859 317.9515075683594 946.5827484130859 397.8032989501953 722.3609008789062 397.8032989501953
721.513916015625 322.0069885253906 945.1351013183594 322.0069885253906 945.1351013183594 402.5403594970703 721.513916015625 402.5403594970703
720.9854736328125 326.0584411621094 945.0205841064453 326.0584411621094 945.0205841064453 406.22303009033203 720.9854736328125 406.22303009033203
718.9366455078125 328.812255859375 944.4502258300781 328.812255859375 944.4502258300781 408.4244155883789 718.9366455078125 408.4244155883789
717.4901733398438 329.97821044921875 945.1469573974609 329.97821044921875 945.1469573974609 411.16458892822266 717.4901733398438 411.16458892822266
716.0086669921875 331.58905029296875 943.0298309326172 331.58905029296875 943.0298309326172 410.1237258911133 716.0086669921875 410.1237258911133
713.6507568359375 331.337890625 940.9131317138672 331.337890625 940.9131317138672 410.0387420654297 713.6507568359375 410.0387420654297
713.04052734375 330.5372619628906 939.7654266357422 330.5372619628906 939.7654266357422 409.2770080566406 713.04052734375 409.2770080566406
708.5736083984375 330.0240173339844 937.0025939941406 330.0240173339844 937.0025939941406 409.5248565673828 708.5736083984375 409.5248565673828
707.5399780273438 330.35052490234375 937.1529846191406 330.35052490234375 937.1529846191406 407.9952850341797 707.5399780273438 407.9952850341797
706.4988403320312 330.4889831542969 936.3667907714844 330.4889831542969 936.3667907714844 409.44728088378906 706.4988403320312 409.44728088378906
705.8576049804688 331.96051025390625 933.8723297119141 331.96051025390625 933.8723297119141 410.70706939697266 705.8576049804688 410.70706939697266
705.838623046875 333.26727294921875 932.3033905029297 333.26727294921875 932.3033905029297 411.6693878173828 705.838623046875 411.6693878173828
704.7359008789062 334.21868896484375 931.6681213378906 334.21868896484375 931.6681213378906 411.75889587402344 704.7359008789062 411.75889587402344
707.0601806640625 333.72283935546875 935.1844177246094 333.72283935546875 935.1844177246094 410.9460144042969 707.0601806640625 410.9460144042969
707.65478515625 332.25103759765625 935.025634765625 332.25103759765625 935.025634765625 410.3022689819336 707.65478515625 410.3022689819336
702.7298583984375 328.857421875 934.7283935546875 328.857421875 934.7283935546875 410.2610626220703 702.7298583984375 410.2610626220703
701.2215576171875 325.59002685546875 931.5789031982422 325.59002685546875 931.5789031982422 406.5409927368164 701.2215576171875 406.5409927368164
699.7867431640625 324.77337646484375 930.2938232421875 324.77337646484375 930.2938232421875 404.77757263183594 699.7867431640625 404.77757263183594
699.1451416015625 324.5467224121094 928.255615234375 324.5467224121094 928.255615234375 402.78245544433594 699.1451416015625 402.78245544433594
696.4186401367188 323.96514892578125 927.3310852050781 323.96514892578125 927.3310852050781 401.84674072265625 696.4186401367188 401.84674072265625
694.4345092773438 326.0953063964844 922.9983520507812 326.0953063964844 922.9983520507812 405.41417694091797 694.4345092773438 405.41417694091797
693.017333984375 327.3543701171875 921.0604553222656 327.3543701171875 921.0604553222656 407.8991928100586 693.017333984375 407.8991928100586
690.5196533203125 329.94146728515625 919.0953369140625 329.94146728515625 919.0953369140625 410.2457504272461 690.5196533203125 410.2457504272461
689.6798706054688 332.78082275390625 916.6196594238281 332.78082275390625 916.6196594238281 414.53902435302734 689.6798706054688 414.53902435302734
686.8588256835938 335.23089599609375 915.5359191894531 335.23089599609375 915.5359191894531 416.6739959716797 686.8588256835938 416.6739959716797
685.3851318359375 338.9732971191406 909.2237854003906 338.9732971191406 909.2237854003906 419.64906311035156 685.3851318359375 419.64906311035156
685.4202880859375 341.38275146484375 909.1291809082031 341.38275146484375 909.1291809082031 422.11170959472656 685.4202880859375 422.11170959472656
683.4036865234375 343.03607177734375 907.2140350341797 343.03607177734375 907.2140350341797 423.60194396972656 683.4036865234375 423.60194396972656
683.8176879882812 345.374267578125 903.5046691894531 345.374267578125 903.5046691894531 424.7933654785156 683.8176879882812 424.7933654785156
682.54248046875 346.31060791015625 900.4713592529297 346.31060791015625 900.4713592529297 425.69913482666016 682.54248046875 425.69913482666016
680.198486328125 348.27740478515625 899.9179382324219 348.27740478515625 899.9179382324219 426.8921356201172 680.198486328125 426.8921356201172
676.8175659179688 348.9700622558594 899.7866516113281 348.9700622558594 899.7866516113281 429.19710540771484 676.8175659179688 429.19710540771484
679.5508422851562 349.9142150878906 897.6030578613281 349.9142150878906 897.6030578613281 427.1973114013672 679.5508422851562 427.1973114013672
680.1643676757812 349.38653564453125 900.2592163085938 349.38653564453125 900.2592163085938 428.0884780883789 680.1643676757812 428.0884780883789
687.995361328125 350.4676818847656 903.7079620361328 350.4676818847656 903.7079620361328 427.2462921142578 687.995361328125 427.2462921142578
696.9569091796875 352.41363525390625 910.4189758300781 352.41363525390625 910.4189758300781 430.9604797363281 696.9569091796875 430.9604797363281
702.5069580078125 355.6476135253906 917.4254150390625 355.6476135253906 917.4254150390625 434.30877685546875 702.5069580078125 434.30877685546875
710.3104858398438 358.77703857421875 924.0602874755859 358.77703857421875 924.0602874755859 437.00982666015625 710.3104858398438 437.00982666015625
714.3074951171875 360.2562255859375 926.6319122314453 360.2562255859375 926.6319122314453 437.21622467041016 714.3074951171875 437.21622467041016
717.3152465820312 360.30255126953125 933.1404724121094 360.30255126953125 933.1404724121094 437.0091094970703 717.3152465820312 437.0091094970703
723.8003540039062 358.68524169921875 935.9891662597656 358.68524169921875 935.9891662597656 435.53460693359375 723.8003540039062 435.53460693359375
725.4593505859375 358.91473388671875 938.2475128173828 358.91473388671875 938.2475128173828 434.92476654052734 725.4593505859375 434.92476654052734
729.6568603515625 358.105224609375 938.9269256591797 358.105224609375 938.9269256591797 432.9588088989258 729.6568603515625 432.9588088989258
729.6857299804688 357.46978759765625 941.2372894287109 357.46978759765625 941.2372894287109 434.2392120361328 729.6857299804688 434.2392120361328
730.7303466796875 356.5911865234375 943.4618377685547 356.5911865234375 943.4618377685547 434.4126434326172 730.7303466796875 434.4126434326172
736.78466796875 357.3604431152344 945.1797790527344 357.3604431152344 945.1797790527344 433.5314636230469 736.78466796875 433.5314636230469
737.7264404296875 356.30242919921875 948.5655517578125 356.30242919921875 948.5655517578125 436.3004837036133 737.7264404296875 436.3004837036133
743.54638671875 359.00164794921875 952.0630340576172 359.00164794921875 952.0630340576172 438.9775161743164 743.54638671875 438.9775161743164
746.9503173828125 360.44915771484375 952.9485321044922 360.44915771484375 952.9485321044922 438.21644592285156 746.9503173828125 438.21644592285156
746.8330078125 362.0243225097656 953.4687042236328 362.0243225097656 953.4687042236328 438.8751678466797 746.8330078125 438.8751678466797
747.2647705078125 361.1317443847656 952.5593566894531 361.1317443847656 952.5593566894531 438.4346160888672 747.2647705078125 438.4346160888672
746.6573486328125 359.65533447265625 950.6674346923828 359.65533447265625 950.6674346923828 437.34803771972656 746.6573486328125 437.34803771972656
747.7390747070312 359.8315734863281 947.8341064453125 359.8315734863281 947.8341064453125 436.7363967895508 747.7390747070312 436.7363967895508
747.5852661132812 359.5456237792969 944.4988708496094 359.5456237792969 944.4988708496094 435.15122985839844 747.5852661132812 435.15122985839844
744.4365234375 359.59246826171875 943.6600494384766 359.59246826171875 943.6600494384766 434.8094024658203 744.4365234375 434.8094024658203
741.9822998046875 358.51348876953125 940.8095703125 358.51348876953125 940.8095703125 434.48807525634766 741.9822998046875 434.48807525634766
737.34033203125 359.067138671875 939.4763641357422 359.067138671875 939.4763641357422 435.1656951904297 737.34033203125 435.1656951904297
733.7547607421875 358.9205017089844 935.6180419921875 358.9205017089844 935.6180419921875 436.3750686645508 733.7547607421875 436.3750686645508
729.8340454101562 358.33770751953125 934.6412963867188 358.33770751953125 934.6412963867188 435.78465270996094 729.8340454101562 435.78465270996094
717.0150146484375 356.3441162109375 931.3313293457031 356.3441162109375 931.3313293457031 438.4165496826172 717.0150146484375 438.4165496826172
719.0040283203125 355.92901611328125 929.5819549560547 355.92901611328125 929.5819549560547 436.76416778564453 719.0040283203125 436.76416778564453
711.1754150390625 356.75927734375 924.0632629394531 356.75927734375 924.0632629394531 438.12461853027344 711.1754150390625 438.12461853027344
717.7813720703125 358.03594970703125 923.0116271972656 358.03594970703125 923.0116271972656 437.7499313354492 717.7813720703125 437.7499313354492
709.943359375 358.53240966796875 917.3752746582031 358.53240966796875 917.3752746582031 438.5715026855469 709.943359375 438.5715026855469
710.7334594726562 358.7900695800781 914.9661407470703 358.7900695800781 914.9661407470703 439.19532012939453 710.7334594726562 439.19532012939453
706.2843627929688 361.36798095703125 908.0681457519531 361.36798095703125 908.0681457519531 443.3793716430664 706.2843627929688 443.3793716430664
697.8553466796875 362.39166259765625 906.8454284667969 362.39166259765625 906.8454284667969 443.808837890625 697.8553466796875 443.808837890625
691.1962280273438 362.5462951660156 902.4833068847656 362.5462951660156 902.4833068847656 444.9121551513672 691.1962280273438 444.9121551513672
692.863525390625 361.983154296875 899.7259063720703 361.983154296875 899.7259063720703 442.9715881347656 692.863525390625 442.9715881347656
689.9301147460938 361.233154296875 898.1678771972656 361.233154296875 898.1678771972656 441.57791900634766 689.9301147460938 441.57791900634766
684.5193481445312 362.2227783203125 892.2065734863281 362.2227783203125 892.2065734863281 444.05543518066406 684.5193481445312 444.05543518066406
683.1549072265625 362.7033996582031 891.2283172607422 362.7033996582031 891.2283172607422 443.6334533691406 683.1549072265625 443.6334533691406
674.8104248046875 362.7401428222656 886.1497344970703 362.7401428222656 886.1497344970703 445.5613555908203 674.8104248046875 445.5613555908203
675.0135498046875 364.3416748046875 883.5769805908203 364.3416748046875 883.5769805908203 445.39281463623047 675.0135498046875 445.39281463623047
675.08203125 366.0428466796875 879.3644104003906 366.0428466796875 879.3644104003906 448.04407501220703 675.08203125 448.04407501220703
671.7844848632812 368.04583740234375 873.2351379394531 368.04583740234375 873.2351379394531 449.8282470703125 671.7844848632812 449.8282470703125
671.1881103515625 366.9044494628906 872.8197326660156 366.9044494628906 872.8197326660156 446.79834747314453 671.1881103515625 446.79834747314453
666.9130249023438 372.11773681640625 869.0756225585938 372.11773681640625 869.0756225585938 452.7307891845703 666.9130249023438 452.7307891845703
663.58447265625 372.29583740234375 868.3399963378906 372.29583740234375 868.3399963378906 452.98121643066406 663.58447265625 452.98121643066406
639.798095703125 376.9443359375 872.0528259277344 376.9443359375 872.0528259277344 458.2334442138672 639.798095703125 458.2334442138672
648.1393432617188 373.4232177734375 854.7625122070312 373.4232177734375 854.7625122070312 456.42408752441406 648.1393432617188 456.42408752441406
649.4737548828125 381.896484375 856.6605224609375 381.896484375 856.6605224609375 467.0058364868164 649.4737548828125 467.0058364868164
649.58251953125 383.9051513671875 857.3394470214844 383.9051513671875 857.3394470214844 468.9416732788086 649.58251953125 468.9416732788086
643.2664794921875 388.4994201660156 854.1729278564453 388.4994201660156 854.1729278564453 476.1122817993164 643.2664794921875 476.1122817993164
620.7645263671875 392.8699035644531 848.8544464111328 392.8699035644531 848.8544464111328 481.6787643432617 620.7645263671875 481.6787643432617
617.2890014648438 394.00006103515625 844.1744995117188 394.00006103515625 844.1744995117188 483.3293914794922 617.2890014648438 483.3293914794922
611.097412109375 396.08514404296875 844.3437805175781 396.08514404296875 844.3437805175781 483.8593063354492 611.097412109375 483.8593063354492
612.5110473632812 397.20599365234375 842.7744750976562 397.20599365234375 842.7744750976562 487.1985626220703 612.5110473632812 487.1985626220703
609.6838989257812 395.97564697265625 837.8265228271484 395.97564697265625 837.8265228271484 485.64141845703125 609.6838989257812 485.64141845703125
624.8967895507812 398.53314208984375 850.9516754150391 398.53314208984375 850.9516754150391 487.5045700073242 624.8967895507812 487.5045700073242
632.5582275390625 396.29949951171875 872.8323974609375 396.29949951171875 872.8323974609375 484.67835998535156 632.5582275390625 484.67835998535156
632.5343627929688 398.2485656738281 880.7275238037109 398.2485656738281 880.7275238037109 485.1161117553711 632.5343627929688 485.1161117553711
646.7009887695312 400.6125183105469 894.2572326660156 400.6125183105469 894.2572326660156 489.4589157104492 646.7009887695312 489.4589157104492
647.1530151367188 403.39715576171875 895.6386871337891 403.39715576171875 895.6386871337891 494.81278228759766 647.1530151367188 494.81278228759766
661.2884521484375 405.83770751953125 910.5870666503906 405.83770751953125 910.5870666503906 500.27174377441406 661.2884521484375 500.27174377441406
662.252685546875 408.05242919921875 909.6073303222656 408.05242919921875 909.6073303222656 502.9436721801758 662.252685546875 502.9436721801758
674.0383911132812 410.59820556640625 916.0923919677734 410.59820556640625 916.0923919677734 506.69227600097656 674.0383911132812 506.69227600097656
682.0096435546875 410.09918212890625 921.4822692871094 410.09918212890625 921.4822692871094 506.8756866455078 682.0096435546875 506.8756866455078
676.0103759765625 406.62127685546875 920.9725341796875 406.62127685546875 920.9725341796875 507.8201446533203 676.0103759765625 507.8201446533203
665.8343505859375 404.036865234375 926.3801574707031 404.036865234375 926.3801574707031 506.04205322265625 665.8343505859375 506.04205322265625
671.213134765625 399.83984375 930.2668151855469 399.83984375 930.2668151855469 502.28948974609375 671.213134765625 502.28948974609375
678.898193359375 399.0019836425781 934.9340209960938 399.0019836425781 934.9340209960938 503.94602966308594 678.898193359375 503.94602966308594
682.00146484375 399.23699951171875 941.7340393066406 399.23699951171875 941.7340393066406 508.20343017578125 682.00146484375 508.20343017578125
683.64111328125 399.69207763671875 947.8145141601562 399.69207763671875 947.8145141601562 510.59688568115234 683.64111328125 510.59688568115234
682.2759399414062 399.5107421875 946.2796630859375 399.5107421875 946.2796630859375 510.5874481201172 682.2759399414062 510.5874481201172
673.1937255859375 395.9716491699219 942.7341918945312 395.9716491699219 942.7341918945312 506.55445861816406 673.1937255859375 506.55445861816406
674.1262817382812 398.325927734375 946.0115661621094 398.325927734375 946.0115661621094 513.1321563720703 674.1262817382812 513.1321563720703
668.6919555664062 397.0975036621094 943.963134765625 397.0975036621094 943.963134765625 512.7484817504883 668.6919555664062 512.7484817504883
661.1025390625 394.40240478515625 942.7337646484375 394.40240478515625 942.7337646484375 510.7229232788086 661.1025390625 510.7229232788086
659.0784912109375 395.54327392578125 942.9295043945312 395.54327392578125 942.9295043945312 513.0429534912109 659.0784912109375 513.0429534912109
650.4923706054688 396.3688049316406 943.286376953125 396.3688049316406 943.286376953125 518.580451965332 650.4923706054688 518.580451965332
645.9908447265625 397.49359130859375 942.5660400390625 397.49359130859375 942.5660400390625 520.3614501953125 645.9908447265625 520.3614501953125
640.3709716796875 398.3804626464844 943.3939819335938 398.3804626464844 943.3939819335938 523.9306793212891 640.3709716796875 523.9306793212891
636.9530029296875 399.9898681640625 942.4284973144531 399.9898681640625 942.4284973144531 524.7017364501953 636.9530029296875 524.7017364501953
634.1637573242188 400.81500244140625 940.1405029296875 400.81500244140625 940.1405029296875 525.7588729858398 634.1637573242188 525.7588729858398
627.7437744140625 401.96002197265625 938.6268615722656 401.96002197265625 938.6268615722656 526.4874420166016 627.7437744140625 526.4874420166016
626.0848388671875 401.9435119628906 940.3381958007812 401.9435119628906 940.3381958007812 527.0756988525391 626.0848388671875 527.0756988525391
620.2181396484375 403.92376708984375 937.7910766601562 403.92376708984375 937.7910766601562 530.8199844360352 620.2181396484375 530.8199844360352
618.5505981445312 404.80767822265625 937.6057434082031 404.80767822265625 937.6057434082031 530.6858291625977 618.5505981445312 530.6858291625977
613.3099365234375 405.14642333984375 937.0330200195312 405.14642333984375 937.0330200195312 533.0166015625 613.3099365234375 533.0166015625
610.8109130859375 405.82415771484375 934.0833129882812 405.82415771484375 934.0833129882812 534.6934051513672 610.8109130859375 534.6934051513672
606.1358642578125 406.1307373046875 933.7775268554688 406.1307373046875 933.7775268554688 534.95947265625 606.1358642578125 534.95947265625
604.1643676757812 406.1817626953125 933.2871704101562 406.1817626953125 933.2871704101562 536.8158264160156 604.1643676757812 536.8158264160156
594.6583251953125 406.05059814453125 931.1009216308594 406.05059814453125 931.1009216308594 539.4262390136719 594.6583251953125 539.4262390136719
599.7196044921875 407.907958984375 935.5900573730469 407.907958984375 935.5900573730469 538.8742523193359 599.7196044921875 538.8742523193359
595.8419189453125 408.0973815917969 933.606689453125 408.0973815917969 933.606689453125 540.89697265625 595.8419189453125 540.89697265625
588.4379272460938 411.849853515625 934.7688293457031 411.849853515625 934.7688293457031 549.0823516845703 588.4379272460938 549.0823516845703
583.361083984375 411.36273193359375 932.6198120117188 411.36273193359375 932.6198120117188 552.1313781738281 583.361083984375 552.1313781738281
578.549072265625 413.29205322265625 934.5812072753906 413.29205322265625 934.5812072753906 556.2065887451172 578.549072265625 556.2065887451172
568.7421875 416.759765625 932.7421264648438 416.759765625 932.7421264648438 566.4518737792969 568.7421875 566.4518737792969
558.6071166992188 407.74700927734375 930.8983459472656 407.74700927734375 930.8983459472656 555.1936798095703 558.6071166992188 555.1936798095703
547.6802978515625 412.53216552734375 926.1235046386719 412.53216552734375 926.1235046386719 565.2859954833984 547.6802978515625 565.2859954833984
533.5841064453125 411.01422119140625 922.5990905761719 411.01422119140625 922.5990905761719 564.4893188476562 533.5841064453125 564.4893188476562
460.87786865234375 424.70257568359375 857.917724609375 424.70257568359375 857.917724609375 575.6612701416016 460.87786865234375 575.6612701416016
438.78253173828125 428.07598876953125 836.6593627929688 428.07598876953125 836.6593627929688 577.9501037597656 438.78253173828125 577.9501037597656
426.8714904785156 433.00054931640625 810.1966247558594 433.00054931640625 810.1966247558594 577.5828399658203 426.8714904785156 577.5828399658203
410.0069885253906 433.3916931152344 790.275146484375 433.3916931152344 790.275146484375 578.9851531982422 410.0069885253906 578.9851531982422
419.5135192871094 434.71685791015625 789.357421875 434.71685791015625 789.357421875 578.3388977050781 419.5135192871094 578.3388977050781
414.5196228027344 437.1070861816406 780.7481384277344 437.1070861816406 780.7481384277344 577.842041015625 414.5196228027344 577.842041015625
412.99688720703125 438.37811279296875 774.650146484375 438.37811279296875 774.650146484375 577.3842620849609 412.99688720703125 577.3842620849609
424.28143310546875 441.46124267578125 776.5391235351562 441.46124267578125 776.5391235351562 578.1121520996094 424.28143310546875 578.1121520996094
427.0276794433594 443.53350830078125 769.8881530761719 443.53350830078125 769.8881530761719 578.7382965087891 427.0276794433594 578.7382965087891
420.3257751464844 444.26544189453125 763.7763977050781 444.26544189453125 763.7763977050781 578.2782287597656 420.3257751464844 578.2782287597656
425.26220703125 447.11956787109375 761.5612487792969 447.11956787109375 761.5612487792969 578.7420806884766 425.26220703125 578.7420806884766
432.6560974121094 450.0845642089844 764.3344116210938 450.0845642089844 764.3344116210938 578.6725158691406 432.6560974121094 578.6725158691406
426.2041015625 451.0474548339844 756.6469116210938 451.0474548339844 756.6469116210938 579.2652740478516 426.2041015625 579.2652740478516
423.50732421875 453.2230529785156 752.1026611328125 453.2230529785156 752.1026611328125 579.9519195556641 423.50732421875 579.9519195556641
407.6317443847656 450.11175537109375 744.5466003417969 450.11175537109375 744.5466003417969 578.1820526123047 407.6317443847656 578.1820526123047
405.4793701171875 450.83282470703125 742.6534423828125 450.83282470703125 742.6534423828125 578.4988021850586 405.4793701171875 578.4988021850586
402.24859619140625 450.9117736816406 738.3326416015625 450.9117736816406 738.3326416015625 579.1743621826172 402.24859619140625 579.1743621826172
407.79083251953125 452.98828125 735.6556091308594 452.98828125 735.6556091308594 579.0180053710938 407.79083251953125 579.0180053710938
408.73382568359375 451.2904357910156 735.3008117675781 451.2904357910156 735.3008117675781 578.6764221191406 408.73382568359375 578.6764221191406
415.9306640625 452.412841796875 733.6351013183594 452.412841796875 733.6351013183594 578.3900909423828 415.9306640625 578.3900909423828
426.0655822753906 454.2294921875 742.1746826171875 454.2294921875 742.1746826171875 577.8858032226562 426.0655822753906 577.8858032226562
447.7586975097656 457.27117919921875 763.5359497070312 457.27117919921875 763.5359497070312 578.1977996826172 447.7586975097656 578.1977996826172
449.8333435058594 456.396484375 762.0101013183594 456.396484375 762.0101013183594 576.4206924438477 449.8333435058594 576.4206924438477
483.3916015625 455.34442138671875 808.7928161621094 455.34442138671875 808.7928161621094 579.0927505493164 483.3916015625 579.0927505493164
483.5511169433594 454.77947998046875 791.1142883300781 454.77947998046875 791.1142883300781 577.9974365234375 483.5511169433594 577.9974365234375
492.8971252441406 455.21722412109375 802.5344848632812 455.21722412109375 802.5344848632812 578.790771484375 492.8971252441406 578.790771484375
500.8661193847656 450.20916748046875 828.4057312011719 450.20916748046875 828.4057312011719 577.6656112670898 500.8661193847656 577.6656112670898
513.0462036132812 446.506103515625 849.3487243652344 446.506103515625 849.3487243652344 576.6588897705078 513.0462036132812 576.6588897705078
564.8270263671875 442.60223388671875 939.3992919921875 442.60223388671875 939.3992919921875 578.6742553710938 564.8270263671875 578.6742553710938
545.3509521484375 436.5668029785156 906.5664672851562 436.5668029785156 906.5664672851562 576.389892578125 545.3509521484375 576.389892578125
550.695556640625 433.79522705078125 919.7037963867188 433.79522705078125 919.7037963867188 578.3289489746094 550.695556640625 578.3289489746094
541.3202514648438 432.2603454589844 915.224853515625 432.2603454589844 915.224853515625 577.9791412353516 541.3202514648438 577.9791412353516
536.0181274414062 427.22283935546875 921.0663452148438 427.22283935546875 921.0663452148438 577.1659088134766 536.0181274414062 577.1659088134766
534.693359375 426.4879455566406 922.0661010742188 426.4879455566406 922.0661010742188 577.8296203613281 534.693359375 577.8296203613281
542.3312377929688 428.7142639160156 924.15869140625 428.7142639160156 924.15869140625 578.8961181640625 542.3312377929688 578.8961181640625
549.8064575195312 432.8038024902344 922.4155578613281 432.8038024902344 922.4155578613281 577.6385650634766 549.8064575195312 577.6385650634766
551.872314453125 437.09210205078125 913.7510070800781 437.09210205078125 913.7510070800781 578.6771392822266 551.872314453125 578.6771392822266
559.3355712890625 436.66571044921875 921.2666625976562 436.66571044921875 921.2666625976562 578.9201354980469 559.3355712890625 578.9201354980469
474.63397216796875 440.14178466796875 829.0263977050781 440.14178466796875 829.0263977050781 578.4664916992188 474.63397216796875 578.4664916992188
477.09942626953125 442.66876220703125 821.0596923828125 442.66876220703125 821.0596923828125 579.0661468505859 477.09942626953125 579.0661468505859
483.43743896484375 445.2880859375 821.3128662109375 445.2880859375 821.3128662109375 579.7045135498047 483.43743896484375 579.7045135498047
473.48284912109375 447.53826904296875 816.9544677734375 447.53826904296875 816.9544677734375 577.2467193603516 473.48284912109375 577.2467193603516
480.82061767578125 449.66131591796875 821.8199462890625 449.66131591796875 821.8199462890625 576.4146499633789 480.82061767578125 576.4146499633789
496.02093505859375 453.473876953125 826.0647277832031 453.473876953125 826.0647277832031 578.3703384399414 496.02093505859375 578.3703384399414
510.38104248046875 453.7177734375 826.768310546875 453.7177734375 826.768310546875 576.7664184570312 510.38104248046875 576.7664184570312
503.13470458984375 444.3475036621094 828.3382568359375 444.3475036621094 828.3382568359375 569.3760833740234 503.13470458984375 569.3760833740234
493.4598083496094 439.20465087890625 826.3925170898438 439.20465087890625 826.3925170898438 563.9398040771484 493.4598083496094 563.9398040771484
481.76495361328125 437.63262939453125 820.5628662109375 437.63262939453125 820.5628662109375 560.1847686767578 481.76495361328125 560.1847686767578
469.82208251953125 444.5638732910156 812.0860900878906 444.5638732910156 812.0860900878906 571.7885818481445 469.82208251953125 571.7885818481445
457.2405700683594 446.47186279296875 817.4296264648438 446.47186279296875 817.4296264648438 574.0894546508789 457.2405700683594 574.0894546508789
465.43603515625 450.7337951660156 821.4132385253906 450.7337951660156 821.4132385253906 575.7576599121094 465.43603515625 575.7576599121094
477.39794921875 452.73248291015625 831.1251831054688 452.73248291015625 831.1251831054688 576.0150909423828 477.39794921875 576.0150909423828
493.02349853515625 454.479736328125 845.51513671875 454.479736328125 845.51513671875 576.4717636108398 493.02349853515625 576.4717636108398
496.38739013671875 452.82708740234375 859.8215026855469 452.82708740234375 859.8215026855469 575.6536254882812 496.38739013671875 575.6536254882812
510.98297119140625 451.98614501953125 874.5215759277344 451.98614501953125 874.5215759277344 575.0171661376953 510.98297119140625 575.0171661376953
530.84619140625 451.9090270996094 885.6461791992188 451.9090270996094 885.6461791992188 574.249137878418 530.84619140625 574.249137878418
552.9931640625 452.671630859375 901.063720703125 452.671630859375 901.063720703125 574.6343765258789 552.9931640625 574.6343765258789
576.2874755859375 455.8807678222656 914.3632202148438 455.8807678222656 914.3632202148438 575.0907669067383 576.2874755859375 575.0907669067383
582.9048461914062 448.66925048828125 919.0107116699219 448.66925048828125 919.0107116699219 576.4158554077148 582.9048461914062 576.4158554077148
587.9317626953125 452.14959716796875 917.9130249023438 452.14959716796875 917.9130249023438 577.7416381835938 587.9317626953125 577.7416381835938
589.5843505859375 454.20556640625 913.2912292480469 454.20556640625 913.2912292480469 577.5450210571289 589.5843505859375 577.5450210571289
589.2488403320312 451.20361328125 913.598388671875 451.20361328125 913.598388671875 575.0075912475586 589.2488403320312 575.0075912475586
573.6666870117188 455.5029296875 915.086669921875 455.5029296875 915.086669921875 574.9999847412109 573.6666870117188 574.9999847412109
597.2258911132812 459.066650390625 900.7078857421875 459.066650390625 900.7078857421875 577.4893035888672 597.2258911132812 577.4893035888672
590.8287353515625 461.2735290527344 884.4329223632812 461.2735290527344 884.4329223632812 577.8809127807617 590.8287353515625 577.8809127807617
594.7122802734375 464.9353942871094 875.4680786132812 464.9353942871094 875.4680786132812 578.0000915527344 594.7122802734375 578.0000915527344
591.3607177734375 467.49822998046875 874.1472473144531 467.49822998046875 874.1472473144531 578.9447631835938 591.3607177734375 578.9447631835938
586.7486572265625 466.0282287597656 878.0213012695312 466.0282287597656 878.0213012695312 578.8555221557617 586.7486572265625 578.8555221557617
578.4547119140625 464.50439453125 890.9968566894531 464.50439453125 890.9968566894531 576.5565948486328 578.4547119140625 576.5565948486328
594.7972412109375 463.53076171875 913.2805786132812 463.53076171875 913.2805786132812 575.0000152587891 594.7972412109375 575.0000152587891
624.6158447265625 463.06671142578125 944.4250183105469 463.06671142578125 944.4250183105469 575.0 624.6158447265625 575.0
626.810302734375 459.3916931152344 957.1195678710938 459.3916931152344 957.1195678710938 575.0000152587891 626.810302734375 575.0000152587891
624.1656494140625 457.80792236328125 959.0000610351562 457.80792236328125 959.0000610351562 575.0000381469727 624.1656494140625 575.0000381469727
607.423828125 451.94830322265625 958.9999694824219 451.94830322265625 958.9999694824219 575.0000228881836 607.423828125 575.0000228881836
579.3863525390625 448.23468017578125 941.5727844238281 448.23468017578125 941.5727844238281 575.0000152587891 579.3863525390625 575.0000152587891
529.8323364257812 451.46710205078125 888.3077087402344 451.46710205078125 888.3077087402344 571.4220581054688 529.8323364257812 571.4220581054688
544.5098876953125 455.92169189453125 900.1143493652344 455.92169189453125 900.1143493652344 572.9682998657227 544.5098876953125 572.9682998657227
586.9299926757812 459.2611389160156 924.2138366699219 459.2611389160156 924.2138366699219 571.0185089111328 586.9299926757812 571.0185089111328
621.0322265625 462.82440185546875 943.9268188476562 462.82440185546875 943.9268188476562 576.4949798583984 621.0322265625 576.4949798583984
631.9260864257812 466.1747131347656 959.8944702148438 466.1747131347656 959.8944702148438 580.0120391845703 631.9260864257812 580.0120391845703
643.3587646484375 464.5254821777344 959.0 464.5254821777344 959.0 574.9999694824219 643.3587646484375 574.9999694824219
653.59033203125 468.1065979003906 958.9999389648438 468.1065979003906 958.9999389648438 575.0000305175781 653.59033203125 575.0000305175781
656.0096435546875 479.35565185546875 962.1776733398438 479.35565185546875 962.1776733398438 583.5970840454102 656.0096435546875 583.5970840454102
655.2168579101562 468.67584228515625 959.0 468.67584228515625 959.0 575.0000152587891 655.2168579101562 575.0000152587891
656.2619018554688 480.64031982421875 962.5981140136719 480.64031982421875 962.5981140136719 584.2114715576172 656.2619018554688 584.2114715576172
665.1998291015625 472.169921875 958.9999389648438 472.169921875 958.9999389648438 575.0000228881836 665.1998291015625 575.0000228881836
672.4185180664062 474.6963806152344 959.0 474.6963806152344 959.0 574.9999618530273 672.4185180664062 574.9999618530273
685.6447143554688 479.3255920410156 958.9999694824219 479.3255920410156 958.9999694824219 574.9999923706055 685.6447143554688 574.9999923706055
693.8236083984375 483.2376403808594 956.0016174316406 483.2376403808594 956.0016174316406 574.9999923706055 693.8236083984375 574.9999923706055
707.5228271484375 486.9830017089844 958.9999694824219 486.9830017089844 958.9999694824219 575.0000534057617 707.5228271484375 575.0000534057617
711.2828369140625 488.69091796875 957.8800506591797 488.69091796875 957.8800506591797 574.9999923706055 711.2828369140625 574.9999923706055
644.0253295898438 487.9877014160156 892.6317443847656 487.9877014160156 892.6317443847656 575.0000076293945 644.0253295898438 575.0000076293945
394.0898132324219 489.23260498046875 639.1391754150391 489.23260498046875 639.1391754150391 574.9999465942383 394.0898132324219 574.9999465942383
317.6298522949219 453.96319580078125 566.858642578125 453.96319580078125 566.858642578125 541.1933441162109 317.6298522949219 541.1933441162109
201.5368194580078 429.80499267578125 449.6347961425781 429.80499267578125 449.6347961425781 516.6393585205078 201.5368194580078 516.6393585205078
390.9011535644531 488.1366271972656 639.0821075439453 488.1366271972656 639.0821075439453 575.0000381469727 390.9011535644531 575.0000381469727
418.8650817871094 489.7734375 662.3694305419922 489.7734375 662.3694305419922 575.0000228881836 418.8650817871094 575.0000228881836
429.45013427734375 491.52734375 667.9432220458984 491.52734375 667.9432220458984 574.9999847412109 429.45013427734375 574.9999847412109
441.89752197265625 492.7539978027344 676.8859558105469 492.7539978027344 676.8859558105469 575.0 441.89752197265625 575.0
445.40069580078125 490.10418701171875 687.9600219726562 490.10418701171875 687.9600219726562 575.0 445.40069580078125 575.0
459.4320373535156 489.4881896972656 703.7514190673828 489.4881896972656 703.7514190673828 575.0000228881836 459.4320373535156 575.0000228881836
491.68572998046875 489.47686767578125 736.0375671386719 489.47686767578125 736.0375671386719 575.0000534057617 491.68572998046875 575.0000534057617
524.2730102539062 491.03466796875 764.1737670898438 491.03466796875 764.1737670898438 574.9999771118164 524.2730102539062 574.9999771118164
551.9421997070312 492.57440185546875 787.4437866210938 492.57440185546875 787.4437866210938 575.0 551.9421997070312 575.0
559.862060546875 492.92791748046875 794.3535614013672 492.92791748046875 794.3535614013672 574.9999847412109 559.862060546875 574.9999847412109
536.6986083984375 489.25079345703125 779.76123046875 489.25079345703125 779.76123046875 574.3227462768555 536.6986083984375 574.3227462768555
536.2906494140625 486.7060546875 788.5589294433594 486.7060546875 788.5589294433594 575.0 536.2906494140625 575.0
552.9878540039062 483.5853576660156 814.1723937988281 483.5853576660156 814.1723937988281 575.0000076293945 552.9878540039062 575.0000076293945
575.709716796875 480.318115234375 844.9699401855469 480.318115234375 844.9699401855469 574.5592498779297 575.709716796875 574.5592498779297
573.51123046875 477.15301513671875 853.0737915039062 477.15301513671875 853.0737915039062 574.9999618530273 573.51123046875 574.9999618530273
570.274658203125 474.538330078125 857.3079223632812 474.538330078125 857.3079223632812 575.0000305175781 570.274658203125 575.0000305175781
574.9461669921875 472.08746337890625 868.9818420410156 472.08746337890625 868.9818420410156 575.0000152587891 574.9461669921875 575.0000152587891
565.8790283203125 468.2232971191406 870.7418212890625 468.2232971191406 870.7418212890625 574.9253387451172 565.8790283203125 574.9253387451172
567.9992065429688 463.35589599609375 884.1880493164062 463.35589599609375 884.1880493164062 574.0220565795898 567.9992065429688 574.0220565795898
561.9757690429688 460.5669860839844 888.9269409179688 460.5669860839844 888.9269409179688 574.9999694824219 561.9757690429688 574.9999694824219
560.021484375 455.94158935546875 895.9569702148438 455.94158935546875 895.9569702148438 573.5190811157227 560.021484375 573.5190811157227
553.2415771484375 456.51025390625 891.783447265625 456.51025390625 891.783447265625 574.9999771118164 553.2415771484375 574.9999771118164
553.4267578125 455.69061279296875 894.3103942871094 455.69061279296875 894.3103942871094 574.9999618530273 553.4267578125 574.9999618530273
564.1539916992188 456.31329345703125 903.2587280273438 456.31329345703125 903.2587280273438 575.0000228881836 564.1539916992188 575.0000228881836
598.2160034179688 452.2388610839844 948.219482421875 452.2388610839844 948.219482421875 574.7401428222656 598.2160034179688 574.7401428222656
604.1038818359375 450.78631591796875 958.9999694824219 450.78631591796875 958.9999694824219 575.0000152587891 604.1038818359375 575.0000152587891
577.5516357421875 446.383544921875 945.0271301269531 446.383544921875 945.0271301269531 575.0000305175781 577.5516357421875 575.0000305175781
580.7761840820312 445.08935546875 951.9493408203125 445.08935546875 951.9493408203125 575.0000152587891 580.7761840820312 575.0000152587891
583.11279296875 443.43939208984375 959.0 443.43939208984375 959.0 574.9999694824219 583.11279296875 574.9999694824219
585.8799438476562 444.40789794921875 959.0 444.40789794921875 959.0 574.9999694824219 585.8799438476562 574.9999694824219
585.8385620117188 444.3934631347656 959.0 444.3934631347656 959.0 575.0000305175781 585.8385620117188 575.0000305175781
586.8128662109375 445.48162841796875 956.8650817871094 445.48162841796875 956.8650817871094 574.9999694824219 586.8128662109375 574.9999694824219
586.0206909179688 444.45721435546875 958.9999694824219 444.45721435546875 958.9999694824219 575.0000152587891 586.0206909179688 575.0000152587891
592.1639404296875 446.6073303222656 959.0000305175781 446.6073303222656 959.0000305175781 575.0 592.1639404296875 575.0
574.5249633789062 442.3980407714844 953.3875732421875 442.3980407714844 953.3875732421875 574.9999847412109 574.5249633789062 574.9999847412109
569.19873046875 438.14776611328125 959.0000610351562 438.14776611328125 959.0000610351562 574.5782623291016 569.19873046875 574.5782623291016
554.83837890625 433.54339599609375 959.0 433.54339599609375 959.0 575.0 554.83837890625 575.0
563.3824462890625 436.5338439941406 958.9999694824219 436.5338439941406 958.9999694824219 575.0000152587891 563.3824462890625 575.0000152587891
563.9190673828125 436.72161865234375 959.0000610351562 436.72161865234375 959.0000610351562 575.0 563.9190673828125 575.0
582.6375732421875 443.2731018066406 958.9999694824219 443.2731018066406 958.9999694824219 574.9999847412109 582.6375732421875 574.9999847412109
592.9783935546875 446.89239501953125 959.0000305175781 446.89239501953125 959.0000305175781 575.0000152587891 592.9783935546875 575.0000152587891
602.525146484375 450.2337341308594 959.0 450.2337341308594 959.0 574.9999847412109 602.525146484375 574.9999847412109
604.7487182617188 451.01202392578125 959.0000305175781 451.01202392578125 959.0000305175781 575.0000381469727 604.7487182617188 575.0000381469727
604.1874389648438 450.8155822753906 958.9999389648438 450.8155822753906 958.9999389648438 575.0000076293945 604.1874389648438 575.0000076293945
617.6520385742188 455.31610107421875 958.9999694824219 455.31610107421875 958.9999694824219 574.7879180908203 617.6520385742188 574.7879180908203
643.9663696289062 465.5435485839844 963.1440734863281 465.5435485839844 963.1440734863281 578.8772735595703 643.9663696289062 578.8772735595703
637.6046752929688 462.12164306640625 966.2071533203125 462.12164306640625 966.2071533203125 577.0234985351562 637.6046752929688 577.0234985351562
640.5880126953125 461.67987060546875 967.8810424804688 461.67987060546875 967.8810424804688 578.9587020874023 640.5880126953125 578.9587020874023
648.209228515625 463.9658203125 967.8183288574219 463.9658203125 967.8183288574219 579.9446029663086 648.209228515625 579.9446029663086
647.4119873046875 461.44549560546875 967.4826965332031 461.44549560546875 967.4826965332031 578.9509658813477 647.4119873046875 578.9509658813477
657.56689453125 464.089111328125 963.0714721679688 464.089111328125 963.0714721679688 578.2053070068359 657.56689453125 578.2053070068359
673.5965576171875 470.732666015625 960.2265014648438 470.732666015625 960.2265014648438 578.1440658569336 673.5965576171875 578.1440658569336
676.3922729492188 471.00494384765625 962.0169067382812 471.00494384765625 962.0169067382812 577.2344131469727 676.3922729492188 577.2344131469727
666.48388671875 472.61932373046875 959.0 472.61932373046875 959.0 575.0000076293945 666.48388671875 575.0000076293945
680.4132080078125 477.49456787109375 958.9999694824219 477.49456787109375 958.9999694824219 574.9999847412109 680.4132080078125 574.9999847412109
678.3399658203125 476.7689514160156 958.9999694824219 476.7689514160156 958.9999694824219 575.0 678.3399658203125 575.0
673.0367431640625 474.0787658691406 959.0 474.0787658691406 959.0 574.1659469604492 673.0367431640625 574.1659469604492
675.7990112304688 475.87957763671875 958.9999694824219 475.87957763671875 958.9999694824219 574.9999542236328 675.7990112304688 574.9999542236328
674.7028198242188 475.4959411621094 959.0 475.4959411621094 959.0 574.9999923706055 674.7028198242188 574.9999923706055
681.7586669921875 477.84136962890625 958.9999694824219 477.84136962890625 958.9999694824219 574.8758697509766 681.7586669921875 574.8758697509766
681.4281616210938 477.84979248046875 958.9999389648438 477.84979248046875 958.9999389648438 574.9999694824219 681.4281616210938 574.9999694824219
691.25732421875 481.28997802734375 959.0000610351562 481.28997802734375 959.0000610351562 574.9999847412109 691.25732421875 574.9999847412109
702.6637573242188 485.28228759765625 958.9999694824219 485.28228759765625 958.9999694824219 575.0000076293945 702.6637573242188 575.0000076293945
700.71630859375 484.6006774902344 958.9999694824219 484.6006774902344 958.9999694824219 575.0 700.71630859375 575.0
701.7689819335938 483.79364013671875 959.0 483.79364013671875 959.0 573.8245315551758 701.7689819335938 573.8245315551758
711.01904296875 487.91192626953125 958.9999694824219 487.91192626953125 958.9999694824219 574.7052764892578 711.01904296875 574.7052764892578
707.6232299804688 484.95599365234375 958.9116821289062 484.95599365234375 958.9116821289062 572.9069747924805 707.6232299804688 572.9069747924805
704.9652709960938 483.63525390625 959.0000152587891 483.63525390625 959.0000152587891 572.5474395751953 704.9652709960938 572.5474395751953
700.917724609375 475.81890869140625 959.0 475.81890869140625 959.0 566.1477279663086 700.917724609375 566.1477279663086
699.8916015625 474.08502197265625 959.0000305175781 474.08502197265625 959.0000305175781 564.7729949951172 699.8916015625 564.7729949951172
699.2103881835938 482.80413818359375 959.0 482.80413818359375 959.0 573.7305068969727 699.2103881835938 573.7305068969727
701.219970703125 480.45318603515625 959.0 480.45318603515625 959.0 570.6762084960938 701.219970703125 570.6762084960938
705.70947265625 486.3482971191406 959.0 486.3482971191406 959.0 575.0 705.70947265625 575.0
717.5162353515625 490.480712890625 958.9999237060547 490.480712890625 958.9999237060547 575.0000228881836 717.5162353515625 575.0000228881836
726.6217651367188 493.6676330566406 958.9999694824219 493.6676330566406 958.9999694824219 575.0000152587891 726.6217651367188 575.0000152587891
730.9786987304688 495.1925354003906 959.0000152587891 495.1925354003906 959.0000152587891 575.0 730.9786987304688 575.0
732.0848388671875 495.57965087890625 959.0000762939453 495.57965087890625 959.0000762939453 574.9999847412109 732.0848388671875 574.9999847412109
742.5877075195312 499.25567626953125 958.9999847412109 499.25567626953125 958.9999847412109 574.9999771118164 742.5877075195312 574.9999771118164
752.850830078125 502.8477478027344 959.0 502.8477478027344 959.0 574.9999542236328 752.850830078125 574.9999542236328
762.3487548828125 506.10888671875 959.0000305175781 506.10888671875 959.0000305175781 574.9368286132812 762.3487548828125 574.9368286132812
764.5387573242188 504.8924865722656 958.9999694824219 504.8924865722656 958.9999694824219 572.9539108276367 764.5387573242188 572.9539108276367
769.2098999023438 507.4230041503906 959.0000305175781 507.4230041503906 959.0000305175781 573.8495483398438 769.2098999023438 573.8495483398438
776.072998046875 510.9754943847656 959.0000762939453 510.9754943847656 959.0000762939453 574.9999694824219 776.072998046875 574.9999694824219
778.4031372070312 511.821044921875 958.9143676757812 511.821044921875 958.9143676757812 574.9999771118164 778.4031372070312 574.9999771118164
786.81103515625 514.73388671875 958.9999847412109 514.73388671875 958.9999847412109 575.0000190734863 786.81103515625 575.0000190734863
786.73291015625 514.7064208984375 959.0 514.7064208984375 959.0 574.9999084472656 786.73291015625 574.9999084472656
787.3038330078125 515.1032104492188 958.4374694824219 515.1032104492188 958.4374694824219 574.9999923706055 787.3038330078125 574.9999923706055
787.9752197265625 515.1412963867188 958.9999847412109 515.1412963867188 958.9999847412109 574.9999771118164 787.9752197265625 574.9999771118164
788.2306518554688 515.230712890625 959.0 515.230712890625 959.0 575.0 788.2306518554688 575.0
779.9274291992188 512.3245239257812 958.9999694824219 512.3245239257812 958.9999694824219 574.9999313354492 779.9274291992188 574.9999313354492
781.3677978515625 512.8287353515625 959.0000152587891 512.8287353515625 959.0000152587891 575.0000305175781 781.3677978515625 575.0000305175781
782.4113159179688 513.1939697265625 959.0000305175781 513.1939697265625 959.0000305175781 575.0000381469727 782.4113159179688 575.0000381469727
779.8697509765625 512.3043823242188 959.0 512.3043823242188 959.0 574.9999885559082 779.8697509765625 574.9999885559082
777.0986328125 511.33453369140625 959.0000305175781 511.33453369140625 959.0000305175781 575.0000381469727 777.0986328125 575.0000381469727
785.0328369140625 514.1090087890625 958.9999694824219 514.1090087890625 958.9999694824219 574.9975204467773 785.0328369140625 574.9975204467773
788.0225830078125 515.0794677734375 959.0000305175781 515.0794677734375 959.0000305175781 574.9215927124023 788.0225830078125 574.9215927124023
788.2027587890625 515.2208862304688 959.0000457763672 515.2208862304688 959.0000457763672 574.9999580383301 788.2027587890625 574.9999580383301
787.76953125 515.0693359375 958.9999694824219 515.0693359375 958.9999694824219 575.0000114440918 787.76953125 575.0000114440918
788.0965576171875 515.1837768554688 958.9999694824219 515.1837768554688 958.9999694824219 575.0 788.0965576171875 575.0
793.1844482421875 516.9644775390625 959.0000762939453 516.9644775390625 959.0000762939453 574.9999694824219 793.1844482421875 574.9999694824219
790.4508666992188 516.0077514648438 958.9999694824219 516.0077514648438 958.9999694824219 574.9999618530273 790.4508666992188 574.9999618530273
793.2070922851562 516.9724731445312 959.0000305175781 516.9724731445312 959.0000305175781 575.0000228881836 793.2070922851562 575.0000228881836
799.63037109375 519.2205810546875 958.9999694824219 519.2205810546875 958.9999694824219 574.9999580383301 799.63037109375 574.9999580383301
804.0394287109375 520.7637939453125 958.9999542236328 520.7637939453125 958.9999542236328 574.9999885559082 804.0394287109375 574.9999885559082
801.6434326171875 519.9251708984375 959.0 519.9251708984375 959.0 574.9999809265137 801.6434326171875 574.9999809265137
803.8073120117188 520.0636596679688 959.0000915527344 520.0636596679688 959.0000915527344 574.3811340332031 803.8073120117188 574.3811340332031
801.5955810546875 519.9085083007812 958.9999694824219 519.9085083007812 958.9999694824219 575.0000419616699 801.5955810546875 575.0000419616699
803.6414794921875 519.6741943359375 959.0000152587891 519.6741943359375 959.0000152587891 574.049674987793 803.6414794921875 574.049674987793
805.8013916015625 521.3339233398438 959.0 521.3339233398438 959.0 574.9534301757812 805.8013916015625 574.9534301757812
808.1982421875 522.2193603515625 959.0000305175781 522.2193603515625 959.0000305175781 574.9999771118164 808.1982421875 574.9999771118164
807.52099609375 521.982421875 958.9999847412109 521.982421875 958.9999847412109 575.0000610351562 807.52099609375 575.0000610351562
805.0225830078125 519.0651245117188 959.0 519.0651245117188 959.0 572.9572143554688 805.0225830078125 572.9572143554688
806.4412231445312 520.0816650390625 959.0000305175781 520.0816650390625 959.0000305175781 573.4772415161133 806.4412231445312 573.4772415161133
800.6398315429688 519.5739135742188 958.9999694824219 519.5739135742188 958.9999694824219 574.9999504089355 800.6398315429688 574.9999504089355
803.36181640625 518.5806884765625 959.0 518.5806884765625 959.0 573.0540390014648 803.36181640625 573.0540390014648
799.6185302734375 518.1671142578125 959.0000305175781 518.1671142578125 959.0000305175781 573.9506301879883 799.6185302734375 573.9506301879883
800.0432739257812 518.7000732421875 958.9999847412109 518.7000732421875 958.9999847412109 574.3349113464355 800.0432739257812 574.3349113464355
801.4476318359375 519.8566284179688 958.9999847412109 519.8566284179688 958.9999847412109 574.9999389648438 801.4476318359375 574.9999389648438
800.09228515625 518.3485107421875 959.0000457763672 518.3485107421875 959.0000457763672 573.9662246704102 800.09228515625 573.9662246704102
796.6414794921875 515.9382934570312 958.9999847412109 515.9382934570312 958.9999847412109 572.7637710571289 796.6414794921875 572.7637710571289
792.7999267578125 515.57568359375 959.0000305175781 515.57568359375 959.0000305175781 573.7457160949707 792.7999267578125 573.7457160949707
788.3211669921875 515.2623901367188 959.0 515.2623901367188 959.0 574.9999809265137 788.3211669921875 574.9999809265137
788.2423095703125 515.1979370117188 959.0 515.1979370117188 959.0 574.9631271362305 788.2423095703125 574.9631271362305
786.0641479492188 514.1331787109375 959.0000305175781 514.1331787109375 959.0000305175781 574.6607284545898 786.0641479492188 574.6607284545898
792.4024658203125 515.6681518554688 958.9840393066406 515.6681518554688 958.9840393066406 573.9716911315918 792.4024658203125 573.9716911315918
797.4393310546875 517.1658325195312 958.9999237060547 517.1658325195312 958.9999237060547 573.712028503418 797.4393310546875 573.712028503418
801.3343505859375 519.6585083007812 959.0000762939453 519.6585083007812 959.0000762939453 574.8415031433105 801.3343505859375 574.8415031433105
801.4161987304688 519.7779541015625 958.9999694824219 519.7779541015625 958.9999694824219 574.9322624206543 801.4161987304688 574.9322624206543
794.291015625 517.3518676757812 959.0000305175781 517.3518676757812 959.0000305175781 575.0000076293945 794.291015625 575.0000076293945
786.746337890625 514.7112426757812 959.0000152587891 514.7112426757812 959.0000152587891 575.0000114440918 786.746337890625 575.0000114440918
780.9512939453125 512.6829833984375 958.9999694824219 512.6829833984375 958.9999694824219 575.0 780.9512939453125 575.0
780.8721923828125 512.6552734375 958.9999694824219 512.6552734375 958.9999694824219 574.9999771118164 780.8721923828125 574.9999771118164
780.8636474609375 512.65283203125 958.9982604980469 512.65283203125 958.9982604980469 574.9999313354492 780.8636474609375 574.9999313354492
779.7091064453125 512.2481689453125 959.0000610351562 512.2481689453125 959.0000610351562 574.9999885559082 779.7091064453125 574.9999885559082
784.0531005859375 513.7686767578125 958.9999694824219 513.7686767578125 958.9999694824219 575.0000686645508 784.0531005859375 575.0000686645508
781.5516357421875 512.8931274414062 958.9999694824219 512.8931274414062 958.9999694824219 575.0000305175781 781.5516357421875 575.0000305175781
787.9860229492188 515.14697265625 958.9946899414062 515.14697265625 958.9946899414062 575.0 787.9860229492188 575.0
788.3377075195312 515.2681884765625 958.9999847412109 515.2681884765625 958.9999847412109 574.9999771118164 788.3377075195312 574.9999771118164
792.3829956054688 516.68408203125 958.9999847412109 516.68408203125 958.9999847412109 575.0000228881836 792.3829956054688 575.0000228881836
799.6832275390625 519.2391357421875 959.0000152587891 519.2391357421875 959.0000152587891 575.0000076293945 799.6832275390625 575.0000076293945
801.4682006835938 519.8638916015625 959.0000152587891 519.8638916015625 959.0000152587891 575.0000228881836 801.4682006835938 575.0000228881836
797.1810913085938 518.3634033203125 958.9999847412109 518.3634033203125 958.9999847412109 575.0000114440918 797.1810913085938 575.0000114440918
794.794677734375 517.5281372070312 959.0000305175781 517.5281372070312 959.0000305175781 575.0 794.794677734375 575.0
793.4874877929688 517.0706176757812 959.0000457763672 517.0706176757812 959.0000457763672 575.0000076293945 793.4874877929688 575.0000076293945
798.7150268554688 518.9002075195312 959.0000152587891 518.9002075195312 959.0000152587891 574.9999465942383 798.7150268554688 574.9999465942383
801.6025390625 519.9108276367188 959.0000457763672 519.9108276367188 959.0000457763672 574.9999465942383 801.6025390625 574.9999465942383
801.408935546875 519.8431396484375 958.9999694824219 519.8431396484375 958.9999694824219 574.9999885559082 801.408935546875 574.9999885559082
807.2935791015625 521.9027099609375 958.9999847412109 521.9027099609375 958.9999847412109 574.9999465942383 807.2935791015625 574.9999465942383
807.7716064453125 522.0701293945312 958.9999847412109 522.0701293945312 958.9999847412109 575.0000610351562 807.7716064453125 575.0000610351562
800.8265380859375 519.6392822265625 958.9999847412109 519.6392822265625 958.9999847412109 574.9999885559082 800.8265380859375 574.9999885559082
793.8611450195312 517.2014770507812 958.9999694824219 517.2014770507812 958.9999694824219 575.0000686645508 793.8611450195312 575.0000686645508
785.49267578125 514.5662841796875 958.1604156494141 514.5662841796875 958.1604156494141 574.9999923706055 785.49267578125 574.9999923706055
780.7755737304688 512.6201782226562 959.0 512.6201782226562 959.0 574.9987258911133 780.7755737304688 574.9987258911133
774.40185546875 510.390625 958.9999694824219 510.390625 958.9999694824219 574.9999542236328 774.40185546875 574.9999542236328
770.4351806640625 509.0022888183594 959.0000762939453 509.0022888183594 959.0000762939453 574.9999923706055 770.4351806640625 574.9999923706055
770.9820556640625 509.1937561035156 959.0000457763672 509.1937561035156 959.0000457763672 575.0000457763672 770.9820556640625 575.0000457763672
766.8059692382812 507.73211669921875 959.0 507.73211669921875 959.0 575.0000152587891 766.8059692382812 575.0000152587891
773.9120483398438 510.21923828125 959.0000305175781 510.21923828125 959.0000305175781 575.0000152587891 773.9120483398438 575.0000152587891
767.4149169921875 507.9452209472656 959.0000152587891 507.9452209472656 959.0000152587891 574.9999923706055 767.4149169921875 574.9999923706055
767.30712890625 507.90753173828125 958.9999694824219 507.90753173828125 958.9999694824219 575.0000152587891 767.30712890625 575.0000152587891
772.7421875 509.80975341796875 958.9999847412109 509.80975341796875 958.9999847412109 574.9999771118164 772.7421875 574.9999771118164
777.1961669921875 511.36865234375 958.9999847412109 511.36865234375 958.9999847412109 574.9999809265137 777.1961669921875 574.9999809265137
785.4695434570312 514.2748413085938 958.9700469970703 514.2748413085938 958.9700469970703 575.0000076293945 785.4695434570312 575.0000076293945
792.4940185546875 516.722900390625 958.9999694824219 516.722900390625 958.9999694824219 574.9999771118164 792.4940185546875 574.9999771118164
797.2069091796875 518.3724365234375 958.9999542236328 518.3724365234375 958.9999542236328 574.9999923706055 797.2069091796875 574.9999923706055
804.6084594726562 520.9629516601562 959.0000305175781 520.9629516601562 959.0000305175781 574.9999923706055 804.6084594726562 574.9999923706055
809.409912109375 522.6434936523438 959.0000305175781 522.6434936523438 959.0000305175781 575.0000228881836 809.409912109375 575.0000228881836
814.541015625 524.4393310546875 959.0000305175781 524.4393310546875 959.0000305175781 574.9999694824219 814.541015625 574.9999694824219
821.3131103515625 526.8096313476562 958.9999542236328 526.8096313476562 958.9999542236328 575.0000114440918 821.3131103515625 575.0000114440918
826.4312744140625 528.3458862304688 959.0000610351562 528.3458862304688 959.0000610351562 574.744945526123 826.4312744140625 574.744945526123
832.51318359375 530.7296142578125 959.0000152587891 530.7296142578125 959.0000152587891 574.9999885559082 832.51318359375 574.9999885559082
834.4503784179688 531.40771484375 958.9999542236328 531.40771484375 958.9999542236328 575.0000495910645 834.4503784179688 575.0000495910645
834.5408935546875 531.4393310546875 958.9999237060547 531.4393310546875 958.9999237060547 574.9999771118164 834.5408935546875 574.9999771118164
834.6209106445312 531.4673461914062 958.9999847412109 531.4673461914062 958.9999847412109 575.0000076293945 834.6209106445312 575.0000076293945
840.10400390625 533.3864135742188 958.9999542236328 533.3864135742188 958.9999542236328 574.9999809265137 840.10400390625 574.9999809265137
845.23193359375 535.18115234375 958.9999771118164 535.18115234375 958.9999771118164 574.9999504089355 845.23193359375 574.9999504089355
848.4666137695312 536.3132934570312 959.0000762939453 536.3132934570312 959.0000762939453 574.9999885559082 848.4666137695312 574.9999885559082
853.4343872070312 538.0520629882812 958.9999389648438 538.0520629882812 958.9999389648438 574.9999885559082 853.4343872070312 574.9999885559082
858.4454956054688 539.8059692382812 959.0 539.8059692382812 959.0 575.0000305175781 858.4454956054688 575.0000305175781
861.5794067382812 540.90283203125 959.0000228881836 540.90283203125 959.0000228881836 575.0000381469727 861.5794067382812 575.0000381469727
866.1558837890625 542.5045776367188 959.0000381469727 542.5045776367188 959.0000381469727 575.0000228881836 866.1558837890625 575.0000228881836
868.4855346679688 543.3077392578125 959.0000534057617 543.3077392578125 959.0000534057617 574.9878120422363 868.4855346679688 574.9878120422363
872.6224365234375 544.6243896484375 958.9999084472656 544.6243896484375 958.9999084472656 574.8564949035645 872.6224365234375 574.8564949035645
875.0206909179688 545.390625 958.9999618530273 545.390625 958.9999618530273 574.7833595275879 875.0206909179688 574.7833595275879
874.24560546875 545.3787841796875 958.8775863647461 545.3787841796875 958.8775863647461 574.9999694824219 874.24560546875 574.9999694824219
876.7234497070312 546.2032470703125 959.0000534057617 546.2032470703125 959.0000534057617 575.0000514984131 876.7234497070312 575.0000514984131
853.4849853515625 547.119384765625 933.1440048217773 547.119384765625 933.1440048217773 575.000036239624 853.4849853515625 575.000036239624
873.7384643554688 546.953125 953.8723602294922 546.953125 953.8723602294922 574.9999809265137 873.7384643554688 574.9999809265137
872.2427978515625 546.3087158203125 954.2178802490234 546.3087158203125 954.2178802490234 574.9999885559082 872.2427978515625 574.9999885559082
871.5908203125 546.0753173828125 954.1906967163086 546.0753173828125 954.1906967163086 574.9852657318115 871.5908203125 574.9852657318115
879.7838134765625 547.2742919921875 959.0000610351562 547.2742919921875 959.0000610351562 574.9999694824219 879.7838134765625 574.9999694824219
875.8896484375 546.1512451171875 958.1038131713867 546.1512451171875 958.1038131713867 574.9261932373047 875.8896484375 574.9261932373047
872.7431640625 544.81005859375 959.0000610351562 544.81005859375 959.0000610351562 574.999963760376 872.7431640625 574.999963760376
868.4576416015625 543.3102416992188 959.0000152587891 543.3102416992188 959.0000152587891 575.0000667572021 868.4576416015625 575.0000667572021
868.4215087890625 543.2974853515625 959.0000381469727 543.2974853515625 959.0000381469727 574.999963760376 868.4215087890625 574.999963760376
872.6871948242188 544.79052734375 959.0 544.79052734375 959.0 575.0000057220459 872.6871948242188 575.0000057220459
876.79736328125 546.2291259765625 959.0000381469727 546.2291259765625 959.0000381469727 575.000057220459 876.79736328125 575.000057220459
876.8004150390625 546.4432373046875 957.7737731933594 546.4432373046875 957.7737731933594 574.7839107513428 876.8004150390625 574.7839107513428
881.5086059570312 547.8780517578125 959.0000228881836 547.8780517578125 959.0000228881836 575.0000457763672 881.5086059570312 575.0000457763672
881.7901611328125 547.9512939453125 958.4688949584961 547.9512939453125 958.4688949584961 574.7888488769531 881.7901611328125 574.7888488769531
885.27734375 549.2821044921875 958.7569351196289 549.2821044921875 958.7569351196289 574.9999599456787 885.27734375 574.9999599456787
881.8787231445312 548.0075073242188 959.0000457763672 548.0075073242188 959.0000457763672 574.9999694824219 881.8787231445312 574.9999694824219
881.1785278320312 548.1658325195312 957.7991104125977 548.1658325195312 957.7991104125977 574.9830360412598 881.1785278320312 574.9830360412598
885.9500122070312 549.4324951171875 959.0000457763672 549.4324951171875 959.0000457763672 575.0000038146973 885.9500122070312 575.0000038146973
888.5256958007812 550.333984375 959.0000457763672 550.333984375 959.0000457763672 575.0000057220459 888.5256958007812 575.0000057220459
891.8651123046875 551.5028076171875 959.0000228881836 551.5028076171875 959.0000228881836 575.0000228881836 891.8651123046875 575.0000228881836
891.8773193359375 551.5070190429688 958.9999237060547 551.5070190429688 958.9999237060547 574.999927520752 891.8773193359375 574.999927520752
891.84814453125 551.4968872070312 959.0 551.4968872070312 959.0 575.0000324249268 891.84814453125 575.0000324249268
891.9248046875 551.523681640625 959.0 551.523681640625 959.0 574.9999961853027 891.9248046875 574.9999961853027
891.8103637695312 551.4835815429688 958.9999389648438 551.4835815429688 958.9999389648438 574.9999313354492 891.8103637695312 574.9999313354492
891.9044189453125 551.5165405273438 959.0000152587891 551.5165405273438 959.0000152587891 574.9999980926514 891.9044189453125 574.9999980926514
890.5784301757812 551.28076171875 958.3476867675781 551.28076171875 958.3476867675781 575.0 890.5784301757812 575.0
888.58251953125 550.3538818359375 959.0000152587891 550.3538818359375 959.0000152587891 575.0000019073486 888.58251953125 575.0000019073486
888.39697265625 550.2889404296875 959.0000152587891 550.2889404296875 959.0000152587891 575.0000019073486 888.39697265625 575.0000019073486
890.3958740234375 550.9885864257812 958.9999465942383 550.9885864257812 958.9999465942383 575.0000095367432 890.3958740234375 575.0000095367432
888.4181518554688 550.2963256835938 959.0000152587891 550.2963256835938 959.0000152587891 574.9999732971191 888.4181518554688 574.9999732971191
888.55224609375 550.3433227539062 959.0000076293945 550.3433227539062 959.0000076293945 575.0000324249268 888.55224609375 575.0000324249268
888.4915771484375 550.3220825195312 959.0 550.3220825195312 959.0 575.000020980835 888.4915771484375 575.000020980835
891.8095703125 551.4832763671875 958.9999847412109 551.4832763671875 958.9999847412109 574.9999103546143 891.8095703125 574.9999103546143
891.8128662109375 551.4845581054688 958.9999771118164 551.4845581054688 958.9999771118164 575.0000343322754 891.8128662109375 575.0000343322754
888.4866943359375 550.3203125 958.9999618530273 550.3203125 958.9999618530273 574.9999446868896 888.4866943359375 574.9999446868896
888.427734375 550.2996215820312 959.0000915527344 550.2996215820312 959.0000915527344 574.9999351501465 888.427734375 574.9999351501465
885.9879760742188 549.4122924804688 959.0000152587891 549.4122924804688 959.0000152587891 574.9664936065674 885.9879760742188 574.9664936065674
888.3656005859375 550.2779541015625 958.9999694824219 550.2779541015625 958.9999694824219 574.9999713897705 888.3656005859375 574.9999713897705
888.1624755859375 549.2833251953125 959.0000152587891 549.2833251953125 959.0000152587891 574.0764503479004 888.1624755859375 574.0764503479004
888.5238037109375 550.3333740234375 958.9999313354492 550.3333740234375 958.9999313354492 575.0000057220459 888.5238037109375 575.0000057220459
886.935546875 549.7774658203125 958.9999237060547 549.7774658203125 958.9999237060547 574.9999885559082 886.935546875 574.9999885559082
887.28955078125 549.1048583984375 958.9999847412109 549.1048583984375 958.9999847412109 574.2035026550293 887.28955078125 574.2035026550293
887.6808471679688 550.0382690429688 959.0000457763672 550.0382690429688 959.0000457763672 574.9999809265137 887.6808471679688 574.9999809265137
888.45166015625 550.3081665039062 958.9999542236328 550.3081665039062 958.9999542236328 575.0000610351562 888.45166015625 575.0000610351562
887.8571166992188 549.1038818359375 958.9999847412109 549.1038818359375 958.9999847412109 574.0038776397705 887.8571166992188 574.0038776397705
888.3033447265625 550.2476806640625 959.0000381469727 550.2476806640625 959.0000381469727 574.991512298584 888.3033447265625 574.991512298584
888.5250244140625 550.3338012695312 958.9999923706055 550.3338012695312 958.9999923706055 575.0000286102295 888.5250244140625 575.0000286102295
891.7659301757812 551.4680786132812 958.9999771118164 551.4680786132812 958.9999771118164 574.9999809265137 891.7659301757812 574.9999809265137
888.4987182617188 550.3245849609375 958.9999771118164 550.3245849609375 958.9999771118164 575.0000114440918 888.4987182617188 575.0000114440918
888.2740478515625 550.23095703125 959.0000762939453 550.23095703125 959.0000762939453 574.985050201416 888.2740478515625 574.985050201416
888.3409423828125 550.2693481445312 959.0000076293945 550.2693481445312 959.0000076293945 575.0000038146973 888.3409423828125 575.0000038146973
888.4533081054688 550.3087158203125 958.9999542236328 550.3087158203125 958.9999542236328 575.0000228881836 888.4533081054688 575.0000228881836
889.0787353515625 550.5728759765625 958.8704681396484 550.5728759765625 958.8704681396484 574.999963760376 889.0787353515625 574.999963760376
888.4098510742188 550.2279052734375 958.9999618530273 550.2279052734375 958.9999618530273 574.9344253540039 888.4098510742188 574.9344253540039
888.4996337890625 550.3248901367188 959.0000762939453 550.3248901367188 959.0000762939453 575.0000267028809 888.4996337890625 575.0000267028809
888.45849609375 550.310546875 958.9999694824219 550.310546875 958.9999694824219 575.0000438690186 888.45849609375 575.0000438690186
888.4620361328125 550.3117065429688 959.0000610351562 550.3117065429688 959.0000610351562 574.9999961853027 888.4620361328125 574.9999961853027
888.5091552734375 550.3282470703125 958.9999847412109 550.3282470703125 958.9999847412109 575.000020980835 888.5091552734375 575.000020980835
888.5651245117188 550.3478393554688 958.9999923706055 550.3478393554688 958.9999923706055 575.0000267028809 888.5651245117188 575.0000267028809
888.4468994140625 550.306396484375 958.9999847412109 550.306396484375 958.9999847412109 574.9999599456787 888.4468994140625 574.9999599456787
888.43896484375 550.3036499023438 958.9999847412109 550.3036499023438 958.9999847412109 574.9999904632568 888.43896484375 574.9999904632568
888.4058837890625 550.2921142578125 958.9999618530273 550.2921142578125 958.9999618530273 575.0000247955322 888.4058837890625 575.0000247955322
888.4793090820312 550.3177490234375 959.0000152587891 550.3177490234375 959.0000152587891 574.9999771118164 888.4793090820312 574.9999771118164
888.4983520507812 550.324462890625 958.9999847412109 550.324462890625 958.9999847412109 575.0000133514404 888.4983520507812 575.0000133514404
888.4375 550.3031005859375 959.0000228881836 550.3031005859375 959.0000228881836 574.9999618530273 888.4375 574.9999618530273
888.4347534179688 550.3021850585938 959.0 550.3021850585938 959.0 574.9999980926514 888.4347534179688 574.9999980926514
888.1712646484375 550.2100219726562 958.9999389648438 550.2100219726562 958.9999389648438 575.0000343322754 888.1712646484375 575.0000343322754
888.3997192382812 550.207275390625 959.0000228881836 550.207275390625 959.0000228881836 574.9173603057861 888.3997192382812 574.9173603057861
888.4779052734375 550.3173217773438 958.9998931884766 550.3173217773438 958.9998931884766 574.9999961853027 888.4779052734375 574.9999961853027
886.6300659179688 549.7662353515625 958.7266464233398 549.7662353515625 958.7266464233398 575.0000190734863 886.6300659179688 575.0000190734863
888.5185546875 550.3314208984375 959.0 550.3314208984375 959.0 574.999906539917 888.5185546875 574.999906539917
888.2049560546875 550.2218017578125 958.9999694824219 550.2218017578125 958.9999694824219 575.0000343322754 888.2049560546875 575.0000343322754
886.4725341796875 549.8009643554688 958.4697723388672 549.8009643554688 958.4697723388672 574.9999752044678 886.4725341796875 574.9999752044678
886.4132690429688 549.7472534179688 958.5640258789062 549.7472534179688 958.5640258789062 574.9999961853027 886.4132690429688 574.9999961853027
886.7081298828125 549.7947387695312 958.6104888916016 549.7947387695312 958.6104888916016 574.960542678833 886.7081298828125 574.960542678833
886.4855346679688 549.7918701171875 958.5087509155273 549.7918701171875 958.5087509155273 574.9999732971191 886.4855346679688 574.9999732971191
888.2468872070312 550.2364501953125 959.0000381469727 550.2364501953125 959.0000381469727 575.0000267028809 888.2468872070312 575.0000267028809
886.5394287109375 549.7857666015625 958.5801086425781 549.7857666015625 958.5801086425781 574.9999752044678 886.5394287109375 574.9999752044678
887.4421997070312 550.0281982421875 958.7902221679688 550.0281982421875 958.7902221679688 574.9999752044678 887.4421997070312 574.9999752044678
888.6673583984375 550.3836669921875 958.9999160766602 550.3836669921875 958.9999160766602 575.0000343322754 888.6673583984375 575.0000343322754
888.3753051757812 550.2823486328125 958.9972686767578 550.2823486328125 958.9972686767578 575.0000076293945 888.3753051757812 575.0000076293945
888.4734497070312 550.3157348632812 959.0000610351562 550.3157348632812 959.0000610351562 575.0000190734863 888.4734497070312 575.0000190734863
888.4407958984375 550.3043823242188 958.9999160766602 550.3043823242188 958.9999160766602 575.0000438690186 888.4407958984375 575.0000438690186
888.5584716796875 550.3455200195312 958.9999008178711 550.3455200195312 958.9999008178711 574.9999885559082 888.5584716796875 574.9999885559082
888.4925537109375 550.3224487304688 958.9999542236328 550.3224487304688 958.9999542236328 575.0000076293945 888.4925537109375 575.0000076293945
887.7440185546875 550.11328125 958.8490142822266 550.11328125 958.8490142822266 574.9999961853027 887.7440185546875 574.9999961853027
888.453125 550.0827026367188 959.0000686645508 550.0827026367188 959.0000686645508 574.7741012573242 888.453125 574.7741012573242
887.5651245117188 550.0595092773438 958.8236923217773 550.0595092773438 958.8236923217773 574.9999771118164 887.5651245117188 574.9999771118164
886.4757690429688 549.7867431640625 958.5139083862305 549.7867431640625 958.5139083862305 575.0000591278076 886.4757690429688 575.0000591278076
885.6441650390625 549.5738525390625 958.2904205322266 549.5738525390625 958.2904205322266 575.0000114440918 885.6441650390625 575.0000114440918
887.5162963867188 550.0382690429688 958.8354797363281 550.0382690429688 958.8354797363281 574.9999504089355 887.5162963867188 574.9999504089355
887.6140747070312 550.0852661132812 958.7991638183594 550.0852661132812 958.7991638183594 575.0000114440918 887.6140747070312 575.0000114440918
887.4156494140625 550.0538330078125 958.6906280517578 550.0538330078125 958.6906280517578 575.0000419616699 887.4156494140625 575.0000419616699
887.5294799804688 550.041748046875 958.8388671875 550.041748046875 958.8388671875 575.0000019073486 887.5294799804688 575.0000019073486
887.6599731445312 550.1127319335938 958.7665863037109 550.1127319335938 958.7665863037109 575.0000152587891 887.6599731445312 575.0000152587891
886.6768798828125 549.8698120117188 958.4775848388672 549.8698120117188 958.4775848388672 575.0000305175781 886.6768798828125 575.0000305175781
887.5487060546875 550.0433349609375 958.8534164428711 550.0433349609375 958.8534164428711 574.9999561309814 887.5487060546875 574.9999561309814
888.40234375 550.2893676757812 959.0000457763672 550.2893676757812 959.0000457763672 574.9985389709473 888.40234375 574.9985389709473
888.5208129882812 550.3067016601562 959.0000152587891 550.3067016601562 959.0000152587891 574.9743995666504 888.5208129882812 574.9743995666504
887.6329345703125 550.1031494140625 958.7670516967773 550.1031494140625 958.7670516967773 575.0000686645508 887.6329345703125 575.0000686645508
888.4368896484375 550.3029174804688 958.9999694824219 550.3029174804688 958.9999694824219 574.9999732971191 888.4368896484375 574.9999732971191
886.5699462890625 549.7802734375 958.4854888916016 549.7802734375 958.4854888916016 574.9506931304932 886.5699462890625 574.9506931304932
887.3025512695312 549.9962158203125 958.7421722412109 549.9962158203125 958.7421722412109 575.0000648498535 887.3025512695312 575.0000648498535
885.5152587890625 549.5072021484375 958.3519592285156 549.5072021484375 958.3519592285156 575.0000267028809 885.5152587890625 575.0000267028809
886.3562622070312 549.7843017578125 958.401237487793 549.7843017578125 958.401237487793 575.0000228881836 886.3562622070312 575.0000228881836
884.1945190429688 549.126220703125 958.0201110839844 549.126220703125 958.0201110839844 574.9651584625244 884.1945190429688 574.9651584625244
881.76171875 547.9666137695312 958.9999847412109 547.9666137695312 958.9999847412109 574.9999847412109 881.76171875 574.9999847412109
880.7156372070312 547.4703369140625 958.7157592773438 547.4703369140625 958.7157592773438 574.7703552246094 880.7156372070312 574.7703552246094
881.9714965820312 547.3609008789062 959.0 547.3609008789062 959.0 574.3208522796631 881.9714965820312 574.3208522796631
879.72216796875 547.2513427734375 958.5876083374023 547.2513427734375 958.5876083374023 574.8542232513428 879.72216796875 574.8542232513428
880.6091918945312 547.6513671875 958.7480239868164 547.6513671875 958.7480239868164 574.9999332427979 880.6091918945312 574.9999332427979
881.7752075195312 547.9713134765625 959.0000991821289 547.9713134765625 959.0000991821289 575.0 881.7752075195312 575.0
881.7467651367188 547.96142578125 958.9999237060547 547.96142578125 958.9999237060547 575.0000057220459 881.7467651367188 575.0000057220459
882.0621337890625 548.07177734375 959.0 548.07177734375 959.0 575.0000057220459 882.0621337890625 575.0000057220459
881.8809814453125 548.0084228515625 959.0000152587891 548.0084228515625 959.0000152587891 575.000057220459 881.8809814453125 575.000057220459
881.5765380859375 547.90185546875 958.9999847412109 547.90185546875 958.9999847412109 575.000036239624 881.5765380859375 575.000036239624
881.6378173828125 547.9232177734375 959.0000686645508 547.9232177734375 959.0000686645508 574.999979019165 881.6378173828125 574.999979019165
881.6671752929688 547.93359375 958.9999542236328 547.93359375 958.9999542236328 575.000036239624 881.6671752929688 575.000036239624
881.9078979492188 548.0177612304688 958.9999923706055 548.0177612304688 958.9999923706055 574.999963760376 881.9078979492188 574.999963760376
881.8623046875 548.0017700195312 959.0000991821289 548.0017700195312 959.0000991821289 574.999963760376 881.8623046875 574.999963760376
882.0598754882812 548.0709838867188 958.9999847412109 548.0709838867188 958.9999847412109 574.9999885559082 882.0598754882812 574.9999885559082
882.0675659179688 548.0736083984375 959.0000762939453 548.0736083984375 959.0000762939453 574.9999504089355 882.0675659179688 574.9999504089355
881.7379760742188 547.7735595703125 958.9999237060547 547.7735595703125 958.9999237060547 574.8152046203613 881.7379760742188 574.8152046203613
881.77197265625 547.97021484375 959.0 547.97021484375 959.0 574.9999885559082 881.77197265625 574.9999885559082
881.7191162109375 547.9517822265625 958.9999008178711 547.9517822265625 958.9999008178711 575.000020980835 881.7191162109375 575.000020980835
881.9810791015625 548.0433349609375 959.0000762939453 548.0433349609375 959.0000762939453 574.9999485015869 881.9810791015625 574.9999485015869
881.8391723632812 547.9937133789062 959.0000610351562 547.9937133789062 959.0000610351562 574.9999885559082 881.8391723632812 574.9999885559082
881.7882080078125 547.5619506835938 959.0000305175781 547.5619506835938 959.0000305175781 574.5860538482666 881.7882080078125 574.5860538482666
881.8400268554688 547.9940185546875 958.9999847412109 547.9940185546875 958.9999847412109 574.9999694824219 881.8400268554688 574.9999694824219
881.6114501953125 547.9140625 958.9999618530273 547.9140625 958.9999618530273 575.0000057220459 881.6114501953125 575.0000057220459
881.0303955078125 547.8035888671875 958.7344131469727 547.8035888671875 958.7344131469727 574.9999599456787 881.0303955078125 574.9999599456787
881.7228393554688 547.9530029296875 959.0000228881836 547.9530029296875 959.0000228881836 574.9999809265137 881.7228393554688 574.9999809265137
880.7762451171875 547.7054443359375 958.7606353759766 547.7054443359375 958.7606353759766 574.9999446868896 880.7762451171875 574.9999446868896
880.9837036132812 547.4644165039062 959.0000305175781 547.4644165039062 959.0000305175781 574.7700958251953 880.9837036132812 574.7700958251953
880.5875244140625 546.4688720703125 958.7514877319336 546.4688720703125 958.7514877319336 573.8262271881104 880.5875244140625 573.8262271881104
879.9085693359375 546.5587158203125 958.7443695068359 546.5587158203125 958.7443695068359 574.1512145996094 879.9085693359375 574.1512145996094
880.6510620117188 546.816162109375 958.8222198486328 546.816162109375 958.8222198486328 574.1760349273682 880.6510620117188 574.1760349273682
881.9041137695312 547.8162841796875 958.9999618530273 547.8162841796875 958.9999618530273 574.7997989654541 881.9041137695312 574.7997989654541
881.65869140625 547.3452758789062 958.9999923706055 547.3452758789062 958.9999923706055 574.4146976470947 881.65869140625 574.4146976470947
881.787109375 547.2556762695312 958.9999389648438 547.2556762695312 958.9999389648438 574.2801322937012 881.787109375 574.2801322937012
881.4757080078125 547.5681762695312 959.0000228881836 547.5681762695312 959.0000228881836 574.7016544342041 881.4757080078125 574.7016544342041
881.6970825195312 547.5114135742188 958.9999847412109 547.5114135742188 958.9999847412109 574.5674018859863 881.6970825195312 574.5674018859863
880.1129150390625 546.18115234375 959.0000152587891 546.18115234375 959.0000152587891 573.7916107177734 880.1129150390625 573.7916107177734
880.9482421875 546.532958984375 958.9999618530273 546.532958984375 958.9999618530273 573.8510341644287 880.9482421875 573.8510341644287
880.4309692382812 546.5118408203125 959.0000305175781 546.5118408203125 959.0000305175781 574.010986328125 880.4309692382812 574.010986328125
881.6668701171875 547.11767578125 958.9999618530273 547.11767578125 958.9999618530273 574.1842308044434 881.6668701171875 574.1842308044434
880.4480590820312 546.5968017578125 958.9999618530273 546.5968017578125 958.9999618530273 574.0899391174316 880.4480590820312 574.0899391174316
879.6468505859375 547.2716674804688 958.4390411376953 547.2716674804688 958.4390411376953 574.8489074707031 879.6468505859375 574.8489074707031
881.6717529296875 546.9804077148438 958.9999237060547 546.9804077148438 958.9999237060547 574.0452423095703 881.6717529296875 574.0452423095703
881.8826293945312 547.1182250976562 958.9999923706055 547.1182250976562 958.9999923706055 574.1092777252197 881.8826293945312 574.1092777252197
881.8646240234375 547.89404296875 958.65869140625 547.89404296875 958.65869140625 574.7719421386719 881.8646240234375 574.7719421386719
881.6467895507812 547.5967407226562 959.0000381469727 547.5967407226562 959.0000381469727 574.6703548431396 881.6467895507812 574.6703548431396
881.0382080078125 546.8453979492188 959.0000610351562 546.8453979492188 959.0000610351562 574.132022857666 881.0382080078125 574.132022857666
880.5072021484375 546.2791748046875 958.9998779296875 546.2791748046875 958.9998779296875 573.7515869140625 880.5072021484375 573.7515869140625
882.5324096679688 547.1844482421875 958.9999237060547 547.1844482421875 958.9999237060547 573.948055267334 882.5324096679688 573.948055267334
880.4982299804688 546.6033935546875 958.7458572387695 546.6033935546875 958.7458572387695 573.9900360107422 880.4982299804688 573.9900360107422
881.7095947265625 547.0352783203125 958.9999923706055 547.0352783203125 958.9999923706055 574.086893081665 881.7095947265625 574.086893081665
881.7766723632812 547.1505737304688 959.0000762939453 547.1505737304688 959.0000762939453 574.1787414550781 881.7766723632812 574.1787414550781
880.8204345703125 547.0532836914062 958.8108444213867 547.0532836914062 958.8108444213867 574.3499031066895 880.8204345703125 574.3499031066895
881.2047119140625 547.0611572265625 959.0000152587891 547.0611572265625 959.0000152587891 574.2894897460938 881.2047119140625 574.2894897460938
878.2947387695312 546.64453125 958.1670989990234 546.64453125 958.1670989990234 574.5998344421387 878.2947387695312 574.5998344421387
876.2975463867188 545.8295288085938 958.7578277587891 545.8295288085938 958.7578277587891 574.690601348877 876.2975463867188 574.690601348877
875.1748046875 545.4937744140625 958.9999542236328 545.4937744140625 958.9999542236328 574.8325500488281 875.1748046875 574.8325500488281
875.1995849609375 545.669921875 958.9998931884766 545.669921875 958.9998931884766 575.0000038146973 875.1995849609375 575.0000038146973
875.2161865234375 545.425537109375 959.0000152587891 545.425537109375 959.0000152587891 574.7498512268066 875.2161865234375 574.7498512268066
875.2147216796875 545.6751708984375 958.9999542236328 545.6751708984375 958.9999542236328 574.999979019165 875.2147216796875 574.999979019165
875.1640625 545.6574096679688 958.9999542236328 545.6574096679688 958.9999542236328 574.9999446868896 875.1640625 574.9999446868896
875.2766723632812 545.6968383789062 959.0000152587891 545.6968383789062 959.0000152587891 574.9999809265137 875.2766723632812 574.9999809265137
875.2191162109375 545.6767578125 958.9998931884766 545.6767578125 958.9998931884766 575.0 875.2191162109375 575.0
875.2738037109375 545.6716918945312 958.9999313354492 545.6716918945312 958.9999313354492 574.9758052825928 875.2738037109375 574.9758052825928
875.1627197265625 545.656982421875 959.0000381469727 545.656982421875 959.0000381469727 575.0000114440918 875.1627197265625 575.0000114440918
875.2116088867188 545.6741333007812 958.9999694824219 545.6741333007812 958.9999694824219 575.0000267028809 875.2116088867188 575.0000267028809
874.8392333984375 544.7753295898438 959.0000076293945 544.7753295898438 959.0000076293945 574.2315673828125 874.8392333984375 574.2315673828125
875.1383666992188 544.7428588867188 958.9999465942383 544.7428588867188 958.9999465942383 574.0943794250488 875.1383666992188 574.0943794250488
874.5236206054688 544.4337768554688 958.6311569213867 544.4337768554688 958.6311569213867 573.8713836669922 874.5236206054688 573.8713836669922
874.2618408203125 543.8973388671875 958.76171875 543.8973388671875 958.76171875 573.4722652435303 874.2618408203125 573.4722652435303
874.7891845703125 543.8574829101562 959.0000076293945 543.8574829101562 959.0000076293945 573.331241607666 874.7891845703125 573.331241607666
875.5555419921875 544.4014892578125 958.6726455688477 544.4014892578125 958.6726455688477 573.4924468994141 875.5555419921875 573.4924468994141
874.2451171875 543.09814453125 959.0000610351562 543.09814453125 959.0000610351562 572.7623443603516 874.2451171875 572.7623443603516
874.3868408203125 543.7398681640625 959.0000152587891 543.7398681640625 959.0000152587891 573.3544502258301 874.3868408203125 573.3544502258301
873.3224487304688 543.3455200195312 959.0000381469727 543.3455200195312 959.0000381469727 573.3326473236084 873.3224487304688 573.3326473236084
873.9630737304688 543.5169677734375 959.0000305175781 543.5169677734375 959.0000305175781 573.2798767089844 873.9630737304688 573.2798767089844
873.9554443359375 543.9942626953125 958.7025451660156 543.9942626953125 958.7025451660156 573.6557216644287 873.9554443359375 573.6557216644287
873.4783935546875 543.5869750976562 958.9999389648438 543.5869750976562 958.9999389648438 573.5194892883301 873.4783935546875 573.5194892883301
874.7720947265625 544.6127319335938 958.689453125 544.6127319335938 958.689453125 573.9837837219238 874.7720947265625 573.9837837219238
875.1536865234375 545.0728759765625 958.9999542236328 545.0728759765625 958.9999542236328 574.4190425872803 875.1536865234375 574.4190425872803
874.7587890625 544.8250732421875 959.0000610351562 544.8250732421875 959.0000610351562 574.3094940185547 874.7587890625 574.3094940185547
875.2643432617188 545.6925659179688 958.9999618530273 545.6925659179688 958.9999618530273 575.0000057220459 875.2643432617188 575.0000057220459
875.22265625 545.4830322265625 958.9999160766602 545.4830322265625 958.9999160766602 574.8050479888916 875.22265625 574.8050479888916
875.0631103515625 545.6964111328125 958.7875213623047 545.6964111328125 958.7875213623047 574.9999294281006 875.0631103515625 574.9999294281006
875.2678833007812 545.6937255859375 959.0 545.6937255859375 959.0 574.999942779541 875.2678833007812 574.999942779541
875.5870971679688 545.9425048828125 958.6084747314453 545.9425048828125 958.6084747314453 574.999963760376 875.5870971679688 574.999963760376
875.2135009765625 545.6585083007812 959.0000457763672 545.6585083007812 959.0000457763672 574.9837760925293 875.2135009765625 574.9837760925293
875.00146484375 544.3909301757812 959.0000534057617 544.3909301757812 959.0000534057617 573.7904148101807 875.00146484375 573.7904148101807
875.2454833984375 545.3679809570312 958.9999542236328 545.3679809570312 958.9999542236328 574.6820259094238 875.2454833984375 574.6820259094238
873.4998168945312 545.6224365234375 956.6492538452148 545.6224365234375 956.6492538452148 574.7247200012207 873.4998168945312 574.7247200012207
875.9779052734375 544.3116455078125 958.8463745117188 544.3116455078125 958.8463745117188 573.3155879974365 875.9779052734375 573.3155879974365
874.8909301757812 543.1558227539062 958.8842086791992 543.1558227539062 958.8842086791992 572.55344581604 874.8909301757812 572.55344581604
872.4932861328125 541.7971801757812 959.0 541.7971801757812 959.0 572.0745048522949 872.4932861328125 572.0745048522949
863.6328125 540.4788818359375 952.5273895263672 540.4788818359375 952.5273895263672 571.5919551849365 863.6328125 571.5919551849365
870.2569580078125 543.2325439453125 958.9999847412109 543.2325439453125 958.9999847412109 574.2925777435303 870.2569580078125 574.2925777435303
867.95166015625 542.9391479492188 959.0000152587891 542.9391479492188 959.0000152587891 574.8060417175293 867.95166015625 574.8060417175293
864.4064331054688 541.7540893554688 957.8786926269531 541.7540893554688 957.8786926269531 574.469352722168 864.4064331054688 574.469352722168
861.6307373046875 540.6549072265625 959.0000152587891 540.6549072265625 959.0000152587891 574.7341232299805 861.6307373046875 574.7341232299805
859.2747802734375 540.0964965820312 958.1770401000977 540.0964965820312 958.1770401000977 574.7122573852539 859.2747802734375 574.7122573852539
849.3870849609375 531.1520385742188 950.6115646362305 531.1520385742188 950.6115646362305 566.5805740356445 849.3870849609375 566.5805740356445
853.9723510742188 538.2404174804688 958.9999618530273 538.2404174804688 958.9999618530273 575.0000495910645 853.9723510742188 575.0000495910645
822.34521484375 537.15673828125 930.4688262939453 537.15673828125 930.4688262939453 574.9999694824219 822.34521484375 574.9999694824219
815.4004516601562 535.5631103515625 928.0773773193359 535.5631103515625 928.0773773193359 575.0000038146973 815.4004516601562 575.0000038146973
806.3909912109375 534.6624145507812 921.6413345336914 534.6624145507812 921.6413345336914 575.0 806.3909912109375 575.0
798.015869140625 532.9708862304688 917.2952880859375 532.9708862304688 917.2952880859375 574.7186508178711 798.015869140625 574.7186508178711
791.9464111328125 530.0421142578125 914.6887054443359 530.0421142578125 914.6887054443359 573.0018844604492 791.9464111328125 573.0018844604492
788.8790283203125 530.3987426757812 916.3112030029297 530.3987426757812 916.3112030029297 574.9999732971191 788.8790283203125 574.9999732971191
779.1407470703125 528.1885986328125 910.4764709472656 528.1885986328125 910.4764709472656 574.1560745239258 779.1407470703125 574.1560745239258
776.0362548828125 528.9061279296875 907.7332763671875 528.9061279296875 907.7332763671875 575.0000534057617 776.0362548828125 575.0000534057617
767.99609375 527.3663940429688 904.0921936035156 527.3663940429688 904.0921936035156 574.9999923706055 767.99609375 574.9999923706055
767.89892578125 526.547119140625 906.3358764648438 526.547119140625 906.3358764648438 575.0000190734863 767.89892578125 575.0000190734863
757.94970703125 524.46728515625 902.3289031982422 524.46728515625 902.3289031982422 574.9999694824219 757.94970703125 574.9999694824219
