432.0 64.0 451.0 64.0 451.0 114.0 432.0 114.0
429.6744079589844 67.09564208984375 448.2033882141113 67.09564208984375 448.2033882141113 115.53775024414062 429.6744079589844 115.53775024414062
424.9458923339844 65.19459533691406 444.2484607696533 65.19459533691406 444.2484607696533 115.71893310546875 424.9458923339844 115.71893310546875
422.25067138671875 65.65452575683594 441.82758712768555 65.65452575683594 441.82758712768555 114.69327545166016 422.25067138671875 114.69327545166016
421.3592834472656 67.27247619628906 440.7563648223877 67.27247619628906 440.7563648223877 115.5248908996582 421.3592834472656 115.5248908996582
422.1001892089844 66.3358154296875 441.21935653686523 66.3358154296875 441.21935653686523 115.70248031616211 422.1001892089844 115.70248031616211
422.3543395996094 66.8044662475586 441.7689571380615 66.8044662475586 441.7689571380615 114.14347076416016 422.3543395996094 114.14347076416016
421.87530517578125 67.09245300292969 441.4868812561035 67.09245300292969 441.4868812561035 114.7794418334961 421.87530517578125 114.7794418334961
421.46697998046875 68.26718139648438 441.3683662414551 68.26718139648438 441.3683662414551 114.97209548950195 421.46697998046875 114.97209548950195
421.77587890625 69.8581771850586 440.54924964904785 69.8581771850586 440.54924964904785 116.37228775024414 421.77587890625 116.37228775024414
418.9248962402344 69.84834289550781 437.6402835845947 69.84834289550781 437.6402835845947 117.58300399780273 418.9248962402344 117.58300399780273
419.0406188964844 70.70817565917969 437.4135971069336 70.70817565917969 437.4135971069336 115.83632278442383 419.0406188964844 115.83632278442383
417.74359130859375 71.16752624511719 436.31373023986816 71.16752624511719 436.31373023986816 117.72237777709961 417.74359130859375 117.72237777709961
414.81414794921875 70.71156311035156 434.04069328308105 70.71156311035156 434.04069328308105 120.01233673095703 414.81414794921875 120.01233673095703
412.013916015625 72.62150573730469 431.29511070251465 72.62150573730469 431.29511070251465 123.36148834228516 412.013916015625 123.36148834228516
405.7166442871094 71.5106201171875 425.7175121307373 71.5106201171875 425.7175121307373 124.14448165893555 405.7166442871094 124.14448165893555
402.184814453125 72.165771484375 422.7418975830078 72.165771484375 422.7418975830078 125.33727264404297 402.184814453125 125.33727264404297
397.45953369140625 74.7956314086914 418.68183517456055 74.7956314086914 418.68183517456055 125.64203262329102 397.45953369140625 125.64203262329102
390.7752990722656 70.52409362792969 411.31462478637695 70.52409362792969 411.31462478637695 124.57494735717773 390.7752990722656 124.57494735717773
381.4775085449219 72.42704772949219 402.196533203125 72.42704772949219 402.196533203125 126.95079040527344 381.4775085449219 126.95079040527344
375.0782470703125 68.6800537109375 395.9392509460449 68.6800537109375 395.9392509460449 123.57743072509766 375.0782470703125 123.57743072509766
367.041015625 73.07707214355469 387.8554172515869 73.07707214355469 387.8554172515869 127.85181045532227 367.041015625 127.85181045532227
353.0518493652344 75.40250396728516 373.8594055175781 75.40250396728516 373.8594055175781 130.15922927856445 353.0518493652344 130.15922927856445
332.56951904296875 75.4573745727539 353.6809024810791 75.4573745727539 353.6809024810791 131.0136489868164 332.56951904296875 131.0136489868164
317.3884582519531 77.75609588623047 338.38940048217773 77.75609588623047 338.38940048217773 133.02173233032227 317.3884582519531 133.02173233032227
320.9701843261719 76.902099609375 341.8335132598877 76.902099609375 341.8335132598877 131.80559158325195 320.9701843261719 131.80559158325195
328.1826171875 77.29460906982422 349.1406021118164 77.29460906982422 349.1406021118164 132.44719696044922 328.1826171875 132.44719696044922
330.748291015625 79.89195251464844 351.33898544311523 79.89195251464844 351.33898544311523 133.84752655029297 330.748291015625 133.84752655029297
335.194580078125 76.18766021728516 356.21100425720215 76.18766021728516 356.21100425720215 129.18385314941406 335.194580078125 129.18385314941406
326.89642333984375 80.9733657836914 347.57142066955566 80.9733657836914 347.57142066955566 135.38124084472656 326.89642333984375 135.38124084472656
328.57574462890625 80.48341369628906 349.4466133117676 80.48341369628906 349.4466133117676 135.40673446655273 328.57574462890625 135.40673446655273
328.3360290527344 81.21553039550781 349.241455078125 81.21553039550781 349.241455078125 136.22979354858398 328.3360290527344 136.22979354858398
327.79681396484375 82.71602630615234 348.75232315063477 82.71602630615234 348.75232315063477 137.8620834350586 327.79681396484375 137.8620834350586
325.7994689941406 82.59031677246094 346.825740814209 82.59031677246094 346.825740814209 137.9225845336914 325.7994689941406 137.9225845336914
325.67266845703125 83.67095947265625 346.5246181488037 83.67095947265625 346.5246181488037 138.54448699951172 325.67266845703125 138.54448699951172
326.0101318359375 85.28887939453125 346.85567474365234 85.28887939453125 346.85567474365234 140.14554977416992 326.0101318359375 140.14554977416992
325.505615234375 85.51741790771484 346.14476203918457 85.51741790771484 346.14476203918457 139.8309440612793 325.505615234375 139.8309440612793
325.6465759277344 86.56682586669922 345.9787483215332 86.56682586669922 345.9787483215332 140.0725212097168 325.6465759277344 140.0725212097168
323.5191345214844 87.73863220214844 343.7520065307617 87.73863220214844 343.7520065307617 140.9830093383789 323.5191345214844 140.9830093383789
322.607666015625 87.74024963378906 343.13632583618164 87.74024963378906 343.13632583618164 141.7630157470703 322.607666015625 141.7630157470703
324.47100830078125 90.01261901855469 344.6058177947998 90.01261901855469 344.6058177947998 142.9989356994629 324.47100830078125 142.9989356994629
326.3338623046875 89.5472412109375 345.9979248046875 89.5472412109375 345.9979248046875 141.29475021362305 326.3338623046875 141.29475021362305
326.2926025390625 91.23432159423828 345.8713569641113 91.23432159423828 345.8713569641113 142.75733947753906 326.2926025390625 142.75733947753906
326.365966796875 92.75406646728516 346.194766998291 92.75406646728516 346.194766998291 144.9351043701172 326.365966796875 144.9351043701172
325.2776184082031 91.12777709960938 345.2804412841797 91.12777709960938 345.2804412841797 143.76676559448242 325.2776184082031 143.76676559448242
323.3006286621094 92.22535705566406 343.04588508605957 92.22535705566406 343.04588508605957 144.18653869628906 323.3006286621094 144.18653869628906
319.981201171875 92.24018859863281 340.00525283813477 92.24018859863281 340.00525283813477 144.9350357055664 319.981201171875 144.9350357055664
319.5910339355469 96.9927749633789 339.5452995300293 96.9927749633789 339.5452995300293 148.28871154785156 319.5910339355469 148.28871154785156
315.5074157714844 96.75215911865234 335.4567680358887 96.75215911865234 335.4567680358887 149.25042724609375 315.5074157714844 149.25042724609375
312.7711486816406 96.18521118164062 332.4741401672363 96.18521118164062 332.4741401672363 147.55449295043945 312.7711486816406 147.55449295043945
324.6831970214844 96.1607437133789 344.7313861846924 96.1607437133789 344.7313861846924 147.11390686035156 324.6831970214844 147.11390686035156
325.9991760253906 106.59305572509766 346.36870765686035 106.59305572509766 346.36870765686035 160.1970672607422 325.9991760253906 160.1970672607422
354.04876708984375 124.89381408691406 374.6732635498047 124.89381408691406 374.6732635498047 179.1687889099121 354.04876708984375 179.1687889099121
371.8204345703125 126.036376953125 392.50627517700195 126.036376953125 392.50627517700195 180.4727897644043 371.8204345703125 180.4727897644043
360.50848388671875 120.96388244628906 380.8405075073242 120.96388244628906 380.8405075073242 174.46920013427734 360.50848388671875 174.46920013427734
387.4449157714844 122.87601470947266 407.28916358947754 122.87601470947266 407.28916358947754 175.09770584106445 387.4449157714844 175.09770584106445
394.2015075683594 115.63558197021484 413.8428840637207 115.63558197021484 413.8428840637207 167.3233985900879 394.2015075683594 167.3233985900879
416.9119567871094 105.03755187988281 436.7513084411621 105.03755187988281 436.7513084411621 157.2463607788086 416.9119567871094 157.2463607788086
448.87353515625 91.55363464355469 468.87878036499023 91.55363464355469 468.87878036499023 143.07469177246094 448.87353515625 143.07469177246094
456.5921325683594 89.04670715332031 476.9800910949707 89.04670715332031 476.9800910949707 141.61059188842773 456.5921325683594 141.61059188842773
456.229248046875 89.57379150390625 477.39042472839355 89.57379150390625 477.39042472839355 140.99036407470703 456.229248046875 140.99036407470703
454.39617919921875 88.9819107055664 475.1235752105713 88.9819107055664 475.1235752105713 142.2303352355957 454.39617919921875 142.2303352355957
452.6844177246094 87.93849182128906 473.12154960632324 87.93849182128906 473.12154960632324 141.72040557861328 452.6844177246094 141.72040557861328
452.4483947753906 89.23387908935547 473.2398204803467 89.23387908935547 473.2398204803467 142.1954345703125 452.4483947753906 142.1954345703125
452.30267333984375 88.75930786132812 473.13210678100586 88.75930786132812 473.13210678100586 142.48063278198242 452.30267333984375 142.48063278198242
451.29693603515625 89.10420227050781 472.7240238189697 89.10420227050781 472.7240238189697 144.4942970275879 451.29693603515625 144.4942970275879
452.1458435058594 88.80827331542969 473.5647850036621 88.80827331542969 473.5647850036621 142.11838150024414 452.1458435058594 142.11838150024414
451.4645080566406 88.8888931274414 472.20329093933105 88.8888931274414 472.20329093933105 142.35089111328125 451.4645080566406 142.35089111328125
450.9903869628906 89.80964660644531 471.9873352050781 89.80964660644531 471.9873352050781 142.45252990722656 450.9903869628906 142.45252990722656
452.05377197265625 90.96768951416016 471.4667282104492 90.96768951416016 471.4667282104492 142.6470832824707 452.05377197265625 142.6470832824707
448.6705017089844 92.6729507446289 469.4584770202637 92.6729507446289 469.4584770202637 147.37814331054688 448.6705017089844 147.37814331054688
450.88525390625 89.94761657714844 470.3597602844238 89.94761657714844 470.3597602844238 144.96034240722656 450.88525390625 144.96034240722656
451.54327392578125 92.70237731933594 470.42832374572754 92.70237731933594 470.42832374572754 147.17260360717773 451.54327392578125 147.17260360717773
450.81072998046875 91.1791763305664 469.27014350891113 91.1791763305664 469.27014350891113 145.19853591918945 450.81072998046875 145.19853591918945
449.6025390625 91.2779541015625 469.2445259094238 91.2779541015625 469.2445259094238 145.45132446289062 449.6025390625 145.45132446289062
449.44708251953125 92.49122619628906 469.6124153137207 92.49122619628906 469.6124153137207 144.47207260131836 449.44708251953125 144.47207260131836
449.7076721191406 92.68272399902344 469.0374755859375 92.68272399902344 469.0374755859375 144.38658905029297 449.7076721191406 144.38658905029297
445.9793395996094 91.93155670166016 465.8113212585449 91.93155670166016 465.8113212585449 146.5594253540039 445.9793395996094 146.5594253540039
444.8749084472656 91.44403076171875 463.84655380249023 91.44403076171875 463.84655380249023 145.50352096557617 444.8749084472656 145.50352096557617
446.1802673339844 98.01459503173828 466.50605392456055 98.01459503173828 466.50605392456055 151.5035057067871 446.1802673339844 151.5035057067871
446.61956787109375 93.58757019042969 465.2944755554199 93.58757019042969 465.2944755554199 145.6223602294922 446.61956787109375 145.6223602294922
445.56451416015625 95.6607666015625 464.5201168060303 95.6607666015625 464.5201168060303 148.59633255004883 445.56451416015625 148.59633255004883
446.70501708984375 96.23161315917969 466.40268898010254 96.23161315917969 466.40268898010254 149.01586151123047 446.70501708984375 149.01586151123047
446.247802734375 94.74972534179688 465.4412422180176 94.74972534179688 465.4412422180176 147.90789031982422 446.247802734375 147.90789031982422
445.2377014160156 94.00175476074219 465.21881103515625 94.00175476074219 465.21881103515625 147.1366958618164 445.2377014160156 147.1366958618164
444.46337890625 94.22142791748047 463.6694030761719 94.22142791748047 463.6694030761719 147.13228607177734 444.46337890625 147.13228607177734
442.6194763183594 93.47366333007812 462.5633888244629 93.47366333007812 462.5633888244629 145.73348236083984 442.6194763183594 145.73348236083984
441.17449951171875 95.10707092285156 460.52295303344727 95.10707092285156 460.52295303344727 149.3824005126953 441.17449951171875 149.3824005126953
440.9893493652344 95.12422943115234 460.43066024780273 95.12422943115234 460.43066024780273 149.95449829101562 440.9893493652344 149.95449829101562
437.452880859375 98.32275390625 458.0142250061035 98.32275390625 458.0142250061035 153.48751831054688 437.452880859375 153.48751831054688
439.382080078125 95.33958435058594 459.0459785461426 95.33958435058594 459.0459785461426 153.7035369873047 439.382080078125 153.7035369873047
438.1009826660156 97.22499084472656 458.22394371032715 97.22499084472656 458.22394371032715 154.7552032470703 438.1009826660156 154.7552032470703
438.4222717285156 96.68702697753906 459.7664432525635 96.68702697753906 459.7664432525635 154.04703521728516 438.4222717285156 154.04703521728516
436.31512451171875 97.34734344482422 458.2888374328613 97.34734344482422 458.2888374328613 155.17294311523438 436.31512451171875 155.17294311523438
435.35943603515625 98.38945770263672 457.53103828430176 98.38945770263672 457.53103828430176 156.86780166625977 435.35943603515625 156.86780166625977
435.524658203125 96.73282623291016 458.2571430206299 96.73282623291016 458.2571430206299 156.95290756225586 435.524658203125 156.95290756225586
432.54681396484375 98.48050689697266 455.53021812438965 98.48050689697266 455.53021812438965 158.9631805419922 432.54681396484375 158.9631805419922
434.6385192871094 96.650146484375 457.56364822387695 96.650146484375 457.56364822387695 157.74419021606445 434.6385192871094 157.74419021606445
433.74957275390625 97.90577697753906 456.7991237640381 97.90577697753906 456.7991237640381 158.56689834594727 433.74957275390625 158.56689834594727
435.1172790527344 96.06356811523438 458.3580856323242 96.06356811523438 458.3580856323242 157.80863189697266 435.1172790527344 157.80863189697266
434.2745666503906 96.7604751586914 457.2990131378174 96.7604751586914 457.2990131378174 157.17229843139648 434.2745666503906 157.17229843139648
434.97998046875 95.80967712402344 458.00343894958496 95.80967712402344 458.00343894958496 157.43014907836914 434.97998046875 157.43014907836914
430.47265625 99.37242126464844 453.96735191345215 99.37242126464844 453.96735191345215 159.0212745666504 430.47265625 159.0212745666504
428.1918029785156 98.88390350341797 452.36310958862305 98.88390350341797 452.36310958862305 162.0030975341797 428.1918029785156 162.0030975341797
427.71234130859375 99.12074279785156 452.239444732666 99.12074279785156 452.239444732666 162.3616065979004 427.71234130859375 162.3616065979004
426.01629638671875 97.72853088378906 450.5200386047363 97.72853088378906 450.5200386047363 162.0968780517578 426.01629638671875 162.0968780517578
426.87591552734375 99.31401062011719 451.63865661621094 99.31401062011719 451.63865661621094 163.81078338623047 426.87591552734375 163.81078338623047
427.70770263671875 102.56717681884766 452.3400478363037 102.56717681884766 452.3400478363037 164.71087646484375 427.70770263671875 164.71087646484375
425.7500915527344 102.10173034667969 450.04609298706055 102.10173034667969 450.04609298706055 164.36023330688477 425.7500915527344 164.36023330688477
426.059326171875 102.71995544433594 450.58937644958496 102.71995544433594 450.58937644958496 163.52784729003906 426.059326171875 163.52784729003906
425.6475524902344 101.4505386352539 450.0014247894287 101.4505386352539 450.0014247894287 163.5559959411621 425.6475524902344 163.5559959411621
423.4090270996094 104.13189697265625 447.9644203186035 104.13189697265625 447.9644203186035 164.77152252197266 423.4090270996094 164.77152252197266
422.7071228027344 105.1578140258789 446.9481945037842 105.1578140258789 446.9481945037842 165.9002685546875 422.7071228027344 165.9002685546875
422.287109375 103.8412857055664 447.04907989501953 103.8412857055664 447.04907989501953 166.09138870239258 422.287109375 166.09138870239258
421.356201171875 103.61732482910156 446.64511489868164 103.61732482910156 446.64511489868164 166.3084945678711 421.356201171875 166.3084945678711
420.27081298828125 105.52799987792969 444.82689476013184 105.52799987792969 444.82689476013184 167.4344253540039 420.27081298828125 167.4344253540039
420.71282958984375 106.7135238647461 445.1121025085449 106.7135238647461 445.1121025085449 168.13265228271484 420.71282958984375 168.13265228271484
421.003662109375 107.56917572021484 445.0478115081787 107.56917572021484 445.0478115081787 169.22528457641602 421.003662109375 169.22528457641602
420.77972412109375 107.1933364868164 445.3905258178711 107.1933364868164 445.3905258178711 165.6333885192871 420.77972412109375 165.6333885192871
419.3392028808594 108.58457946777344 445.3036003112793 108.58457946777344 445.3036003112793 167.30059051513672 419.3392028808594 167.30059051513672
417.75799560546875 109.0940933227539 443.5308895111084 109.0940933227539 443.5308895111084 168.55691528320312 417.75799560546875 168.55691528320312
416.96453857421875 108.6593017578125 442.18963050842285 108.6593017578125 442.18963050842285 169.19829177856445 416.96453857421875 169.19829177856445
415.9273376464844 109.8338394165039 441.6441230773926 109.8338394165039 441.6441230773926 170.76160430908203 415.9273376464844 170.76160430908203
415.26214599609375 109.8270034790039 440.442195892334 109.8270034790039 440.442195892334 170.71759796142578 415.26214599609375 170.71759796142578
416.7926330566406 112.3408432006836 440.5108127593994 112.3408432006836 440.5108127593994 170.92107391357422 416.7926330566406 170.92107391357422
417.307861328125 114.35787200927734 441.2543716430664 114.35787200927734 441.2543716430664 173.79354095458984 417.307861328125 173.79354095458984
416.92095947265625 112.92436218261719 440.3036136627197 112.92436218261719 440.3036136627197 171.95888900756836 416.92095947265625 171.95888900756836
414.4913635253906 114.30339050292969 438.7328281402588 114.30339050292969 438.7328281402588 171.3902931213379 414.4913635253906 171.3902931213379
413.7327575683594 115.9984130859375 438.2076835632324 115.9984130859375 438.2076835632324 173.5307731628418 413.7327575683594 173.5307731628418
412.45123291015625 117.71672058105469 436.4197578430176 117.71672058105469 436.4197578430176 175.78879165649414 412.45123291015625 175.78879165649414
410.17999267578125 117.14936828613281 435.4167232513428 117.14936828613281 435.4167232513428 175.0709991455078 410.17999267578125 175.0709991455078
410.5860290527344 116.94783020019531 434.7294731140137 116.94783020019531 434.7294731140137 173.77331924438477 410.5860290527344 173.77331924438477
408.8830261230469 118.43321228027344 432.79615783691406 118.43321228027344 432.79615783691406 175.29747772216797 408.8830261230469 175.29747772216797
408.69305419921875 120.08636474609375 432.53747749328613 120.08636474609375 432.53747749328613 177.4507827758789 408.69305419921875 177.4507827758789
408.74334716796875 119.79618835449219 432.1747131347656 119.79618835449219 432.1747131347656 177.4346160888672 408.74334716796875 177.4346160888672
407.552978515625 117.04500579833984 430.45298194885254 117.04500579833984 430.45298194885254 175.90277481079102 407.552978515625 175.90277481079102
404.7505187988281 119.89918518066406 428.5909538269043 119.89918518066406 428.5909538269043 178.62198638916016 404.7505187988281 178.62198638916016
408.1352844238281 122.5639877319336 432.6834831237793 122.5639877319336 432.6834831237793 179.29918670654297 408.1352844238281 179.29918670654297
399.82647705078125 125.41361999511719 422.7376174926758 125.41361999511719 422.7376174926758 185.70611190795898 399.82647705078125 185.70611190795898
425.7682189941406 122.25306701660156 449.1703872680664 122.25306701660156 449.1703872680664 183.8377342224121 425.7682189941406 183.8377342224121
463.94415283203125 128.9962158203125 487.60979080200195 128.9962158203125 487.60979080200195 191.27421951293945 463.94415283203125 191.27421951293945
498.97003173828125 123.9750747680664 522.6627979278564 123.9750747680664 522.6627979278564 186.32447052001953 498.97003173828125 186.32447052001953
514.4124145507812 118.60247802734375 538.3585090637207 118.60247802734375 538.3585090637207 179.87595748901367 514.4124145507812 179.87595748901367
516.2158813476562 116.94989013671875 539.517650604248 116.94989013671875 539.517650604248 178.27034759521484 516.2158813476562 178.27034759521484
513.03759765625 117.70489501953125 536.2183418273926 117.70489501953125 536.2183418273926 178.70685958862305 513.03759765625 178.70685958862305
515.1156005859375 120.22166442871094 539.2927570343018 120.22166442871094 539.2927570343018 180.69336700439453 515.1156005859375 180.69336700439453
515.8187866210938 118.7061767578125 539.6104774475098 118.7061767578125 539.6104774475098 179.21492767333984 515.8187866210938 179.21492767333984
515.849365234375 120.27547454833984 539.5972938537598 120.27547454833984 539.5972938537598 179.4628448486328 515.849365234375 179.4628448486328
515.6593017578125 120.36177062988281 538.7939205169678 120.36177062988281 538.7939205169678 181.2423553466797 515.6593017578125 181.2423553466797
514.1453857421875 120.14872741699219 537.4555912017822 120.14872741699219 537.4555912017822 181.4913787841797 514.1453857421875 181.4913787841797
513.5348510742188 121.64888000488281 536.5132026672363 121.64888000488281 536.5132026672363 182.11822891235352 513.5348510742188 182.11822891235352
514.2105712890625 123.05525207519531 537.8559112548828 123.05525207519531 537.8559112548828 181.83625030517578 514.2105712890625 181.83625030517578
515.2525024414062 124.90913391113281 539.2830047607422 124.90913391113281 539.2830047607422 181.42696380615234 515.2525024414062 181.42696380615234
518.3446044921875 128.3615264892578 541.3029232025146 128.3615264892578 541.3029232025146 184.17356872558594 518.3446044921875 184.17356872558594
516.2716064453125 129.00125122070312 540.6397285461426 129.00125122070312 540.6397285461426 186.52035522460938 516.2716064453125 186.52035522460938
496.95880126953125 127.26341247558594 520.7762489318848 127.26341247558594 520.7762489318848 180.14059829711914 496.95880126953125 180.14059829711914
496.45538330078125 129.4990997314453 520.3871574401855 129.4990997314453 520.3871574401855 183.4999771118164 496.45538330078125 183.4999771118164
518.4581298828125 140.5862579345703 541.4144268035889 140.5862579345703 541.4144268035889 200.99756622314453 518.4581298828125 200.99756622314453
560.3031616210938 135.83676147460938 583.3506450653076 135.83676147460938 583.3506450653076 196.488037109375 560.3031616210938 196.488037109375
592.3062133789062 136.3851776123047 616.1756553649902 136.3851776123047 616.1756553649902 194.2407684326172 592.3062133789062 194.2407684326172
602.6873779296875 132.72866821289062 626.5070838928223 132.72866821289062 626.5070838928223 192.33755493164062 602.6873779296875 192.33755493164062
602.8336791992188 133.99476623535156 626.4091682434082 133.99476623535156 626.4091682434082 196.03552627563477 602.8336791992188 196.03552627563477
602.5557861328125 134.15907287597656 626.2602424621582 134.15907287597656 626.2602424621582 196.53922271728516 602.5557861328125 196.53922271728516
599.1661987304688 131.89320373535156 623.0874938964844 131.89320373535156 623.0874938964844 194.84398651123047 599.1661987304688 194.84398651123047
597.6127319335938 134.1574249267578 621.9243183135986 134.1574249267578 621.9243183135986 198.1352882385254 597.6127319335938 198.1352882385254
595.0633544921875 135.45068359375 619.1391334533691 135.45068359375 619.1391334533691 198.8079948425293 595.0633544921875 198.8079948425293
592.3981323242188 137.32044982910156 616.8689785003662 137.32044982910156 616.8689785003662 201.7174072265625 592.3981323242188 201.7174072265625
593.72607421875 136.3644561767578 618.7294731140137 136.3644561767578 618.7294731140137 199.85700225830078 593.72607421875 199.85700225830078
592.5772705078125 137.80197143554688 618.5832576751709 137.80197143554688 618.5832576751709 200.14639282226562 592.5772705078125 200.14639282226562
590.35595703125 136.3902130126953 615.7826766967773 136.3902130126953 615.7826766967773 203.3026123046875 590.35595703125 203.3026123046875
589.3780517578125 137.20089721679688 615.0929203033447 137.20089721679688 615.0929203033447 202.05712890625 589.3780517578125 202.05712890625
585.8768310546875 136.32302856445312 611.5887641906738 136.32302856445312 611.5887641906738 201.95984649658203 585.8768310546875 201.95984649658203
583.7612915039062 141.60061645507812 609.938009262085 141.60061645507812 609.938009262085 201.71267700195312 583.7612915039062 201.71267700195312
583.8029174804688 141.83811950683594 610.4001922607422 141.83811950683594 610.4001922607422 203.52477645874023 583.8029174804688 203.52477645874023
584.712158203125 143.8712921142578 610.4287624359131 143.8712921142578 610.4287624359131 204.8104591369629 584.712158203125 204.8104591369629
581.22119140625 143.9510040283203 606.6855354309082 143.9510040283203 606.6855354309082 204.90732192993164 581.22119140625 204.90732192993164
579.748046875 145.7303009033203 605.1401519775391 145.7303009033203 605.1401519775391 204.35347747802734 579.748046875 204.35347747802734
579.5902099609375 143.77203369140625 605.2470550537109 143.77203369140625 605.2470550537109 204.10039520263672 579.5902099609375 204.10039520263672
575.6666870117188 146.21810913085938 602.2277317047119 146.21810913085938 602.2277317047119 207.11040496826172 575.6666870117188 207.11040496826172
570.6306762695312 142.40780639648438 596.4393520355225 142.40780639648438 596.4393520355225 208.6821746826172 570.6306762695312 208.6821746826172
568.5181274414062 143.99911499023438 594.888126373291 143.99911499023438 594.888126373291 207.3361701965332 568.5181274414062 207.3361701965332
567.9229736328125 146.22230529785156 594.754186630249 146.22230529785156 594.754186630249 208.06225967407227 567.9229736328125 208.06225967407227
564.5479736328125 148.9703826904297 591.7501182556152 148.9703826904297 591.7501182556152 211.1061019897461 564.5479736328125 211.1061019897461
563.3722534179688 145.82723999023438 589.2554016113281 145.82723999023438 589.2554016113281 211.59239959716797 563.3722534179688 211.59239959716797
572.274169921875 148.20826721191406 597.5715732574463 148.20826721191406 597.5715732574463 214.78034210205078 572.274169921875 214.78034210205078
561.6243286132812 155.18856811523438 586.8433475494385 155.18856811523438 586.8433475494385 221.5543670654297 561.6243286132812 221.5543670654297
564.29931640625 155.51205444335938 589.7550277709961 155.51205444335938 589.7550277709961 222.500732421875 564.29931640625 222.500732421875
595.6266479492188 164.9898223876953 620.883222579956 164.9898223876953 620.883222579956 231.45446014404297 595.6266479492188 231.45446014404297
599.2843627929688 162.24960327148438 625.0973701477051 162.24960327148438 625.0973701477051 230.17853546142578 599.2843627929688 230.17853546142578
593.06982421875 161.55055236816406 619.0039005279541 161.55055236816406 619.0039005279541 229.79808044433594 593.06982421875 229.79808044433594
591.2557373046875 161.76861572265625 617.8825740814209 161.76861572265625 617.8825740814209 231.8391876220703 591.2557373046875 231.8391876220703
588.04052734375 164.1637420654297 614.6069984436035 164.1637420654297 614.6069984436035 234.0754623413086 588.04052734375 234.0754623413086
588.4556884765625 163.4063262939453 614.920955657959 163.4063262939453 614.920955657959 233.05172729492188 588.4556884765625 233.05172729492188
582.2428588867188 165.42453002929688 609.2332191467285 165.42453002929688 609.2332191467285 236.45174407958984 582.2428588867188 236.45174407958984
580.80078125 167.50094604492188 607.9330539703369 167.50094604492188 607.9330539703369 238.90161895751953 580.80078125 238.90161895751953
575.0594482421875 168.5598602294922 601.6970024108887 168.5598602294922 601.6970024108887 238.65865325927734 575.0594482421875 238.65865325927734
569.8516845703125 169.73583984375 596.9046230316162 169.73583984375 596.9046230316162 240.92774963378906 569.8516845703125 240.92774963378906
570.5466918945312 167.38546752929688 598.0059299468994 167.38546752929688 598.0059299468994 239.64659118652344 570.5466918945312 239.64659118652344
565.6802978515625 170.75936889648438 592.9241428375244 170.75936889648438 592.9241428375244 242.45366668701172 565.6802978515625 242.45366668701172
560.650390625 171.19924926757812 587.8115119934082 171.19924926757812 587.8115119934082 242.67584991455078 560.650390625 242.67584991455078
557.609619140625 162.9319305419922 584.4553527832031 162.9319305419922 584.4553527832031 233.57855987548828 557.609619140625 233.57855987548828
556.0022583007812 166.2003936767578 583.1598300933838 166.2003936767578 583.1598300933838 237.66765594482422 556.0022583007812 237.66765594482422
549.683349609375 170.6626739501953 577.0141544342041 170.6626739501953 577.0141544342041 242.5858154296875 549.683349609375 242.5858154296875
