295.0 107.0 329.0 107.0 329.0 139.0 295.0 139.0
297.9114990234375 107.6056900024414 331.8460502624512 107.6056900024414 331.8460502624512 138.8106517791748 297.9114990234375 138.8106517791748
298.792236328125 108.2194595336914 334.050350189209 108.2194595336914 334.050350189209 139.21797943115234 298.792236328125 139.21797943115234
301.8319091796875 109.03578186035156 336.6085433959961 109.03578186035156 336.6085433959961 140.48992538452148 301.8319091796875 140.48992538452148
302.4437561035156 109.76531982421875 338.0604553222656 109.76531982421875 338.0604553222656 141.4132137298584 302.4437561035156 141.4132137298584
305.2997131347656 110.19097900390625 341.0355033874512 110.19097900390625 341.0355033874512 143.14124298095703 305.2997131347656 143.14124298095703
307.437255859375 111.17704010009766 344.0692939758301 111.17704010009766 344.0692939758301 143.60137939453125 307.437255859375 143.60137939453125
309.9454040527344 111.48445129394531 346.47795486450195 111.48445129394531 346.47795486450195 143.75085067749023 309.9454040527344 143.75085067749023
311.7884826660156 111.61991882324219 348.4170951843262 111.61991882324219 348.4170951843262 145.50008010864258 311.7884826660156 145.50008010864258
314.4297790527344 112.38134765625 349.60721588134766 112.38134765625 349.60721588134766 146.03491973876953 314.4297790527344 146.03491973876953
316.2093200683594 113.22135925292969 352.0920829772949 113.22135925292969 352.0920829772949 146.89582061767578 316.2093200683594 146.89582061767578
317.5018615722656 113.39395904541016 354.78175354003906 113.39395904541016 354.78175354003906 147.62068557739258 317.5018615722656 147.62068557739258
320.20965576171875 114.79225158691406 357.66901779174805 114.79225158691406 357.66901779174805 148.54815292358398 320.20965576171875 148.54815292358398
322.4261169433594 115.4417724609375 359.58087158203125 115.4417724609375 359.58087158203125 149.7227668762207 322.4261169433594 149.7227668762207
324.58074951171875 116.44197845458984 362.70676040649414 116.44197845458984 362.70676040649414 151.03304290771484 324.58074951171875 151.03304290771484
327.2523498535156 116.44737243652344 364.7317695617676 116.44737243652344 364.7317695617676 151.42486572265625 327.2523498535156 151.42486572265625
329.0804748535156 117.61189270019531 367.50339126586914 117.61189270019531 367.50339126586914 152.0738868713379 329.0804748535156 152.0738868713379
331.2752380371094 118.55262756347656 369.99246978759766 118.55262756347656 369.99246978759766 153.23541641235352 331.2752380371094 153.23541641235352
333.4796142578125 118.9072036743164 371.1829948425293 118.9072036743164 371.1829948425293 154.2364959716797 333.4796142578125 154.2364959716797
335.8729248046875 119.4044418334961 374.1866683959961 119.4044418334961 374.1866683959961 154.70091247558594 335.8729248046875 154.70091247558594
337.675537109375 120.03913879394531 377.70162200927734 120.03913879394531 377.70162200927734 156.4513816833496 337.675537109375 156.4513816833496
340.23065185546875 121.24052429199219 380.7273063659668 121.24052429199219 380.7273063659668 157.73644256591797 340.23065185546875 157.73644256591797
343.36187744140625 121.3860092163086 384.06204986572266 121.3860092163086 384.06204986572266 159.68170166015625 343.36187744140625 159.68170166015625
346.69580078125 123.86289978027344 387.9015655517578 123.86289978027344 387.9015655517578 160.7709732055664 346.69580078125 160.7709732055664
349.350830078125 124.53865814208984 390.86423110961914 124.53865814208984 390.86423110961914 162.57551193237305 349.350830078125 162.57551193237305
352.7650146484375 125.31538391113281 395.21167755126953 125.31538391113281 395.21167755126953 163.68563842773438 352.7650146484375 163.68563842773438
356.02392578125 126.06773376464844 398.76888275146484 126.06773376464844 398.76888275146484 166.1227798461914 356.02392578125 166.1227798461914
359.06695556640625 126.8769760131836 402.33069610595703 126.8769760131836 402.33069610595703 167.07908630371094 359.06695556640625 167.07908630371094
361.2540588378906 128.0454559326172 405.62512588500977 128.0454559326172 405.62512588500977 168.79174041748047 361.2540588378906 168.79174041748047
364.292724609375 128.8211212158203 407.6939926147461 128.8211212158203 407.6939926147461 168.98203659057617 364.292724609375 168.98203659057617
367.66973876953125 130.22885131835938 412.5098762512207 130.22885131835938 412.5098762512207 170.32666778564453 367.66973876953125 170.32666778564453
370.15771484375 131.3375244140625 415.44837951660156 131.3375244140625 415.44837951660156 172.47606658935547 370.15771484375 172.47606658935547
373.5497131347656 131.20826721191406 418.7348289489746 131.20826721191406 418.7348289489746 173.35806274414062 373.5497131347656 173.35806274414062
376.1297302246094 132.77133178710938 422.8368721008301 132.77133178710938 422.8368721008301 176.07373809814453 376.1297302246094 176.07373809814453
380.2801208496094 134.22848510742188 425.26909255981445 134.22848510742188 425.26909255981445 176.93852615356445 380.2801208496094 176.93852615356445
382.8128662109375 136.3017120361328 430.08374786376953 136.3017120361328 430.08374786376953 179.1229476928711 382.8128662109375 179.1229476928711
387.30926513671875 136.8693084716797 433.2979736328125 136.8693084716797 433.2979736328125 180.44805526733398 387.30926513671875 180.44805526733398
390.76416015625 138.54885864257812 437.65699005126953 138.54885864257812 437.65699005126953 182.2255973815918 390.76416015625 182.2255973815918
394.47808837890625 139.89236450195312 441.37177658081055 139.89236450195312 441.37177658081055 184.4207534790039 394.47808837890625 184.4207534790039
396.96795654296875 141.87025451660156 443.9556427001953 141.87025451660156 443.9556427001953 186.0327377319336 396.96795654296875 186.0327377319336
399.7568664550781 142.126220703125 448.12384033203125 142.126220703125 448.12384033203125 187.49758911132812 399.7568664550781 187.49758911132812
402.4920654296875 144.25900268554688 452.1878089904785 144.25900268554688 452.1878089904785 190.3443946838379 402.4920654296875 190.3443946838379
405.86627197265625 145.4529571533203 454.6280746459961 145.4529571533203 454.6280746459961 192.2058448791504 405.86627197265625 192.2058448791504
409.3763732910156 147.3624725341797 458.66315841674805 147.3624725341797 458.66315841674805 195.98567962646484 409.3763732910156 195.98567962646484
412.65765380859375 150.01983642578125 462.9349937438965 150.01983642578125 462.9349937438965 197.56258392333984 412.65765380859375 197.56258392333984
414.55078125 151.45408630371094 465.74971771240234 151.45408630371094 465.74971771240234 199.89630508422852 414.55078125 199.89630508422852
417.77020263671875 154.26321411132812 469.5620231628418 154.26321411132812 469.5620231628418 202.8177719116211 417.77020263671875 202.8177719116211
419.74786376953125 158.03919982910156 473.1772651672363 158.03919982910156 473.1772651672363 207.9809341430664 419.74786376953125 207.9809341430664
423.9410095214844 158.53140258789062 475.55973052978516 158.53140258789062 475.55973052978516 210.40428924560547 423.9410095214844 210.40428924560547
426.572509765625 163.05313110351562 478.2662124633789 163.05313110351562 478.2662124633789 213.38885498046875 426.572509765625 213.38885498046875
427.1190490722656 164.1055908203125 480.9388961791992 164.1055908203125 480.9388961791992 216.52119064331055 427.1190490722656 216.52119064331055
427.9449768066406 169.47500610351562 483.9034194946289 169.47500610351562 483.9034194946289 220.2146224975586 427.9449768066406 220.2146224975586
429.5335998535156 171.9163055419922 484.75102615356445 171.9163055419922 484.75102615356445 223.23372650146484 429.5335998535156 223.23372650146484
430.51165771484375 173.60775756835938 485.6686325073242 173.60775756835938 485.6686325073242 226.8478012084961 430.51165771484375 226.8478012084961
429.98614501953125 176.76844787597656 487.00650787353516 176.76844787597656 487.00650787353516 230.26134872436523 429.98614501953125 230.26134872436523
431.4462890625 179.0941162109375 488.8269958496094 179.0941162109375 488.8269958496094 232.81888580322266 431.4462890625 232.81888580322266
429.81170654296875 183.6942901611328 489.6243362426758 183.6942901611328 489.6243362426758 237.49248886108398 429.81170654296875 237.49248886108398
430.315673828125 185.4261932373047 489.08514404296875 185.4261932373047 489.08514404296875 241.48546600341797 430.315673828125 241.48546600341797
429.63037109375 189.88987731933594 487.9675521850586 189.88987731933594 487.9675521850586 244.9563446044922 429.63037109375 244.9563446044922
428.00604248046875 192.6391143798828 488.81427001953125 192.6391143798828 488.81427001953125 248.9833221435547 428.00604248046875 248.9833221435547
426.2654724121094 194.65115356445312 489.40782928466797 194.65115356445312 489.40782928466797 254.76400756835938 426.2654724121094 254.76400756835938
422.8172912597656 197.44186401367188 487.4795684814453 197.44186401367188 487.4795684814453 260.9612846374512 422.8172912597656 260.9612846374512
422.7129821777344 203.73696899414062 489.32830810546875 203.73696899414062 489.32830810546875 266.2555618286133 422.7129821777344 266.2555618286133
418.8697204589844 205.0541534423828 487.6039505004883 205.0541534423828 487.6039505004883 269.9274597167969 418.8697204589844 269.9274597167969
413.7608337402344 213.7209014892578 480.68345642089844 213.7209014892578 480.68345642089844 277.02785873413086 413.7608337402344 277.02785873413086
410.64837646484375 216.49209594726562 478.8356475830078 216.49209594726562 478.8356475830078 281.3124313354492 410.64837646484375 281.3124313354492
405.1688537597656 219.7241973876953 477.58119201660156 219.7241973876953 477.58119201660156 288.6502685546875 405.1688537597656 288.6502685546875
399.4960021972656 221.19332885742188 475.0285110473633 221.19332885742188 475.0285110473633 293.04595947265625 399.4960021972656 293.04595947265625
390.82672119140625 227.9895477294922 469.9437561035156 227.9895477294922 469.9437561035156 300.8241958618164 390.82672119140625 300.8241958618164
386.30877685546875 232.23922729492188 465.96014404296875 232.23922729492188 465.96014404296875 307.9243927001953 386.30877685546875 307.9243927001953
377.45574951171875 237.56082153320312 460.93223571777344 237.56082153320312 460.93223571777344 315.9358825683594 377.45574951171875 315.9358825683594
368.36224365234375 242.7051239013672 453.9824752807617 242.7051239013672 453.9824752807617 322.0896911621094 368.36224365234375 322.0896911621094
358.4776611328125 249.35049438476562 445.8280792236328 249.35049438476562 445.8280792236328 329.1433563232422 358.4776611328125 329.1433563232422
350.16143798828125 258.0427551269531 438.10496520996094 258.0427551269531 438.10496520996094 339.7822494506836 350.16143798828125 339.7822494506836
337.68328857421875 258.9762268066406 428.68287658691406 258.9762268066406 428.68287658691406 344.9528121948242 337.68328857421875 344.9528121948242
322.150634765625 266.960693359375 416.58260345458984 266.960693359375 416.58260345458984 354.5068588256836 322.150634765625 354.5068588256836
311.6169738769531 273.8066711425781 406.71190643310547 273.8066711425781 406.71190643310547 362.0005340576172 311.6169738769531 362.0005340576172
294.3669128417969 281.6752624511719 390.9026336669922 281.6752624511719 390.9026336669922 372.8620300292969 294.3669128417969 372.8620300292969
278.1083679199219 292.00970458984375 375.4655532836914 292.00970458984375 375.4655532836914 383.6400604248047 278.1083679199219 383.6400604248047
257.24517822265625 301.510498046875 356.29749298095703 301.510498046875 356.29749298095703 393.9981460571289 257.24517822265625 393.9981460571289
235.0277099609375 308.7250061035156 335.6888885498047 308.7250061035156 335.6888885498047 403.46498107910156 235.0277099609375 403.46498107910156
208.249267578125 320.278076171875 311.25555419921875 320.278076171875 311.25555419921875 416.1188735961914 208.249267578125 416.1188735961914
184.75564575195312 330.0169982910156 288.83788299560547 330.0169982910156 288.83788299560547 427.97681427001953 184.75564575195312 427.97681427001953
153.09963989257812 344.3448181152344 258.60499572753906 344.3448181152344 258.60499572753906 443.10716247558594 153.09963989257812 443.10716247558594
