282.0 351.0 320.0 351.0 320.0 405.0 282.0 405.0
280.6661682128906 350.06591796875 320.0964775085449 350.06591796875 320.0964775085449 402.38150787353516 280.6661682128906 402.38150787353516
277.14385986328125 349.925048828125 317.89527130126953 349.925048828125 317.89527130126953 399.2364196777344 277.14385986328125 399.2364196777344
271.35723876953125 350.2095642089844 312.010498046875 350.2095642089844 312.010498046875 397.5414505004883 271.35723876953125 397.5414505004883
271.1614074707031 349.88140869140625 309.95905685424805 349.88140869140625 309.95905685424805 397.2274856567383 271.1614074707031 397.2274856567383
271.68914794921875 348.4742736816406 312.611083984375 348.4742736816406 312.611083984375 395.1497116088867 271.68914794921875 395.1497116088867
277.23577880859375 347.1878967285156 319.0311470031738 347.1878967285156 319.0311470031738 392.5924606323242 277.23577880859375 392.5924606323242
283.13824462890625 345.0423583984375 326.40772247314453 345.0423583984375 326.40772247314453 390.1112365722656 283.13824462890625 390.1112365722656
289.919189453125 340.92462158203125 330.9600143432617 340.92462158203125 330.9600143432617 386.9365539550781 289.919189453125 386.9365539550781
292.004638671875 335.67840576171875 331.9998092651367 335.67840576171875 331.9998092651367 384.31053924560547 292.004638671875 384.31053924560547
293.41558837890625 329.6973571777344 333.52769470214844 329.6973571777344 333.52769470214844 381.5129165649414 293.41558837890625 381.5129165649414
294.7986755371094 325.8173522949219 335.83477783203125 325.8173522949219 335.83477783203125 378.1782646179199 294.7986755371094 378.1782646179199
296.98492431640625 323.73455810546875 338.66715240478516 323.73455810546875 338.66715240478516 374.1553077697754 296.98492431640625 374.1553077697754
302.9029541015625 321.096923828125 345.1708869934082 321.096923828125 345.1708869934082 369.21060943603516 302.9029541015625 369.21060943603516
307.88409423828125 319.06524658203125 351.5536804199219 319.06524658203125 351.5536804199219 366.2647285461426 307.88409423828125 366.2647285461426
313.3924865722656 316.645751953125 356.3722610473633 316.645751953125 356.3722610473633 363.70538330078125 313.3924865722656 363.70538330078125
317.37921142578125 312.69732666015625 359.55245208740234 312.69732666015625 359.55245208740234 359.36824798583984 317.37921142578125 359.36824798583984
320.1788024902344 307.9173278808594 361.1163635253906 307.9173278808594 361.1163635253906 355.75159072875977 320.1788024902344 355.75159072875977
324.8244934082031 301.508056640625 365.6619987487793 301.508056640625 365.6619987487793 351.4264106750488 324.8244934082031 351.4264106750488
328.1582336425781 298.27874755859375 370.7734146118164 298.27874755859375 370.7734146118164 346.9333686828613 328.1582336425781 346.9333686828613
332.5078125 296.40911865234375 376.4211959838867 296.40911865234375 376.4211959838867 342.8562316894531 332.5078125 342.8562316894531
338.1060485839844 295.23724365234375 383.2850227355957 295.23724365234375 383.2850227355957 341.8930549621582 338.1060485839844 341.8930549621582
344.1861267089844 296.4700012207031 389.14509201049805 296.4700012207031 389.14509201049805 342.089168548584 344.1861267089844 342.089168548584
353.0290832519531 297.1182556152344 397.0332832336426 297.1182556152344 397.0332832336426 344.5657730102539 353.0290832519531 344.5657730102539
358.3045349121094 299.04901123046875 401.9458999633789 299.04901123046875 401.9458999633789 345.8192253112793 358.3045349121094 345.8192253112793
362.3156433105469 298.32861328125 406.2868766784668 298.32861328125 406.2868766784668 345.08509063720703 362.3156433105469 345.08509063720703
366.48516845703125 297.31512451171875 410.13335037231445 297.31512451171875 410.13335037231445 344.01624298095703 366.48516845703125 344.01624298095703
371.39764404296875 294.6632995605469 413.80870819091797 294.6632995605469 413.80870819091797 341.2788848876953 371.39764404296875 341.2788848876953
377.22589111328125 285.99053955078125 416.3112678527832 285.99053955078125 416.3112678527832 338.1156539916992 377.22589111328125 338.1156539916992
378.67626953125 281.3826904296875 418.81346893310547 281.3826904296875 418.81346893310547 333.62757110595703 378.67626953125 333.62757110595703
379.0646057128906 280.47491455078125 418.99901580810547 280.47491455078125 418.99901580810547 330.782657623291 379.0646057128906 330.782657623291
379.768798828125 279.5199890136719 418.57006072998047 279.5199890136719 418.57006072998047 328.36181259155273 379.768798828125 328.36181259155273
379.50225830078125 277.42559814453125 418.00447845458984 277.42559814453125 418.00447845458984 326.44353103637695 379.50225830078125 326.44353103637695
378.87103271484375 275.58367919921875 417.7766799926758 275.58367919921875 417.7766799926758 324.8837203979492 378.87103271484375 324.8837203979492
378.75299072265625 272.3046875 416.2672309875488 272.3046875 416.2672309875488 322.28641510009766 378.75299072265625 322.28641510009766
379.31939697265625 269.8594970703125 417.8854446411133 269.8594970703125 417.8854446411133 320.1262321472168 379.31939697265625 320.1262321472168
381.2577819824219 266.7051696777344 420.0417366027832 266.7051696777344 420.0417366027832 316.0679931640625 381.2577819824219 316.0679931640625
383.3893127441406 262.4523620605469 422.6221008300781 262.4523620605469 422.6221008300781 312.2571220397949 383.3893127441406 312.2571220397949
385.65301513671875 257.67462158203125 424.4502487182617 257.67462158203125 424.4502487182617 308.51966094970703 385.65301513671875 308.51966094970703
390.0592346191406 249.220458984375 425.78282928466797 249.220458984375 425.78282928466797 300.60733795166016 390.0592346191406 300.60733795166016
390.95751953125 244.5557098388672 427.92821502685547 244.5557098388672 427.92821502685547 296.71150970458984 390.95751953125 296.71150970458984
392.38818359375 242.2751007080078 430.7908134460449 242.2751007080078 430.7908134460449 294.1545066833496 392.38818359375 294.1545066833496
393.3648376464844 242.0057830810547 431.2870407104492 242.0057830810547 431.2870407104492 295.89523696899414 393.3648376464844 295.89523696899414
399.2493591308594 242.97329711914062 437.6182975769043 242.97329711914062 437.6182975769043 297.4975891113281 399.2493591308594 297.4975891113281
407.98065185546875 245.8239288330078 445.8318748474121 245.8239288330078 445.8318748474121 299.61252212524414 407.98065185546875 299.61252212524414
413.8067321777344 246.54495239257812 454.19850158691406 246.54495239257812 454.19850158691406 296.05126571655273 413.8067321777344 296.05126571655273
418.884521484375 249.2308349609375 458.336238861084 249.2308349609375 458.336238861084 300.005802154541 418.884521484375 300.005802154541
422.14129638671875 249.20187377929688 464.1527290344238 249.20187377929688 464.1527290344238 295.7422294616699 422.14129638671875 295.7422294616699
425.4207458496094 248.6690673828125 464.88924407958984 248.6690673828125 464.88924407958984 298.22147369384766 425.4207458496094 298.22147369384766
430.77398681640625 251.1060028076172 467.79419708251953 251.1060028076172 467.79419708251953 303.7136764526367 430.77398681640625 303.7136764526367
435.3394470214844 253.2262725830078 471.97058868408203 253.2262725830078 471.97058868408203 305.2810592651367 435.3394470214844 305.2810592651367
436.6729431152344 255.36422729492188 472.9377899169922 255.36422729492188 472.9377899169922 306.89848709106445 436.6729431152344 306.89848709106445
437.96209716796875 255.4055938720703 474.4533386230469 255.4055938720703 474.4533386230469 306.6991424560547 437.96209716796875 306.6991424560547
436.65869140625 256.92462158203125 473.8565559387207 256.92462158203125 473.8565559387207 306.021671295166 436.65869140625 306.021671295166
431.1910095214844 258.37823486328125 470.0798683166504 258.37823486328125 470.0798683166504 304.0335159301758 431.1910095214844 304.0335159301758
427.6194763183594 260.3555603027344 464.5032081604004 260.3555603027344 464.5032081604004 310.27801513671875 427.6194763183594 310.27801513671875
425.423583984375 261.8304138183594 462.89307403564453 261.8304138183594 462.89307403564453 312.6467399597168 425.423583984375 312.6467399597168
421.9029846191406 262.9488220214844 458.5589904785156 262.9488220214844 458.5589904785156 315.03893280029297 421.9029846191406 315.03893280029297
419.22979736328125 265.38201904296875 455.9618682861328 265.38201904296875 455.9618682861328 317.5802230834961 419.22979736328125 317.5802230834961
410.5081481933594 270.03485107421875 446.96668243408203 270.03485107421875 446.96668243408203 321.8443412780762 410.5081481933594 321.8443412780762
405.1048278808594 273.1346740722656 441.38549423217773 273.1346740722656 441.38549423217773 324.69140625 405.1048278808594 324.69140625
402.2347717285156 273.80047607421875 438.3918228149414 273.80047607421875 438.3918228149414 325.1815414428711 402.2347717285156 325.1815414428711
397.58502197265625 274.9488220214844 433.7076721191406 274.9488220214844 433.7076721191406 326.28099822998047 397.58502197265625 326.28099822998047
395.2104797363281 277.41558837890625 430.7147979736328 277.41558837890625 430.7147979736328 327.86907958984375 395.2104797363281 327.86907958984375
386.99761962890625 281.1728515625 422.03226470947266 281.1728515625 422.03226470947266 330.9589080810547 386.99761962890625 330.9589080810547
380.6258239746094 285.7503967285156 415.3988571166992 285.7503967285156 415.3988571166992 335.1646842956543 380.6258239746094 335.1646842956543
374.62994384765625 291.58441162109375 408.9956817626953 291.58441162109375 408.9956817626953 340.41991424560547 374.62994384765625 340.41991424560547
371.2920837402344 297.71710205078125 405.2306213378906 297.71710205078125 405.2306213378906 345.9455261230469 371.2920837402344 345.9455261230469
369.5621032714844 299.135009765625 403.70505142211914 299.135009765625 403.70505142211914 347.6539077758789 369.5621032714844 347.6539077758789
367.27679443359375 301.2493591308594 400.7892036437988 301.2493591308594 400.7892036437988 348.87223052978516 367.27679443359375 348.87223052978516
367.3167419433594 298.5469665527344 400.673583984375 298.5469665527344 400.673583984375 345.9487724304199 367.3167419433594 345.9487724304199
366.6429443359375 292.6610412597656 399.72455978393555 292.6610412597656 399.72455978393555 339.6717338562012 366.6429443359375 339.6717338562012
366.120361328125 288.3251037597656 399.0306930541992 288.3251037597656 399.0306930541992 335.0923957824707 366.120361328125 335.0923957824707
366.59088134765625 284.7861633300781 399.4391899108887 284.7861633300781 399.4391899108887 331.46531677246094 366.59088134765625 331.46531677246094
358.44158935546875 290.1902770996094 391.3988037109375 290.1902770996094 391.3988037109375 337.0241928100586 358.44158935546875 337.0241928100586
348.19110107421875 295.0478515625 380.64287185668945 295.0478515625 380.64287185668945 341.1634979248047 348.19110107421875 341.1634979248047
337.912841796875 302.4228515625 370.3268508911133 302.4228515625 370.3268508911133 348.4848327636719 337.912841796875 348.4848327636719
333.72198486328125 310.81158447265625 366.5471076965332 310.81158447265625 366.5471076965332 357.4577751159668 333.72198486328125 357.4577751159668
327.26885986328125 319.2594299316406 360.1445083618164 319.2594299316406 360.1445083618164 365.9774169921875 327.26885986328125 365.9774169921875
318.7457275390625 323.1133728027344 351.6106071472168 323.1133728027344 351.6106071472168 369.8160591125488 318.7457275390625 369.8160591125488
311.2935485839844 323.9150085449219 344.01462173461914 323.9150085449219 344.01462173461914 370.41333770751953 311.2935485839844 370.41333770751953
306.6865234375 326.45794677734375 339.61280059814453 326.45794677734375 339.61280059814453 373.24787521362305 306.6865234375 373.24787521362305
296.30450439453125 337.9183654785156 329.30651092529297 337.9183654785156 329.30651092529297 384.81591033935547 296.30450439453125 384.81591033935547
284.00054931640625 353.4566955566406 317.3561019897461 353.4566955566406 317.3561019897461 400.8566436767578 284.00054931640625 400.8566436767578
272.0682678222656 365.531005859375 305.1491050720215 365.531005859375 305.1491050720215 412.54056549072266 272.0682678222656 412.54056549072266
267.41644287109375 373.6993713378906 300.61548614501953 373.6993713378906 300.61548614501953 420.8769111633301 267.41644287109375 420.8769111633301
267.13079833984375 376.3023681640625 300.2577590942383 376.3023681640625 300.2577590942383 423.37747955322266 267.13079833984375 423.37747955322266
268.39410400390625 375.9195861816406 301.3965148925781 375.9195861816406 301.3965148925781 422.81771087646484 268.39410400390625 422.81771087646484
270.5059814453125 373.7038879394531 303.63411712646484 373.7038879394531 303.63411712646484 420.78067779541016 270.5059814453125 420.78067779541016
268.81768798828125 371.78594970703125 301.6091613769531 371.78594970703125 301.6091613769531 418.38432693481445 268.81768798828125 418.38432693481445
263.37701416015625 373.2283630371094 296.58536529541016 373.2283630371094 296.58536529541016 420.4191360473633 263.37701416015625 420.4191360473633
259.6828308105469 379.0226135253906 291.9422607421875 379.0226135253906 291.9422607421875 424.86491775512695 259.6828308105469 424.86491775512695
256.1370849609375 388.23541259765625 288.4065170288086 388.23541259765625 288.4065170288086 434.09192657470703 256.1370849609375 434.09192657470703
251.8382110595703 388.36077880859375 283.70383071899414 388.36077880859375 283.70383071899414 433.6434516906738 251.8382110595703 433.6434516906738
252.66836547851562 390.0656433105469 283.850284576416 390.0656433105469 283.850284576416 434.3767433166504 252.66836547851562 434.3767433166504
254.2831268310547 392.5520935058594 285.0821475982666 392.5520935058594 285.0821475982666 436.31907653808594 254.2831268310547 436.31907653808594
254.84512329101562 391.0752868652344 285.54412269592285 391.0752868652344 285.54412269592285 434.70013427734375 254.84512329101562 434.70013427734375
249.2054443359375 388.465087890625 279.36870193481445 388.465087890625 279.36870193481445 431.32862091064453 249.2054443359375 431.32862091064453
243.11181640625 392.5721435546875 272.80694580078125 392.5721435546875 272.80694580078125 434.7704391479492 243.11181640625 434.7704391479492
231.9399871826172 396.9595947265625 261.12355613708496 396.9595947265625 261.12355613708496 438.4309387207031 231.9399871826172 438.4309387207031
219.954833984375 402.74652099609375 248.7010498046875 402.74652099609375 248.7010498046875 443.59636306762695 219.954833984375 443.59636306762695
209.06686401367188 409.89111328125 236.96886253356934 409.89111328125 236.96886253356934 449.5412788391113 209.06686401367188 449.5412788391113
199.64315795898438 413.95782470703125 227.17478561401367 413.95782470703125 227.17478561401367 453.0816764831543 199.64315795898438 453.0816764831543
195.139404296875 417.92266845703125 222.15838050842285 417.92266845703125 222.15838050842285 456.3180160522461 195.139404296875 456.3180160522461
189.16458129882812 419.25555419921875 215.53843116760254 419.25555419921875 215.53843116760254 456.7341423034668 189.16458129882812 456.7341423034668
179.5611572265625 418.5887756347656 206.21636962890625 418.5887756347656 206.21636962890625 456.4671936035156 179.5611572265625 456.4671936035156
168.3828582763672 422.04443359375 194.88601303100586 422.04443359375 194.88601303100586 459.7067756652832 168.3828582763672 459.7067756652832
157.93934631347656 422.70257568359375 184.4595546722412 422.70257568359375 184.4595546722412 460.38915252685547 157.93934631347656 460.38915252685547
153.4722137451172 421.53204345703125 179.9684658050537 421.53204345703125 179.9684658050537 459.18457794189453 153.4722137451172 459.18457794189453
156.1922149658203 423.6221618652344 182.75138473510742 423.6221618652344 182.75138473510742 461.3641052246094 156.1922149658203 461.3641052246094
154.5216827392578 431.2179260253906 181.19490432739258 431.2179260253906 181.19490432739258 469.12194061279297 154.5216827392578 469.12194061279297
146.95425415039062 439.52471923828125 173.27805709838867 439.52471923828125 173.27805709838867 476.93218994140625 146.95425415039062 476.93218994140625
136.74795532226562 443.98748779296875 163.15684127807617 443.98748779296875 163.15684127807617 481.515869140625 136.74795532226562 481.515869140625
129.48373413085938 446.42626953125 156.26406860351562 446.42626953125 156.26406860351562 484.48249435424805 129.48373413085938 484.48249435424805
125.8809585571289 441.23199462890625 152.7397804260254 441.23199462890625 152.7397804260254 479.3997573852539 125.8809585571289 479.3997573852539
122.59175109863281 440.3894958496094 149.74645614624023 440.3894958496094 149.74645614624023 478.9777297973633 122.59175109863281 478.9777297973633
112.80926513671875 440.8575134277344 140.39960289001465 440.8575134277344 140.39960289001465 480.0648078918457 112.80926513671875 480.0648078918457
101.33882904052734 443.2516174316406 128.91617584228516 443.2516174316406 128.91617584228516 482.4404525756836 101.33882904052734 482.4404525756836
93.0390853881836 446.6966857910156 120.5799331665039 446.6966857910156 120.5799331665039 485.83365631103516 93.0390853881836 485.83365631103516
84.80984497070312 438.65020751953125 112.93132591247559 438.65020751953125 112.93132591247559 478.6122856140137 84.80984497070312 478.6122856140137
85.0366439819336 437.69677734375 113.14056205749512 437.69677734375 113.14056205749512 477.6338996887207 85.0366439819336 477.6338996887207
85.61424255371094 437.87554931640625 113.52691650390625 437.87554931640625 113.52691650390625 477.5409049987793 85.61424255371094 477.5409049987793
88.35670471191406 434.040283203125 115.86683082580566 434.040283203125 115.86683082580566 473.1335983276367 88.35670471191406 473.1335983276367
90.75657653808594 431.37939453125 117.64972496032715 431.37939453125 117.64972496032715 469.595947265625 90.75657653808594 469.595947265625
92.10027313232422 428.95440673828125 118.9333324432373 428.95440673828125 118.9333324432373 467.0855712890625 92.10027313232422 467.0855712890625
93.84236145019531 425.92828369140625 120.44338607788086 425.92828369140625 120.44338607788086 463.7297172546387 93.84236145019531 463.7297172546387
95.35481262207031 427.89764404296875 121.56853866577148 427.89764404296875 121.56853866577148 465.1487045288086 95.35481262207031 465.1487045288086
97.7041015625 429.1285095214844 123.2330551147461 429.1285095214844 123.2330551147461 465.4064712524414 97.7041015625 465.4064712524414
97.37604522705078 430.91839599609375 122.20585250854492 430.91839599609375 122.20585250854492 466.2028350830078 97.37604522705078 466.2028350830078
98.3921890258789 433.93634033203125 122.56366729736328 433.93634033203125 122.56366729736328 468.28526306152344 98.3921890258789 468.28526306152344
99.62979888916016 434.6641540527344 123.28690719604492 434.6641540527344 123.28690719604492 468.2821273803711 99.62979888916016 468.2821273803711
98.36518096923828 435.2196350097656 121.85459899902344 435.2196350097656 121.85459899902344 468.5993118286133 98.36518096923828 468.5993118286133
99.71073913574219 434.54705810546875 122.98695182800293 434.54705810546875 122.98695182800293 467.6237602233887 99.71073913574219 467.6237602233887
100.47419738769531 431.94024658203125 123.48311614990234 431.94024658203125 123.48311614990234 464.6371078491211 100.47419738769531 464.6371078491211
98.80326080322266 430.09478759765625 121.39562606811523 430.09478759765625 121.39562606811523 462.19970321655273 98.80326080322266 462.19970321655273
96.61357116699219 428.261962890625 119.41071510314941 428.261962890625 119.41071510314941 460.65787506103516 96.61357116699219 460.65787506103516
94.39497375488281 426.47259521484375 116.70171546936035 426.47259521484375 116.70171546936035 458.17162132263184 94.39497375488281 458.17162132263184
95.27833557128906 422.83502197265625 117.42441177368164 422.83502197265625 117.42441177368164 454.3057346343994 95.27833557128906 454.3057346343994
97.76656341552734 418.07940673828125 119.86527633666992 418.07940673828125 119.86527633666992 449.4828128814697 97.76656341552734 449.4828128814697
103.84285736083984 411.36810302734375 125.55346870422363 411.36810302734375 125.55346870422363 442.2199954986572 103.84285736083984 442.2199954986572
106.06817626953125 407.0137939453125 127.76108932495117 407.0137939453125 127.76108932495117 437.8405361175537 106.06817626953125 437.8405361175537
104.63813781738281 403.7104797363281 126.50640296936035 403.7104797363281 126.50640296936035 434.78640365600586 104.63813781738281 434.78640365600586
102.93003845214844 399.82794189453125 125.28817367553711 399.82794189453125 125.28817367553711 431.59999656677246 102.93003845214844 431.59999656677246
100.6679916381836 396.9001770019531 122.69393539428711 396.9001770019531 122.69393539428711 428.2001705169678 100.6679916381836 428.2001705169678
100.9194107055664 394.95697021484375 123.06641387939453 394.95697021484375 123.06641387939453 426.4289951324463 100.9194107055664 426.4289951324463
104.2983169555664 393.4972229003906 126.51071548461914 393.4972229003906 126.51071548461914 425.06218338012695 104.2983169555664 425.06218338012695
108.8214111328125 390.84149169921875 131.02366638183594 390.84149169921875 131.02366638183594 422.3920383453369 108.8214111328125 422.3920383453369
113.50885009765625 388.92999267578125 136.0634765625 388.92999267578125 136.0634765625 420.9812774658203 113.50885009765625 420.9812774658203
118.52879333496094 388.5318298339844 141.25837898254395 388.5318298339844 141.25837898254395 420.83173751831055 118.52879333496094 420.83173751831055
124.2332763671875 385.34149169921875 147.37074851989746 385.34149169921875 147.37074851989746 418.2210235595703 124.2332763671875 418.2210235595703
127.00838470458984 386.79327392578125 150.23443412780762 386.79327392578125 150.23443412780762 419.79867935180664 127.00838470458984 419.79867935180664
129.45849609375 388.1325988769531 152.66807174682617 388.1325988769531 152.66807174682617 421.1145935058594 129.45849609375 421.1145935058594
130.27474975585938 387.5081481933594 154.24226760864258 387.5081481933594 154.24226760864258 421.5672149658203 130.27474975585938 421.5672149658203
130.72564697265625 386.0956115722656 154.5337619781494 386.0956115722656 154.5337619781494 419.92816162109375 130.72564697265625 419.92816162109375
131.70822143554688 386.5220031738281 155.40948677062988 386.5220031738281 155.40948677062988 420.2027130126953 131.70822143554688 420.2027130126953
130.4155731201172 386.0350646972656 154.75769805908203 386.0350646972656 154.75769805908203 420.62646484375 130.4155731201172 420.62646484375
127.85331726074219 380.61431884765625 152.80799293518066 380.61431884765625 152.80799293518066 416.0761833190918 127.85331726074219 416.0761833190918
127.6343002319336 381.5587158203125 152.74599075317383 381.5587158203125 152.74599075317383 417.15592193603516 127.6343002319336 417.15592193603516
128.18777465820312 375.77593994140625 153.212064743042 375.77593994140625 153.212064743042 410.89664459228516 128.18777465820312 410.89664459228516
132.0332489013672 373.6885986328125 156.7155990600586 373.6885986328125 156.7155990600586 408.0524711608887 132.0332489013672 408.0524711608887
138.2379150390625 383.01177978515625 162.67977714538574 383.01177978515625 162.67977714538574 417.2903518676758 138.2379150390625 417.2903518676758
144.9048614501953 384.65325927734375 169.06874465942383 384.65325927734375 169.06874465942383 418.99137115478516 144.9048614501953 418.99137115478516
152.5962677001953 385.9186706542969 177.05214309692383 385.9186706542969 177.05214309692383 420.6717185974121 152.5962677001953 420.6717185974121
161.86935424804688 384.7275390625 186.6506805419922 384.7275390625 186.6506805419922 419.94306564331055 161.86935424804688 419.94306564331055
169.43698120117188 369.7991638183594 195.24971961975098 369.7991638183594 195.24971961975098 403.3803024291992 169.43698120117188 403.3803024291992
171.8235626220703 371.0546875 197.51134300231934 371.0546875 197.51134300231934 404.36145782470703 171.8235626220703 404.36145782470703
174.90127563476562 371.28875732421875 200.5571804046631 371.28875732421875 200.5571804046631 404.5315170288086 174.90127563476562 404.5315170288086
178.3398895263672 371.7991027832031 203.16413497924805 371.7991027832031 203.16413497924805 405.90972900390625 178.3398895263672 405.90972900390625
182.44003295898438 372.3675842285156 206.73154830932617 372.3675842285156 206.73154830932617 406.8870735168457 182.44003295898438 406.8870735168457
199.71267700195312 376.79248046875 224.33884048461914 376.79248046875 224.33884048461914 411.7875213623047 199.71267700195312 411.7875213623047
220.2039337158203 384.5889892578125 245.04493713378906 384.5889892578125 245.04493713378906 419.88933181762695 220.2039337158203 419.88933181762695
227.08108520507812 385.65008544921875 252.13391494750977 385.65008544921875 252.13391494750977 421.2514419555664 227.08108520507812 421.2514419555664
227.44668579101562 377.7979736328125 252.35714721679688 377.7979736328125 252.35714721679688 413.197021484375 227.44668579101562 413.197021484375
257.33111572265625 396.62066650390625 282.5167179107666 396.62066650390625 282.5167179107666 432.410701751709 257.33111572265625 432.410701751709
277.1018981933594 404.921630859375 302.30603218078613 404.921630859375 302.30603218078613 440.4721145629883 277.1018981933594 440.4721145629883
279.51055908203125 400.6870422363281 304.91539001464844 400.6870422363281 304.91539001464844 434.6558036804199 279.51055908203125 434.6558036804199
284.22052001953125 400.54705810546875 308.807825088501 400.54705810546875 308.807825088501 434.77526473999023 284.22052001953125 434.77526473999023
289.86883544921875 401.0145568847656 313.7852592468262 401.0145568847656 313.7852592468262 435.001033782959 289.86883544921875 435.001033782959
297.0085144042969 400.80810546875 320.83692932128906 400.80810546875 320.83692932128906 434.66951751708984 297.0085144042969 434.66951751708984
311.3937072753906 402.15350341796875 335.4121742248535 402.15350341796875 335.4121742248535 436.2849922180176 311.3937072753906 436.2849922180176
315.5328369140625 401.4222717285156 339.6927261352539 401.4222717285156 339.6927261352539 435.7547264099121 315.5328369140625 435.7547264099121
320.38726806640625 399.8305358886719 345.6169376373291 399.8305358886719 345.6169376373291 433.5767517089844 320.38726806640625 433.5767517089844
326.43731689453125 398.6285095214844 351.1459770202637 398.6285095214844 351.1459770202637 432.17069244384766 326.43731689453125 432.17069244384766
330.1894226074219 396.51947021484375 354.05137062072754 396.51947021484375 354.05137062072754 430.4285354614258 330.1894226074219 430.4285354614258
337.01165771484375 390.3312683105469 360.5892391204834 390.3312683105469 360.5892391204834 423.8362350463867 337.01165771484375 423.8362350463867
338.8133544921875 386.32061767578125 362.42259979248047 386.32061767578125 362.42259979248047 419.8705825805664 338.8133544921875 419.8705825805664
341.2857971191406 382.81036376953125 365.05100440979004 382.81036376953125 365.05100440979004 416.5819625854492 341.2857971191406 416.5819625854492
342.18170166015625 380.42962646484375 365.8308448791504 380.42962646484375 365.8308448791504 414.03629302978516 342.18170166015625 414.03629302978516
344.7012939453125 378.2684631347656 368.3568992614746 378.2684631347656 368.3568992614746 411.88431549072266 344.7012939453125 411.88431549072266
349.5305480957031 374.2619934082031 373.60547637939453 374.2619934082031 373.60547637939453 408.47372817993164 349.5305480957031 408.47372817993164
353.8020324707031 370.0035705566406 378.3631992340088 370.0035705566406 378.3631992340088 404.9062728881836 353.8020324707031 404.9062728881836
360.3328857421875 368.25653076171875 384.7443962097168 368.25653076171875 384.7443962097168 402.94655990600586 360.3328857421875 402.94655990600586
365.0039978027344 367.3355712890625 389.58017349243164 367.3355712890625 389.58017349243164 402.2595977783203 365.0039978027344 402.2595977783203
369.2315368652344 364.49591064453125 393.7673149108887 364.49591064453125 393.7673149108887 399.3625259399414 369.2315368652344 399.3625259399414
379.136474609375 366.48931884765625 403.71993255615234 366.48931884765625 403.71993255615234 401.42369079589844 379.136474609375 401.42369079589844
384.2324523925781 366.42041015625 408.94275283813477 366.42041015625 408.94275283813477 401.53503036499023 384.2324523925781 401.53503036499023
394.9676208496094 364.96331787109375 420.19131088256836 364.96331787109375 420.19131088256836 400.80749130249023 394.9676208496094 400.80749130249023
403.80926513671875 363.1483459472656 428.7135772705078 363.1483459472656 428.7135772705078 398.5386657714844 403.80926513671875 398.5386657714844
415.24383544921875 362.4059753417969 440.21079444885254 362.4059753417969 440.21079444885254 397.8853225708008 415.24383544921875 397.8853225708008
421.47845458984375 361.69317626953125 445.9304256439209 361.69317626953125 445.9304256439209 396.4406967163086 421.47845458984375 396.4406967163086
432.34906005859375 364.2491455078125 456.84382247924805 364.2491455078125 456.84382247924805 399.0574722290039 432.34906005859375 399.0574722290039
434.1321716308594 362.8418273925781 458.5265235900879 362.8418273925781 458.5265235900879 397.5074691772461 434.1321716308594 397.5074691772461
437.33953857421875 363.19110107421875 461.66248321533203 363.19110107421875 461.66248321533203 397.7552719116211 437.33953857421875 397.7552719116211
441.3321228027344 364.64031982421875 465.40368270874023 364.64031982421875 465.40368270874023 398.8472595214844 441.3321228027344 398.8472595214844
445.72918701171875 364.148193359375 469.5988483428955 364.148193359375 469.5988483428955 398.06822967529297 445.72918701171875 398.06822967529297
451.0755310058594 362.9277648925781 475.32725524902344 362.9277648925781 475.32725524902344 397.3907356262207 451.0755310058594 397.3907356262207
452.341064453125 363.4581604003906 476.5637397766113 363.4581604003906 476.5637397766113 397.8798484802246 452.341064453125 397.8798484802246
455.21429443359375 363.92071533203125 478.76940155029297 363.92071533203125 478.76940155029297 397.3937568664551 455.21429443359375 397.3937568664551
456.03094482421875 362.68096923828125 479.2913112640381 362.68096923828125 479.2913112640381 395.73516845703125 456.03094482421875 395.73516845703125
457.2101135253906 362.44732666015625 480.4289360046387 362.44732666015625 480.4289360046387 395.4424934387207 457.2101135253906 395.4424934387207
457.72882080078125 361.94805908203125 480.98717880249023 361.94805908203125 480.98717880249023 394.9994087219238 457.72882080078125 394.9994087219238
456.6028747558594 362.7013244628906 480.1627082824707 362.7013244628906 480.1627082824707 396.1810836791992 456.6028747558594 396.1810836791992
456.9612731933594 362.74615478515625 480.6776008605957 362.74615478515625 480.6776008605957 396.44830322265625 456.9612731933594 396.44830322265625
458.28564453125 362.57855224609375 481.73916244506836 362.57855224609375 481.73916244506836 395.90723419189453 458.28564453125 395.90723419189453
458.86773681640625 364.4665222167969 482.4815673828125 364.4665222167969 482.4815673828125 398.0230140686035 458.86773681640625 398.0230140686035
458.177734375 367.18841552734375 481.6750068664551 367.18841552734375 481.6750068664551 400.5792770385742 458.177734375 400.5792770385742
454.977783203125 369.4671630859375 478.5938968658447 369.4671630859375 478.5938968658447 403.02690505981445 454.977783203125 403.02690505981445
452.742431640625 369.5705261230469 476.40219497680664 369.5705261230469 476.40219497680664 403.1922912597656 452.742431640625 403.1922912597656
449.83203125 369.2660827636719 472.99018478393555 369.2660827636719 472.99018478393555 402.1750373840332 449.83203125 402.1750373840332
446.42889404296875 370.2809753417969 469.3450183868408 370.2809753417969 469.3450183868408 402.84599685668945 446.42889404296875 402.84599685668945
440.4707946777344 368.9021301269531 463.1206245422363 368.9021301269531 463.1206245422363 401.0887336730957 440.4707946777344 401.0887336730957
437.73797607421875 367.15496826171875 460.5096836090088 367.15496826171875 460.5096836090088 399.51476669311523 437.73797607421875 399.51476669311523
436.4825134277344 365.77813720703125 458.8618412017822 365.77813720703125 458.8618412017822 397.58034324645996 436.4825134277344 397.58034324645996
435.1155700683594 364.56439208984375 458.00097846984863 364.56439208984375 458.00097846984863 397.0857620239258 435.1155700683594 397.0857620239258
433.92681884765625 363.35498046875 456.78986740112305 363.35498046875 456.78986740112305 395.84457778930664 433.92681884765625 395.84457778930664
434.082275390625 360.8446044921875 457.0223503112793 360.8446044921875 457.0223503112793 393.4436569213867 434.082275390625 393.4436569213867
435.3218688964844 360.5022888183594 458.4846935272217 360.5022888183594 458.4846935272217 393.41788482666016 435.3218688964844 393.41788482666016
436.8396911621094 359.49871826171875 460.4240608215332 359.49871826171875 460.4240608215332 393.01335525512695 436.8396911621094 393.01335525512695
439.3939514160156 357.8273010253906 462.96045875549316 357.8273010253906 462.96045875549316 391.3165512084961 439.3939514160156 391.3165512084961
441.17633056640625 357.8399353027344 464.65025901794434 357.8399353027344 464.65025901794434 391.19762420654297 441.17633056640625 391.19762420654297
441.33245849609375 358.0491638183594 465.0040626525879 358.0491638183594 465.0040626525879 391.6877632141113 441.33245849609375 391.6877632141113
442.22906494140625 359.5190124511719 466.2873191833496 359.5190124511719 466.2873191833496 393.70706939697266 442.22906494140625 393.70706939697266
442.63482666015625 357.94476318359375 467.0490779876709 357.94476318359375 467.0490779876709 392.63871002197266 442.63482666015625 392.63871002197266
442.9473571777344 358.63604736328125 467.32532119750977 358.63604736328125 467.32532119750977 393.27842712402344 442.9473571777344 393.27842712402344
444.8729553222656 360.2728576660156 469.4750213623047 360.2728576660156 469.4750213623047 395.233699798584 444.8729553222656 395.233699798584
443.80511474609375 361.46075439453125 468.9735851287842 361.46075439453125 468.9735851287842 397.2264862060547 443.80511474609375 397.2264862060547
445.3943786621094 361.45111083984375 470.0986213684082 361.45111083984375 470.0986213684082 396.5571517944336 445.3943786621094 396.5571517944336
442.8409118652344 361.42437744140625 467.99693298339844 361.42437744140625 467.99693298339844 397.1724166870117 442.8409118652344 397.1724166870117
441.98895263671875 360.5362243652344 467.7391605377197 360.5362243652344 467.7391605377197 397.12863540649414 441.98895263671875 397.12863540649414
440.77301025390625 360.45037841796875 466.66594886779785 360.45037841796875 466.66594886779785 397.24561309814453 440.77301025390625 397.24561309814453
438.63006591796875 359.62811279296875 464.3400630950928 359.62811279296875 464.3400630950928 396.1633758544922 438.63006591796875 396.1633758544922
437.0169372558594 360.12445068359375 462.6438236236572 360.12445068359375 462.6438236236572 396.5416069030762 437.0169372558594 396.5416069030762
436.2615661621094 359.87310791015625 461.5140380859375 359.87310791015625 461.5140380859375 395.7582015991211 436.2615661621094 395.7582015991211
434.8081970214844 360.77374267578125 460.34925842285156 360.77374267578125 460.34925842285156 397.0689392089844 434.8081970214844 397.0689392089844
434.9722595214844 361.2507629394531 460.7124423980713 361.2507629394531 460.7124423980713 397.82891845703125 434.9722595214844 397.82891845703125
436.10552978515625 363.3120422363281 461.91648864746094 363.3120422363281 461.91648864746094 399.9907760620117 436.10552978515625 399.9907760620117
436.76971435546875 363.4779968261719 462.9605293273926 363.4779968261719 462.9605293273926 400.69652557373047 436.76971435546875 400.69652557373047
438.0331115722656 364.3919372558594 463.8942451477051 364.3919372558594 463.8942451477051 401.14197158813477 438.0331115722656 401.14197158813477
436.07806396484375 364.7652587890625 461.77215003967285 364.7652587890625 461.77215003967285 401.2779121398926 436.07806396484375 401.2779121398926
434.1709899902344 363.56195068359375 459.8514652252197 363.56195068359375 459.8514652252197 400.0552635192871 434.1709899902344 400.0552635192871
432.111083984375 364.1042785644531 457.5370292663574 364.1042785644531 457.5370292663574 400.23588943481445 432.111083984375 400.23588943481445
430.2632751464844 365.91656494140625 455.3194065093994 365.91656494140625 455.3194065093994 401.5226516723633 430.2632751464844 401.5226516723633
433.4876403808594 365.09942626953125 458.44908905029297 365.09942626953125 458.44908905029297 400.5709648132324 433.4876403808594 400.5709648132324
436.1243591308594 364.3408203125 460.9617614746094 364.3408203125 460.9617614746094 399.6360855102539 436.1243591308594 399.6360855102539
438.1661682128906 364.2188720703125 463.09256172180176 364.2188720703125 463.09256172180176 399.6405944824219 438.1661682128906 399.6405944824219
439.760498046875 363.9344177246094 464.6326332092285 363.9344177246094 464.6326332092285 399.27903747558594 439.760498046875 399.27903747558594
440.571533203125 363.30987548828125 465.7388095855713 363.30987548828125 465.7388095855713 399.0739059448242 440.571533203125 399.0739059448242
441.15185546875 361.89483642578125 466.3964309692383 361.89483642578125 466.3964309692383 397.76871490478516 441.15185546875 397.76871490478516
441.0487365722656 362.45770263671875 466.39531898498535 362.45770263671875 466.39531898498535 398.4765396118164 441.0487365722656 398.4765396118164
441.363037109375 361.99676513671875 466.9655876159668 361.99676513671875 466.9655876159668 398.3793487548828 441.363037109375 398.3793487548828
442.24310302734375 359.97747802734375 468.5242118835449 359.97747802734375 468.5242118835449 397.3243293762207 442.24310302734375 397.3243293762207
444.0332946777344 360.40032958984375 470.5338840484619 360.40032958984375 470.5338840484619 398.05907440185547 444.0332946777344 398.05907440185547
444.02398681640625 358.0404357910156 471.15940856933594 358.0404357910156 471.15940856933594 396.60131072998047 444.02398681640625 396.60131072998047
446.6207580566406 356.1497497558594 473.90656661987305 356.1497497558594 473.90656661987305 394.92433166503906 446.6207580566406 394.92433166503906
450.4461975097656 356.9776306152344 477.10228538513184 356.9776306152344 477.10228538513184 394.85734939575195 450.4461975097656 394.85734939575195
449.5038146972656 357.7612609863281 478.1931610107422 357.7612609863281 478.1931610107422 392.4569969177246 449.5038146972656 392.4569969177246
448.74407958984375 358.2731628417969 478.972225189209 358.2731628417969 478.972225189209 391.73719024658203 448.74407958984375 391.73719024658203
449.7237854003906 358.3909606933594 478.4973201751709 358.3909606933594 478.4973201751709 393.2274856567383 449.7237854003906 393.2274856567383
450.4678649902344 358.92852783203125 478.4872131347656 358.92852783203125 478.4872131347656 394.7943000793457 450.4678649902344 394.7943000793457
452.0909118652344 356.32232666015625 479.3495063781738 356.32232666015625 479.3495063781738 393.7398872375488 452.0909118652344 393.7398872375488
452.4661560058594 354.9293518066406 478.91175270080566 354.9293518066406 478.91175270080566 392.5099563598633 452.4661560058594 392.5099563598633
453.1502990722656 353.84954833984375 479.4742240905762 353.84954833984375 479.4742240905762 391.2572555541992 453.1502990722656 391.2572555541992
453.26409912109375 355.86724853515625 479.36756324768066 355.86724853515625 479.36756324768066 392.961669921875 453.26409912109375 392.961669921875
453.3646545410156 354.32757568359375 479.1918144226074 354.32757568359375 479.1918144226074 391.029354095459 453.3646545410156 391.029354095459
453.85845947265625 354.94549560546875 479.5703926086426 354.94549560546875 479.5703926086426 391.48352813720703 453.85845947265625 391.48352813720703
453.56219482421875 355.1039733886719 479.05139541625977 355.1039733886719 479.05139541625977 391.32548904418945 453.56219482421875 391.32548904418945
455.75323486328125 355.28546142578125 481.26599502563477 355.28546142578125 481.26599502563477 391.54045486450195 455.75323486328125 391.54045486450195
457.159423828125 355.1502380371094 482.8330879211426 355.1502380371094 482.8330879211426 391.63388442993164 457.159423828125 391.63388442993164
458.3522033691406 355.08062744140625 483.5845317840576 355.08062744140625 483.5845317840576 390.9371109008789 458.3522033691406 390.9371109008789
459.7865295410156 353.6133728027344 484.62736320495605 353.6133728027344 484.62736320495605 388.9135208129883 459.7865295410156 388.9135208129883
460.61236572265625 353.0335693359375 485.5057315826416 353.0335693359375 485.5057315826416 388.4083671569824 460.61236572265625 388.4083671569824
462.1328125 351.7825012207031 486.68028831481934 351.7825012207031 486.68028831481934 386.665771484375 462.1328125 386.665771484375
463.29644775390625 351.5520935058594 487.6450996398926 351.5520935058594 487.6450996398926 386.15282440185547 463.29644775390625 386.15282440185547
463.5069885253906 350.91302490234375 487.85684394836426 350.91302490234375 487.85684394836426 385.51546478271484 463.5069885253906 385.51546478271484
463.5304260253906 349.9884033203125 487.7632064819336 349.9884033203125 487.7632064819336 384.4244728088379 463.5304260253906 384.4244728088379
464.23876953125 349.1153869628906 488.8642883300781 349.1153869628906 488.8642883300781 384.109561920166 464.23876953125 384.109561920166
464.13543701171875 348.7068786621094 488.8621482849121 348.7068786621094 488.8621482849121 383.84485244750977 464.13543701171875 383.84485244750977
465.44403076171875 349.0920715332031 490.1478614807129 349.0920715332031 490.1478614807129 384.1975326538086 465.44403076171875 384.1975326538086
466.04229736328125 349.28192138671875 490.9528865814209 349.28192138671875 490.9528865814209 384.6811981201172 466.04229736328125 384.6811981201172
465.7943420410156 349.469970703125 490.16730880737305 349.469970703125 490.16730880737305 384.1052551269531 465.7943420410156 384.1052551269531
467.22662353515625 349.3661193847656 491.7658748626709 349.3661193847656 491.7658748626709 384.2377052307129 467.22662353515625 384.2377052307129
467.37451171875 350.3895263671875 491.418643951416 350.3895263671875 491.418643951416 384.55752182006836 467.37451171875 384.55752182006836
468.18524169921875 351.0394592285156 492.00551414489746 351.0394592285156 492.00551414489746 384.8893356323242 468.18524169921875 384.8893356323242
467.29034423828125 351.4767761230469 491.38804817199707 351.4767761230469 491.38804817199707 385.72089767456055 467.29034423828125 385.72089767456055
466.801513671875 351.34228515625 490.8739261627197 351.34228515625 490.8739261627197 385.55046463012695 466.801513671875 385.55046463012695
466.48358154296875 351.2821044921875 490.7604637145996 351.2821044921875 490.7604637145996 385.78084564208984 466.48358154296875 385.78084564208984
467.76422119140625 350.642333984375 492.0918960571289 350.642333984375 492.0918960571289 385.2132568359375 467.76422119140625 385.2132568359375
469.18243408203125 350.45391845703125 493.0841751098633 350.45391845703125 493.0841751098633 384.4195671081543 469.18243408203125 384.4195671081543
470.751708984375 350.16033935546875 494.39087295532227 350.16033935546875 494.39087295532227 383.7528533935547 470.751708984375 383.7528533935547
470.8974609375 349.7533874511719 494.4066925048828 349.7533874511719 494.4066925048828 383.16126251220703 470.8974609375 383.16126251220703
471.53533935546875 349.37847900390625 494.6761589050293 349.37847900390625 494.6761589050293 382.26282501220703 471.53533935546875 382.26282501220703
470.2738342285156 348.0026550292969 493.17953872680664 348.0026550292969 493.17953872680664 380.5528869628906 470.2738342285156 380.5528869628906
469.55712890625 348.3933410644531 492.25914764404297 348.3933410644531 492.25914764404297 380.6541290283203 469.55712890625 380.6541290283203
469.66912841796875 346.99420166015625 492.35853004455566 346.99420166015625 492.35853004455566 379.23705673217773 469.66912841796875 379.23705673217773
469.11260986328125 347.00567626953125 491.9923267364502 347.00567626953125 491.9923267364502 378.4860038757324 469.11260986328125 378.4860038757324
469.53497314453125 346.6567077636719 491.6196002960205 346.6567077636719 491.6196002960205 378.0401420593262 469.53497314453125 378.0401420593262
469.9520568847656 346.1593322753906 491.6630802154541 346.1593322753906 491.6630802154541 377.0118522644043 469.9520568847656 377.0118522644043
470.0166015625 345.53790283203125 491.5016059875488 345.53790283203125 491.5016059875488 376.0692386627197 470.0166015625 376.0692386627197
470.67694091796875 346.00421142578125 492.1344528198242 346.00421142578125 492.1344528198242 376.4964790344238 470.67694091796875 376.4964790344238
471.09771728515625 344.36053466796875 492.7535209655762 344.36053466796875 492.7535209655762 375.13458251953125 471.09771728515625 375.13458251953125
472.88226318359375 343.03826904296875 494.68435287475586 343.03826904296875 494.68435287475586 374.02019691467285 472.88226318359375 374.02019691467285
474.18316650390625 342.5628356933594 495.6455955505371 342.5628356933594 495.6455955505371 373.06208419799805 474.18316650390625 373.06208419799805
473.7803649902344 342.82440185546875 495.9715385437012 342.82440185546875 495.9715385437012 372.252649307251 473.7803649902344 372.252649307251
473.2826232910156 342.2529296875 494.54602813720703 342.2529296875 494.54602813720703 372.4693546295166 473.2826232910156 372.4693546295166
473.3143005371094 341.5367431640625 494.3123588562012 341.5367431640625 494.3123588562012 371.3760986328125 473.3143005371094 371.3760986328125
472.5244140625 342.1971740722656 493.2757320404053 342.1971740722656 493.2757320404053 371.6859016418457 472.5244140625 371.6859016418457
472.548828125 341.546142578125 493.14439392089844 341.546142578125 493.14439392089844 370.81353759765625 472.548828125 370.81353759765625
472.88916015625 342.31695556640625 493.11103439331055 342.31695556640625 493.11103439331055 371.05331802368164 472.88916015625 371.05331802368164
473.91357421875 341.3841247558594 493.8697509765625 341.3841247558594 493.8697509765625 369.74291610717773 473.91357421875 369.74291610717773
475.03314208984375 341.84552001953125 494.75414085388184 341.84552001953125 494.75414085388184 369.8701114654541 475.03314208984375 369.8701114654541
475.34539794921875 343.7197570800781 494.85643768310547 343.7197570800781 494.85643768310547 371.44598388671875 475.34539794921875 371.44598388671875
475.425048828125 343.59954833984375 494.8787727355957 343.59954833984375 494.8787727355957 371.244327545166 475.425048828125 371.244327545166
475.5005798339844 342.88812255859375 495.0725955963135 342.88812255859375 495.0725955963135 370.70100021362305 475.5005798339844 370.70100021362305
474.86236572265625 342.7810974121094 494.16316413879395 342.7810974121094 494.16316413879395 370.2085609436035 474.86236572265625 370.2085609436035
475.5489196777344 341.669921875 494.7514343261719 341.669921875 494.7514343261719 368.9577178955078 475.5489196777344 368.9577178955078
477.6708068847656 341.8582763671875 496.2668704986572 341.8582763671875 496.2668704986572 368.2842712402344 477.6708068847656 368.2842712402344
478.7869567871094 341.55120849609375 497.24548721313477 341.55120849609375 497.24548721313477 367.78175926208496 478.7869567871094 367.78175926208496
480.59912109375 342.22381591796875 498.800594329834 342.22381591796875 498.800594329834 368.089075088501 480.59912109375 368.089075088501
480.72186279296875 341.94195556640625 499.14869117736816 341.94195556640625 499.14869117736816 367.3662528991699 480.72186279296875 367.3662528991699
480.93994140625 343.19732666015625 499.13161277770996 343.19732666015625 499.13161277770996 368.5064697265625 480.93994140625 368.5064697265625
481.5595703125 343.2181701660156 499.99305152893066 343.2181701660156 499.99305152893066 368.01354598999023 481.5595703125 368.01354598999023
481.5968322753906 343.1728820800781 499.5276050567627 343.1728820800781 499.5276050567627 368.6534614562988 481.5968322753906 368.6534614562988
481.37841796875 343.68634033203125 499.38571548461914 343.68634033203125 499.38571548461914 369.2756652832031 481.37841796875 369.2756652832031
481.24493408203125 343.96954345703125 499.53095626831055 343.96954345703125 499.53095626831055 369.34482192993164 481.24493408203125 369.34482192993164
481.8633728027344 344.5948181152344 499.63615798950195 344.5948181152344 499.63615798950195 369.85089111328125 481.8633728027344 369.85089111328125
482.3162536621094 344.91448974609375 499.70812797546387 344.91448974609375 499.70812797546387 369.62926864624023 482.3162536621094 369.62926864624023
481.87255859375 343.8858947753906 499.2138366699219 343.8858947753906 499.2138366699219 368.5287742614746 481.87255859375 368.5287742614746
481.1529235839844 342.85614013671875 498.31398582458496 342.85614013671875 498.31398582458496 367.24292373657227 481.1529235839844 367.24292373657227
480.4720153808594 343.06378173828125 497.8693542480469 343.06378173828125 497.8693542480469 367.78632736206055 480.4720153808594 367.78632736206055
480.4513244628906 342.7471618652344 497.87606048583984 342.7471618652344 497.87606048583984 367.50864028930664 480.4513244628906 367.50864028930664
480.50567626953125 342.63018798828125 497.8872985839844 342.63018798828125 497.8872985839844 367.3304023742676 480.50567626953125 367.3304023742676
480.58526611328125 343.1634826660156 497.95409202575684 343.1634826660156 497.95409202575684 367.84551429748535 480.58526611328125 367.84551429748535
480.9664611816406 342.6071472167969 498.1812496185303 342.6071472167969 498.1812496185303 367.0702819824219 480.9664611816406 367.0702819824219
481.06878662109375 343.3929138183594 498.13945388793945 343.3929138183594 498.13945388793945 367.65124320983887 481.06878662109375 367.65124320983887
481.3741149902344 342.2719421386719 498.45523262023926 342.2719421386719 498.45523262023926 366.5451202392578 481.3741149902344 366.5451202392578
481.46282958984375 341.19683837890625 498.71508979797363 341.19683837890625 498.71508979797363 365.6737804412842 481.46282958984375 365.6737804412842
481.65789794921875 340.4590759277344 498.96386337280273 340.4590759277344 498.96386337280273 365.05177307128906 481.65789794921875 365.05177307128906
481.52740478515625 338.9353332519531 499.24191093444824 338.9353332519531 499.24191093444824 363.43003273010254 481.52740478515625 363.43003273010254
481.86517333984375 339.94915771484375 499.331823348999 339.94915771484375 499.331823348999 364.3769416809082 481.86517333984375 364.3769416809082
481.64813232421875 338.90350341796875 499.2080593109131 338.90350341796875 499.2080593109131 362.6962699890137 481.64813232421875 362.6962699890137
482.1206970214844 338.8604431152344 499.5870761871338 338.8604431152344 499.5870761871338 361.9362907409668 482.1206970214844 361.9362907409668
482.2984924316406 339.1552734375 499.11345863342285 339.1552734375 499.11345863342285 362.3183116912842 482.2984924316406 362.3183116912842
482.2515563964844 339.38421630859375 498.6892204284668 339.38421630859375 498.6892204284668 362.74300956726074 482.2515563964844 362.74300956726074
482.7447204589844 340.8510437011719 498.9299736022949 340.8510437011719 498.9299736022949 363.48545837402344 482.7447204589844 363.48545837402344
482.8736877441406 340.22979736328125 499.41307258605957 340.22979736328125 499.41307258605957 361.9830436706543 482.8736877441406 361.9830436706543
483.44024658203125 340.71185302734375 499.4678897857666 340.71185302734375 499.4678897857666 363.4879837036133 483.44024658203125 363.4879837036133
483.395263671875 339.8238525390625 499.4839458465576 339.8238525390625 499.4839458465576 362.6867256164551 483.395263671875 362.6867256164551
482.7142028808594 339.02581787109375 498.90671157836914 339.02581787109375 498.90671157836914 361.63662338256836 482.7142028808594 361.63662338256836
483.1432189941406 337.6931457519531 499.152307510376 337.6931457519531 499.152307510376 360.4429111480713 483.1432189941406 360.4429111480713
482.6083984375 336.7587585449219 498.49920654296875 336.7587585449219 498.49920654296875 358.31252670288086 482.6083984375 358.31252670288086
482.42388916015625 335.7478332519531 498.70802307128906 335.7478332519531 498.70802307128906 357.1544017791748 482.42388916015625 357.1544017791748
482.286865234375 335.5770568847656 498.2345609664917 335.5770568847656 498.2345609664917 356.8910255432129 482.286865234375 356.8910255432129
482.83001708984375 335.9715881347656 498.49020195007324 335.9715881347656 498.49020195007324 357.32900047302246 482.83001708984375 357.32900047302246
482.392822265625 334.94561767578125 498.16180896759033 334.94561767578125 498.16180896759033 356.0477466583252 482.392822265625 356.0477466583252
482.381591796875 334.869384765625 498.0413942337036 334.869384765625 498.0413942337036 356.4864730834961 482.381591796875 356.4864730834961
482.2652282714844 334.2313232421875 498.1099033355713 334.2313232421875 498.1099033355713 354.6427917480469 482.2652282714844 354.6427917480469
481.9571228027344 333.73309326171875 497.8804988861084 333.73309326171875 497.8804988861084 354.1645565032959 481.9571228027344 354.1645565032959
482.146240234375 333.48858642578125 497.9243803024292 333.48858642578125 497.9243803024292 354.0488224029541 482.146240234375 354.0488224029541
482.08343505859375 333.90228271484375 497.58008575439453 333.90228271484375 497.58008575439453 354.3003387451172 482.08343505859375 354.3003387451172
482.1136169433594 334.16546630859375 497.6686096191406 334.16546630859375 497.6686096191406 354.6093692779541 482.1136169433594 354.6093692779541
482.0196228027344 333.2828674316406 497.6607847213745 333.2828674316406 497.6607847213745 352.8264045715332 482.0196228027344 352.8264045715332
481.90008544921875 332.99932861328125 497.42608642578125 332.99932861328125 497.42608642578125 353.39714431762695 481.90008544921875 353.39714431762695
481.82342529296875 331.8185119628906 497.4679536819458 331.8185119628906 497.4679536819458 352.01245880126953 481.82342529296875 352.01245880126953
482.36126708984375 331.3411560058594 497.54121112823486 331.3411560058594 497.54121112823486 352.16573905944824 482.36126708984375 352.16573905944824
482.22039794921875 330.09954833984375 497.1605701446533 330.09954833984375 497.1605701446533 351.33032608032227 482.22039794921875 351.33032608032227
482.22412109375 329.89727783203125 497.0006437301636 329.89727783203125 497.0006437301636 350.8955020904541 482.22412109375 350.8955020904541
481.8175354003906 328.3207702636719 496.7312183380127 328.3207702636719 496.7312183380127 349.1436519622803 481.8175354003906 349.1436519622803
481.6236267089844 327.76788330078125 496.3825511932373 327.76788330078125 496.3825511932373 348.2919864654541 481.6236267089844 348.2919864654541
481.79132080078125 326.3955993652344 496.68953704833984 326.3955993652344 496.68953704833984 346.7809143066406 481.79132080078125 346.7809143066406
481.98028564453125 325.47894287109375 497.01662158966064 325.47894287109375 497.01662158966064 345.7969570159912 481.98028564453125 345.7969570159912
483.46392822265625 323.8671875 499.0507936477661 323.8671875 499.0507936477661 342.4295253753662 483.46392822265625 342.4295253753662
486.5553283691406 324.3551330566406 502.3275146484375 324.3551330566406 502.3275146484375 342.41479301452637 486.5553283691406 342.41479301452637
488.22796630859375 324.25836181640625 504.22021484375 324.25836181640625 504.22021484375 341.6728401184082 488.22796630859375 341.6728401184082
489.7569885253906 323.94232177734375 505.5072784423828 323.94232177734375 505.5072784423828 342.1184673309326 489.7569885253906 342.1184673309326
490.640625 324.3036193847656 506.0477523803711 324.3036193847656 506.0477523803711 342.6271553039551 490.640625 342.6271553039551
491.1280822753906 325.1953125 506.396276473999 325.1953125 506.396276473999 344.19995498657227 491.1280822753906 344.19995498657227
491.92071533203125 326.0916442871094 507.30226135253906 326.0916442871094 507.30226135253906 344.5790786743164 491.92071533203125 344.5790786743164
491.916748046875 327.3526306152344 506.88814544677734 327.3526306152344 506.88814544677734 346.33464431762695 491.916748046875 346.33464431762695
492.1202697753906 328.48162841796875 507.0917739868164 328.48162841796875 507.0917739868164 347.43008041381836 492.1202697753906 347.43008041381836
492.6082458496094 330.35589599609375 508.0755338668823 330.35589599609375 508.0755338668823 349.0427055358887 492.6082458496094 349.0427055358887
492.8680725097656 330.5234069824219 508.2954225540161 330.5234069824219 508.2954225540161 349.29258155822754 492.8680725097656 349.29258155822754
493.17315673828125 330.8221740722656 508.80234241485596 330.8221740722656 508.80234241485596 349.33997344970703 493.17315673828125 349.33997344970703
493.807861328125 331.10430908203125 508.77967643737793 331.10430908203125 508.77967643737793 349.5946350097656 493.807861328125 349.5946350097656
493.7340393066406 331.04742431640625 508.63218879699707 331.04742431640625 508.63218879699707 349.71974754333496 493.7340393066406 349.71974754333496
493.66290283203125 331.21759033203125 508.50309467315674 331.21759033203125 508.50309467315674 350.0412254333496 493.66290283203125 350.0412254333496
493.911376953125 330.74847412109375 508.34033393859863 330.74847412109375 508.34033393859863 349.10981369018555 493.911376953125 349.10981369018555
493.6475524902344 329.4905700683594 508.1765775680542 329.4905700683594 508.1765775680542 348.1669406890869 493.6475524902344 348.1669406890869
493.88665771484375 328.3211669921875 507.9652223587036 328.3211669921875 507.9652223587036 347.1992130279541 493.88665771484375 347.1992130279541
493.08685302734375 327.2779846191406 507.408899307251 327.2779846191406 507.408899307251 345.44830322265625 493.08685302734375 345.44830322265625
492.99945068359375 327.3641357421875 506.55121421813965 327.3641357421875 506.55121421813965 346.6219081878662 492.99945068359375 346.6219081878662
492.3941955566406 326.44677734375 506.7664337158203 326.44677734375 506.7664337158203 343.8235664367676 492.3941955566406 343.8235664367676
492.68402099609375 326.03582763671875 505.9527530670166 326.03582763671875 505.9527530670166 344.8913974761963 492.68402099609375 344.8913974761963
493.010009765625 325.1548767089844 506.0112934112549 325.1548767089844 506.0112934112549 343.6303882598877 493.010009765625 343.6303882598877
491.990234375 324.65093994140625 505.14387702941895 324.65093994140625 505.14387702941895 342.6823425292969 491.990234375 342.6823425292969
492.006103515625 324.20794677734375 505.0223207473755 324.20794677734375 505.0223207473755 342.70467948913574 492.006103515625 342.70467948913574
491.859619140625 324.5809020996094 505.2528820037842 324.5809020996094 505.2528820037842 343.6134376525879 491.859619140625 343.6134376525879
491.80145263671875 323.90771484375 505.2350215911865 323.90771484375 505.2350215911865 342.99752616882324 491.80145263671875 342.99752616882324
492.03179931640625 323.306640625 505.6163558959961 323.306640625 505.6163558959961 342.61101150512695 492.03179931640625 342.61101150512695
491.51300048828125 321.676513671875 505.07136726379395 321.676513671875 505.07136726379395 340.9436683654785 491.51300048828125 340.9436683654785
491.0263671875 320.69793701171875 504.5483226776123 320.69793701171875 504.5483226776123 339.9133491516113 491.0263671875 339.9133491516113
491.20037841796875 319.5960998535156 504.7770891189575 319.5960998535156 504.7770891189575 338.8893184661865 491.20037841796875 338.8893184661865
491.976318359375 318.89111328125 505.6033401489258 318.89111328125 505.6033401489258 338.25582695007324 491.976318359375 338.25582695007324
492.27349853515625 319.07525634765625 505.60955810546875 319.07525634765625 505.60955810546875 338.02649688720703 492.27349853515625 338.02649688720703
491.5960388183594 318.6785888671875 505.1724147796631 318.6785888671875 505.1724147796631 337.9713306427002 491.5960388183594 337.9713306427002
491.03985595703125 320.0758972167969 504.8142547607422 320.0758972167969 504.8142547607422 339.6500358581543 491.03985595703125 339.6500358581543
490.81329345703125 320.8916015625 504.9056644439697 320.8916015625 504.9056644439697 340.9175968170166 490.81329345703125 340.9175968170166
490.88543701171875 321.33154296875 504.9014644622803 321.33154296875 504.9014644622803 341.24905014038086 490.88543701171875 341.24905014038086
490.3168029785156 321.4942932128906 504.5300006866455 321.4942932128906 504.5300006866455 341.691987991333 490.3168029785156 341.691987991333
489.6090393066406 321.45257568359375 503.9197368621826 321.45257568359375 503.9197368621826 341.78882217407227 489.6090393066406 341.78882217407227
489.77587890625 320.92169189453125 504.2457027435303 320.92169189453125 504.2457027435303 341.4840660095215 489.77587890625 341.4840660095215
488.6109924316406 319.5615539550781 503.3280897140503 319.5615539550781 503.3280897140503 340.4753170013428 488.6109924316406 340.4753170013428
487.79095458984375 316.2954406738281 502.3840961456299 316.2954406738281 502.3840961456299 337.03305435180664 487.79095458984375 337.03305435180664
487.2938537597656 315.10308837890625 501.8344898223877 315.10308837890625 501.8344898223877 335.7660903930664 487.2938537597656 335.7660903930664
487.64306640625 315.318115234375 502.5054979324341 315.318115234375 502.5054979324341 336.43840408325195 487.64306640625 336.43840408325195
487.7809143066406 313.1589660644531 502.75890350341797 313.1589660644531 502.75890350341797 334.44346809387207 487.7809143066406 334.44346809387207
