325.0 113.0 349.0 113.0 349.0 170.0 325.0 170.0
323.6276550292969 114.1092758178711 345.9555015563965 114.1092758178711 345.9555015563965 169.09459686279297 323.6276550292969 169.09459686279297
322.27850341796875 114.00797271728516 343.45453453063965 114.00797271728516 343.45453453063965 172.15227127075195 322.27850341796875 172.15227127075195
322.20660400390625 116.94339752197266 342.4253578186035 116.94339752197266 342.4253578186035 171.50093460083008 322.20660400390625 171.50093460083008
316.0326843261719 115.6690673828125 336.97818756103516 115.6690673828125 336.97818756103516 172.13883590698242 316.0326843261719 172.13883590698242
310.18109130859375 112.84242248535156 332.24197006225586 112.84242248535156 332.24197006225586 168.48450088500977 310.18109130859375 168.48450088500977
304.4722900390625 117.3389663696289 327.76658821105957 117.3389663696289 327.76658821105957 172.6629295349121 304.4722900390625 172.6629295349121
299.71533203125 115.3427963256836 322.0980472564697 115.3427963256836 322.0980472564697 167.67044067382812 299.71533203125 167.67044067382812
297.8157653808594 113.89959716796875 320.80689430236816 113.89959716796875 320.80689430236816 166.65214157104492 297.8157653808594 166.65214157104492
295.2325134277344 114.59554290771484 317.75610542297363 114.59554290771484 317.75610542297363 168.08907318115234 295.2325134277344 168.08907318115234
310.4137268066406 115.43247985839844 333.01393127441406 115.43247985839844 333.01393127441406 169.10796737670898 310.4137268066406 169.10796737670898
333.2993469238281 117.74263000488281 355.89375495910645 117.74263000488281 355.89375495910645 171.40435028076172 333.2993469238281 171.40435028076172
371.587890625 116.85870361328125 393.9890937805176 116.85870361328125 393.9890937805176 170.06156158447266 371.587890625 170.06156158447266
401.80072021484375 117.54527282714844 424.13426971435547 117.54527282714844 424.13426971435547 170.5874481201172 401.80072021484375 170.5874481201172
405.1403503417969 116.37068939208984 427.5411014556885 116.37068939208984 427.5411014556885 169.5724639892578 405.1403503417969 169.5724639892578
398.83258056640625 115.24858093261719 421.3651866912842 115.24858093261719 421.3651866912842 168.76351165771484 398.83258056640625 168.76351165771484
396.0733337402344 116.61165618896484 418.2325553894043 116.61165618896484 418.2325553894043 169.8506317138672 396.0733337402344 169.8506317138672
391.3375549316406 117.86446380615234 413.4025535583496 117.86446380615234 413.4025535583496 170.26882934570312 391.3375549316406 170.26882934570312
386.7528381347656 120.24748229980469 408.84849739074707 120.24748229980469 408.84849739074707 172.75158309936523 386.7528381347656 172.75158309936523
384.4790954589844 117.10771179199219 406.5760726928711 117.10771179199219 406.5760726928711 170.89350128173828 384.4790954589844 170.89350128173828
377.03277587890625 116.64042663574219 399.92656326293945 116.64042663574219 399.92656326293945 171.01316833496094 377.03277587890625 171.01316833496094
373.57379150390625 118.9760971069336 396.4651794433594 118.9760971069336 396.4651794433594 173.34314346313477 373.57379150390625 173.34314346313477
369.56793212890625 117.07612609863281 392.10589027404785 117.07612609863281 392.10589027404785 171.97541046142578 369.56793212890625 171.97541046142578
365.07720947265625 116.40518951416016 386.17760848999023 116.40518951416016 386.17760848999023 173.6414680480957 365.07720947265625 173.6414680480957
360.2090759277344 119.54207611083984 380.8361186981201 119.54207611083984 380.8361186981201 176.84760665893555 360.2090759277344 176.84760665893555
354.94476318359375 117.20796203613281 376.9936046600342 117.20796203613281 376.9936046600342 172.82877349853516 354.94476318359375 172.82877349853516
349.2595520019531 119.16162109375 372.3626346588135 119.16162109375 372.3626346588135 173.28022384643555 349.2595520019531 173.28022384643555
346.5560302734375 121.2516860961914 367.66314697265625 121.2516860961914 367.66314697265625 172.76031112670898 346.5560302734375 172.76031112670898
340.8808288574219 121.05377197265625 361.65793228149414 121.05377197265625 361.65793228149414 173.81856536865234 340.8808288574219 173.81856536865234
335.60137939453125 123.04292297363281 356.1010398864746 123.04292297363281 356.1010398864746 174.98564910888672 335.60137939453125 174.98564910888672
331.33758544921875 122.90058898925781 352.98292350769043 122.90058898925781 352.98292350769043 174.64786529541016 331.33758544921875 174.64786529541016
330.0390319824219 122.4767837524414 350.7146873474121 122.4767837524414 350.7146873474121 173.19871520996094 330.0390319824219 173.19871520996094
325.5921936035156 127.30421447753906 345.94862174987793 127.30421447753906 345.94862174987793 180.84076309204102 325.5921936035156 180.84076309204102
318.58624267578125 127.79237365722656 340.9423122406006 127.79237365722656 340.9423122406006 181.61602020263672 318.58624267578125 181.61602020263672
312.9652404785156 127.09159088134766 335.58278465270996 127.09159088134766 335.58278465270996 180.80825424194336 312.9652404785156 180.80825424194336
309.0091552734375 126.73320007324219 331.64995193481445 126.73320007324219 331.64995193481445 182.81410217285156 309.0091552734375 182.81410217285156
306.2728576660156 127.93902587890625 328.3337097167969 127.93902587890625 328.3337097167969 184.20620727539062 306.2728576660156 184.20620727539062
298.4449462890625 124.1015625 319.587345123291 124.1015625 319.587345123291 178.8816146850586 298.4449462890625 178.8816146850586
292.69512939453125 118.55313873291016 315.6221618652344 118.55313873291016 315.6221618652344 173.00482940673828 292.69512939453125 173.00482940673828
238.3727569580078 135.8522186279297 261.45046043395996 135.8522186279297 261.45046043395996 190.66175842285156 238.3727569580078 190.66175842285156
234.23788452148438 145.6141357421875 257.45419692993164 145.6141357421875 257.45419692993164 200.75287628173828 234.23788452148438 200.75287628173828
234.0802001953125 145.22605895996094 257.2134208679199 145.22605895996094 257.2134208679199 200.16745376586914 234.0802001953125 200.16745376586914
235.2872772216797 143.7367706298828 258.6721305847168 143.7367706298828 258.6721305847168 199.27579498291016 235.2872772216797 199.27579498291016
235.0072784423828 144.91952514648438 258.51190757751465 144.91952514648438 258.51190757751465 200.7430191040039 235.0072784423828 200.7430191040039
234.6062774658203 146.14248657226562 258.3307056427002 146.14248657226562 258.3307056427002 202.48799896240234 234.6062774658203 202.48799896240234
234.63345336914062 144.8559112548828 258.07436752319336 144.8559112548828 258.07436752319336 200.52807998657227 234.63345336914062 200.52807998657227
234.5402069091797 143.85769653320312 258.3607597351074 143.85769653320312 258.3607597351074 200.4315071105957 234.5402069091797 200.4315071105957
234.07034301757812 145.16078186035156 257.78818702697754 145.16078186035156 257.78818702697754 201.49065780639648 234.07034301757812 201.49065780639648
234.9514923095703 147.32342529296875 258.331018447876 147.32342529296875 258.331018447876 202.84979248046875 234.9514923095703 202.84979248046875
234.6993865966797 148.4893798828125 258.18532943725586 148.4893798828125 258.18532943725586 204.26849365234375 234.6993865966797 204.26849365234375
235.82418823242188 146.256591796875 259.26756858825684 146.256591796875 259.26756858825684 201.93461990356445 235.82418823242188 201.93461990356445
234.8750457763672 146.7843475341797 258.2229824066162 146.7843475341797 258.2229824066162 202.23570251464844 234.8750457763672 202.23570251464844
233.2648468017578 143.19509887695312 255.42455673217773 143.19509887695312 255.42455673217773 201.19251251220703 233.2648468017578 201.19251251220703
228.45852661132812 138.99562072753906 251.55431747436523 138.99562072753906 251.55431747436523 197.3879737854004 228.45852661132812 197.3879737854004
223.80697631835938 135.6470184326172 248.14788246154785 135.6470184326172 248.14788246154785 193.45667266845703 223.80697631835938 193.45667266845703
221.8671417236328 136.82083129882812 246.59942817687988 136.82083129882812 246.59942817687988 195.56000900268555 221.8671417236328 195.56000900268555
219.59176635742188 136.7738800048828 243.3321762084961 136.7738800048828 243.3321762084961 196.75089263916016 219.59176635742188 196.75089263916016
216.9249267578125 139.5699920654297 241.0744686126709 139.5699920654297 241.0744686126709 196.92514419555664 216.9249267578125 196.92514419555664
213.89480590820312 140.45498657226562 237.66037368774414 140.45498657226562 237.66037368774414 196.89820098876953 213.89480590820312 196.89820098876953
211.354248046875 138.0694580078125 235.5168800354004 138.0694580078125 235.5168800354004 195.4556999206543 211.354248046875 195.4556999206543
209.88388061523438 140.41812133789062 234.18001747131348 140.41812133789062 234.18001747131348 198.12144088745117 209.88388061523438 198.12144088745117
208.85986328125 138.275146484375 233.08193016052246 138.275146484375 233.08193016052246 195.80255126953125 208.85986328125 195.80255126953125
208.83786010742188 138.6044921875 232.779390335083 138.6044921875 232.779390335083 195.46562576293945 208.83786010742188 195.46562576293945
208.2870330810547 140.73550415039062 232.57692337036133 140.73550415039062 232.57692337036133 198.42399215698242 208.2870330810547 198.42399215698242
207.52096557617188 140.76266479492188 231.9838161468506 140.76266479492188 231.9838161468506 198.86193084716797 207.52096557617188 198.86193084716797
207.4547119140625 139.59573364257812 232.4555549621582 139.59573364257812 232.4555549621582 198.97273635864258 207.4547119140625 198.97273635864258
207.50552368164062 139.4496612548828 232.65088653564453 139.4496612548828 232.65088653564453 199.1698989868164 207.50552368164062 199.1698989868164
207.8010711669922 138.12298583984375 233.1835823059082 138.12298583984375 233.1835823059082 198.40645217895508 207.8010711669922 198.40645217895508
207.4681396484375 140.1507568359375 232.47738456726074 140.1507568359375 232.47738456726074 199.5477180480957 207.4681396484375 199.5477180480957
208.2834014892578 139.23507690429688 233.50032424926758 139.23507690429688 233.50032424926758 199.12527465820312 208.2834014892578 199.12527465820312
208.4020233154297 140.67042541503906 233.71334075927734 140.67042541503906 233.71334075927734 200.7848129272461 208.4020233154297 200.7848129272461
210.43875122070312 140.9673614501953 235.67715454101562 140.9673614501953 235.67715454101562 200.90858459472656 210.43875122070312 200.90858459472656
211.8249969482422 143.1240234375 236.98976516723633 143.1240234375 236.98976516723633 202.8903694152832 211.8249969482422 202.8903694152832
237.13363647460938 149.55361938476562 262.61425399780273 149.55361938476562 262.61425399780273 210.07011032104492 237.13363647460938 210.07011032104492
267.3097229003906 133.22238159179688 292.9033889770508 133.22238159179688 292.9033889770508 189.84869384765625 267.3097229003906 189.84869384765625
256.6221618652344 108.2411880493164 281.5875301361084 108.2411880493164 281.5875301361084 167.53396224975586 256.6221618652344 167.53396224975586
253.78515625 90.72218322753906 279.0656280517578 90.72218322753906 279.0656280517578 149.61694717407227 253.78515625 149.61694717407227
255.5122833251953 89.74281311035156 280.71485328674316 89.74281311035156 280.71485328674316 148.1369972229004 255.5122833251953 148.1369972229004
254.1479034423828 87.69277954101562 278.7676944732666 87.69277954101562 278.7676944732666 146.86825561523438 254.1479034423828 146.86825561523438
255.06216430664062 89.60076904296875 278.09707260131836 89.60076904296875 278.09707260131836 148.07032012939453 255.06216430664062 148.07032012939453
256.53765869140625 85.03388214111328 280.58902168273926 85.03388214111328 280.58902168273926 142.15590286254883 256.53765869140625 142.15590286254883
258.0164489746094 84.53419494628906 281.78969955444336 84.53419494628906 281.78969955444336 140.99570083618164 258.0164489746094 140.99570083618164
258.66119384765625 85.17227172851562 280.2847080230713 85.17227172851562 280.2847080230713 141.3640365600586 258.66119384765625 141.3640365600586
256.1925354003906 84.6413803100586 279.3337230682373 84.6413803100586 279.3337230682373 139.60173797607422 256.1925354003906 139.60173797607422
258.03558349609375 84.4037857055664 280.67724800109863 84.4037857055664 280.67724800109863 138.17777252197266 258.03558349609375 138.17777252197266
262.4776611328125 83.94976043701172 284.77878189086914 83.94976043701172 284.77878189086914 136.91495895385742 262.4776611328125 136.91495895385742
252.81619262695312 84.8664321899414 274.42238426208496 84.8664321899414 274.42238426208496 136.18117141723633 252.81619262695312 136.18117141723633
264.7925720214844 83.45194244384766 286.1738986968994 83.45194244384766 286.1738986968994 134.23262405395508 264.7925720214844 134.23262405395508
266.9126892089844 85.22895050048828 287.86526107788086 85.22895050048828 287.86526107788086 134.99134063720703 266.9126892089844 134.99134063720703
267.3838195800781 84.9614486694336 288.00419998168945 84.9614486694336 288.00419998168945 133.93488311767578 267.3838195800781 133.93488311767578
268.397216796875 83.83122253417969 288.59880447387695 83.83122253417969 288.59880447387695 131.81002044677734 268.397216796875 131.81002044677734
269.1844482421875 84.58375549316406 289.0355339050293 84.58375549316406 289.0355339050293 131.73011016845703 269.1844482421875 131.73011016845703
270.8681640625 84.18114471435547 290.7764091491699 84.18114471435547 290.7764091491699 131.46325302124023 270.8681640625 131.46325302124023
271.9954528808594 83.639892578125 292.0472412109375 83.639892578125 292.0472412109375 131.2629165649414 271.9954528808594 131.2629165649414
274.13092041015625 82.63316345214844 293.7682647705078 82.63316345214844 293.7682647705078 129.27188110351562 274.13092041015625 129.27188110351562
